206,5,12,6,0,0,0,0
220,1,17,6,0,0,0,0
151,4,15,6,0,0,0,0
236,7,12,3,1,4,0,1
245,13,7,4,1,5,0,1
239,11,8,3,1,4,0,1
207,1,2,2,1,1,0,0
201,1,5,1,1,4,0,0
196,0,4,1,1,4,1,0
183,1,3,1,1,4,1,0
188,1,4,1,1,4,0,0
189,0,4,2,1,4,0,1
175,5,3,2,0,0,0,0
168,7,6,4,1,4,0,0
194,10,7,2,1,4,0,0
193,14,9,5,1,4,0,0
191,26,13,6,1,4,0,0
167,18,10,5,1,4,0,0
132,12,14,10,0,0,0,0
18,268,12,20,1,7,1,0
46,228,29,48,1,4,0,0
13,219,17,38,1,4,0,0
11,158,6,20,1,4,0,0
21,160,2,15,1,1,0,0
16,152,7,21,1,4,0,1
26,227,6,16,1,10,0,1
26,223,4,16,1,2,0,1
48,100,6,12,1,1,0,0
31,130,12,28,1,4,0,0
39,114,13,24,1,4,0,1
48,98,15,22,1,4,0,1
84,55,7,8,1,1,0,0
79,59,6,8,1,1,0,1
72,42,7,7,1,4,0,0
93,32,7,5,1,4,0,0
70,43,14,10,1,4,0,1
82,42,8,6,1,4,0,2
75,45,8,7,1,4,0,1
66,55,4,5,1,1,0,0
63,56,5,6,1,1,0,1
57,60,8,10,1,4,0,2
60,53,8,9,1,4,0,2
101,37,6,7,1,1,0,1
127,40,7,7,1,1,0,0
94,44,12,10,1,4,0,2
117,64,8,11,1,10,0,1
118,62,8,10,1,2,0,1
374,259,19,32,1,4,1,1
374,242,19,34,1,4,0,1
341,275,33,43,1,4,0,0
394,170,3,9,1,3,0,1
395,185,5,19,1,4,0,1
400,180,2,8,1,3,0,1
399,185,4,18,1,4,0,1
326,208,31,42,1,4,0,1
332,202,8,22,1,10,0,1
334,196,7,23,1,2,0,1
349,163,15,37,1,4,0,1
360,108,5,8,1,10,0,1
361,107,4,7,1,2,0,0
348,83,12,16,1,4,0,1
357,90,10,13,1,4,0,1
257,23,10,6,1,4,0,0
260,28,6,6,1,1,0,1
272,38,15,10,1,4,0,1
285,50,17,13,1,4,0,1
295,61,19,17,1,4,0,0
312,98,8,15,1,10,0,1
312,96,7,15,1,2,0,0
329,122,6,14,1,10,0,2
329,121,5,13,1,2,0,1
327,117,7,17,1,2,0,2
185,17,3,3,1,10,0,2
185,16,3,3,1,2,0,1
208,11,5,3,1,7,0,0
209,11,3,2,1,2,0,2
3,200,11,30,1,4,0,1
