130,285,63,57,1,4,0,0
231,211,65,80,1,5,0,0
275,94,44,58,1,5,0,0
131,39,35,29,1,4,0,0
68,53,25,29,1,4,0,0
19,104,16,33,1,4,0,0
1,187,6,23,1,4,1,0
8,182,3,20,1,1,0,0
17,207,6,21,1,1,0,1
21,204,6,20,1,1,0,1
21,191,5,22,1,1,0,2
2,126,10,29,1,4,1,0
21,85,17,24,1,4,0,1
142,10,23,14,1,4,0,0
179,4,17,6,1,4,0,0
199,1,14,5,1,4,0,0
148,4,17,7,1,4,0,0
385,219,18,47,1,4,1,0
392,124,4,13,1,1,0,0
376,85,14,23,1,4,0,1
387,98,4,11,1,1,0,0
355,115,8,18,1,10,0,2
353,106,8,19,1,1,0,1
281,15,8,7,1,1,0,0
344,46,6,7,1,1,0,0
26,74,18,24,1,5,0,1
14,89,15,22,1,4,0,2
19,81,15,21,1,4,0,2
23,73,17,23,1,4,0,1
29,68,15,17,1,4,0,1
38,54,17,17,1,4,0,2
32,60,19,19,1,4,0,2
20,87,6,11,1,1,0,1
15,94,5,12,1,1,0,0
31,67,5,7,1,3,0,0
18,88,4,8,1,10,0,0
19,87,4,6,1,3,0,1
56,43,10,9,1,10,0,2
60,36,21,16,1,4,0,1
63,40,14,15,1,4,0,1
57,50,13,14,1,4,0,1
48,56,17,20,1,5,0,2
40,69,19,22,1,4,0,2
