279,16,29,18,0,0,0,0
324,46,12,19,1,1,0,1
262,11,14,11,0,0,0,0
303,26,34,27,0,0,0,0
249,20,10,8,1,2,0,0
7,83,10,24,1,1,0,0
24,69,19,41,1,1,0,0
16,77,11,21,1,1,0,0
54,40,10,15,1,1,0,0
81,277,46,35,1,1,1,0
113,94,41,93,1,1,0,0
210,50,32,36,1,1,0,0
151,76,49,86,1,1,0,0
236,93,36,102,1,1,0,0
271,96,29,93,1,1,0,0
269,58,32,60,1,1,0,1
309,92,24,73,1,1,0,0
332,89,21,58,1,1,0,0
307,80,22,66,1,1,0,1
317,82,22,56,1,1,0,1
91,42,26,40,1,1,0,0
14,71,4,8,1,10,0,0
17,69,4,8,1,4,0,0
20,66,5,7,1,4,0,2
20,66,5,8,1,4,0,0
26,59,6,9,1,10,0,0
37,49,7,11,1,10,0,0
31,52,9,13,1,10,0,0
41,44,10,13,1,10,0,0
55,36,9,11,1,1,0,0
62,33,9,11,1,10,0,0
77,26,13,14,1,1,0,0
87,23,12,13,1,1,0,0
89,21,12,9,1,10,0,2
102,17,9,8,1,10,0,0
96,20,12,13,1,1,0,1
91,27,17,19,1,1,0,1
92,32,17,22,1,1,0,0
169,42,21,19,1,2,0,0
188,40,21,22,1,2,0,0
143,23,19,25,1,1,0,0
114,26,20,27,1,1,0,0
103,26,19,23,1,1,0,1
116,25,17,23,1,1,0,2
120,19,17,22,1,1,0,2
129,21,18,21,1,1,0,0
144,19,21,21,1,1,0,1
154,16,15,18,1,1,0,2
151,14,15,16,1,1,0,2
131,17,15,16,1,1,0,2
222,28,19,20,1,2,0,0
212,31,22,15,1,2,0,0
220,24,26,15,1,3,0,0
197,13,12,12,1,2,0,2
167,10,11,9,1,2,0,0
163,8,13,10,1,2,0,2
173,7,10,10,1,1,0,1
245,28,18,22,1,1,0,0
287,265,40,36,1,2,1,0
302,247,45,47,1,2,0,0
357,129,12,26,1,2,0,0
356,107,10,24,1,2,0,0
363,94,11,33,1,1,0,0
354,81,14,31,1,1,0,0
372,107,8,28,1,1,1,0
364,87,10,26,1,1,0,1
353,74,11,25,1,1,0,1
311,52,15,24,1,1,0,2
272,27,19,23,1,1,0,0
262,33,18,22,1,2,0,0
256,31,21,19,1,1,0,2
256,20,20,21,1,1,0,0
284,30,16,20,1,1,0,0
280,27,19,23,1,1,0,2
311,42,18,25,1,1,0,2
220,6,10,10,1,1,0,0
347,61,8,14,1,1,0,0
349,61,5,8,1,2,0,0
337,48,7,9,1,1,0,1
334,45,8,12,1,1,0,1
110,15,13,14,1,1,0,0
214,15,21,8,1,2,0,0
211,8,10,10,1,1,0,0
183,2,21,12,0,0,0,0
117,12,13,8,1,10,0,1
247,10,11,11,1,2,0,1
339,47,22,23,0,0,0,0
