379,241,10,22,1,1,0,1
326,261,21,29,1,1,0,1
384,185,6,21,1,1,0,1
307,61,14,21,1,1,0,1
196,4,5,6,1,1,0,1
197,5,8,5,1,1,0,1
211,0,5,6,1,1,0,1
300,58,16,23,1,1,0,0
211,13,7,8,1,1,0,0
312,252,40,52,1,7,0,1
346,83,24,28,1,7,0,0
383,186,7,25,1,10,0,2
374,244,16,26,1,3,0,1
309,65,14,24,1,1,0,0
323,184,43,79,1,4,0,2
160,279,99,58,1,4,0,2
89,203,129,84,1,4,0,1
71,103,120,79,1,4,0,1
59,66,44,54,1,4,0,1
70,23,50,34,1,4,0,2
70,21,33,24,1,4,0,2
305,44,45,39,1,4,0,2
324,61,41,38,1,4,0,2
364,113,21,37,1,4,0,1
49,152,8,28,1,3,0,1
67,27,23,18,1,3,1,2
196,4,39,8,1,4,0,2
351,66,11,14,1,3,0,2
