359,55,3,4,1,2,0,0
341,55,9,12,1,1,0,0
99,26,7,7,1,1,0,0
104,23,7,8,1,1,0,0
59,57,7,10,1,1,0,0
64,53,8,11,1,1,0,0
15,94,4,10,1,1,0,0
26,77,4,7,1,1,0,0
9,96,9,19,1,6,1,0
14,93,4,8,1,2,0,1
15,92,4,10,1,1,0,0
18,86,3,5,1,10,0,0
17,90,3,6,1,1,0,0
17,87,4,8,1,1,0,0
18,86,4,8,1,1,0,0
19,85,3,8,1,1,0,0
18,86,4,8,1,1,0,2
25,65,12,17,1,6,0,0
28,59,18,22,1,6,0,1
26,62,21,24,1,6,0,2
25,65,21,26,1,6,0,1
21,68,35,41,1,6,0,0
25,56,33,42,1,6,0,0
13,95,29,47,1,6,0,0
1,138,8,35,1,6,0,0
5,117,14,41,1,6,0,0
8,167,2,17,1,1,0,1
4,178,13,55,1,6,0,0
11,231,6,17,1,1,0,0
12,242,24,47,1,4,0,0
16,265,7,14,1,2,1,0
16,266,9,17,1,10,1,0
112,333,88,26,1,6,1,0
26,259,11,20,1,1,0,0
28,258,12,22,1,1,0,0
31,258,12,22,1,1,0,0
49,273,121,83,1,6,0,0
22,237,88,97,1,6,0,0
13,187,29,43,1,6,0,0
57,134,75,112,1,6,0,0
18,120,43,63,1,6,0,0
42,65,55,72,1,6,0,0
165,11,54,12,1,6,0,0
101,16,37,27,1,6,0,0
127,5,46,16,1,6,0,0
61,37,47,36,1,6,0,1
59,33,74,53,1,6,0,0
54,43,10,10,1,6,1,0
398,131,8,29,1,6,1,0
372,77,30,55,1,6,1,0
338,39,17,17,1,5,0,0
