66,105,34,43,0,0,0,0
356,128,15,28,0,0,0,0
16,262,10,17,1,3,0,1
17,262,8,14,1,3,0,2
6,232,7,17,1,10,1,1
6,228,5,17,1,2,0,1
10,219,6,19,1,1,0,0
17,216,5,18,1,1,0,0
18,214,6,19,1,1,0,0
21,215,5,21,1,1,0,1
21,214,4,18,1,1,0,2
21,215,5,18,1,1,0,2
12,198,4,13,1,3,0,1
13,195,3,14,1,1,0,0
12,192,3,14,1,2,0,1
23,160,3,16,1,1,0,0
43,172,3,20,1,1,0,1
20,164,1,14,1,1,0,1
20,163,3,16,1,1,0,2
36,133,6,19,1,1,0,0
41,113,7,18,1,1,0,0
44,111,9,19,1,1,0,1
45,105,7,16,1,1,0,1
48,102,7,17,1,1,0,1
29,111,5,14,1,1,0,1
20,121,4,13,1,1,0,1
44,95,6,13,1,1,0,1
62,90,9,18,1,1,0,1
64,89,9,18,1,1,0,1
90,79,10,17,1,1,0,2
93,75,9,15,1,1,0,2
127,69,10,16,1,1,0,2
130,67,9,17,1,1,0,2
138,67,10,18,1,1,0,2
215,61,8,17,1,1,0,2
224,61,11,17,1,1,0,1
282,72,10,15,1,1,0,1
285,72,8,15,1,1,0,2
295,79,8,13,1,1,0,2
313,85,8,15,1,1,0,2
314,86,5,8,1,2,0,1
352,100,7,15,1,1,0,1
367,111,6,17,1,1,0,1
369,110,6,14,1,1,0,1
389,179,3,19,1,1,0,1
387,166,3,17,1,1,0,1
382,132,3,15,1,1,0,0
385,137,4,14,1,1,0,1
387,140,4,14,1,1,0,0
392,163,1,13,1,1,0,1
392,159,2,15,1,1,0,1
394,165,1,13,1,1,0,1
393,150,2,11,1,1,0,1
385,199,4,19,1,1,0,1
387,217,6,14,1,3,0,1
296,235,91,106,1,9,1,0
55,297,41,36,1,4,1,0
55,268,49,54,1,4,0,0
97,292,59,47,1,4,0,0
50,237,42,49,1,4,0,0
125,251,58,50,1,4,0,0
172,216,50,49,1,4,0,0
107,202,50,61,1,4,0,1
77,204,34,44,1,4,0,0
53,165,20,31,1,4,0,0
71,169,21,35,1,4,0,0
128,170,33,45,1,4,0,1
188,159,37,42,1,4,0,0
84,147,21,28,1,4,0,1
105,145,28,34,1,4,0,0
145,132,32,31,1,4,0,0
114,120,27,28,1,4,0,1
158,103,26,25,1,4,0,0
186,94,25,20,1,4,0,0
132,100,24,23,1,4,0,0
94,117,24,26,1,4,0,0
164,88,21,20,1,4,0,1
133,88,22,19,1,4,0,2
262,129,27,28,1,4,0,0
319,189,20,30,1,4,0,0
294,129,24,28,1,4,0,0
322,140,18,23,1,4,0,0
317,122,17,20,1,4,0,0
334,131,5,14,1,3,0,1
333,128,6,16,1,2,0,1
336,127,11,18,1,4,0,1
329,117,14,16,1,4,0,1
302,107,17,19,1,4,0,0
278,106,25,25,1,4,0,0
348,128,6,15,1,1,0,0
352,137,6,17,1,1,0,0
355,168,4,15,1,10,0,2
355,164,4,14,1,2,0,1
365,157,3,16,1,1,0,0
360,149,3,16,1,1,1,0
373,168,2,17,1,1,0,2
373,164,2,15,1,1,0,2
370,158,3,10,1,2,0,1
356,134,4,16,1,1,0,1
352,131,5,15,1,1,0,2
353,129,5,12,1,1,0,2
384,176,4,9,1,10,0,2
382,170,2,12,1,3,0,2
59,82,12,11,1,4,0,1
69,84,4,8,1,1,0,1
77,73,7,8,1,4,0,0
69,76,7,7,1,4,0,0
73,71,7,8,1,4,0,1
67,74,7,8,1,4,0,1
78,72,15,11,1,4,0,1
128,54,19,17,1,9,0,1
271,90,19,17,1,4,0,2
247,63,13,8,1,4,0,1
42,161,8,11,1,3,0,1
39,162,6,11,1,3,0,2
43,159,7,10,1,3,0,2
43,156,7,14,1,3,0,2
57,150,4,14,1,1,0,2
41,151,4,11,1,1,0,1
62,118,5,12,1,10,0,1
62,114,6,11,1,2,0,1
294,68,17,13,1,4,0,2
313,81,5,7,1,1,0,2
222,57,12,6,1,4,0,1
204,55,13,5,1,4,0,1
195,52,12,4,1,4,0,1
218,54,12,5,1,4,0,1
221,51,13,6,1,4,0,1
206,50,11,5,1,4,0,1
189,49,12,5,1,4,0,1
195,47,11,5,1,4,0,1
181,48,9,4,1,4,0,1
190,47,8,3,1,4,0,1
175,47,10,4,1,4,0,1
214,46,13,6,1,4,0,1
193,39,21,8,1,9,0,1
169,46,10,4,1,4,0,1
165,45,10,4,1,4,0,1
160,45,9,5,1,4,0,1
174,44,8,4,1,4,0,2
189,61,15,8,1,4,0,2
182,54,14,8,1,4,0,1
150,64,13,9,1,4,0,2
148,61,14,8,1,4,0,1
147,58,13,9,1,4,0,1
145,58,12,7,1,4,0,2
144,55,11,7,1,4,0,2
168,61,13,8,1,4,0,2
166,59,12,8,1,4,0,2
162,57,13,8,1,4,0,1
166,55,11,6,1,4,0,1
156,54,12,7,1,4,0,1
154,53,9,6,1,4,0,1
151,52,11,6,1,5,0,1
74,64,10,7,1,4,0,1
101,55,10,6,1,4,0,1
273,56,18,10,1,4,0,2
266,53,17,9,1,4,0,2
259,51,16,8,1,4,0,2
254,50,15,7,1,4,0,2
