233,338,38,19,1,6,1,0
294,299,45,32,1,4,0,0
331,304,11,13,1,10,0,0
241,298,56,40,1,5,0,0
285,274,49,34,1,4,0,0
181,335,24,17,1,4,0,0
109,293,34,34,1,4,0,0
248,240,52,64,1,6,0,0
311,256,17,15,1,10,0,1
323,232,15,16,1,10,0,0
319,218,11,17,1,10,0,1
324,208,13,15,1,10,0,1
185,222,33,41,1,4,0,0
287,136,49,39,1,6,0,0
288,131,35,20,1,4,0,1
276,116,40,26,1,4,0,1
345,116,12,21,1,4,0,1
199,122,28,32,1,4,0,0
288,103,37,27,1,4,0,1
260,89,41,24,1,4,0,1
277,81,41,29,1,5,0,1
287,79,32,23,1,4,0,1
305,79,28,22,1,4,0,1
344,93,7,11,1,1,0,0
270,71,37,20,1,4,0,1
272,62,37,23,1,4,0,1
257,56,35,18,1,4,0,1
262,53,35,18,1,4,0,1
272,50,30,18,1,4,0,1
263,45,34,17,1,4,0,1
268,42,31,16,1,4,0,1
326,63,8,7,1,10,0,0
316,49,11,12,1,4,0,0
304,43,13,12,1,5,0,0
272,36,27,14,1,4,0,0
270,33,24,12,1,4,0,1
321,46,10,8,1,7,0,1
322,46,6,7,1,2,0,1
309,40,5,6,1,1,0,0
307,39,4,5,1,1,0,0
305,39,5,5,1,1,0,0
311,38,10,8,1,4,0,2
301,33,12,9,1,5,0,1
294,31,11,8,1,4,0,1
283,27,14,9,1,4,0,1
282,27,5,5,1,1,0,0
278,26,6,5,1,1,0,0
274,29,22,12,1,4,0,0
264,23,13,8,1,4,0,0
301,30,3,3,1,1,0,0
299,29,4,4,1,1,0,1
295,29,4,4,1,1,0,0
271,17,4,4,1,1,0,0
254,18,4,3,1,1,0,0
252,16,5,4,1,1,0,2
239,21,25,9,1,4,0,0
237,17,12,5,1,4,0,0
237,15,4,3,1,1,0,1
234,21,4,4,1,1,0,0
235,12,4,4,1,1,0,0
232,4,9,4,1,4,0,1
232,3,7,2,1,4,0,1
215,1,12,6,1,9,0,0
210,10,10,3,1,4,0,0
221,15,15,6,1,4,0,0
213,22,12,6,1,4,0,0
216,29,13,6,1,4,0,0
197,24,14,7,1,5,0,0
195,0,8,1,1,4,1,0
189,0,4,2,1,7,1,0
179,1,8,3,1,5,0,1
162,2,7,3,1,4,1,0
184,4,7,3,1,4,0,0
172,5,7,3,1,4,0,0
164,7,8,2,1,7,0,2
176,7,10,6,1,6,0,1
174,10,14,7,1,6,0,0
152,11,20,7,1,4,0,1
180,16,3,3,1,1,0,0
182,18,4,3,1,1,0,0
186,21,8,4,1,7,0,1
188,21,5,3,1,2,0,1
174,20,5,4,1,1,0,0
172,22,4,3,1,2,0,1
162,17,4,4,1,1,0,0
158,17,6,4,1,1,0,1
172,25,5,4,1,10,0,0
123,44,13,8,1,10,0,0
133,34,9,6,1,3,0,0
137,32,9,5,1,10,0,1
136,29,10,5,1,3,0,1
150,29,3,4,1,1,0,1
167,30,3,5,1,1,0,0
170,29,4,4,1,1,0,2
169,29,17,9,1,4,0,0
138,52,7,10,1,1,0,0
137,48,23,19,1,5,0,1
167,64,22,20,1,4,0,0
116,60,5,8,1,1,0,0
108,71,6,9,1,1,0,0
107,60,34,23,1,5,0,1
115,81,19,24,1,4,0,0
79,90,35,26,1,4,0,0
74,112,31,25,1,4,0,0
100,106,32,43,1,5,0,0
126,104,7,11,1,1,0,2
120,104,7,12,1,1,0,2
66,187,9,25,1,7,0,1
397,123,5,12,1,4,0,0
391,118,5,12,1,4,0,1
395,137,6,13,1,4,0,0
391,140,7,16,1,4,0,0
373,129,10,18,1,4,0,2
391,155,3,16,1,4,0,2
394,159,3,13,1,4,0,2
398,138,2,5,1,3,0,1
405,161,1,7,1,5,1,2
