155,62,39,23,0,0,0,0
94,279,23,22,1,4,0,0
174,277,21,16,1,4,0,0
224,251,36,18,1,4,0,0
274,284,25,20,1,4,0,0
352,260,13,18,1,4,0,0
256,226,17,17,1,4,0,0
167,203,16,14,1,4,0,0
124,142,11,12,1,4,0,0
69,231,11,15,1,4,0,0
56,223,12,20,1,4,0,0
359,239,14,22,1,5,0,0
292,260,26,24,1,5,0,0
289,182,11,15,1,4,0,0
67,258,20,21,1,4,0,0
43,247,15,23,1,4,0,0
376,185,5,10,1,4,0,0
363,201,10,14,1,4,0,0
382,220,9,13,1,4,0,0
345,203,13,11,1,4,0,0
358,182,6,10,1,4,0,1
343,199,12,11,1,4,0,1
374,194,5,11,1,4,0,1
46,246,17,17,1,4,0,1
79,280,9,14,1,1,0,0
50,272,7,12,1,1,0,1
327,222,4,10,1,1,0,1
305,223,8,16,1,1,0,1
106,249,6,14,1,1,0,1
100,249,7,14,1,1,0,1
104,210,6,17,1,1,0,1
107,212,6,14,1,1,0,1
358,241,4,12,1,1,0,1
372,204,8,10,1,4,0,1
370,197,5,9,1,4,0,1
365,194,6,11,1,4,0,1
379,199,7,9,1,4,0,1
388,195,5,10,1,4,0,0
398,193,3,7,1,4,0,1
401,191,3,8,1,5,0,1
392,191,3,9,1,4,0,1
389,193,4,8,1,4,0,2
386,193,4,9,1,4,0,1
394,192,2,5,1,4,0,1
396,191,3,7,1,4,0,1
398,190,2,6,1,4,0,1
399,189,2,7,1,5,0,1
395,186,3,6,1,4,0,1
398,185,2,7,1,4,0,1
339,195,16,11,1,4,0,1
339,192,14,11,1,4,0,1
336,189,14,11,1,4,0,1
330,188,14,12,1,4,0,1
324,182,19,11,1,4,0,1
321,175,19,14,1,4,0,1
320,169,16,15,1,4,0,1
318,162,15,10,1,4,0,1
311,159,19,12,1,4,0,1
308,156,15,10,1,4,0,1
337,160,7,9,1,4,0,0
382,187,6,9,1,4,0,0
389,187,3,8,1,4,0,0
393,187,3,6,1,4,0,1
398,208,1,7,1,2,0,0
404,189,1,6,1,1,0,0
44,272,6,10,1,2,0,1
45,271,6,10,1,2,0,1
49,276,6,9,1,1,0,1
56,289,7,9,1,2,0,1
322,200,4,13,1,1,0,0
324,202,5,12,1,1,0,0
327,201,5,13,1,1,0,0
303,226,6,13,1,1,0,1
301,200,6,9,1,2,0,1
299,204,8,9,1,10,0,1
292,165,4,8,1,2,0,1
263,142,3,5,1,2,0,1
256,131,5,7,1,2,0,1
202,155,4,6,1,2,0,1
349,240,5,9,1,2,0,1
347,243,6,10,1,3,0,1
355,237,5,12,1,1,0,0
364,183,6,9,1,4,0,1
368,185,6,9,1,4,0,1
373,186,4,9,1,4,0,1
365,195,6,10,1,4,0,1
378,195,5,9,1,4,0,1
294,147,18,10,1,4,0,1
311,143,10,7,1,4,0,1
295,136,15,10,1,4,0,1
305,140,13,10,1,4,0,1
269,135,19,12,1,4,0,1
262,131,12,10,1,4,0,1
260,128,11,10,1,4,0,1
284,120,14,10,1,4,0,1
272,117,13,8,1,4,0,1
253,121,9,8,1,4,0,1
201,114,9,9,1,5,0,0
178,107,6,8,1,5,0,0
165,110,9,7,1,4,0,0
158,108,7,7,1,4,0,0
178,98,7,6,1,4,0,0
168,101,9,6,1,4,0,0
206,101,9,6,1,4,0,0
202,96,6,5,1,4,0,0
204,89,4,3,1,4,0,0
193,88,6,4,1,4,0,0
237,107,8,6,1,4,0,0
226,108,10,6,1,4,0,0
252,112,17,8,1,4,0,1
81,199,21,14,1,4,0,1
81,193,19,11,1,4,0,1
56,208,12,14,1,4,0,1
57,204,12,14,1,4,0,1
57,204,13,12,1,4,0,1
68,207,9,16,1,8,0,1
70,201,8,14,1,8,0,0
98,168,21,12,1,4,0,1
92,154,21,12,1,4,0,1
128,137,8,8,1,4,0,1
118,133,20,9,1,4,0,1
126,126,15,10,1,4,0,1
141,106,8,7,1,4,0,1
136,115,12,12,1,6,0,0
200,159,9,7,1,7,0,1
261,144,7,5,1,10,0,1
291,166,5,9,1,10,0,1
305,184,5,9,1,10,0,0
240,90,39,21,0,0,0,0
140,83,40,20,0,0,0,0
196,78,19,9,0,0,0,0
181,82,11,9,0,0,0,0
123,90,15,21,0,0,0,0
100,275,12,12,1,7,0,1
94,271,9,11,1,1,0,1
97,269,7,12,1,1,0,1
231,115,13,10,0,0,0,0
