50,137,11,14,1,4,0,0
66,122,18,17,1,4,0,0
145,95,85,54,1,6,0,0
193,73,63,39,1,6,0,1
153,64,20,12,1,4,0,0
183,63,21,12,1,5,0,1
177,60,18,8,1,4,0,1
253,49,13,9,1,5,0,1
224,52,12,7,1,4,0,0
255,53,12,7,1,4,0,1
251,91,20,13,1,4,0,1
266,96,17,14,1,4,0,1
267,77,15,10,1,4,0,1
285,81,12,10,1,4,0,1
272,84,14,11,1,4,0,1
293,86,13,11,1,4,0,1
279,88,18,16,1,6,0,1
347,70,5,6,1,6,0,0
352,71,6,8,1,6,0,0
336,68,4,6,1,4,0,0
322,68,6,6,1,4,0,0
317,65,6,6,1,4,0,0
320,65,5,6,1,4,0,1
353,104,6,11,1,5,0,1
351,86,4,5,1,4,0,0
356,96,22,43,0,0,0,0
191,171,6,12,1,2,0,0
190,175,10,15,1,10,0,0
71,134,4,10,1,2,0,0
76,136,4,8,1,2,0,0
74,137,6,11,1,10,0,0
70,137,5,9,1,10,0,0
