132,321,21,18,1,5,0,0
152,322,20,17,1,4,0,0
97,324,23,18,1,4,0,0
214,293,23,27,1,4,0,0
255,327,28,20,1,4,0,0
323,215,28,27,1,4,0,0
366,203,13,19,1,4,0,0
372,177,10,15,1,4,0,0
373,153,11,17,1,4,0,0
276,168,38,45,1,4,0,0
199,136,29,58,1,4,0,0
152,19,20,18,1,4,0,0
372,82,11,15,1,4,0,0
16,200,9,16,1,4,0,0
8,198,6,12,1,4,0,0
1,196,3,8,1,4,1,0
3,177,4,10,1,4,1,0
362,278,13,17,1,4,1,0
361,252,15,20,1,6,1,0
383,240,6,10,1,7,0,0
375,244,9,14,1,7,0,0
375,260,6,9,1,7,0,1
395,230,5,11,1,5,0,1
399,228,3,9,1,4,1,0
394,175,5,10,1,4,0,0
345,288,13,14,1,7,0,0
359,276,10,12,1,7,0,0
384,259,6,8,1,7,0,0
309,63,5,5,1,1,0,0
310,66,6,7,1,1,0,0
36,281,3,5,1,1,0,0
39,285,4,5,1,1,0,0
11,168,1,4,1,2,0,0
11,168,2,5,1,10,0,0
72,59,5,5,1,1,0,0
74,56,4,5,1,1,0,0
41,204,2,6,1,1,0,0
34,208,4,7,1,1,0,0
10,221,1,4,1,2,0,0
9,220,3,6,1,10,0,0
24,224,3,5,1,2,0,0
24,224,3,5,1,3,0,1
119,338,5,4,1,2,0,0
118,336,7,6,1,10,0,1
77,315,5,4,1,1,0,0
43,257,4,6,1,2,0,0
48,269,3,5,1,2,0,0
47,267,5,8,1,10,0,1
42,256,6,7,1,10,0,1
360,57,5,7,1,10,0,0
350,53,6,7,1,10,0,0
394,121,3,7,1,10,0,0
372,68,8,10,1,7,0,0
396,238,3,5,1,10,0,0
395,244,2,5,1,10,0,0
387,255,2,4,1,2,0,0
391,256,2,3,1,2,0,0
392,255,1,4,1,2,0,0
379,267,2,4,1,2,0,0
382,249,3,5,1,2,0,0
381,250,2,5,1,2,0,0
