9,124,5,11,1,4,0,1
9,125,2,5,0,0,0,0
10,117,8,14,1,5,0,1
18,113,2,4,1,10,0,0
13,125,2,5,1,2,0,0
13,126,2,5,1,10,0,1
10,129,2,4,1,2,0,0
11,132,1,5,1,1,0,1
7,143,2,6,1,2,0,0
11,130,4,11,1,8,0,0
14,128,2,8,1,2,0,0
15,120,5,11,1,4,0,1
17,118,2,5,1,2,0,0
16,119,3,6,1,10,0,1
19,112,3,6,1,2,0,0
20,104,5,9,0,0,0,0
26,96,5,7,0,0,0,0
30,94,3,5,1,10,0,0
24,90,14,21,1,9,0,1
19,115,2,6,1,2,0,0
18,117,3,5,1,10,0,1
18,115,5,11,1,8,0,1
26,102,5,8,1,8,0,1
30,99,4,7,1,10,0,0
25,108,3,6,1,2,0,0
25,109,3,6,1,2,0,0
24,110,3,5,1,10,0,0
25,111,3,5,1,10,0,0
21,112,6,12,1,4,0,1
17,124,3,8,0,0,0,0
18,119,5,11,1,8,0,1
18,125,3,8,1,1,0,0
16,131,2,6,1,2,0,0
15,134,3,6,1,10,0,1
21,117,5,13,1,8,0,0
18,126,3,8,1,2,0,0
18,128,3,9,1,1,0,0
18,130,2,7,1,1,0,0
27,112,2,7,1,2,0,0
26,115,3,7,1,10,0,0
30,106,3,8,1,1,0,0
30,105,4,9,1,1,0,0
32,101,4,8,1,1,0,0
32,102,4,9,1,1,0,0
35,98,4,8,1,1,0,0
35,87,6,10,0,0,0,0
37,89,5,9,0,0,0,0
38,86,10,14,1,4,0,0
42,88,8,12,1,4,0,1
36,99,10,16,1,5,0,0
36,109,4,9,0,0,0,0
46,83,4,7,1,1,0,0
48,81,5,7,1,1,0,0
51,78,5,7,1,1,0,0
49,78,4,6,1,1,0,0
48,79,6,6,1,10,0,1
55,75,5,7,1,1,0,0
61,60,14,17,0,0,0,0
56,73,4,6,1,2,0,0
35,88,3,6,1,4,0,2
43,79,4,7,0,0,0,0
44,75,8,12,1,6,0,0
48,73,6,7,1,4,0,1
51,68,6,6,1,4,0,0
49,69,5,7,0,0,0,0
76,51,7,6,1,4,0,0
77,49,7,5,1,4,0,1
67,48,14,13,0,0,0,0
54,64,4,5,1,8,0,0
56,53,12,13,0,0,0,0
77,44,6,6,1,5,0,0
71,47,4,3,1,4,0,0
78,39,5,5,1,9,0,0
78,41,3,4,1,4,0,0
75,44,4,4,1,4,0,0
73,43,9,9,0,0,0,0
67,38,15,14,0,0,0,0
79,33,11,8,0,0,0,0
107,36,4,4,1,1,0,0
106,43,6,7,1,1,0,0
101,47,7,7,1,1,0,0
93,51,9,10,0,0,0,0
133,29,28,12,1,5,0,0
125,30,90,20,0,0,0,0
92,67,9,13,1,1,0,0
117,56,8,9,1,1,0,0
150,49,8,9,1,1,0,0
146,51,7,10,1,1,0,1
107,65,9,10,0,0,0,0
82,78,25,41,0,0,0,0
68,103,10,18,0,0,0,0
131,78,11,17,1,1,0,0
127,78,10,15,1,1,0,0
119,78,12,19,1,1,0,0
124,65,10,13,1,1,0,0
128,55,57,85,0,0,0,0
180,90,34,14,0,0,0,0
256,94,12,17,1,10,0,0
223,95,28,28,1,8,0,0
231,40,18,17,0,0,0,0
76,111,10,22,1,1,0,0
91,104,9,16,1,2,0,0
78,115,15,27,1,8,0,0
59,154,7,24,1,1,0,0
50,160,5,21,1,1,0,1
64,165,17,34,1,4,0,0
73,138,14,33,1,8,0,0
100,67,30,218,0,0,0,0
103,268,19,32,1,1,0,0
119,187,11,40,1,1,0,0
143,139,44,124,0,0,0,0
145,223,17,42,1,1,0,0
164,266,44,22,1,10,0,0
160,255,41,23,1,10,0,0
3,172,4,16,1,4,0,0
150,322,20,20,1,4,0,0
141,328,14,16,1,1,0,0
149,330,13,14,1,1,0,0
103,311,15,19,1,1,0,0
108,296,36,38,0,0,0,0
207,323,18,22,1,10,0,0
173,326,14,17,1,10,0,0
147,313,17,14,1,10,0,0
188,327,16,15,1,10,0,0
186,342,27,17,1,8,0,0
275,313,29,18,1,10,0,0
266,344,9,8,1,2,0,0
267,340,13,15,1,2,0,0
249,343,37,16,1,10,0,0
310,234,16,38,1,1,0,0
317,229,37,63,1,8,0,0
240,141,42,54,0,0,0,0
251,196,37,26,1,10,0,0
255,229,48,39,0,0,0,0
261,260,57,62,0,0,0,0
313,161,13,21,1,10,0,1
302,319,17,19,1,3,0,0
251,328,81,43,1,6,0,0
86,351,13,10,1,2,0,0
89,337,17,18,1,1,0,0
72,323,28,31,1,8,0,0
53,299,14,21,1,1,0,0
58,305,13,19,1,3,0,0
73,296,37,42,1,8,0,0
8,138,4,12,1,8,0,0
10,135,5,13,1,8,0,0
9,146,2,8,1,2,0,0
9,150,2,6,1,3,0,0
10,146,2,8,1,2,0,0
5,160,2,7,1,2,0,0
5,161,2,9,1,10,0,1
10,142,5,16,1,8,0,0
15,143,1,6,1,2,0,0
18,133,3,7,1,2,0,0
17,136,3,7,1,10,0,0
15,146,2,8,1,2,0,0
15,149,2,7,1,10,0,1
5,160,4,15,1,4,0,1
2,191,0,12,1,1,0,0
4,172,1,7,1,2,0,1
1,193,0,7,1,2,0,0
0,181,1,8,1,1,0,0
1,179,0,10,1,1,0,0
1,176,2,12,0,0,0,0
1,185,3,16,1,4,0,1
0,200,3,16,1,4,1,0
1,215,15,52,1,9,1,0
373,289,12,20,1,10,0,0
391,263,16,32,1,8,0,0
389,278,7,15,1,3,0,0
391,276,7,16,1,3,0,0
411,252,7,18,1,8,1,0
334,339,20,18,1,10,0,0
343,330,20,21,1,10,0,0
350,328,17,19,1,10,0,0
357,323,15,18,1,10,0,0
362,319,14,18,1,10,0,0
368,316,12,16,1,10,0,0
372,311,13,17,1,10,0,0
379,303,13,19,1,10,0,0
382,304,11,15,1,10,0,0
386,296,12,18,1,10,0,0
390,291,11,19,1,10,0,1
393,288,11,18,1,10,0,0
396,284,10,18,1,10,0,0
400,279,9,18,1,10,0,0
399,249,17,36,1,5,0,1
