302,26,3,1,1,4,0,0
301,25,3,1,1,4,0,0
298,24,3,2,1,4,0,0
302,27,3,2,1,4,0,0
304,29,5,3,1,4,0,0
298,27,5,3,1,4,0,0
293,22,3,2,1,4,0,0
293,23,4,2,1,4,0,0
286,20,3,1,1,4,0,0
290,22,4,2,1,4,0,0
288,22,4,3,1,4,0,0
284,22,5,3,1,4,0,0
285,24,6,2,1,4,0,0
315,31,3,2,1,4,0,0
319,34,3,2,1,4,0,0
317,32,2,1,1,4,0,0
324,37,4,2,1,4,0,0
327,38,3,2,1,4,0,0
326,38,4,3,1,4,0,0
334,44,4,3,1,4,0,0
342,49,4,4,1,4,0,0
345,53,4,5,1,4,0,0
343,54,5,4,1,4,0,0
343,58,8,8,1,4,0,0
349,61,6,7,1,5,0,0
331,42,4,4,1,5,0,0
334,47,9,8,1,5,0,0
349,57,8,8,1,9,0,0
331,45,5,4,1,4,0,0
366,79,6,7,1,4,0,0
382,102,8,13,1,4,0,2
390,105,4,6,1,7,0,0
390,104,2,4,1,2,0,0
416,184,3,13,1,4,0,0
215,36,5,4,1,2,0,0
226,37,6,3,1,2,0,0
215,38,6,4,1,10,0,1
226,37,7,6,1,7,0,1
44,92,4,7,1,1,0,1
80,63,5,6,1,1,0,1
65,72,5,7,1,1,0,1
65,64,14,12,1,4,0,0
81,54,17,12,1,4,0,0
108,40,22,13,1,4,0,2
133,33,26,10,1,4,0,2
295,43,19,16,1,6,0,1
121,365,42,19,1,5,1,1
331,217,26,54,1,5,0,1
295,98,28,37,1,5,0,1
313,55,15,12,1,5,0,1
244,43,18,10,1,5,0,1
314,47,12,10,1,5,0,1
314,46,9,6,1,4,0,1
319,53,8,6,1,4,0,1
320,55,11,9,1,4,0,1
319,57,10,8,1,4,0,1
325,61,11,10,1,4,0,1
325,64,12,11,1,4,0,1
334,95,17,21,1,4,0,0
340,107,18,24,1,4,0,0
347,163,16,29,1,4,0,1
344,137,17,31,1,4,0,1
340,119,18,26,1,4,0,1
345,190,18,43,1,4,0,0
326,248,35,56,1,4,0,0
265,366,34,18,1,4,1,1
181,376,36,14,1,4,1,1
304,296,39,44,1,4,0,0
287,326,46,40,1,4,0,0
299,133,23,35,1,4,0,0
219,70,24,23,1,4,0,0
240,51,20,12,1,4,0,0
252,108,33,37,1,4,0,0
293,163,24,47,1,4,0,0
264,219,41,51,1,4,0,0
186,87,30,26,1,4,0,0
159,101,40,40,1,4,0,0
158,136,41,42,1,4,0,0
256,82,25,31,1,5,0,0
203,154,52,69,1,5,0,0
168,213,53,70,1,5,0,0
119,179,51,54,1,4,0,0
98,220,50,63,1,4,0,0
251,272,48,50,1,4,0,0
224,321,49,35,1,4,0,0
202,356,47,22,1,4,0,0
143,298,60,43,1,4,0,0
128,327,57,37,1,4,0,0
111,345,57,35,1,4,0,0
66,323,60,49,1,4,0,0
74,306,52,48,1,4,0,0
83,267,51,54,1,4,0,0
300,52,13,10,1,4,0,1
302,55,14,11,1,4,0,1
299,58,18,14,1,4,0,1
300,63,19,17,1,4,0,1
302,71,17,14,1,4,0,1
283,46,14,8,1,4,0,1
282,48,13,10,1,4,0,1
274,48,18,12,1,5,0,1
272,53,17,12,1,4,0,1
274,59,18,12,1,4,0,1
261,36,13,8,1,4,0,1
260,40,13,6,1,4,0,1
257,42,17,10,1,4,0,1
225,57,26,13,1,4,0,1
223,66,27,17,1,4,0,1
272,63,22,18,1,4,0,1
269,70,22,18,1,4,0,1
259,72,28,26,1,5,0,1
297,83,23,29,1,5,0,1
303,78,21,23,1,4,0,1
227,132,44,41,1,4,0,1
283,15,24,12,0,0,0,0
303,22,28,17,0,0,0,0
321,34,4,3,1,9,0,0
294,21,3,2,1,9,0,0
