143,2,34,14,0,0,0,0
99,10,53,29,0,0,0,0
28,100,11,19,0,0,0,0
311,166,75,81,0,0,0,0
101,46,51,44,0,0,0,0
185,3,17,14,0,0,0,0
164,15,38,21,0,0,0,0
141,32,38,26,0,0,0,0
142,376,39,12,1,8,1,0
174,379,14,8,1,1,0,1
184,380,14,7,1,1,0,1
233,369,14,10,1,1,0,0
257,365,17,12,1,1,0,1
217,351,12,14,1,1,0,0
218,352,10,6,1,2,0,1
310,290,63,63,1,5,0,1
344,324,14,17,1,1,0,1
332,342,15,15,1,1,0,2
328,344,15,14,1,1,0,1
326,351,12,10,1,1,1,1
5,133,12,27,0,0,0,0
158,63,20,14,1,10,0,0
360,123,44,58,0,0,0,0
31,286,12,20,1,10,0,2
32,288,6,12,1,2,0,2
31,287,8,13,1,2,0,2
56,315,28,26,1,7,0,0
70,321,14,17,1,1,0,1
53,303,28,28,1,7,0,1
31,272,7,16,1,10,0,2
67,306,25,27,1,8,0,0
70,302,10,15,1,1,0,1
17,255,18,35,1,4,0,1
11,247,14,31,1,4,0,2
10,221,3,14,1,1,0,1
10,226,3,14,1,1,0,0
10,223,2,14,1,1,0,2
5,206,1,10,1,10,0,1
4,203,2,12,1,2,0,0
4,196,1,10,1,7,0,1
4,193,1,10,1,2,0,0
1,195,1,6,1,10,0,0
1,192,1,10,1,2,0,0
2,162,1,8,1,1,0,0
4,159,1,5,1,10,0,0
4,162,1,6,1,10,0,0
1,179,2,9,1,10,0,0
2,178,1,8,1,2,0,0
3,176,1,7,1,10,0,0
3,174,1,9,1,2,0,0
9,150,5,18,1,8,1,0
6,172,2,10,1,10,0,1
6,170,3,13,1,8,0,0
7,173,1,9,1,2,0,1
6,171,1,9,1,2,0,1
6,171,2,9,1,2,0,2
17,156,3,13,1,1,0,0
12,191,4,18,1,8,0,1
13,194,2,11,1,2,0,1
18,191,1,12,1,2,0,2
13,195,10,31,1,4,0,1
11,181,8,20,1,4,0,1
12,160,3,12,1,10,0,1
12,159,3,11,1,2,0,1
13,161,1,6,1,2,0,1
103,327,19,21,1,1,0,1
146,349,15,15,1,1,0,1
123,324,21,23,1,1,0,1
162,328,15,18,1,1,0,1
143,340,24,19,1,1,0,0
166,348,14,16,1,1,0,0
159,343,20,17,1,1,0,1
81,286,17,27,1,1,0,0
92,290,18,27,1,1,0,0
64,295,22,21,1,10,0,1
41,246,13,24,1,10,0,2
43,244,10,23,1,2,0,2
55,228,12,27,1,10,0,0
56,225,10,26,1,2,0,0
244,246,52,37,0,0,0,0
162,243,13,20,1,1,0,1
117,228,16,35,1,1,0,0
109,226,14,36,1,1,0,1
86,215,13,32,1,1,0,0
85,182,36,45,1,8,0,1
98,175,9,21,1,2,0,2
16,174,3,10,1,10,0,0
18,172,1,9,1,2,0,0
16,170,3,14,1,2,0,0
27,178,3,13,1,10,0,1
27,173,3,14,1,2,0,0
22,181,2,13,1,1,0,1
22,187,4,13,1,10,0,2
22,188,1,9,1,2,0,2
23,185,1,14,1,2,0,2
19,164,4,11,1,10,0,0
20,160,3,13,1,2,0,1
21,121,4,9,1,1,0,1
19,124,6,13,1,4,0,1
14,148,3,8,1,10,0,1
16,145,2,9,1,2,0,1
15,145,2,10,1,2,0,0
15,135,4,9,1,10,0,2
16,135,2,7,1,2,0,2
16,136,2,7,1,2,0,1
20,150,5,10,1,10,0,1
21,147,3,10,1,2,0,1
30,177,14,31,1,4,0,0
33,161,16,27,1,7,0,1
40,166,5,18,1,2,0,1
37,150,9,16,1,3,0,0
40,146,5,15,1,2,0,0
57,188,10,20,1,10,0,0
59,180,5,23,1,2,0,0
61,175,12,18,1,10,0,1
62,170,8,23,1,2,0,1
53,159,11,25,1,8,0,0
53,168,4,16,1,2,0,1
55,164,6,16,1,2,0,2
73,133,19,21,1,7,0,2
77,132,9,16,1,2,0,1
68,144,19,20,1,10,0,0
78,140,6,18,1,2,0,0
73,141,8,18,1,2,0,0
19,138,4,15,1,8,0,0
19,142,3,9,1,2,0,1
22,134,4,14,1,8,0,0
22,137,4,9,1,2,0,2
21,131,4,9,1,2,0,1
21,126,6,16,1,8,0,1
24,118,4,10,1,7,0,1
41,75,21,22,0,0,0,0
52,60,22,25,0,0,0,0
63,48,23,26,0,0,0,0
78,31,37,30,0,0,0,0
37,92,9,12,0,0,0,0
38,100,5,11,1,1,0,0
34,108,5,8,1,8,0,1
26,112,13,27,1,6,0,0
34,108,8,17,1,4,0,1
38,99,10,16,1,4,0,1
45,90,10,14,1,4,0,1
51,81,11,14,1,4,0,1
56,74,11,13,1,4,0,1
63,65,12,14,1,4,0,1
41,106,6,11,1,10,0,0
42,105,5,9,1,2,0,2
96,44,21,18,0,0,0,0
99,52,20,17,1,4,0,1
76,73,8,11,1,10,0,0
77,73,7,9,1,2,0,0
79,80,10,14,1,10,0,0
80,82,8,11,1,2,0,1
158,124,42,29,1,10,0,0
169,123,19,24,1,2,0,0
309,137,53,45,1,4,0,1
197,138,35,24,1,10,0,1
205,132,19,27,1,2,0,1
250,167,37,28,1,10,0,1
258,161,19,28,1,2,0,1
216,183,36,26,1,10,0,2
223,173,20,33,1,2,0,1
214,197,45,34,1,10,0,0
231,197,18,36,1,2,0,0
241,222,40,32,1,10,0,0
211,242,33,24,1,10,0,2
300,218,28,31,1,10,1,1
290,248,17,30,1,10,0,0
178,329,17,16,1,10,0,0
201,331,21,14,1,10,0,0
246,288,19,24,1,10,0,0
364,255,10,23,1,10,0,0
230,328,15,16,1,10,0,1
244,326,22,19,1,10,0,1
260,324,20,18,1,10,0,1
259,323,35,21,1,10,0,1
288,316,19,22,1,10,0,1
300,314,17,19,1,10,0,1
317,304,19,22,1,10,0,1
331,293,20,27,1,10,0,1
343,294,14,20,1,10,0,1
349,293,13,18,1,10,0,2
359,281,13,22,1,10,0,1
364,280,12,21,1,10,0,1
368,284,9,16,1,10,0,1
372,281,9,16,1,10,0,1
382,258,8,18,1,10,0,1
274,297,22,25,1,10,0,0
289,294,18,23,1,10,0,0
272,277,21,34,1,10,0,1
287,272,28,35,1,10,0,1
308,273,26,29,1,10,0,1
309,285,20,27,1,10,0,0
297,255,22,24,1,10,0,1
305,247,24,30,1,10,0,1
322,241,17,32,1,10,0,1
332,238,17,32,1,10,0,1
344,241,12,25,1,10,0,1
340,265,13,25,1,10,0,0
346,258,13,26,1,10,0,1
351,260,13,24,1,10,0,0
359,261,9,18,1,10,0,1
359,238,10,22,1,10,0,0
365,235,8,21,1,10,0,1
367,234,10,22,1,3,0,1
373,235,6,17,1,10,0,1
376,229,8,22,1,10,0,0
379,230,9,21,1,10,0,0
372,254,8,19,1,10,0,0
375,251,9,19,1,3,0,1
376,257,10,22,1,10,0,0
380,246,10,22,1,10,0,1
387,244,8,20,1,10,0,2
390,243,6,18,1,10,0,1
398,226,6,14,1,10,0,1
384,229,7,19,1,10,0,1
387,225,9,22,1,10,0,1
392,227,5,18,1,10,0,1
395,226,5,17,1,10,0,1
385,212,7,17,1,3,0,0
390,198,10,20,1,7,0,1
393,210,3,18,1,10,0,0
399,190,7,27,1,8,0,1
401,210,5,13,1,10,0,1
397,208,5,16,1,10,0,1
406,189,3,10,1,10,0,1
407,186,1,11,1,2,0,1
404,172,3,11,1,10,0,1
406,171,1,10,1,2,0,2
405,169,2,11,1,2,0,2
323,271,22,34,1,8,0,1
