110,333,40,27,1,4,0,0
134,304,33,25,1,4,0,0
58,320,41,37,1,4,0,0
60,312,37,36,1,4,0,1
97,296,30,25,1,4,0,0
107,287,24,24,1,4,0,1
72,289,24,26,1,4,0,1
72,284,24,24,1,4,0,2
78,272,19,22,1,4,0,0
103,273,19,22,1,4,0,1
127,257,19,17,1,4,0,0
105,264,17,17,1,4,0,0
102,251,17,18,1,4,0,1
120,249,17,16,1,4,0,1
113,238,15,13,1,4,0,1
150,248,18,15,1,4,0,2
117,228,36,14,0,0,0,0
68,264,8,17,1,1,0,2
154,300,10,10,1,3,0,2
166,299,11,13,1,3,0,2
175,313,8,10,1,3,0,2
181,311,8,9,1,3,0,2
182,301,9,10,1,3,0,2
175,297,10,10,1,3,0,2
154,294,8,13,1,1,0,1
173,307,10,11,1,1,0,1
183,305,6,11,1,1,0,1
167,294,8,13,1,1,0,1
176,292,8,11,1,1,0,1
140,243,7,11,1,1,0,1
140,247,7,10,1,3,0,2
219,337,10,10,1,3,0,2
218,333,13,10,1,1,0,1
80,304,13,16,1,3,0,1
79,299,14,20,1,1,0,1
50,308,15,22,1,1,0,0
49,299,16,19,1,3,0,1
55,286,13,17,1,3,0,1
58,284,12,16,1,3,0,1
279,338,39,25,1,5,0,1
274,301,51,50,1,6,0,2
