156,366,20,15,1,1,0,0
141,299,28,33,1,2,0,0
135,310,43,25,1,3,0,1
210,338,37,18,1,3,0,0
277,294,33,29,1,3,0,1
247,268,94,101,0,11,0,0
24,245,19,40,1,4,0,0
0,204,6,19,1,4,1,0
0,167,7,27,1,6,1,0
6,136,2,6,0,0,0,0
6,136,4,10,1,5,0,1
30,148,5,22,1,1,0,1
16,123,2,5,1,10,0,0
17,120,4,9,1,4,0,1
14,128,4,9,1,4,0,2
13,130,5,9,1,4,0,1
16,125,4,9,1,4,0,1
16,128,4,9,1,4,0,2
18,121,6,11,1,4,0,1
22,114,5,9,1,5,0,1
26,111,4,8,1,4,0,2
29,107,5,10,1,4,0,1
33,103,6,9,1,4,0,2
47,90,7,10,1,4,0,2
55,84,8,10,1,4,0,1
70,73,10,11,1,5,0,1
63,81,11,13,1,5,0,2
55,86,9,13,1,5,0,2
25,160,19,26,1,4,0,1
26,159,117,122,1,6,0,0
334,208,48,47,1,4,0,1
364,189,28,34,1,4,0,1
404,169,9,18,1,4,0,1
416,171,6,15,1,4,0,1
195,50,47,9,1,4,0,1
326,77,7,9,1,2,0,0
319,74,8,8,1,2,0,1
118,53,10,8,1,4,0,2
126,50,10,7,1,5,0,2
153,48,19,8,0,0,0,0
227,39,9,4,1,3,0,1
230,40,5,4,1,3,0,0
239,39,19,9,1,4,0,0
261,43,11,7,1,7,0,1
270,44,19,10,1,4,0,0
287,49,17,11,1,4,0,0
303,54,15,11,1,4,0,0
314,57,15,12,1,5,0,1
326,63,14,13,1,4,0,1
335,68,13,12,1,4,0,1
343,72,13,12,1,4,0,1
351,76,12,12,1,5,0,1
350,73,19,19,1,5,0,1
347,71,12,11,1,5,0,2
318,62,31,31,1,6,0,1
343,75,25,29,1,6,0,1
361,98,8,10,1,3,0,2
367,103,5,9,1,10,0,0
378,119,6,10,1,3,0,0
374,113,8,14,1,10,0,1
372,111,8,11,1,3,0,1
393,109,5,8,1,4,0,2
391,104,3,5,1,7,0,0
387,102,5,8,1,4,0,1
388,102,6,9,1,5,0,1
386,100,5,8,1,4,0,2
382,96,7,9,1,4,0,1
379,94,7,9,1,4,0,0
374,89,8,10,1,4,0,1
369,85,9,10,1,4,0,1
377,90,7,10,1,4,0,1
374,88,9,10,1,4,0,2
372,85,9,11,1,4,0,2
369,82,9,10,1,4,0,1
368,80,7,9,1,4,0,1
361,76,10,10,1,4,0,0
358,73,10,10,1,4,0,1
361,75,8,9,1,4,0,2
356,72,10,9,1,4,0,2
355,70,10,9,1,4,0,2
362,75,9,9,1,4,0,1
350,67,10,9,1,4,0,1
350,66,9,8,1,4,0,2
353,68,9,7,1,4,0,2
358,71,8,9,1,4,0,2
366,77,8,8,1,4,0,2
369,78,6,8,1,5,0,1
373,83,7,8,1,4,0,1
375,85,7,8,1,4,0,1
379,89,7,9,1,4,0,2
