16,232,9,24,1,1,0,0
9,174,2,16,1,1,0,0
10,170,2,16,1,1,0,1
34,229,11,30,1,1,0,1
36,234,16,32,1,1,0,0
146,219,20,41,1,1,0,0
144,221,11,17,1,2,0,1
158,216,9,17,1,2,0,1
163,218,20,42,1,1,0,0
208,351,15,8,1,1,1,0
224,349,15,9,1,1,1,0
274,334,19,15,1,1,1,0
180,331,14,10,1,2,0,1
200,326,12,18,1,1,0,1
228,336,18,18,1,1,0,1
262,330,20,19,1,1,0,0
279,323,18,20,1,1,0,1
285,314,24,24,1,1,0,1
236,327,26,19,1,1,0,1
252,308,22,22,1,1,0,1
263,303,21,26,1,1,0,1
106,298,13,14,1,2,0,1
304,281,21,30,1,1,0,0
316,275,20,31,1,1,0,0
324,273,19,31,1,1,0,0
331,266,20,32,1,1,0,1
337,270,16,27,1,1,0,0
333,290,21,27,1,1,0,0
349,284,16,24,1,1,0,1
353,285,10,15,1,2,0,1
346,278,16,26,1,1,0,1
368,248,13,28,1,1,0,0
372,250,11,24,1,1,0,0
398,218,5,21,1,1,0,0
399,218,5,18,1,1,1,0
382,232,9,25,1,1,0,0
387,230,7,21,1,1,0,0
394,220,5,18,1,1,0,0
389,225,6,19,1,1,0,1
395,218,4,17,1,1,0,2
401,191,2,16,1,1,0,1
402,189,1,11,1,1,0,1
401,186,1,10,1,1,0,1
400,179,2,18,1,1,0,0
404,172,1,8,1,1,0,0
406,172,1,11,1,1,1,0
400,160,2,11,1,1,0,0
401,154,2,10,1,1,0,0
402,152,1,11,1,1,0,0
380,232,10,25,1,2,0,1
398,198,3,10,1,2,0,1
390,206,4,17,1,1,0,0
384,224,6,21,1,1,0,1
403,141,2,8,1,4,1,0
399,132,5,10,1,4,1,0
397,128,2,9,1,1,0,0
396,126,4,10,1,4,0,1
396,116,4,9,1,4,0,1
395,115,2,6,1,1,0,0
393,113,2,7,1,1,0,0
392,112,2,6,1,1,0,0
394,123,2,9,1,1,0,0
393,123,2,7,1,1,0,1
391,120,7,12,1,4,0,1
390,122,5,14,1,5,0,1
385,115,8,14,1,5,0,1
385,119,6,13,1,4,0,0
383,110,7,12,1,5,0,1
386,125,3,10,1,1,0,0
350,59,31,32,0,0,0,0
160,17,86,9,0,0,0,0
23,31,81,58,0,0,0,0
381,120,4,9,1,1,0,1
380,122,3,12,1,1,0,0
380,122,4,12,1,1,0,1
382,137,3,14,1,1,0,0
381,136,3,13,1,1,0,0
381,141,2,8,1,1,0,0
377,129,3,13,1,1,0,0
374,131,4,15,1,1,0,0
374,129,4,12,1,1,0,1
372,130,5,14,1,1,0,0
371,131,3,10,1,1,0,0
367,125,5,17,1,1,0,0
369,124,5,15,1,1,0,1
369,117,4,10,1,1,0,0
367,106,5,12,1,1,0,1
368,107,3,5,1,2,0,1
365,108,5,13,1,1,0,1
361,105,4,12,1,1,0,1
358,102,6,14,1,1,0,1
355,102,6,13,1,1,0,0
377,108,7,16,1,5,0,1
372,99,10,15,1,4,0,1
372,106,6,10,1,4,0,0
365,94,4,8,1,1,0,0
360,90,11,12,1,4,0,1
358,94,9,13,1,4,0,1
363,103,5,11,1,1,0,1
361,100,5,10,1,1,0,1
359,99,4,10,1,1,0,1
358,88,4,7,1,1,0,1
360,88,4,8,1,1,0,1
354,85,11,12,1,4,0,1
344,77,13,14,1,4,0,1
338,72,12,12,1,4,0,1
343,82,13,17,1,4,0,0
334,78,11,13,1,4,0,0
331,71,17,16,1,4,0,1
327,79,15,17,1,4,0,1
338,96,8,15,1,1,0,1
346,103,7,16,1,1,0,1
350,96,6,13,1,1,0,1
347,94,5,12,1,1,0,1
344,92,6,11,1,1,0,1
340,90,7,13,1,1,0,1
339,88,7,14,1,1,0,2
338,89,6,9,1,2,0,2
347,94,7,12,1,2,0,2
336,89,6,8,1,2,0,2
329,85,6,11,1,2,0,2
327,79,17,18,1,4,0,1
320,68,16,17,1,4,0,1
329,68,12,11,1,4,0,1
346,71,11,11,1,4,0,1
340,67,16,16,1,4,0,1
326,60,16,13,1,4,0,0
324,64,6,8,1,1,0,0
312,60,16,17,1,4,0,1
300,69,25,18,1,4,0,1
316,70,7,11,1,1,0,1
304,63,17,13,1,4,0,1
298,57,18,14,1,4,0,1
287,63,22,17,1,4,0,1
287,64,9,14,1,1,0,0
282,63,9,13,1,1,0,0
276,61,7,13,1,1,0,0
278,58,10,13,1,1,0,1
296,63,7,10,1,1,0,2
292,62,7,9,1,1,0,2
287,61,9,11,1,1,0,2
288,54,19,14,1,4,0,1
282,52,22,14,1,4,0,2
268,50,18,11,1,4,0,1
292,50,19,12,1,4,0,1
278,43,18,11,1,4,0,1
282,48,7,7,1,1,0,2
278,48,6,6,1,1,0,2
269,57,9,12,1,1,0,2
259,55,7,9,1,1,0,2
251,52,11,14,1,1,0,2
235,51,10,10,1,1,0,2
261,54,29,17,1,4,0,2
241,51,32,14,1,4,0,2
260,45,22,13,1,4,0,1
246,42,21,10,1,4,0,1
231,44,33,13,1,4,0,1
218,47,30,12,1,4,0,1
197,45,27,9,1,4,0,1
223,44,9,10,1,1,0,2
207,43,8,10,1,1,0,2
196,43,8,8,1,1,0,2
185,47,8,12,1,1,0,0
170,50,7,10,1,1,0,0
161,51,8,11,1,1,0,0
153,52,8,11,1,1,0,0
145,53,9,13,1,1,0,0
143,56,6,8,1,1,0,0
270,41,7,7,1,1,0,0
266,41,8,6,1,1,0,0
259,39,21,11,1,4,0,1
245,37,19,8,1,4,0,1
230,36,25,10,1,4,0,1
210,35,20,7,1,4,0,1
188,35,27,7,1,4,0,1
168,35,26,8,1,4,0,1
149,38,26,10,1,4,0,1
160,40,26,12,1,6,0,1
176,41,7,9,1,1,0,0
161,46,7,8,1,1,0,1
135,40,29,12,1,4,0,2
78,65,18,13,1,7,0,0
350,63,5,6,1,5,0,1
345,60,7,8,1,4,0,1
338,57,7,7,1,4,0,1
336,56,5,5,1,4,0,0
318,47,10,9,1,4,0,0
329,51,6,5,1,4,0,1
329,51,8,8,1,5,0,1
304,40,11,7,1,4,0,1
317,45,5,4,1,4,0,1
270,31,13,6,1,4,0,1
244,26,15,6,1,4,0,1
205,25,3,4,1,1,0,0
200,25,4,4,1,1,0,0
143,32,5,4,1,2,0,0
150,32,5,3,1,2,0,0
79,55,4,5,1,1,0,0
76,55,6,7,1,1,0,0
74,57,5,6,1,1,0,0
68,61,4,6,1,2,0,1
54,71,4,8,1,1,0,0
51,72,6,9,1,1,0,0
25,99,3,6,1,1,0,1
22,104,4,7,1,1,0,0
13,115,2,6,1,1,0,1
13,115,2,7,1,1,0,1
11,116,3,8,1,1,0,1
12,114,3,8,1,1,0,1
8,121,2,7,1,1,0,1
8,121,2,7,1,1,0,1
6,123,2,6,1,1,0,1
45,42,45,31,0,0,0,0
33,70,14,15,1,9,0,0
32,74,9,12,1,9,0,1
30,75,9,12,1,9,0,1
28,77,8,12,1,9,0,2
27,77,9,12,1,9,0,2
25,80,8,11,1,9,0,2
16,89,7,9,1,9,0,0
14,92,6,8,1,9,0,1
17,96,1,3,1,1,0,0
16,96,1,3,1,1,0,0
16,97,1,3,1,1,0,1
15,98,1,2,1,1,0,1
15,97,1,4,1,1,0,1
