9,256,26,48,1,4,0,0
4,239,10,30,1,5,1,0
5,233,11,27,1,4,0,1
5,233,3,12,1,3,0,1
9,239,6,20,1,1,0,0
1,214,2,14,1,1,1,0
1,214,2,14,1,1,0,1
10,236,4,17,1,1,0,0
8,227,10,26,1,4,0,1
9,219,3,14,1,10,0,1
11,223,9,23,1,4,0,1
11,215,3,15,1,1,0,1
12,215,3,17,1,1,0,1
11,212,2,9,1,2,0,1
11,212,2,9,1,2,0,2
13,210,3,15,1,1,0,1
14,217,8,21,1,4,0,1
17,211,8,20,1,4,0,1
14,210,1,7,1,3,0,2
20,226,5,18,1,2,0,1
21,231,5,16,1,3,0,1
20,200,2,15,1,1,0,1
18,200,3,10,1,3,0,1
19,198,3,11,1,10,0,1
20,196,3,10,1,10,0,1
21,207,6,18,1,4,0,1
26,218,4,19,1,2,0,1
26,224,5,14,1,3,0,1
28,214,4,16,1,2,0,1
28,220,4,14,1,3,0,1
22,192,2,13,1,1,0,1
23,192,2,13,1,1,0,1
24,192,2,13,1,1,0,1
23,201,8,19,1,4,0,1
26,195,7,17,1,4,0,1
29,193,6,15,1,4,0,1
29,205,9,20,1,4,0,0
32,188,7,15,1,4,0,1
35,184,7,14,1,4,0,1
37,180,7,14,1,4,0,1
41,176,7,14,1,4,0,1
45,171,7,14,1,4,0,1
39,188,7,18,1,5,0,0
29,229,21,41,1,5,0,0
35,220,16,27,1,4,0,1
46,244,27,42,1,4,0,0
52,199,14,24,1,4,0,0
46,176,9,16,1,4,0,0
52,172,10,15,1,4,0,1
60,180,11,20,1,5,0,0
68,189,17,23,1,4,0,0
64,165,12,18,1,4,0,1
73,165,15,21,1,5,0,0
29,181,2,13,1,1,0,0
15,241,20,39,1,5,0,0
33,262,35,48,1,4,0,0
34,294,52,58,1,4,0,0
185,359,67,20,1,4,0,0
263,354,27,18,1,2,0,1
260,359,26,18,1,10,0,1
292,318,64,49,1,4,0,0
309,283,55,59,1,5,0,0
276,317,28,30,1,2,0,1
274,328,24,22,1,3,0,1
302,298,22,30,1,2,0,1
299,309,21,23,1,3,0,1
234,303,65,41,1,5,0,1
100,288,53,42,1,4,0,0
139,266,56,44,1,5,0,0
99,234,37,39,1,5,0,0
169,199,39,32,1,4,0,0
271,250,17,36,1,1,0,0
329,266,16,34,1,1,0,0
329,270,43,47,1,5,0,1
339,284,16,20,1,1,0,2
359,272,12,24,1,1,0,2
341,289,44,50,1,5,0,1
370,273,17,23,1,3,0,1
387,261,12,18,1,3,0,2
390,267,12,23,1,3,0,1
336,300,53,55,1,4,0,1
387,245,8,23,1,1,0,1
380,246,10,26,1,1,0,2
377,246,10,27,1,1,0,1
377,246,8,24,1,1,0,1
362,266,19,32,0,0,0,0
323,246,35,43,1,5,0,1
318,238,33,37,1,5,0,1
280,250,43,42,1,5,0,0
279,233,38,34,1,4,0,1
307,215,32,36,1,5,0,1
287,210,11,27,1,2,0,1
286,218,11,20,1,3,0,1
303,208,26,27,1,5,0,2
294,200,28,26,1,5,0,2
218,193,13,24,1,1,0,1
217,201,14,23,1,10,0,1
409,214,3,19,1,1,0,0
403,201,2,13,1,2,0,1
406,201,1,9,1,2,0,2
406,202,1,11,1,2,0,1
407,206,1,8,1,2,0,2
396,191,2,17,1,1,0,0
393,190,2,14,1,2,0,1
393,197,2,10,1,3,0,1
387,205,3,9,1,2,0,2
315,164,7,18,1,2,0,1
316,170,5,17,1,3,0,1
349,258,28,25,0,0,0,0
350,223,13,24,0,0,0,0
375,228,5,19,1,10,1,0
352,239,23,35,0,0,0,0
375,233,7,23,1,1,0,0
338,209,16,30,0,0,0,0
337,151,5,15,1,1,0,1
279,183,28,25,1,4,0,1
291,192,26,27,1,5,0,1
331,145,5,12,1,1,0,0
370,160,3,12,1,1,0,1
362,160,3,9,1,2,0,1
364,160,3,10,1,2,0,1
366,152,3,11,1,1,0,1
367,153,3,10,1,1,0,1
291,168,24,16,0,0,0,0
217,115,59,51,0,0,0,0
274,144,25,27,0,0,0,0
267,180,9,24,1,2,0,1
266,187,10,20,1,3,0,1
232,179,11,24,1,2,0,1
231,186,11,21,1,3,0,1
239,167,9,20,1,2,0,1
238,175,9,18,1,3,0,1
251,165,10,22,1,2,0,1
252,172,7,18,1,3,0,1
259,171,10,21,1,2,0,1
259,177,10,19,1,3,0,1
318,193,15,16,1,3,0,1
320,192,14,17,1,3,0,1
148,171,29,24,1,4,0,0
187,144,24,19,1,4,0,0
157,144,22,19,1,4,0,0
121,125,31,44,1,9,0,0
149,119,30,37,1,9,0,1
269,113,60,45,0,0,0,0
323,123,50,30,0,0,0,0
183,127,7,10,1,2,0,1
183,130,7,11,1,3,0,1
194,126,7,13,1,2,0,1
194,130,5,9,1,3,0,1
198,127,5,12,1,2,0,1
197,130,7,12,1,3,0,1
208,127,5,17,1,1,0,1
202,131,6,10,1,2,0,1
203,133,5,9,1,3,0,1
102,134,14,15,1,4,0,0
81,155,4,15,1,1,0,1
86,149,9,15,0,0,0,0
161,111,11,11,1,5,0,1
143,113,10,8,1,4,0,0
143,109,12,8,1,4,0,2
139,85,41,26,0,0,0,0
112,130,12,12,1,4,0,1
98,132,10,12,1,4,0,1
99,129,10,11,1,4,0,1
102,124,11,12,1,5,0,1
31,105,75,69,0,0,0,0
25,154,9,26,0,0,0,0
