83,267,10,15,1,1,0,0
84,268,6,8,1,2,0,1
71,264,11,14,1,2,0,1
72,263,13,17,1,2,0,2
72,268,15,15,1,1,0,1
39,216,17,26,1,6,0,0
36,230,5,10,1,1,0,0
53,232,17,24,1,7,0,1
66,239,7,10,1,2,0,1
70,236,8,13,1,2,0,2
62,230,8,15,1,1,0,2
51,222,7,11,1,2,0,1
57,220,11,12,1,10,0,1
71,218,17,23,1,7,0,2
78,199,31,29,1,5,0,1
78,194,14,16,1,10,0,2
108,235,10,14,1,2,0,1
131,218,8,14,1,2,0,1
119,215,9,12,1,2,0,1
122,198,8,12,1,2,0,1
190,235,12,11,1,2,0,2
193,232,9,11,1,2,0,2
209,232,12,14,1,2,0,2
211,223,8,8,1,2,0,2
214,159,8,8,1,2,0,1
216,157,5,10,1,2,0,1
197,305,14,11,1,2,0,1
200,308,10,7,1,2,0,2
16,227,6,14,1,1,0,1
15,220,4,9,1,1,0,0
19,210,15,24,1,4,0,1
23,226,5,11,1,10,0,1
30,249,8,13,1,2,0,1
31,253,9,12,1,10,0,1
314,280,8,9,1,2,1,0
324,273,8,10,1,2,1,0
294,280,12,13,1,2,0,1
284,285,10,9,1,2,0,1
270,278,10,7,1,2,0,1
263,284,12,13,1,2,0,1
254,283,15,15,1,1,0,0
245,285,12,14,1,1,0,0
242,282,12,14,1,1,0,1
223,280,10,13,1,2,0,1
238,272,10,14,1,2,0,1
241,275,9,9,1,2,0,2
245,272,11,13,1,2,0,1
232,275,19,11,1,10,0,1
256,278,10,8,1,2,0,1
256,273,12,13,1,2,0,2
273,268,7,10,1,1,0,1
270,261,11,14,1,1,0,1
291,249,26,28,1,4,0,0
273,279,23,20,1,7,0,1
231,251,10,15,1,1,0,1
226,250,10,15,1,1,0,1
235,242,10,16,1,1,0,1
229,241,9,16,1,1,0,1
258,246,9,12,1,1,0,2
267,281,22,18,1,7,0,1
260,279,26,17,1,7,0,1
250,270,39,23,1,6,0,2
250,264,33,19,1,7,0,2
238,246,38,20,1,7,0,1
281,228,13,13,1,3,0,1
258,217,18,24,1,7,0,1
234,222,31,23,1,7,0,1
232,220,27,15,1,7,0,1
223,221,9,17,1,1,0,0
238,217,6,13,1,1,0,2
353,238,8,16,1,10,0,0
357,227,14,24,1,4,1,2
82,123,62,74,0,0,0,0
103,197,13,9,1,10,0,1
180,144,14,14,1,4,0,0
214,161,8,11,1,10,0,1
161,166,7,11,1,2,0,2
157,160,14,20,1,8,0,1
148,158,5,8,1,2,0,2
146,156,9,15,1,10,0,2
191,135,6,8,1,2,0,2
192,140,5,7,1,10,0,2
202,132,9,15,1,8,0,0
147,56,109,63,0,0,0,0
224,121,37,40,0,0,0,0
164,151,4,5,1,2,0,2
160,137,5,7,1,2,0,2
159,125,5,7,1,2,0,1
174,120,6,6,1,2,0,2
159,148,7,7,1,2,0,2
163,152,7,8,1,10,0,1
160,151,6,8,1,10,0,2
160,141,6,7,1,10,0,2
160,129,4,7,1,10,0,2
172,121,8,9,1,10,0,2
178,204,22,22,1,4,0,0
210,240,8,8,1,10,0,1
193,240,8,8,1,10,0,1
211,226,9,10,1,10,0,1
109,241,11,12,1,10,0,1
130,225,10,13,1,10,0,1
122,203,8,11,1,10,0,1
117,216,14,17,1,7,0,1
192,307,25,11,1,10,0,1
