399,132,5,15,1,4,1,1
389,137,8,20,1,5,0,1
393,151,3,14,1,1,0,0
391,149,3,15,1,1,0,0
368,142,16,29,1,5,0,1
347,149,23,30,1,5,0,1
359,166,5,21,1,2,0,0
356,169,4,14,1,2,0,1
356,173,4,23,1,1,0,1
355,176,12,17,1,10,0,2
347,228,37,50,1,4,0,1
356,235,32,49,1,5,0,1
355,250,33,46,1,4,0,1
360,261,31,42,1,4,0,1
315,284,51,49,1,4,1,1
289,257,69,71,1,4,0,0
250,233,71,62,1,4,0,0
306,160,29,45,1,4,0,0
332,140,8,28,1,1,0,0
334,146,5,8,1,2,0,1
331,129,9,15,1,2,0,1
323,134,10,30,1,1,0,1
272,142,29,21,1,10,0,0
272,91,18,20,1,10,0,0
301,95,11,21,1,1,0,2
169,118,53,40,1,4,0,1
157,91,71,32,1,4,0,2
103,182,123,58,1,5,0,1
125,60,30,27,1,5,0,0
136,133,12,21,1,2,0,1
135,142,13,28,1,3,0,1
118,109,13,26,1,1,0,2
157,57,11,11,1,2,0,0
139,51,22,11,1,10,0,1
135,41,14,7,1,10,0,1
119,46,33,19,1,4,0,0
107,48,21,16,1,4,0,1
122,38,14,9,1,10,0,1
102,41,22,15,1,4,0,0
105,37,14,11,1,5,0,1
104,33,18,13,1,5,0,1
117,36,6,5,1,3,0,1
99,36,14,11,1,4,0,2
99,41,7,9,1,1,0,0
98,29,13,8,1,5,0,1
95,32,8,6,1,4,0,1
91,32,11,7,1,4,0,1
95,29,9,7,1,4,0,1
90,33,5,5,1,1,0,0
87,35,15,10,1,1,0,1
91,29,6,5,1,4,0,2
91,30,5,4,1,4,0,2
91,29,5,4,1,5,0,2
92,27,7,5,1,5,0,2
84,23,15,12,0,0,0,0
14,105,5,10,1,4,0,1
18,94,6,12,1,4,0,0
17,92,7,11,1,4,0,1
26,82,6,9,1,4,0,0
24,84,5,8,1,4,0,1
36,70,5,7,1,4,0,1
37,69,4,5,1,4,0,0
41,64,4,5,1,4,0,1
41,63,4,5,1,5,0,1
40,64,3,4,1,1,0,1
40,65,2,4,1,1,0,1
51,53,3,3,1,4,0,1
54,49,3,4,1,5,0,1
119,289,61,47,1,4,0,0
99,307,19,18,1,2,0,0
101,311,20,20,1,10,0,1
35,239,31,50,1,4,0,0
60,224,12,23,1,2,0,0
60,228,15,30,1,10,0,1
50,149,6,16,1,2,0,1
51,160,4,15,1,10,0,1
58,123,8,16,1,2,0,0
57,131,7,16,1,10,0,1
70,78,10,17,1,1,0,0
65,70,16,18,1,4,0,0
67,56,13,13,1,4,0,0
13,126,7,19,1,4,0,0
15,124,2,5,1,2,0,1
15,123,2,7,1,2,0,2
14,125,3,8,1,10,0,2
24,103,9,17,1,4,0,0
35,86,9,14,1,4,0,0
72,47,10,10,1,4,0,0
55,61,9,10,1,4,0,0
56,57,9,9,1,5,0,1
28,90,4,9,1,1,0,0
28,91,4,7,1,10,0,1
46,67,3,4,1,2,0,1
45,68,3,6,1,10,0,1
44,67,3,6,1,1,0,1
42,68,4,6,1,1,0,1
38,72,6,8,1,4,0,0
40,68,6,9,1,4,0,1
51,59,7,8,1,4,0,0
55,53,5,6,1,4,0,0
60,50,8,8,1,5,0,0
69,44,14,12,1,4,0,1
69,44,13,11,1,4,0,1
73,43,7,7,1,4,0,1
74,42,7,6,1,4,0,1
63,48,7,8,1,4,0,1
72,45,4,3,1,2,0,1
71,46,3,4,1,10,0,1
61,48,5,6,1,4,0,0
58,50,5,5,1,4,0,1
56,49,4,5,1,4,0,0
64,42,4,4,1,4,0,0
65,44,3,2,1,2,0,1
65,45,2,1,1,10,0,1
75,39,3,3,1,1,0,0
76,37,3,4,1,1,0,1
67,43,5,5,1,4,0,0
71,39,4,5,1,4,0,0
72,39,4,3,1,4,0,2
71,39,4,3,1,4,0,2
71,39,3,3,1,4,0,2
72,38,3,3,1,4,0,2
73,37,2,2,1,4,0,2
73,36,3,3,1,4,0,2
74,35,3,2,1,4,0,2
74,34,3,3,1,4,0,2
79,34,1,2,1,2,0,1
78,35,2,2,1,3,0,1
78,34,1,2,1,1,0,0
77,33,3,3,1,5,0,1
77,34,2,2,1,1,0,0
