13,36,62,68,0,0,0,0
16,95,12,25,1,8,0,1
9,111,5,14,1,3,0,0
7,113,5,14,1,10,0,0
6,115,5,12,1,10,0,0
4,127,4,12,1,4,1,1
9,102,5,13,1,1,0,0
16,95,6,14,1,1,0,1
14,100,6,12,1,10,0,1
17,94,6,13,1,10,0,1
22,89,9,16,1,10,0,1
32,80,8,15,1,1,0,2
37,74,8,15,1,1,0,2
27,82,8,14,1,10,0,2
24,85,8,14,1,10,0,2
20,90,6,13,1,1,1,0
14,99,4,8,1,4,0,0
69,27,27,21,1,8,0,0
56,62,13,20,1,2,0,1
53,69,12,17,1,10,0,1
100,48,19,18,1,10,0,1
103,42,18,20,1,2,0,1
102,26,11,10,1,10,0,2
102,30,7,6,1,2,0,1
100,29,13,10,1,10,0,1
68,49,14,17,1,2,0,1
65,52,17,17,1,10,0,1
85,32,10,11,1,1,0,0
97,26,11,12,1,1,0,0
90,28,11,12,1,1,0,0
87,30,10,12,1,1,0,2
38,74,57,62,1,4,0,0
113,17,31,18,1,4,0,0
184,13,30,13,1,4,0,0
31,59,35,43,1,5,0,1
112,12,28,16,1,4,0,1
130,6,21,9,1,4,1,0
319,80,24,41,1,1,0,0
95,22,7,5,1,2,1,1
95,23,5,5,1,3,0,1
110,16,9,6,1,10,0,0
114,14,8,6,1,1,0,1
146,8,9,5,1,1,0,2
145,10,8,5,1,10,0,2
187,5,7,4,1,2,0,1
187,6,6,4,1,10,0,1
287,99,22,44,1,2,0,1
280,110,42,42,1,10,0,1
273,81,27,43,1,2,0,2
271,100,41,27,1,10,0,1
348,125,39,63,1,5,0,0
335,57,31,34,1,4,0,0
228,33,45,43,1,5,0,0
205,0,17,6,1,4,0,0
245,30,39,28,1,4,0,1
231,18,33,18,1,4,0,1
234,11,28,14,1,4,0,1
231,7,26,11,1,4,0,1
232,3,20,8,1,4,0,1
237,2,14,5,1,4,1,1
211,0,15,4,1,4,0,1
262,7,12,5,1,5,1,0
403,153,3,19,1,2,0,1
402,155,5,19,1,10,0,1
370,73,8,16,1,1,0,0
387,96,6,14,1,1,0,0
389,98,5,13,1,1,0,0
394,107,5,13,1,1,0,0
387,90,5,12,1,1,0,0
382,85,6,12,1,1,0,1
384,88,6,12,1,1,0,1
386,89,5,12,1,1,0,1
378,83,5,9,1,2,0,1
385,92,4,8,1,2,0,1
384,91,4,8,1,2,0,1
382,90,6,11,1,2,0,0
44,271,92,79,1,4,1,0
