61,253,63,53,1,4,0,0
32,193,32,48,1,4,0,0
12,167,13,34,1,4,0,0
1,175,4,20,1,4,1,0
5,223,16,33,1,4,0,0
10,99,13,25,1,4,0,0
28,77,16,30,1,4,0,1
35,74,22,37,1,4,0,1
75,61,47,38,1,4,0,1
294,252,37,44,1,4,0,0
336,230,37,48,1,4,0,0
379,218,17,32,1,4,0,0
374,237,22,37,1,4,0,0
316,42,26,28,1,4,0,0
319,28,16,13,1,4,1,0
16,203,19,36,1,4,0,1
30,141,4,15,1,2,0,1
31,146,4,10,1,2,0,1
29,143,6,14,1,10,0,1
157,121,18,20,1,2,0,1
148,123,34,23,1,10,0,1
219,73,10,18,1,1,0,0
225,71,9,17,1,1,0,0
253,60,12,15,1,1,0,0
256,69,8,11,1,2,0,1
268,85,10,15,1,2,0,1
266,79,14,16,1,2,0,1
269,76,12,16,1,2,0,1
266,78,16,23,1,10,0,1
306,168,8,24,1,2,0,1
295,174,24,22,1,3,0,1
225,350,15,6,1,1,0,0
119,326,13,10,1,2,0,1
116,326,24,13,1,3,0,1
77,289,12,14,1,2,0,1
72,286,10,11,1,2,0,1
65,271,10,15,1,2,0,1
74,287,20,19,1,10,0,1
61,271,21,20,1,10,0,1
216,280,23,21,1,10,0,1
362,134,5,18,1,10,0,1
222,276,19,18,1,2,0,1
362,132,5,18,1,2,0,1
257,24,10,8,1,2,0,1
257,23,10,7,1,2,0,1
255,24,14,11,1,10,0,1
303,311,43,28,1,4,1,0
