341,272,39,46,1,4,1,0
355,212,27,38,1,4,0,0
343,175,17,29,1,4,0,0
213,222,51,44,1,4,0,0
139,187,38,45,1,4,0,0
54,221,33,50,1,4,0,0
71,152,20,35,1,4,0,0
166,64,22,16,1,4,0,0
119,68,22,19,1,4,0,0
141,52,25,13,1,5,0,0
36,88,4,7,1,4,0,0
40,84,7,8,1,4,0,0
47,76,11,11,1,4,0,0
41,84,11,11,1,4,0,1
38,87,12,13,1,4,0,0
64,67,9,10,1,4,0,1
82,60,8,7,1,4,0,0
86,54,16,10,1,4,0,1
102,50,10,7,1,4,0,0
85,50,11,8,1,4,0,0
106,47,9,7,1,4,0,1
109,44,10,7,1,4,0,2
113,42,8,7,1,4,0,2
107,38,12,6,1,4,0,0
112,40,7,5,1,4,0,0
117,35,11,6,1,4,0,0
121,37,8,6,1,4,0,1
119,39,8,6,1,4,0,2
115,42,7,5,1,4,0,2
163,27,6,4,1,4,0,0
175,26,6,3,1,4,0,0
194,30,8,4,1,4,0,0
195,26,7,3,1,4,0,0
189,20,6,3,1,4,0,0
198,19,4,2,1,4,0,0
190,17,4,1,1,4,0,0
194,16,3,1,1,4,0,0
186,16,3,1,1,4,0,0
183,15,3,2,1,4,0,0
189,9,13,4,0,0,0,0
191,14,2,0,1,4,0,0
187,13,2,1,1,4,0,0
160,24,9,4,1,4,0,2
122,33,6,4,1,4,0,0
96,44,9,7,0,0,0,0
74,63,7,7,1,4,0,2
32,90,4,8,1,6,0,0
20,114,6,12,1,4,0,1
23,108,10,16,1,4,0,1
27,109,9,13,1,4,0,2
33,122,12,20,1,4,0,0
33,113,17,20,1,4,0,1
34,107,15,17,1,4,0,2
35,102,14,14,1,4,0,2
18,136,15,20,1,4,0,1
17,143,14,21,1,4,0,1
16,158,8,26,1,4,0,1
236,44,29,13,1,4,0,0
315,67,20,14,1,4,0,0
304,53,14,10,1,4,0,0
317,59,11,9,1,4,0,0
326,65,10,9,1,4,0,0
325,71,13,11,1,4,0,1
342,80,14,14,1,4,0,1
349,84,10,10,1,4,0,1
358,91,10,11,1,4,0,1
353,96,14,14,1,4,0,1
347,93,14,15,1,4,0,1
335,88,19,17,1,4,0,2
332,88,20,18,1,4,0,2
303,84,22,19,1,4,0,2
301,93,18,18,1,1,0,2
307,107,18,21,1,4,0,2
336,146,15,25,1,4,0,1
325,123,15,25,1,4,0,2
364,109,25,21,0,0,0,0
373,110,4,9,1,1,1,0
376,122,4,11,1,1,0,0
378,123,3,9,1,4,0,0
381,126,9,14,0,0,0,0
359,108,4,10,1,1,0,0
358,108,3,9,1,1,0,0
359,109,3,10,1,1,0,1
346,120,22,24,1,5,0,2
398,191,5,19,1,7,0,1
398,181,3,10,1,10,0,1
401,173,3,8,1,3,0,1
393,148,3,12,1,1,0,1
373,266,9,19,1,1,0,2
