7,129,7,28,1,1,0,0
6,127,7,24,1,1,0,0
2,101,19,51,1,4,1,0
25,45,36,47,1,4,1,0
20,72,9,14,1,1,1,0
264,19,23,23,1,10,0,0
397,215,7,19,1,10,1,0
396,164,10,43,1,5,1,0
392,199,6,27,1,2,0,0
389,201,10,21,1,10,0,1
402,152,3,19,1,1,0,1
404,163,2,17,1,1,0,1
397,145,6,24,1,1,0,0
394,134,6,23,1,1,0,0
378,94,11,23,1,1,0,0
383,102,11,25,1,1,0,0
380,93,12,26,1,1,0,0
385,100,10,25,1,1,0,0
381,89,12,25,1,1,0,0
387,99,9,21,1,1,0,0
392,103,7,18,1,3,0,0
389,101,8,15,1,3,0,0
390,106,9,21,1,3,0,0
374,72,11,18,1,3,0,0
372,69,11,17,1,3,0,0
368,69,12,18,1,10,0,0
364,64,13,19,1,10,0,0
362,61,13,19,1,10,0,0
335,42,16,21,1,1,0,1
343,47,12,16,1,1,0,1
346,49,14,20,1,1,0,1
346,51,12,17,1,1,0,1
340,48,18,24,1,1,0,0
352,53,17,21,1,10,0,0
355,58,16,20,1,10,0,0
377,109,11,28,1,3,0,0
390,124,7,24,1,3,0,0
316,37,28,25,1,10,0,2
334,306,18,16,1,2,1,0
333,308,15,15,1,10,1,0
