192,15,21,3,0,0,0,0
11,264,5,12,1,1,0,0
13,264,5,14,1,1,0,0
17,273,5,12,1,1,0,0
21,277,11,20,1,10,0,1
23,278,7,13,1,10,0,1
22,269,5,10,1,2,0,1
21,260,7,13,1,10,0,0
19,128,5,9,1,5,0,2
80,333,31,26,1,4,0,1
184,379,7,4,1,2,0,0
183,377,11,6,1,2,0,1
177,373,21,12,1,10,0,1
227,372,38,15,1,4,0,0
211,369,11,6,1,2,0,0
210,369,12,8,1,10,0,1
256,361,15,11,1,1,0,0
256,349,16,13,1,1,0,0
247,351,13,12,1,1,0,0
283,349,15,11,1,1,0,1
283,349,21,12,1,10,0,1
289,327,22,16,1,10,0,0
171,345,39,20,1,4,0,0
62,296,48,47,1,4,0,2
122,277,20,22,1,2,0,2
125,279,14,20,1,2,0,1
124,282,17,22,1,10,0,1
70,261,15,22,1,10,0,1
72,236,15,19,1,10,0,1
73,213,13,25,1,7,0,1
279,286,18,27,1,1,0,0
268,244,14,32,1,1,0,0
255,268,15,26,1,2,0,0
307,248,12,22,1,10,0,1
307,242,14,26,1,2,0,1
256,272,14,23,1,10,0,1
360,232,8,17,1,2,0,2
265,200,36,36,1,4,0,2
265,159,17,30,1,8,0,2
90,157,4,12,1,1,0,0
93,160,6,16,1,1,0,0
97,153,7,23,1,1,0,0
165,143,33,31,1,4,0,0
104,123,22,28,1,4,0,0
217,137,6,15,1,2,0,2
215,135,10,18,1,2,0,2
211,130,18,28,1,8,0,0
229,127,14,22,1,2,0,1
229,131,13,19,1,10,0,1
281,163,26,19,1,3,0,2
249,129,10,20,1,1,0,1
241,133,17,18,1,7,0,0
124,107,14,18,1,7,0,0
108,106,17,25,1,8,0,1
81,260,11,19,1,2,0,0
84,266,10,20,1,3,0,1
153,97,10,14,1,2,0,1
151,100,11,14,1,10,0,1
64,90,15,14,1,4,0,1
62,95,17,18,1,5,0,1
71,91,22,20,1,4,0,2
88,80,25,17,1,4,0,2
76,83,18,16,1,4,0,1
96,79,5,8,1,1,0,1
101,76,6,9,1,1,0,2
265,106,21,19,0,0,0,0
273,124,16,14,0,0,0,0
275,149,21,10,0,0,0,0
266,137,15,18,1,10,1,1
256,122,21,14,1,10,1,0
253,103,9,18,1,1,0,0
250,80,22,19,0,0,0,0
259,97,20,10,0,0,0,0
245,95,15,10,1,10,1,0
233,85,7,12,1,2,0,0
233,88,7,11,1,3,0,1
214,88,8,11,1,2,0,1
214,90,9,12,1,10,0,1
161,87,9,11,1,2,0,1
160,90,9,11,1,10,0,1
203,72,6,8,1,10,0,1
147,82,8,12,1,2,0,0
146,85,7,10,1,3,0,1
170,72,6,8,1,2,0,1
168,73,9,10,1,10,0,1
129,74,22,18,1,4,0,1
142,71,16,9,1,10,0,1
148,70,6,7,1,2,0,1
144,69,7,10,1,1,0,1
140,69,8,11,1,1,0,1
151,64,6,10,1,1,0,1
246,73,15,8,1,10,0,0
225,68,7,11,1,1,0,0
240,66,5,10,1,1,0,0
232,66,4,7,1,2,0,1
231,67,6,8,1,10,0,1
215,66,5,7,1,2,0,1
204,71,5,7,1,2,0,1
215,67,5,8,1,10,0,1
238,59,17,10,1,4,0,1
209,60,18,10,1,4,0,1
241,54,6,6,1,2,0,1
239,56,11,5,1,3,0,1
235,53,18,8,1,8,0,1
236,63,27,12,1,7,0,1
235,45,14,9,0,0,0,0
230,50,11,5,1,10,1,1
196,65,6,7,1,2,0,1
196,67,7,7,1,10,0,1
192,62,5,7,1,2,0,1
191,63,7,7,1,10,0,1
196,62,6,6,1,10,0,2
196,60,5,7,1,2,0,2
172,62,7,6,1,2,0,2
172,63,7,7,1,10,0,1
175,58,6,6,1,2,0,1
175,59,6,6,1,10,0,1
150,53,21,11,1,4,0,1
163,57,9,8,1,7,0,0
159,59,5,4,1,2,0,1
158,59,5,5,1,10,0,1
225,51,6,5,1,2,0,1
226,52,6,4,1,10,0,1
221,49,5,6,1,1,0,0
198,50,6,5,1,2,0,1
199,51,5,5,1,10,0,1
200,48,12,6,1,4,0,1
179,48,4,5,1,2,0,1
179,49,4,5,1,10,0,1
160,45,12,6,1,4,0,1
186,35,9,4,1,4,0,0
220,45,3,3,1,2,0,1
219,44,3,4,1,2,0,2
219,46,4,3,1,10,0,2
195,42,4,4,1,2,0,1
194,43,5,4,1,10,0,1
231,41,4,4,1,2,0,0
232,42,3,3,1,3,0,1
220,37,2,3,1,2,0,1
220,38,3,3,1,10,0,1
227,36,4,3,1,2,0,1
227,37,4,2,1,10,0,1
224,35,4,3,1,2,0,1
224,36,5,3,1,10,0,1
228,35,3,3,1,1,0,1
229,33,2,3,1,1,0,1
223,32,4,3,1,2,0,1
224,33,3,2,1,10,0,2
217,35,6,3,1,7,0,0
228,22,12,4,0,0,0,0
242,24,6,2,0,0,0,0
234,26,9,2,0,0,0,0
225,17,5,2,0,0,0,0
211,34,2,2,1,2,0,1
210,35,4,1,1,10,0,1
208,33,7,1,0,0,0,0
204,32,3,2,1,2,0,1
204,32,2,2,1,10,0,1
198,30,16,3,1,4,0,1
214,31,3,2,1,2,0,1
185,30,3,2,1,2,0,2
190,30,4,2,1,2,0,2
185,31,3,2,1,10,0,1
190,30,4,2,1,10,0,2
176,23,9,4,0,0,0,0
205,31,16,2,1,7,0,1
176,31,19,4,1,7,0,1
189,20,2,1,1,1,0,0
191,18,4,0,0,0,0,0
214,17,4,1,0,0,0,0
218,21,2,1,1,2,0,1
218,21,2,1,1,10,0,1
213,21,1,1,1,2,0,1
213,19,2,1,1,2,0,1
213,19,2,1,1,10,0,1
221,20,1,1,1,2,0,1
221,21,2,0,1,10,0,1
