20,287,4,6,1,3,0,0
27,295,14,22,1,4,0,0
18,269,3,8,1,1,0,0
26,282,15,24,1,4,0,0
40,302,19,24,1,4,0,0
39,286,15,22,1,4,0,0
15,247,1,5,1,2,0,0
15,251,2,5,1,3,0,0
15,243,1,6,1,2,0,0
15,246,2,6,1,3,0,0
17,247,3,7,1,1,0,2
17,248,5,11,1,5,0,0
22,243,3,7,1,3,0,0
19,234,2,7,1,2,0,0
19,237,3,6,1,3,0,1
22,239,3,7,1,3,0,1
21,234,2,8,1,3,0,1
25,171,1,8,1,1,0,0
26,170,2,8,1,1,0,0
25,171,1,7,1,1,0,0
28,168,1,9,1,1,0,0
29,167,2,8,1,1,0,0
32,169,2,9,1,1,0,0
33,169,1,8,1,1,0,0
39,167,2,10,1,1,0,0
44,165,2,12,1,1,0,0
48,164,2,11,1,1,0,0
62,162,2,11,1,1,0,0
67,148,4,8,1,1,0,0
67,152,3,7,1,3,0,0
46,145,2,7,1,1,0,0
39,156,2,9,1,1,0,0
38,157,2,9,1,1,0,0
35,160,2,8,1,1,0,0
34,161,2,7,1,1,0,0
31,160,2,8,1,1,0,0
34,156,2,8,1,1,0,0
33,157,2,8,1,1,0,0
30,158,2,7,1,1,0,0
41,144,2,7,1,1,0,0
37,148,2,7,1,1,0,0
40,137,2,6,1,1,0,0
47,138,3,7,1,1,0,0
35,147,2,7,1,1,0,0
36,146,2,8,1,1,0,0
34,147,2,6,1,1,0,0
32,131,10,18,0,0,0,0
33,149,2,6,1,1,0,0
23,195,1,8,1,1,0,0
51,108,3,5,1,1,0,0
40,113,3,5,1,1,0,0
31,218,2,9,1,1,0,0
28,221,1,10,1,1,0,0
26,218,2,8,1,1,0,0
29,215,1,9,1,1,0,0
39,189,1,9,1,1,0,0
34,207,2,9,1,1,0,0
34,199,1,8,1,1,0,0
30,214,2,10,1,1,0,0
28,214,2,11,1,1,0,0
32,210,2,9,1,1,0,0
31,207,2,10,1,1,0,0
27,206,5,9,0,0,0,0
36,244,11,19,1,4,0,0
86,343,24,19,1,4,0,0
101,338,23,18,1,4,0,0
70,303,22,22,1,4,0,0
41,267,14,22,1,4,0,0
72,278,21,23,1,4,0,0
88,301,22,21,1,4,0,0
50,231,11,19,1,4,0,0
90,290,23,22,1,4,0,0
80,263,20,23,1,4,0,0
93,278,22,21,1,4,0,0
94,282,56,59,1,9,0,1
48,190,8,17,1,4,0,0
59,197,11,19,1,4,0,0
82,252,18,18,1,4,0,0
96,263,23,23,1,4,0,0
91,236,18,21,1,4,0,0
93,220,16,19,1,4,0,0
162,379,9,5,1,1,0,0
198,382,6,2,1,2,0,0
197,382,7,4,1,10,0,1
189,386,8,3,1,2,0,0
233,368,8,6,1,1,0,0
239,367,7,6,1,1,0,0
200,370,6,5,1,1,0,0
201,372,5,4,1,3,0,0
169,372,7,5,1,1,0,0
172,366,10,7,1,1,0,0
176,361,7,7,1,1,0,0
146,354,29,19,0,0,0,0
148,328,31,33,0,0,0,0
158,296,37,43,0,0,0,0
290,361,9,7,1,3,0,0
303,353,9,7,1,2,0,0
289,355,9,8,1,10,0,0
283,354,12,8,1,3,0,0
272,344,11,10,1,1,0,0
229,346,23,13,1,5,0,0
293,319,9,9,1,2,0,0
212,342,6,6,1,2,0,0
213,345,5,7,1,3,0,0
213,332,7,7,1,2,0,0
214,334,5,8,1,3,0,1
194,334,8,8,1,2,0,0
196,337,6,7,1,10,0,0
206,316,10,7,1,2,0,0
208,320,7,8,1,10,0,2
191,292,8,14,1,1,0,0
199,287,7,15,1,1,0,0
214,300,8,10,1,2,0,0
214,304,8,10,1,3,0,1
224,301,7,10,1,2,0,0
224,305,6,10,1,3,0,1
241,298,9,15,1,1,0,0
303,277,8,16,1,1,0,0
284,293,9,10,1,2,0,0
283,297,9,9,1,10,0,1
294,262,22,28,1,5,0,1
315,215,16,29,0,0,0,0
234,201,32,43,0,0,0,0
281,212,6,19,1,1,0,0
274,191,7,19,1,1,0,0
219,272,8,16,1,1,0,0
237,257,8,19,1,1,0,0
232,252,9,18,1,1,0,0
224,252,8,19,1,1,0,0
207,262,8,14,1,3,0,0
307,204,4,14,1,1,0,0
110,251,18,19,1,4,0,1
111,245,54,62,1,9,0,2
108,195,21,17,1,4,0,0
131,196,21,21,1,4,0,1
116,214,23,22,1,4,0,1
152,222,28,21,1,4,0,2
166,160,47,61,1,9,0,2
70,165,4,11,1,1,0,2
94,155,7,16,1,1,0,0
99,159,5,13,1,1,0,0
107,158,6,13,1,1,0,0
110,153,7,18,1,1,0,0
115,153,4,15,1,1,0,0
118,155,4,14,1,1,0,0
131,150,6,20,1,1,0,0
143,156,7,18,1,1,0,0
161,156,8,18,1,1,0,0
233,148,10,21,1,1,0,0
305,155,7,18,1,1,0,0
75,150,3,8,1,2,0,0
74,153,4,8,1,3,0,1
72,141,11,13,1,4,0,0
86,149,12,15,1,4,0,1
107,119,17,18,1,4,0,0
114,128,16,15,1,4,0,0
109,102,11,10,1,4,0,0
117,105,5,6,1,2,0,0
115,97,11,9,1,4,0,1
43,144,16,24,1,9,0,1
58,124,23,23,1,9,0,2
42,136,2,6,1,1,0,0
48,133,3,7,1,1,0,0
83,101,22,28,0,0,0,0
113,76,37,24,0,0,0,0
121,93,12,8,1,4,0,1
156,59,5,6,1,1,0,0
147,61,5,6,1,1,0,0
144,62,4,6,1,1,0,0
141,63,4,6,1,1,0,0
138,63,6,7,1,1,0,0
128,68,4,5,1,1,0,0
131,67,4,5,1,1,0,0
140,105,16,13,1,4,0,0
135,100,15,11,1,4,0,1
152,96,15,11,1,4,0,0
153,84,15,9,1,4,0,0
176,79,14,7,1,4,0,0
165,86,15,10,1,4,0,0
319,143,5,14,1,1,0,0
156,76,4,6,0,0,0,0
165,67,7,9,0,0,0,0
188,67,10,6,1,4,0,0
203,67,11,5,1,4,0,0
187,63,12,5,1,4,0,0
144,144,21,13,1,4,0,1
161,110,17,12,1,4,0,0
162,126,18,14,1,4,0,0
171,116,18,14,1,4,0,0
181,106,19,14,1,4,0,0
180,133,18,17,1,4,0,0
190,130,36,33,1,9,0,1
191,121,19,13,1,4,0,1
201,111,18,11,1,4,0,0
220,123,17,13,1,4,0,0
224,114,20,12,1,4,0,0
216,89,24,25,1,9,0,0
252,104,12,10,1,4,0,0
238,99,14,11,1,4,0,0
208,92,12,8,1,4,0,1
209,83,14,8,1,4,0,0
236,91,18,11,1,4,0,1
220,77,9,6,1,4,0,2
226,75,21,18,1,9,0,1
248,90,12,9,1,4,0,0
249,87,11,8,1,4,0,1
248,84,10,6,1,4,0,1
252,81,12,9,1,4,0,1
258,79,10,8,1,4,0,1
269,83,19,16,0,0,0,0
251,74,11,6,1,4,0,0
224,69,11,6,1,4,0,0
234,71,11,5,1,4,0,0
236,68,11,5,1,4,0,0
242,65,9,6,1,4,0,0
252,68,11,8,1,5,0,0
254,66,11,5,1,4,0,1
239,58,20,4,0,0,0,0
274,63,24,8,0,0,0,0
219,56,4,2,0,0,0,0
205,55,3,2,0,0,0,0
199,52,9,3,1,4,0,1
209,54,8,3,1,4,0,1
220,54,7,3,1,4,0,1
218,49,7,4,1,4,0,0
232,52,8,4,1,4,0,0
227,49,8,4,1,4,0,1
214,42,10,7,1,9,0,1
190,40,22,6,0,0,0,0
183,46,13,10,0,0,0,0
148,43,22,8,0,0,0,0
285,132,5,15,1,1,0,0
292,127,7,13,1,1,0,0
298,124,6,14,1,1,0,0
311,143,5,15,1,1,0,0
313,145,5,14,1,1,0,0
318,154,3,13,1,1,0,0
316,122,4,10,1,1,0,0
319,123,5,11,1,1,0,0
304,114,5,12,1,1,0,0
306,122,5,11,1,1,0,0
302,119,5,10,1,1,0,0
295,114,5,11,1,1,0,0
292,119,6,11,1,1,0,0
271,97,17,12,0,0,0,0
266,108,24,25,0,0,0,0
287,99,6,9,1,1,0,0
291,100,4,9,1,1,0,0
294,100,5,10,1,1,0,0
296,101,4,9,1,1,0,0
303,101,5,10,1,1,0,0
311,104,5,8,1,1,0,0
314,105,5,11,1,1,0,0
307,101,6,12,1,1,0,0
303,78,15,26,0,0,0,0
294,90,5,8,1,1,0,0
218,40,2,2,1,1,0,0
233,48,8,4,1,4,0,0
224,48,6,3,1,4,0,0
241,48,7,3,1,4,0,0
230,44,6,3,1,4,0,0
225,41,6,4,1,4,0,0
231,27,57,24,0,0,0,0
258,55,8,4,1,4,0,0
244,55,12,5,0,0,0,0
248,53,8,3,0,0,0,0
252,51,7,3,0,0,0,0
255,46,12,7,1,9,0,1
273,59,7,4,1,4,0,0
263,59,9,4,0,0,0,0
279,55,12,8,1,9,0,1
271,53,6,4,1,4,0,0
267,50,5,2,1,4,0,1
240,46,8,2,1,4,0,0
248,45,6,3,1,4,0,0
233,43,6,2,1,4,0,0
266,45,9,6,1,5,0,0
286,47,11,8,0,0,0,0
288,53,6,5,1,4,0,1
277,51,8,8,1,9,0,1
281,50,5,3,1,4,0,0
