69,306,24,20,1,9,0,0
86,317,5,6,1,1,0,0
97,327,4,4,1,1,0,0
101,331,4,4,1,1,0,0
178,353,3,2,1,1,0,0
132,344,15,6,1,4,0,0
129,345,19,8,1,5,1,0
102,336,13,7,1,4,1,0
91,331,12,7,1,4,1,0
23,280,5,6,1,5,1,1
23,272,5,8,1,4,0,0
20,270,6,8,1,4,0,1
22,269,4,6,1,5,0,0
24,268,3,7,1,5,0,0
24,266,5,8,1,4,0,0
25,264,5,9,1,5,0,0
80,289,9,8,1,4,0,0
136,304,11,7,1,4,0,1
116,274,11,9,1,4,0,0
108,271,9,7,1,4,0,0
88,257,9,9,1,4,0,0
127,249,11,7,1,4,0,0
199,255,8,6,1,4,0,0
163,241,10,9,1,5,0,0
204,237,8,8,1,4,0,0
205,229,8,8,1,5,0,0
114,334,4,2,1,10,0,1
114,333,4,3,1,2,0,1
393,181,2,6,1,6,0,0
382,169,5,9,1,6,0,1
343,190,8,11,1,6,0,1
264,205,11,12,1,5,0,1
207,203,8,5,1,4,0,1
178,198,8,7,1,4,0,1
246,145,11,11,1,9,0,0
98,167,33,16,1,6,0,1
91,170,7,4,1,4,0,1
285,169,6,5,1,4,0,1
234,125,8,6,1,4,0,1
263,115,11,10,1,6,0,1
308,131,4,4,1,4,0,0
271,133,5,5,1,8,0,0
