252,265,15,18,1,1,0,0
243,274,7,10,1,1,0,0
287,230,12,22,1,1,0,0
301,222,11,21,1,1,0,0
326,204,5,11,1,1,0,0
313,202,6,11,1,2,0,0
205,215,9,12,1,2,0,0
276,197,10,15,1,2,0,0
144,299,11,11,1,1,0,0
140,295,8,9,1,1,0,0
125,299,12,11,1,1,0,0
116,296,14,14,1,1,0,0
94,289,14,14,1,2,0,0
60,249,10,16,1,1,0,0
50,241,7,13,1,1,0,0
29,248,7,13,1,1,0,0
29,247,7,13,1,2,0,0
24,239,7,12,1,1,0,1
76,231,6,13,1,1,0,0
39,213,4,7,1,2,0,0
47,209,5,10,1,2,0,0
57,205,6,16,1,1,0,0
51,205,4,8,1,2,0,0
49,201,4,9,1,1,0,1
54,202,3,8,1,2,0,0
51,193,6,17,1,1,0,0
93,204,6,14,1,1,0,0
113,212,12,16,1,3,0,1
106,209,11,15,1,10,0,1
10,212,3,8,1,2,0,0
7,215,4,9,1,2,0,0
7,213,3,8,1,2,0,0
14,199,2,6,1,1,0,0
15,196,3,9,1,2,0,0
107,196,7,17,1,1,0,1
102,193,6,16,1,1,0,1
114,193,6,18,1,1,0,0
117,188,6,22,1,1,0,0
121,183,8,21,1,1,0,0
141,174,8,24,1,1,0,0
198,167,7,14,1,1,0,0
235,155,8,18,1,1,0,1
184,142,7,17,1,1,0,0
118,138,5,19,1,1,0,0
18,171,1,8,1,1,0,0
17,166,2,10,1,1,0,1
14,167,2,10,1,1,0,0
9,172,2,8,1,1,0,0
11,162,1,10,1,1,0,0
11,163,1,6,1,2,0,0
350,187,4,15,1,1,0,0
90,134,5,16,1,1,0,0
93,133,5,16,1,1,0,0
17,138,2,8,1,1,0,0
30,140,4,12,1,1,0,0
28,156,2,12,1,1,0,1
30,156,3,13,1,1,0,0
33,156,2,12,1,1,0,0
32,162,1,8,1,1,0,0
40,133,3,8,1,2,0,0
149,111,6,17,1,1,0,0
112,141,6,16,1,1,0,0
360,189,3,8,1,2,0,0
359,185,4,9,1,2,0,1
295,177,4,14,1,1,0,0
315,171,5,18,1,1,0,0
319,172,5,15,1,1,0,0
298,155,5,15,1,1,0,0
311,154,3,14,1,1,0,0
338,174,3,11,1,1,0,0
335,174,2,10,1,1,0,0
340,171,3,9,1,2,0,0
125,289,14,15,1,1,0,0
128,283,12,10,1,2,0,0
341,162,3,8,1,2,0,0
302,145,4,14,1,1,0,0
317,140,26,20,0,0,0,0
345,154,5,10,1,10,0,0
344,142,3,13,1,1,0,1
348,147,1,8,1,1,0,0
348,145,2,10,1,1,0,1
360,155,1,11,1,1,0,0
214,114,5,11,1,2,0,0
205,115,8,11,1,2,0,0
250,111,6,16,1,1,0,0
264,115,5,17,1,1,0,0
256,123,4,11,1,2,0,0
260,124,5,11,1,2,0,0
43,126,4,11,1,1,0,0
43,134,4,5,1,2,0,0
366,167,9,21,0,0,0,0
374,166,5,15,1,8,1,0
364,151,7,16,1,5,0,1
361,148,2,10,1,4,0,0
360,112,15,40,0,0,0,0
377,160,4,9,1,4,1,0
309,130,5,15,1,1,0,1
321,124,22,17,0,0,0,0
4,69,294,67,0,0,0,0
1,168,2,10,1,1,0,0
2,173,1,5,1,1,0,0
