67,267,26,23,1,10,0,1
68,262,20,26,1,2,0,1
59,256,15,24,1,1,0,1
60,252,14,20,1,1,0,2
41,240,46,43,1,7,0,1
78,264,16,20,1,10,0,2
75,257,18,25,1,2,0,1
80,260,11,17,1,2,0,2
92,261,27,29,1,7,0,0
94,262,17,18,1,2,0,1
24,220,9,20,1,1,0,1
27,223,8,15,1,2,0,1
285,275,19,23,1,1,0,0
301,258,17,25,1,1,0,1
296,258,17,25,1,1,0,1
296,259,46,38,1,4,1,0
340,226,32,41,1,4,1,1
373,193,5,13,1,10,0,0
365,177,9,21,1,7,0,0
353,186,15,22,1,4,0,1
340,190,18,26,1,4,0,1
332,212,10,19,1,10,0,1
326,219,9,20,1,2,0,0
316,218,22,23,1,7,0,1
304,176,12,15,1,10,0,0
122,240,48,38,1,4,0,1
173,241,48,42,1,6,0,1
234,241,20,23,1,10,0,2
238,239,16,20,1,2,0,1
231,230,26,32,1,2,0,2
218,229,19,26,1,10,0,1
207,241,22,25,1,10,0,2
213,237,15,26,1,2,0,1
211,236,12,18,1,2,0,2
254,235,12,15,1,2,0,1
271,224,13,18,1,2,0,1
263,207,17,24,1,1,0,1
255,208,12,25,1,1,0,1
218,218,23,18,1,10,0,0
214,205,15,22,1,10,0,1
271,202,11,23,1,1,0,2
264,202,10,22,1,1,0,2
240,197,12,22,1,2,0,1
83,244,29,23,1,10,0,1
90,242,15,20,1,2,0,1
68,235,18,19,1,2,0,0
114,230,14,25,1,1,0,0
122,212,10,26,1,1,0,1
60,229,21,19,1,7,0,1
94,206,32,39,1,8,0,0
86,226,14,22,1,10,0,2
86,223,14,26,1,2,0,1
79,211,12,28,1,1,0,1
56,218,34,28,1,7,0,1
75,217,10,21,1,1,0,1
54,211,30,25,1,7,0,1
71,206,7,19,1,1,0,1
72,204,9,21,1,1,0,1
142,229,15,20,1,10,0,2
136,215,12,21,1,10,0,2
191,181,9,19,1,10,0,2
133,160,9,17,1,10,0,2
130,153,6,14,1,10,0,2
189,164,9,15,1,10,0,2
142,221,12,19,1,2,0,1
144,221,12,20,1,2,0,2
137,212,8,13,1,2,0,1
134,206,13,20,1,2,0,2
191,176,10,18,1,2,0,1
190,162,8,16,1,2,0,1
133,157,10,17,1,2,0,1
130,147,6,16,1,2,0,1
141,156,9,20,1,1,0,1
77,187,8,22,1,1,0,0
65,186,30,23,1,7,0,1
94,182,8,20,1,1,0,0
81,178,8,19,1,1,0,1
65,163,33,24,1,7,0,1
123,179,10,25,1,1,0,0
113,161,6,22,1,1,0,1
117,168,6,22,1,1,0,1
155,164,13,21,1,7,0,1
156,162,11,15,1,2,0,2
156,160,9,14,1,2,0,2
228,195,40,21,1,7,0,1
230,174,42,22,1,7,0,2
235,168,39,21,1,7,0,2
275,170,4,10,1,1,0,0
280,159,5,20,1,1,0,1
245,149,8,19,1,1,0,1
191,146,19,14,1,10,0,1
203,137,6,19,1,1,0,1
197,137,7,21,1,1,0,1
105,163,7,17,1,1,0,1
95,166,23,17,1,7,0,1
161,130,8,11,1,7,0,1
162,124,7,12,1,2,0,1
184,119,6,12,1,10,0,1
186,102,6,9,1,10,0,1
173,101,7,7,1,10,0,1
158,104,7,10,1,10,0,1
154,100,5,7,1,10,0,1
170,93,5,6,1,10,0,1
153,90,3,5,1,10,0,1
184,116,6,13,1,2,0,1
187,100,4,9,1,2,0,1
173,97,6,11,1,2,0,1
158,101,6,10,1,2,0,1
154,97,5,8,1,2,0,1
152,87,5,7,1,2,0,1
170,91,5,7,1,2,0,1
146,112,7,10,1,7,0,1
141,124,6,13,1,1,0,1
137,110,6,11,1,1,0,0
135,132,13,10,1,10,0,1
197,88,22,8,1,5,0,1
131,95,12,12,1,4,0,2
148,62,70,26,0,0,0,0
301,143,14,21,1,7,0,1
272,115,50,46,1,6,0,1
332,155,7,11,1,10,0,0
