7,133,6,15,1,4,0,0
31,85,15,27,1,6,0,0
73,85,11,16,1,1,0,0
50,248,63,82,1,6,0,0
113,262,41,44,1,4,0,0
197,327,35,23,1,4,0,0
234,268,43,40,1,4,0,0
227,193,42,56,1,5,0,0
237,136,36,43,1,4,0,0
275,210,34,46,1,4,0,0
244,330,41,26,1,4,0,1
109,309,46,38,1,4,0,1
132,118,32,47,1,4,0,0
232,72,27,22,1,4,0,0
152,53,25,19,1,4,0,0
196,30,16,6,1,4,0,0
215,26,11,6,1,4,0,0
199,22,13,5,1,4,0,0
230,25,14,7,1,4,0,0
239,33,14,8,1,4,0,0
225,20,11,5,1,4,0,0
210,18,11,4,1,4,0,0
198,17,10,4,1,4,0,0
198,14,10,3,1,4,0,0
187,12,11,3,1,4,0,0
176,11,10,5,1,4,0,0
164,13,11,4,1,4,0,0
206,9,8,3,1,4,0,0
205,7,7,2,1,4,0,0
213,7,14,3,1,4,0,0
157,17,13,6,1,4,0,0
173,16,11,5,1,4,0,0
169,30,18,9,1,4,0,0
197,40,20,9,1,4,0,0
196,39,20,9,1,4,0,0
195,39,20,9,1,4,0,0
195,39,19,8,1,4,0,0
204,53,20,12,1,4,0,2
155,128,67,183,1,6,0,0
74,79,66,114,1,6,0,0
110,69,8,9,1,2,0,1
217,9,4,2,1,2,0,1
108,76,7,8,1,3,0,1
216,10,5,2,1,10,0,1
226,29,7,5,1,2,0,1
226,31,7,5,1,3,0,1
92,76,15,12,1,3,0,2
94,73,15,11,1,3,0,2
155,27,16,10,1,4,0,1
123,24,15,11,1,4,0,1
169,2,100,13,0,0,0,0
227,8,15,4,1,4,0,2
387,123,3,10,1,2,0,1
388,128,3,7,1,10,0,1
354,78,11,16,1,4,0,2
358,80,10,14,1,4,0,1
319,40,10,9,1,4,0,1
310,33,10,8,1,4,0,2
330,38,44,44,0,0,0,0
348,55,47,55,0,0,0,0
365,83,38,53,0,0,0,0
396,130,10,29,0,0,0,0
