54,162,19,16,1,4,0,1
61,203,24,22,1,4,0,0
43,229,8,10,1,10,0,0
56,224,7,10,1,10,0,1
55,220,6,9,1,2,0,0
55,237,19,22,1,7,0,0
58,182,5,13,1,2,0,0
123,222,8,13,1,2,0,0
177,252,7,13,1,2,0,0
57,189,7,9,1,10,0,1
124,230,10,12,1,10,0,1
169,259,16,9,1,10,0,1
252,240,17,13,1,10,0,0
81,197,12,11,1,10,0,0
73,178,11,12,1,10,0,0
135,211,12,10,1,10,0,0
91,203,14,11,1,10,0,1
100,200,6,15,1,1,0,1
110,198,8,17,1,1,0,1
100,211,16,13,1,10,0,1
105,214,20,10,1,10,0,1
111,217,15,9,1,10,0,1
116,218,14,11,1,10,0,1
112,211,17,12,1,10,0,1
129,212,17,8,1,10,0,1
147,206,38,21,1,4,0,1
44,150,10,10,1,4,0,1
80,271,18,17,1,7,0,1
64,278,8,11,1,1,0,1
69,280,8,10,1,1,0,2
106,296,9,7,1,2,0,0
100,297,13,10,1,10,0,0
316,227,10,11,1,10,0,1
277,254,11,12,1,3,0,0
203,274,51,23,1,4,0,0
198,290,57,24,1,4,0,0
321,230,27,30,1,4,0,1
369,200,8,20,1,4,1,1
366,216,4,9,1,10,0,0
364,213,4,9,1,10,0,0
366,233,3,6,1,2,0,0
353,246,6,12,1,1,0,0
359,209,4,14,1,1,0,1
358,208,5,15,1,1,0,1
305,259,10,16,1,1,0,0
299,262,10,15,1,1,0,0
298,260,10,16,1,1,0,1
312,258,9,14,1,1,0,1
314,260,8,12,1,1,0,1
301,271,9,14,1,1,0,1
318,257,9,13,1,1,0,1
271,261,9,12,1,2,0,0
281,272,11,12,1,2,0,0
301,278,8,10,1,2,0,0
280,283,12,13,1,2,0,0
272,254,9,11,1,2,0,0
269,277,10,11,1,2,0,1
269,280,11,12,1,2,0,1
310,267,10,14,1,2,0,1
318,263,10,13,1,2,0,1
304,287,6,6,1,2,0,1
308,285,6,6,1,2,0,1
306,284,8,8,1,2,0,1
335,269,5,7,1,2,1,0
323,261,16,17,1,10,0,0
340,248,11,16,1,7,0,0
349,245,9,13,1,7,0,0
345,250,8,12,1,7,0,0
333,251,11,16,1,7,0,0
337,253,6,11,1,2,0,0
326,250,14,19,1,7,0,0
319,252,14,18,1,7,0,1
309,252,16,20,1,7,0,1
263,284,15,10,1,10,0,1
275,274,18,15,1,10,0,1
276,287,15,11,1,10,0,1
297,270,16,16,1,10,0,1
295,281,14,12,1,10,0,1
318,268,9,10,1,10,0,1
177,239,23,19,1,7,0,1
198,245,20,17,1,7,0,1
210,235,26,24,1,7,0,1
184,248,8,17,1,1,0,0
188,244,11,19,1,1,0,0
268,226,10,20,1,1,0,0
260,229,9,11,1,2,0,0
118,303,13,9,1,2,0,0
