47,56,10,12,1,4,0,0
49,51,15,18,1,6,1,0
39,67,6,7,1,4,1,0
33,74,8,12,1,5,0,0
28,84,7,12,1,4,0,0
31,79,10,16,1,6,0,0
35,77,9,14,1,4,0,0
29,89,9,15,1,4,0,0
26,93,8,16,1,4,0,0
22,97,7,15,1,4,0,0
28,96,2,5,1,2,0,0
27,94,4,9,1,3,0,1
18,107,8,14,1,4,0,0
11,120,5,14,1,4,0,1
10,125,3,10,1,4,0,0
8,126,4,11,1,4,0,0
6,128,4,14,1,4,0,0
2,151,3,14,1,4,0,0
4,147,4,15,1,4,0,0
3,188,3,9,1,4,0,0
3,197,3,9,1,4,0,0
4,206,3,9,1,4,0,0
4,214,3,9,1,5,0,0
5,222,3,10,1,5,0,0
7,158,4,15,1,5,0,0
7,167,4,15,1,4,0,0
6,177,4,16,1,4,0,0
6,189,3,17,1,4,0,0
6,201,4,17,1,4,0,0
7,214,5,18,1,4,0,0
8,224,5,17,1,4,0,0
13,243,6,20,1,4,0,0
19,265,8,20,1,4,0,0
15,261,9,21,1,6,0,0
15,132,6,21,1,4,0,0
12,157,4,21,1,4,0,0
12,180,2,18,1,4,0,0
16,241,7,21,1,4,0,0
22,237,8,24,1,4,0,0
37,252,15,32,1,4,0,0
35,303,3,4,1,1,0,0
28,292,3,5,1,2,0,0
22,287,3,4,1,2,0,0
21,286,3,4,1,2,0,0
18,282,2,4,1,2,0,0
17,281,2,3,1,2,0,0
12,266,3,5,1,1,0,0
31,289,3,5,1,1,0,0
35,293,3,4,1,1,0,0
35,292,2,4,1,2,0,1
28,228,2,7,1,1,0,0
29,230,2,6,1,1,0,0
23,199,1,10,1,10,0,0
23,201,1,4,1,1,0,0
91,26,13,11,1,5,0,0
118,12,20,10,1,5,0,0
98,21,20,17,1,6,0,0
92,34,15,15,1,6,0,0
103,29,14,12,1,5,0,0
83,43,7,6,1,10,0,0
84,44,5,4,1,2,0,1
81,46,3,3,1,2,0,0
79,44,7,7,1,3,0,0
54,97,7,11,1,10,0,1
55,99,5,7,1,2,0,1
54,109,6,13,1,10,0,1
54,112,4,7,1,2,0,1
58,106,15,29,1,4,0,0
69,87,19,31,1,4,0,0
86,44,18,16,1,4,0,0
83,58,5,6,1,1,0,0
79,61,6,5,1,1,0,0
80,56,4,5,1,2,0,1
78,56,7,8,1,3,0,1
77,59,24,32,1,6,0,0
68,125,8,9,1,10,0,0
66,131,9,12,1,10,0,0
36,161,7,33,1,4,0,0
63,175,8,39,1,4,0,0
63,214,17,41,1,4,0,0
61,237,6,11,1,1,0,0
60,240,3,9,1,1,0,0
69,266,5,8,1,1,0,0
70,272,5,8,1,1,0,0
99,214,14,17,1,3,0,0
97,248,22,42,1,4,0,0
120,264,24,39,1,4,0,0
144,271,27,37,1,4,0,0
93,303,39,31,1,4,0,0
133,307,42,21,1,4,0,0
173,271,26,42,1,4,0,0
382,86,16,21,1,6,0,0
351,61,25,24,1,6,0,0
280,34,47,24,1,6,0,0
162,17,55,11,1,6,0,0
124,25,27,13,1,4,0,0
195,286,34,35,1,4,0,0
270,232,9,18,1,10,0,0
292,225,10,17,1,7,0,0
248,309,45,21,1,4,0,0
333,218,26,24,1,5,0,0
330,255,21,40,1,5,0,0
352,240,20,23,1,4,0,0
387,220,3,10,1,3,0,0
389,219,2,10,1,3,0,0
385,225,10,21,1,5,0,0
383,244,10,27,1,4,0,0
388,244,9,23,1,4,0,0
376,268,15,22,1,4,0,0
374,287,4,5,1,1,0,0
371,292,4,6,1,1,0,0
353,292,5,7,1,1,0,0
390,259,9,14,1,4,0,0
398,252,9,15,1,4,0,0
406,235,6,22,1,4,0,1
408,234,6,20,1,4,0,0
411,234,4,16,1,4,0,0
416,227,4,16,1,4,0,0
420,227,2,7,1,7,0,0
414,235,2,8,1,10,0,0
416,223,1,4,1,2,0,0
421,216,0,3,1,1,0,0
420,226,3,15,1,4,1,0
410,252,2,5,1,2,0,0
409,253,3,5,1,10,0,0
409,262,6,14,1,4,0,0
408,263,6,15,1,4,0,0
405,267,7,16,1,4,0,0
408,269,2,6,1,3,0,0
406,272,3,7,1,3,0,0
405,270,4,7,1,7,0,0
401,281,2,3,1,1,0,0
399,286,2,3,1,1,0,0
400,286,2,4,1,1,0,0
400,286,1,3,1,2,0,0
399,284,3,7,1,3,0,0
406,262,6,11,1,4,0,0
401,267,6,12,1,5,0,0
397,272,6,11,1,4,0,0
391,276,2,5,1,1,0,0
389,279,3,5,1,1,0,0
393,278,2,4,1,1,0,0
392,280,2,4,1,1,0,0
387,302,5,7,1,10,0,0
394,289,4,7,1,3,0,1
395,275,9,20,1,4,0,0
391,279,10,19,1,4,0,0
382,285,13,22,1,4,0,0
380,289,11,19,1,4,0,0
373,293,13,21,1,4,0,0
368,298,13,20,1,4,0,0
359,306,15,21,1,4,0,0
355,306,15,22,1,4,0,0
347,314,15,19,1,4,0,0
337,319,17,21,1,4,0,0
331,333,20,15,1,4,0,0
327,339,21,15,1,4,0,0
281,341,24,20,1,4,0,0
265,345,24,19,1,4,0,0
249,355,16,12,1,4,0,0
223,360,16,13,1,4,0,0
204,362,14,11,1,4,0,0
177,374,56,6,1,6,0,0
183,359,17,13,1,5,0,0
163,359,17,13,1,5,0,0
142,354,19,14,1,4,0,0
139,349,6,4,1,1,0,0
132,348,6,3,1,1,0,0
130,349,7,5,1,2,0,0
99,338,6,5,1,2,0,0
98,336,9,9,1,3,0,0
120,357,22,16,1,4,0,0
97,348,19,16,1,4,0,0
104,360,6,3,1,2,0,0
104,359,7,6,1,3,0,0
84,351,10,7,1,4,1,0
414,215,2,7,1,2,0,0
