214,12,9,4,1,4,0,0
197,14,9,3,1,4,0,0
175,17,11,5,1,4,0,0
254,28,16,9,1,4,0,0
241,18,10,4,1,4,0,0
223,96,40,40,1,4,0,0
381,249,12,20,1,3,0,0
385,226,8,19,1,10,0,0
332,226,40,65,1,4,0,0
372,167,9,32,1,4,0,0
341,160,8,39,1,8,0,0
321,101,44,44,1,5,0,0
363,119,6,19,1,1,0,0
266,26,6,5,1,1,0,0
285,31,3,4,1,2,0,0
283,31,4,4,1,2,0,0
283,33,9,4,1,10,0,1
283,32,9,5,1,10,0,1
240,21,4,3,1,7,0,1
240,19,4,4,1,2,0,0
253,20,10,4,1,10,0,0
245,12,22,12,0,0,0,0
118,24,58,26,1,9,0,1
89,60,44,31,1,5,0,1
140,37,27,17,1,5,0,1
120,33,38,21,1,5,0,1
106,46,42,22,1,4,0,0
66,78,58,41,1,4,0,0
60,75,45,34,1,4,0,1
104,47,11,13,1,1,0,0
100,54,9,13,1,1,0,0
88,58,8,10,1,2,0,0
45,133,24,36,1,8,0,0
20,131,25,35,1,4,0,1
31,199,34,66,1,4,0,0
13,208,20,47,1,4,0,0
4,203,16,41,1,4,0,0
188,9,4,2,1,2,0,0
188,10,4,2,1,10,0,1
171,9,15,3,1,4,0,1
160,10,15,5,1,4,0,1
178,10,7,2,1,4,0,1
178,11,6,2,1,4,0,1
175,11,8,4,1,4,0,1
171,12,10,4,1,4,0,1
169,13,10,4,1,4,0,1
167,16,14,5,1,4,0,1
165,15,11,4,1,4,0,1
156,19,13,5,1,4,0,1
150,20,19,7,1,4,0,1
144,22,27,9,1,4,0,1
184,8,7,3,1,4,0,1
182,8,14,2,1,4,0,1
212,6,5,1,1,4,0,1
210,5,5,2,1,4,0,1
197,5,9,1,1,4,0,1
221,4,7,1,1,4,0,1
241,16,10,4,1,4,0,1
237,14,9,4,1,4,0,1
235,13,8,3,1,4,0,1
236,13,7,2,1,4,0,1
229,11,13,4,1,4,0,1
235,11,14,4,1,4,0,1
226,10,15,4,1,4,0,1
226,9,14,3,1,4,0,1
234,6,4,2,1,4,0,1
238,6,6,2,1,4,0,1
218,7,5,2,1,5,0,1
188,4,9,2,1,5,0,1
176,3,36,8,0,0,0,0
221,3,34,11,0,0,0,0
212,3,10,3,0,0,0,0
