41,298,53,58,1,4,0,0
70,333,50,38,1,4,0,0
35,252,36,57,1,4,0,0
39,196,23,52,1,4,0,0
19,268,35,57,1,4,0,0
54,125,29,47,1,4,0,0
75,87,29,36,1,4,0,0
117,68,35,31,1,4,0,0
148,81,46,38,1,4,0,0
9,156,8,30,1,4,0,0
2,227,9,32,1,4,1,0
33,103,16,26,1,4,1,0
45,90,32,35,1,4,1,0
56,75,34,32,1,4,1,0
56,110,8,17,1,2,0,1
59,105,9,20,1,2,0,1
62,107,7,13,1,2,0,1
58,110,12,15,1,10,0,1
97,36,20,15,1,4,0,0
107,35,29,18,1,4,0,0
160,30,25,12,1,4,0,0
178,21,18,8,1,4,0,0
246,32,28,13,1,4,0,0
217,19,15,6,1,4,0,0
248,20,16,7,1,4,0,0
202,11,13,4,1,4,0,0
191,7,11,3,1,4,0,0
132,16,13,7,1,4,0,0
181,4,8,3,1,4,0,0
170,4,8,3,1,4,0,0
202,2,9,2,1,4,0,0
216,0,6,2,1,4,0,0
217,0,7,1,1,4,0,0
273,86,14,21,1,2,0,1
275,91,14,20,1,3,0,1
18,96,5,8,1,4,0,0
20,94,4,8,1,4,0,0
22,92,4,7,1,4,0,0
23,90,4,6,1,4,0,1
22,92,4,6,1,4,0,1
90,39,5,6,1,1,0,0
111,25,5,4,1,1,0,0
117,22,4,4,1,1,0,0
115,23,5,4,1,1,0,0
110,25,5,4,1,1,0,0
105,28,5,4,1,1,0,0
141,31,9,9,1,1,0,0
245,23,6,6,1,1,0,0
240,22,5,6,1,1,0,0
243,21,8,4,1,1,0,0
266,21,6,5,1,1,0,0
133,12,10,5,1,4,0,0
138,10,9,4,1,4,0,1
143,8,9,4,1,4,0,1
148,7,6,3,1,4,0,1
157,2,19,6,1,9,0,0
154,5,7,3,1,4,0,1
146,10,4,2,1,2,0,1
146,10,4,2,1,10,0,1
241,4,3,2,1,1,0,0
237,4,2,2,1,2,0,1
235,5,5,1,1,10,0,1
371,83,5,7,1,2,0,0
345,60,24,21,1,4,0,0
339,54,25,21,1,4,0,1
337,51,20,16,1,4,0,1
334,48,22,18,1,4,0,1
331,45,22,16,1,4,0,1
329,43,19,14,1,4,0,1
327,41,21,15,1,4,0,1
323,38,21,14,1,4,0,1
322,36,21,15,1,4,0,1
318,33,20,14,1,4,0,1
317,31,20,13,1,4,0,1
306,24,22,13,1,4,0,1
305,22,18,10,1,4,0,1
302,20,16,9,1,4,0,1
298,18,17,8,1,4,0,1
296,17,14,7,1,4,0,1
290,12,15,8,1,4,0,1
255,4,15,5,1,4,0,1
404,106,3,7,1,1,0,0
410,126,6,15,1,5,0,1
409,130,7,17,0,0,0,0
38,58,18,20,0,0,0,0
