18,119,11,26,1,4,0,0
4,126,7,22,1,4,0,0
45,48,18,19,1,5,0,1
44,58,4,5,1,2,0,0
43,60,5,5,1,10,0,0
98,294,21,20,1,2,0,0
103,303,21,21,1,10,0,0
159,324,63,34,1,4,0,0
234,312,93,45,1,4,1,1
228,191,92,88,1,4,0,1
253,230,90,68,1,4,0,0
323,214,46,76,1,5,0,0
379,225,8,22,1,1,0,0
380,209,22,39,1,4,0,0
369,174,21,33,1,4,0,0
358,118,34,55,1,6,0,0
345,103,31,36,1,4,0,1
117,220,54,68,1,5,0,0
110,152,95,77,1,5,0,1
305,177,11,36,1,1,0,1
335,113,10,26,1,1,0,0
329,198,8,24,1,2,0,0
333,196,8,24,1,2,0,0
325,205,20,30,1,10,0,0
290,78,42,55,1,5,0,0
299,54,13,17,1,1,0,0
285,50,11,15,1,1,0,0
288,48,13,16,1,1,0,0
105,68,198,81,1,6,0,0
146,42,77,22,1,4,0,1
226,28,49,22,1,4,0,0
257,28,45,23,1,4,0,0
237,18,41,15,1,4,0,0
234,21,7,8,1,1,0,0
195,32,7,10,1,1,0,0
192,10,19,6,1,4,0,0
88,86,29,33,1,4,0,0
70,69,22,27,1,4,0,1
99,63,26,27,1,4,0,1
94,51,26,24,1,4,0,1
97,38,18,14,1,4,0,1
102,31,17,11,1,4,0,1
176,0,21,3,1,4,1,0
