143,28,118,28,0,0,0,0
230,270,18,28,1,1,0,1
237,281,20,15,1,2,0,0
247,278,15,14,1,2,0,1
233,269,34,34,1,7,0,1
285,245,19,33,1,1,0,0
265,251,19,32,1,1,0,0
268,251,16,29,1,1,0,2
305,222,41,40,1,7,0,1
359,203,6,14,1,2,0,0
328,254,16,24,1,1,0,1
316,271,13,16,1,2,0,0
320,267,14,18,1,2,1,0
313,266,25,23,1,10,1,1
294,194,61,61,1,5,0,1
352,200,19,28,1,7,0,1
359,185,9,18,1,10,0,0
339,191,16,22,1,10,0,1
319,171,39,43,1,5,0,1
368,181,4,14,1,2,0,0
370,182,5,15,1,2,0,1
355,163,7,15,1,10,0,0
295,112,44,46,1,6,0,0
253,186,13,33,1,1,0,0
293,192,23,28,1,10,0,1
287,167,9,24,1,1,0,0
294,168,9,20,1,2,0,0
296,162,8,20,1,2,0,1
276,187,13,31,1,1,0,1
236,178,25,37,1,7,0,1
194,232,20,31,1,2,0,0
195,241,19,30,1,10,0,1
126,218,15,28,1,2,0,1
124,225,18,33,1,10,0,1
95,175,12,25,1,2,0,0
93,178,16,32,1,10,0,0
49,215,14,32,1,1,0,0
36,245,18,26,1,2,0,0
36,247,22,30,1,10,0,0
16,214,10,25,1,1,0,0
45,152,11,20,1,10,0,1
71,140,14,17,1,10,0,0
276,143,24,20,1,10,0,0
260,125,39,27,1,10,0,1
262,128,9,27,1,1,0,0
247,113,21,18,1,10,0,0
239,88,20,23,1,8,0,0
312,104,6,13,1,10,0,0
270,105,10,23,1,1,0,0
261,94,28,20,1,7,0,1
287,87,27,20,1,4,0,0
267,77,8,15,1,1,0,0
260,74,8,16,1,1,0,0
252,76,6,15,1,1,0,0
245,76,8,14,1,1,0,0
219,74,9,15,1,1,0,0
228,74,8,10,1,2,0,0
225,76,17,11,1,10,0,0
337,120,4,16,1,1,0,0
330,108,4,13,1,1,0,0
325,110,8,12,1,10,0,1
298,83,22,17,1,4,0,1
69,108,13,14,1,10,0,1
129,95,7,18,1,2,0,0
169,87,9,11,1,2,0,0
147,92,11,18,1,2,0,0
167,89,12,16,1,7,0,0
144,95,18,15,1,10,0,0
140,86,9,16,1,1,0,1
141,93,7,15,1,1,0,1
125,98,15,15,1,10,0,1
129,90,7,14,1,1,0,1
114,93,7,15,1,1,0,1
136,89,17,14,1,10,0,1
128,69,17,17,1,6,0,1
145,64,14,13,1,4,0,0
151,55,20,9,1,7,0,0
165,53,6,7,1,2,0,0
176,57,4,9,1,1,0,0
212,55,5,9,1,1,0,0
216,54,6,9,1,1,0,1
221,57,4,7,1,1,0,1
178,50,12,9,1,8,0,0
178,61,10,7,1,7,0,0
191,49,4,6,1,2,0,0
191,50,5,6,1,10,0,0
207,51,4,5,1,2,0,1
200,54,5,6,1,2,0,1
216,59,9,9,1,7,0,0
205,59,8,8,1,7,0,0
