89,273,28,38,1,1,0,0
307,297,25,29,1,1,0,0
380,254,12,25,1,1,0,0
382,255,11,23,1,1,0,0
373,142,7,30,1,1,0,0
378,151,4,26,1,1,0,0
381,153,4,26,1,1,0,0
278,75,18,31,1,1,0,0
133,135,24,49,1,1,0,0
184,69,15,31,1,1,0,0
197,78,17,25,1,1,0,0
207,69,12,24,1,1,0,0
302,62,14,19,1,1,0,0
353,89,9,18,1,1,0,0
357,102,9,16,1,1,0,0
364,87,7,12,1,1,0,0
370,86,6,13,1,1,0,0
372,88,5,10,1,1,0,0
381,97,4,9,1,1,0,0
382,97,4,9,1,1,0,0
384,99,4,10,1,1,0,0
388,104,4,9,1,1,0,0
390,106,3,8,1,1,0,0
392,107,3,11,1,1,0,0
397,113,3,10,1,1,0,2
264,24,8,7,1,1,0,0
277,23,6,5,1,1,0,0
274,20,8,6,1,1,0,2
235,10,9,7,1,1,0,0
252,15,7,5,1,1,0,0
257,16,6,5,1,1,0,0
8,139,2,10,1,1,0,0
9,130,4,17,1,1,0,0
7,125,4,14,1,1,0,1
292,16,30,20,0,0,0,0
294,23,6,6,1,1,0,0
299,26,8,7,1,1,0,0
321,36,8,8,1,1,0,0
256,9,9,6,1,1,0,0
240,3,3,3,1,1,1,0
246,4,7,3,1,1,1,0
270,9,7,7,1,1,0,0
277,13,8,5,1,1,0,2
297,19,8,7,1,1,0,0
305,24,5,5,1,1,0,0
308,25,6,6,1,1,0,0
367,69,6,10,1,1,0,2
394,118,4,15,1,1,0,0
399,124,4,14,1,1,0,0
391,143,4,12,1,2,0,0
110,137,17,42,1,2,0,1
338,67,10,15,1,10,0,0
132,92,19,33,1,3,0,0
152,91,43,23,1,3,0,0
153,79,30,22,1,3,0,0
83,128,18,28,1,3,0,0
21,162,5,28,1,10,0,0
56,150,22,27,1,10,0,1
106,154,12,37,1,10,0,1
10,121,6,14,1,3,0,0
393,149,2,9,1,4,0,0
63,144,8,41,1,1,0,1
