26,267,17,29,1,1,0,0
84,108,10,27,1,1,0,0
84,99,13,28,1,1,0,1
39,135,6,23,1,1,0,0
40,136,7,16,1,2,0,2
47,126,7,22,1,1,0,0
44,124,6,22,1,1,0,0
47,123,6,20,1,1,0,2
51,120,8,23,1,1,0,1
54,117,9,25,1,1,0,1
57,123,6,16,1,1,0,1
54,115,7,22,1,1,0,2
54,113,6,19,1,1,0,2
55,112,7,18,1,1,0,2
56,109,6,12,1,1,0,2
57,102,8,20,1,1,0,1
60,110,9,24,1,1,0,0
62,102,9,23,1,1,0,1
60,100,9,22,1,1,0,1
67,96,11,25,1,1,0,0
67,94,11,24,1,1,0,2
79,94,10,20,1,1,0,0
74,91,12,23,1,1,0,0
80,93,9,18,1,1,0,2
81,88,11,20,1,1,0,2
88,82,14,21,1,10,0,0
84,84,9,13,1,10,0,2
84,80,9,15,1,2,0,1
59,88,9,17,1,1,0,0
62,84,9,19,1,1,0,0
36,119,13,24,0,11,0,1
38,120,9,19,1,2,0,1
40,119,7,15,1,2,0,2
191,43,22,11,0,11,0,1
195,42,11,9,1,2,0,1
182,80,13,13,1,2,0,2
176,81,18,15,1,2,0,2
17,97,2,4,1,2,0,1
24,89,3,7,1,1,0,0
23,89,3,6,1,10,0,1
24,88,3,5,1,2,0,1
63,57,5,6,1,2,0,1
83,36,5,4,1,10,0,1
84,36,3,3,1,2,0,1
