155,3,7,4,1,4,0,1
146,4,9,5,1,4,0,0
156,31,7,6,1,2,0,1
157,34,5,6,1,10,0,1
204,55,11,11,1,7,0,1
102,17,18,10,1,4,0,1
103,24,14,13,1,6,0,0
57,58,20,15,1,4,0,1
52,66,19,15,1,4,0,1
52,76,25,24,1,5,0,1
51,84,5,11,1,1,0,0
46,87,7,14,1,1,0,0
97,38,32,40,1,9,0,0
127,76,9,11,1,2,0,1
126,81,9,15,1,10,0,1
169,138,38,48,1,4,0,1
126,148,11,14,1,2,0,1
123,141,8,13,1,2,0,1
124,141,16,36,1,7,0,1
32,125,20,24,1,5,0,1
20,155,21,26,1,4,0,1
32,181,16,18,1,7,0,1
28,192,33,36,1,4,0,0
56,244,39,51,1,4,0,0
22,250,31,31,1,4,1,0
20,190,5,14,1,1,0,1
18,194,4,13,1,1,0,1
14,202,6,16,1,1,0,0
11,205,6,15,1,1,0,1
