326,39,10,13,0,0,0,0
322,40,12,17,0,0,0,0
334,54,7,11,0,0,0,0
318,43,12,13,0,0,0,0
359,145,7,10,1,4,0,2
357,139,9,11,1,4,0,2
180,310,9,9,1,1,0,2
190,303,10,9,1,1,0,0
224,279,10,14,1,1,0,0
266,91,5,10,1,10,0,0
261,96,7,11,1,3,0,0
283,83,8,10,1,7,0,1
331,144,9,18,1,4,0,0
334,107,8,13,1,4,0,0
349,101,10,12,1,4,0,1
346,94,9,10,1,4,0,0
345,91,10,11,1,4,0,2
344,85,11,15,1,6,0,1
341,82,6,8,1,4,0,1
336,81,6,8,1,4,0,0
341,72,7,7,1,4,0,0
339,68,7,7,1,4,0,0
332,57,4,4,1,4,0,0
337,62,7,8,0,0,0,0
339,65,6,7,1,4,1,0
300,75,4,6,1,1,0,0
302,80,4,7,1,2,0,1
302,80,5,8,1,10,0,1
316,65,2,4,1,1,0,1
316,63,2,5,1,1,0,1
317,54,2,4,1,1,0,0
333,66,2,3,1,2,0,1
333,67,2,3,1,10,0,1
329,69,4,5,1,1,0,0
308,80,17,14,1,4,0,1
309,77,16,14,1,4,0,1
322,80,8,11,1,4,0,0
313,71,12,12,1,5,0,0
314,70,12,12,1,5,0,1
315,68,11,8,1,4,0,1
315,66,11,10,1,4,0,2
315,66,12,9,1,4,0,2
325,53,4,4,1,4,1,1
321,52,6,5,1,4,0,1
319,53,10,9,0,0,0,0
319,57,10,10,0,0,0,0
316,59,6,6,0,0,0,0
322,64,6,5,0,0,0,0
317,63,11,9,1,4,1,0
