345,74,58,68,0,0,0,0
384,128,22,41,0,0,0,0
50,37,24,18,0,0,0,0
81,284,111,75,1,4,1,0
158,249,126,66,1,4,0,0
230,190,95,79,1,4,0,0
39,191,43,78,1,4,0,0
67,95,44,52,1,4,0,0
80,61,32,28,1,4,0,0
56,71,24,28,1,4,0,0
55,63,18,21,1,4,0,0
70,50,15,14,1,4,0,0
56,59,14,16,1,4,0,0
57,56,12,13,1,4,0,1
58,54,10,12,1,4,0,1
70,44,9,8,1,4,0,0
35,142,21,50,1,4,0,0
33,117,20,38,1,4,0,1
34,101,19,32,1,4,0,1
36,90,17,26,1,4,0,1
36,81,15,25,1,5,0,1
40,77,14,19,1,4,0,1
42,71,11,15,1,4,0,0
8,111,6,13,1,4,0,1
3,175,2,19,1,1,0,0
2,172,2,20,1,1,0,1
218,49,50,28,1,4,0,1
225,33,57,23,1,4,0,1
256,29,34,16,1,4,0,1
289,40,35,23,1,4,0,1
303,50,33,25,1,4,0,1
269,67,54,43,1,5,0,1
289,89,52,46,1,4,0,1
318,99,41,49,1,4,0,0
299,68,21,21,1,7,0,1
249,25,33,14,1,4,0,1
372,141,16,34,1,4,0,0
392,164,9,29,1,4,0,0
400,170,6,24,1,4,1,1
395,198,11,30,1,4,1,0
394,220,8,25,1,2,0,0
393,225,8,22,1,10,0,1
346,97,12,27,1,1,0,0
339,94,12,24,1,1,0,1
378,124,7,21,1,1,0,0
381,127,5,17,1,1,0,1
385,176,4,23,1,2,0,0
381,179,10,26,1,10,0,0
58,50,6,7,1,4,0,0
65,46,5,5,1,7,0,0
40,66,6,7,1,4,0,0
44,57,10,10,1,4,0,0
58,49,6,6,1,5,0,1
61,47,5,5,1,4,0,0
64,43,6,6,1,4,0,0
47,59,2,3,1,2,0,0
53,51,3,3,1,4,0,0
58,47,4,4,1,5,0,0
64,44,4,3,1,4,0,0
64,43,3,3,1,4,0,1
79,55,9,10,1,2,0,0
79,57,8,10,1,10,0,1
