204,57,66,34,0,0,0,0
175,27,75,32,0,0,0,0
234,283,35,24,1,10,0,1
243,280,21,21,1,2,0,1
177,291,16,17,1,10,0,2
177,286,14,18,1,2,0,1
293,253,17,28,1,2,0,0
350,229,13,19,1,10,0,0
359,225,10,21,1,1,0,1
364,222,7,20,1,1,0,1
358,224,9,20,1,1,0,1
362,228,9,16,1,3,0,1
346,201,7,18,1,10,0,0
258,215,32,42,1,8,0,0
287,211,40,35,1,7,0,1
325,171,23,27,1,4,0,1
330,168,5,15,1,1,0,2
336,152,20,21,1,4,0,2
354,202,6,14,1,10,0,1
314,237,12,18,1,2,0,1
314,257,39,31,1,4,1,1
17,225,17,27,1,10,0,2
27,219,14,17,1,10,0,2
78,233,24,20,1,10,0,1
100,245,13,20,1,10,0,2
97,234,20,29,1,2,0,1
105,233,12,21,1,1,0,1
82,211,12,29,1,1,0,1
67,210,10,23,1,1,0,1
92,208,28,23,1,10,0,1
99,204,13,28,1,1,0,0
42,190,11,17,1,10,0,1
36,190,11,15,1,3,0,1
321,159,5,22,1,1,0,1
309,158,6,22,1,1,0,0
286,177,15,19,1,7,0,1
274,160,8,23,1,1,0,0
282,159,5,22,1,1,0,0
255,156,11,16,1,10,0,1
237,162,17,22,1,10,0,1
242,159,12,24,1,2,0,1
212,149,12,27,1,1,0,0
231,121,7,21,1,1,0,0
143,159,16,26,1,7,0,1
146,157,11,18,1,2,0,1
158,143,9,19,1,10,0,1
182,125,10,19,1,10,0,1
159,137,8,19,1,2,0,1
182,119,10,23,1,2,0,1
204,102,13,15,1,7,0,0
221,101,15,16,1,7,0,0
89,139,17,36,1,6,0,0
71,132,22,26,1,8,0,1
113,117,20,27,1,4,0,0
156,106,6,20,1,1,0,1
162,100,7,20,1,1,0,1
129,90,27,15,1,7,0,0
169,78,14,16,1,8,0,0
239,96,7,14,1,1,0,1
208,94,7,12,1,10,0,2
213,94,8,13,1,1,0,1
215,93,15,9,1,3,0,1
218,88,9,13,1,2,0,1
150,84,7,10,1,2,0,2
151,84,9,11,1,10,0,2
193,68,5,6,1,10,0,2
182,68,4,6,1,10,0,2
182,66,3,7,1,2,0,1
193,66,5,6,1,2,0,2
134,61,29,16,1,6,0,1
180,54,6,5,1,7,1,0
169,53,7,7,1,7,1,0
151,56,12,7,1,7,0,1
187,55,4,5,1,10,0,1
187,54,4,4,1,2,1,1
368,200,5,16,1,1,0,2
20,241,6,13,1,10,0,1
16,239,7,10,1,3,0,2
