167,23,211,90,0,0,0,0
304,29,39,32,0,0,0,0
238,14,75,31,0,0,0,0
20,59,22,25,0,0,0,0
132,24,41,24,0,0,0,0
51,66,29,38,0,0,0,0
18,83,5,10,1,1,0,0
19,81,6,11,1,1,0,0
24,74,6,10,1,2,0,1
23,77,6,10,1,3,0,1
1,168,1,16,1,1,1,0
9,126,16,39,1,4,0,0
40,58,5,8,1,1,0,0
42,55,6,9,1,1,0,0
63,40,6,6,1,2,0,2
61,40,9,9,1,10,0,2
69,36,5,6,1,2,0,0
67,37,7,7,1,3,0,1
30,61,20,23,1,4,0,1
45,43,23,23,1,5,0,0
27,78,8,14,1,1,0,0
32,78,8,14,1,1,0,0
31,79,6,13,1,1,0,0
30,83,5,10,1,1,0,0
30,83,5,9,1,1,0,2
30,91,6,14,1,1,0,2
31,86,9,18,1,1,0,2
49,69,11,18,1,1,0,1
48,77,7,13,1,1,0,1
29,112,8,18,1,3,0,0
34,98,8,18,1,1,0,1
35,101,8,20,1,1,0,0
39,92,9,20,1,1,0,1
39,97,10,23,1,1,0,0
42,84,10,21,1,1,0,1
40,87,12,17,1,10,0,2
46,83,10,17,1,1,0,1
43,91,10,22,1,1,0,0
46,88,10,21,1,1,0,1
49,84,8,17,1,1,0,2
80,49,11,15,1,1,0,0
74,66,9,15,1,1,0,0
73,67,16,24,1,1,0,0
79,63,11,17,1,1,0,2
78,57,14,19,1,1,0,1
87,48,10,14,1,1,0,1
91,43,10,13,1,1,0,1
89,49,12,16,1,1,0,1
95,43,10,13,1,1,0,1
95,47,9,13,1,1,0,2
98,44,8,11,1,1,0,2
100,40,11,14,1,1,0,1
125,31,14,15,1,1,0,0
26,118,7,21,1,3,0,1
21,137,7,22,1,3,0,1
19,150,12,42,1,7,0,0
30,131,5,16,1,2,0,0
47,126,12,36,1,1,0,0
54,127,10,29,1,1,0,1
38,180,6,22,1,2,0,0
44,176,4,14,1,2,0,1
46,174,8,22,1,2,0,1
49,183,5,19,1,1,0,0
42,239,30,35,1,10,0,0
87,240,24,41,1,1,0,0
95,234,21,40,1,1,0,1
103,255,22,36,1,1,0,1
107,254,10,17,1,2,0,2
143,41,14,18,1,1,1,1
153,36,14,18,1,1,1,1
146,49,15,23,1,1,0,1
125,55,16,22,1,1,0,1
131,57,12,13,1,2,0,2
65,114,13,35,1,1,0,0
73,110,14,35,1,1,0,0
123,171,18,56,1,1,0,0
128,104,20,32,1,1,0,1
119,110,14,37,1,1,0,1
121,119,16,39,1,1,0,0
138,119,17,36,1,1,0,1
154,157,14,42,1,1,0,0
178,207,18,42,1,1,0,0
174,167,20,52,1,1,0,1
117,313,28,25,1,2,0,1
115,317,37,22,1,3,0,1
232,153,23,55,1,1,0,0
267,64,17,29,1,1,0,1
276,67,18,29,1,1,0,1
254,57,51,40,1,7,1,1
281,83,17,31,1,1,0,1
276,89,14,28,1,1,0,0
295,106,19,37,1,1,0,0
317,163,8,25,1,1,0,0
337,150,8,34,1,1,0,1
338,157,7,37,1,1,0,0
326,101,12,24,1,1,0,1
329,97,15,31,1,1,0,1
330,116,13,36,1,1,0,0
342,102,11,28,1,1,0,1
341,119,11,32,1,1,0,1
345,123,7,19,1,1,0,2
347,118,10,29,1,1,0,1
345,133,8,22,1,3,0,2
355,163,7,41,1,1,0,0
356,101,11,25,1,1,0,0
364,150,6,32,1,1,0,0
368,155,4,14,1,1,0,1
368,154,6,29,1,1,0,1
369,149,7,29,1,1,0,1
372,145,6,16,1,1,0,1
374,148,6,31,1,1,0,0
377,146,6,27,1,1,0,1
379,146,3,13,1,2,0,1
383,156,4,17,1,1,0,1
385,154,5,23,1,1,0,1
387,157,4,21,1,1,0,1
387,170,3,23,1,1,0,0
390,173,2,12,1,1,0,0
393,169,3,22,1,1,0,0
327,280,20,28,1,1,0,0
337,269,19,29,1,1,0,1
399,199,4,18,1,2,0,0
208,12,47,16,1,5,1,1
250,13,41,18,1,4,1,0
288,21,26,17,1,4,1,0
306,27,21,16,1,4,1,1
315,30,23,17,1,4,0,2
334,38,17,16,1,4,0,1
95,12,31,17,1,4,1,0
