271,10,18,11,0,0,0,0
99,31,11,8,0,0,0,0
141,25,29,16,0,0,0,0
158,31,33,15,0,0,0,0
56,57,16,17,0,0,0,0
127,18,25,14,0,0,0,0
12,189,14,27,1,4,0,0
54,134,50,49,1,4,0,0
32,114,24,35,1,4,0,0
17,130,15,26,1,4,0,0
267,239,64,78,1,4,0,0
345,153,26,53,1,4,0,0
358,117,27,42,1,4,0,0
382,144,16,36,1,4,0,0
302,305,60,59,1,4,0,0
394,252,22,45,1,4,0,0
188,360,83,29,1,4,0,0
55,282,96,71,1,4,0,0
400,132,8,22,1,4,0,0
415,161,5,19,1,4,0,0
220,68,60,31,1,5,0,0
14,251,30,48,1,4,0,0
149,49,56,27,1,4,0,0
404,130,9,19,1,5,0,0
412,188,5,23,1,4,0,0
392,246,10,25,1,2,0,0
409,223,5,22,1,2,0,0
414,217,2,12,1,2,0,0
415,223,3,14,1,2,0,0
424,194,0,10,1,2,0,0
424,190,1,8,1,2,0,0
353,92,7,10,1,2,0,0
370,103,6,11,1,2,0,0
209,123,23,23,1,2,0,0
221,342,22,19,1,2,0,0
56,305,17,25,1,2,0,0
50,310,18,22,1,2,0,0
33,286,11,21,1,2,0,0
20,157,3,15,1,2,0,0
115,67,12,20,1,2,0,0
77,80,11,17,1,2,0,0
141,53,10,9,1,2,0,0
350,79,7,11,1,2,0,0
357,87,6,10,1,2,0,0
378,102,5,10,1,2,0,0
363,80,24,26,0,0,0,0
356,64,10,11,0,0,0,0
219,42,10,5,1,2,0,0
397,107,4,7,1,2,0,1
402,113,2,6,1,2,0,2
422,186,1,11,1,1,0,1
379,294,10,18,1,1,0,1
377,294,13,22,1,1,0,0
114,355,33,22,1,1,0,0
414,235,5,17,1,1,0,0
414,239,5,18,1,1,0,0
415,240,4,18,1,1,0,0
419,228,4,16,1,1,1,0
303,84,14,21,1,1,0,1
350,105,8,17,1,1,0,1
314,61,10,12,1,1,0,2
299,48,8,8,1,1,0,2
383,90,5,9,1,1,0,2
56,69,5,7,1,1,0,2
55,73,5,7,1,1,0,2
91,49,9,12,1,1,0,2
96,49,10,8,1,1,0,2
166,39,39,12,0,0,0,0
144,14,15,6,0,0,0,0
11,262,10,21,1,1,0,0
28,301,7,11,1,1,1,0
32,288,12,22,1,1,0,0
35,284,15,27,1,1,0,0
20,271,8,17,1,1,0,0
25,278,11,21,1,1,0,0
23,271,7,16,1,1,0,1
41,293,8,13,1,1,0,1
45,300,9,14,1,1,0,1
47,302,10,14,1,1,0,1
47,300,17,24,1,1,0,0
46,295,13,19,1,1,0,0
69,312,18,23,1,1,0,0
14,139,4,14,1,1,0,1
9,152,3,13,1,1,0,1
11,151,2,12,1,1,0,1
10,133,3,8,1,1,0,1
5,144,1,6,1,1,0,1
14,128,4,12,1,1,0,1
18,121,3,7,1,1,0,2
30,104,4,7,1,1,0,1
31,109,3,6,1,1,0,1
42,91,4,7,1,1,0,1
49,84,6,10,1,1,0,1
47,80,7,12,1,1,0,1
291,29,10,7,1,4,0,0
307,35,13,9,1,4,0,0
286,20,11,5,1,4,0,0
177,21,14,4,1,4,0,0
189,23,12,4,1,4,0,0
194,25,21,4,1,4,0,0
210,29,27,7,1,4,0,1
229,34,29,11,1,4,0,0
200,15,12,4,1,4,0,0
209,18,13,3,1,4,0,1
221,19,16,5,1,4,0,1
233,23,17,5,1,4,0,1
245,27,28,10,1,4,0,1
199,20,8,2,1,4,0,1
206,20,12,4,1,4,0,1
222,24,23,8,1,5,0,1
21,115,10,21,1,4,0,1
4,143,5,15,1,4,0,1
3,148,3,11,1,4,1,1
27,108,11,22,1,4,0,0
34,103,10,17,1,4,0,1
43,95,11,17,1,4,0,1
52,84,15,19,1,4,0,1
83,61,25,20,1,4,0,1
112,40,46,22,1,4,0,1
109,35,35,17,1,4,0,0
107,35,28,16,1,4,0,1
106,31,27,14,1,5,0,0
53,68,20,19,1,4,0,0
58,63,18,16,1,4,0,2
62,56,19,17,1,5,0,0
68,50,19,15,1,5,0,1
69,51,15,14,1,5,0,1
402,123,9,15,1,4,0,1
415,139,5,12,1,4,0,1
413,135,5,11,1,4,0,1
403,117,9,17,1,5,0,1
397,113,8,13,1,4,0,1
399,117,8,13,1,4,0,1
407,126,7,13,1,4,0,1
410,126,4,8,1,4,0,1
412,125,4,8,1,4,0,1
413,129,4,10,1,4,0,2
415,134,4,11,1,4,0,0
413,123,6,18,1,9,1,0
330,51,20,17,1,4,0,1
403,111,6,13,0,0,0,0
408,230,6,15,1,10,0,0
214,137,22,24,1,10,0,0
221,353,20,13,1,3,0,0
390,256,10,18,1,3,0,0
414,231,4,9,1,3,0,0
423,198,2,8,1,3,0,0
413,221,3,12,1,3,0,0
342,98,11,14,1,3,0,0
252,104,26,25,1,3,0,0
158,116,29,24,1,10,0,0
160,103,23,29,1,2,0,0
282,96,10,16,1,2,0,0
260,106,19,17,1,3,0,1
285,106,12,20,1,3,0,1
51,315,26,24,1,3,0,0
381,99,13,21,0,0,0,0
392,111,4,9,1,1,0,1
397,120,3,9,1,1,0,1
400,124,3,8,1,1,0,1
424,184,0,11,1,1,0,1
20,198,4,25,1,1,0,0
334,65,15,15,0,0,0,0
368,74,15,21,0,0,0,0
66,72,22,20,1,4,0,1
19,162,6,12,1,3,0,0
71,82,21,20,1,3,0,0
112,71,19,15,1,3,0,0
216,46,14,5,1,3,0,0
137,59,13,7,1,3,0,1
372,110,8,10,1,3,0,1
355,99,7,11,1,3,0,1
378,106,7,11,1,10,0,1
253,106,23,16,1,10,0,1
306,93,11,14,1,10,0,1
104,31,24,14,1,5,0,1
105,32,18,10,1,4,0,1
186,17,11,5,1,4,0,1
175,17,12,3,1,4,0,1
167,16,11,5,1,4,0,1
184,14,8,3,1,4,0,1
178,13,11,5,1,4,0,1
175,13,9,3,1,4,0,1
164,15,10,4,1,4,0,1
158,15,9,5,1,4,0,1
152,15,10,5,1,4,0,1
163,14,5,3,1,4,0,1
166,13,10,4,1,4,0,1
18,124,3,9,1,1,0,1
19,122,4,11,1,1,0,1
19,121,5,12,1,1,0,1
12,146,2,10,1,1,0,1
12,137,3,11,1,1,0,1
8,153,2,10,1,1,0,1
9,152,2,10,1,1,0,1
13,137,3,14,1,1,0,1
89,44,8,9,1,1,0,1
91,44,8,9,1,1,0,1
