212,349,76,36,1,4,0,0
18,280,10,22,1,1,0,0
13,270,6,16,1,10,1,0
37,309,19,23,1,3,0,1
47,317,30,31,1,4,1,0
33,283,41,56,1,5,0,0
26,283,23,36,0,0,0,0
20,253,15,34,0,0,0,0
22,254,14,31,0,0,0,0
19,262,9,22,1,1,0,1
19,265,12,23,1,3,0,1
15,249,7,20,1,1,0,1
15,253,10,19,1,3,0,1
19,238,10,21,1,3,0,1
27,249,30,55,1,4,0,1
49,274,13,23,1,2,0,1
50,272,8,15,1,2,0,2
49,276,17,27,1,10,0,1
5,219,4,18,1,1,0,0
6,221,5,18,1,1,0,0
7,217,4,20,1,1,0,0
15,227,5,19,1,2,0,1
16,231,6,20,1,10,0,1
2,206,2,11,1,3,0,0
4,203,2,10,1,10,0,1
4,204,3,11,1,3,0,0
2,195,2,14,1,2,0,1
2,198,2,11,1,3,0,1
7,205,3,18,1,1,0,1
9,211,3,19,1,1,0,1
0,184,3,16,1,4,1,2
7,195,2,16,1,1,0,1
11,209,3,19,1,1,0,0
13,204,3,22,1,1,0,0
8,197,2,18,1,1,0,1
6,179,2,14,1,1,0,0
1,162,4,15,1,4,1,0
7,190,2,15,1,2,0,1
7,195,2,13,1,3,0,1
9,180,2,14,1,2,0,1
9,186,2,11,1,3,0,1
10,176,1,13,1,1,0,1
12,176,2,16,1,1,0,1
11,206,2,18,1,1,0,1
11,201,1,17,1,1,0,1
13,188,1,16,1,2,0,1
12,193,3,12,1,3,0,1
16,198,2,20,1,1,0,0
17,193,2,20,1,1,0,1
19,199,3,21,1,1,0,1
20,201,4,22,1,1,0,2
24,197,4,25,1,1,0,0
30,202,4,25,1,1,0,1
30,205,6,26,1,1,0,0
3,146,5,14,1,4,0,0
3,146,4,12,1,5,1,1
8,164,9,21,1,4,0,1
14,172,2,15,1,2,0,1
15,174,1,13,1,2,0,1
14,176,2,12,1,10,0,2
15,181,2,16,1,1,0,0
16,166,3,20,1,1,0,1
17,168,3,18,1,1,0,1
18,170,2,18,1,1,0,1
18,170,3,18,1,1,0,2
19,165,3,17,1,1,0,2
21,164,4,20,1,2,0,1
21,169,3,15,1,3,0,1
14,150,3,14,1,1,0,0
23,187,2,19,1,1,0,1
24,139,21,31,1,4,0,0
26,138,5,13,1,2,0,1
25,140,6,14,1,10,0,1
40,156,7,22,1,2,0,1
39,162,9,21,1,3,0,1
43,146,5,23,1,1,0,1
21,144,4,11,1,2,0,1
22,141,3,12,1,2,0,1
21,144,4,12,1,10,0,1
11,140,8,19,1,5,0,1
17,134,3,9,1,2,0,1
16,136,4,10,1,10,0,1
14,126,11,19,1,4,0,1
15,123,9,18,1,4,0,1
12,125,8,16,1,4,0,1
6,140,3,10,1,1,0,1
7,140,2,8,1,1,0,1
7,140,3,9,1,1,0,1
8,138,2,9,1,1,0,1
9,136,2,9,1,1,0,1
10,134,2,9,1,1,0,1
10,134,2,8,1,1,0,1
8,136,2,8,1,1,0,1
12,130,2,6,1,3,0,0
14,126,3,8,1,3,0,0
6,141,1,6,1,2,0,1
6,140,2,6,1,2,0,2
5,143,2,6,1,3,0,2
6,142,2,6,1,3,0,2
7,136,2,6,1,1,0,1
8,136,2,7,1,1,0,1
8,135,2,7,1,1,0,1
9,132,2,8,1,1,0,1
10,128,3,8,1,1,0,1
11,128,2,7,1,1,0,1
12,125,2,8,1,1,0,1
10,128,2,8,1,1,0,1
10,127,2,6,1,1,0,1
18,114,3,5,1,1,0,0
12,122,6,12,1,5,0,1
15,117,6,12,1,5,0,1
19,114,5,11,1,5,0,1
22,109,6,11,1,5,0,1
26,104,7,11,1,4,0,1
30,96,10,14,1,4,0,1
37,90,8,12,1,4,0,1
45,77,14,16,1,5,0,1
29,71,41,49,1,9,0,0
47,95,6,10,1,2,0,1
46,97,6,10,1,3,0,1
296,324,64,50,1,4,0,0
335,295,50,55,1,4,0,0
287,299,67,56,1,4,0,0
329,267,52,62,1,4,0,0
360,270,43,61,1,5,0,0
393,282,9,17,1,2,0,1
389,281,15,25,1,10,0,1
403,253,8,20,1,2,0,1
401,258,8,20,1,3,0,1
404,242,5,16,1,2,0,1
402,247,6,18,1,3,0,1
411,257,5,15,1,3,1,1
410,256,6,16,1,3,0,1
410,254,7,17,1,3,0,1
410,252,7,18,1,3,0,1
411,250,6,15,1,3,0,1
410,252,6,14,1,3,0,1
409,250,7,17,1,3,0,1
410,250,5,14,1,3,0,1
408,252,6,16,1,3,0,1
409,248,6,15,1,3,0,1
411,243,5,17,1,3,0,1
410,244,5,15,1,3,0,1
409,245,5,15,1,3,0,1
411,240,5,15,1,3,0,1
410,238,5,14,1,3,0,2
409,231,7,18,1,10,0,1
410,228,4,17,1,10,0,1
409,227,4,14,1,3,0,1
409,225,4,14,1,3,0,1
412,216,3,19,1,1,0,1
416,198,1,16,1,1,0,0
423,202,2,14,1,1,0,1
420,177,1,13,1,1,0,0
422,177,1,13,1,1,0,0
404,199,8,29,0,0,0,0
400,177,5,26,0,0,0,0
404,191,3,16,0,0,0,0
405,178,2,15,1,2,1,1
405,184,2,14,1,10,1,1
271,256,68,63,1,4,0,0
326,228,45,57,1,4,0,0
362,219,29,49,1,4,0,0
248,197,70,64,1,4,0,0
305,175,43,54,1,4,0,0
326,142,37,44,1,4,0,0
397,197,3,21,1,2,0,1
395,203,5,19,1,3,0,1
392,193,3,23,1,2,0,1
391,198,5,20,1,3,0,1
387,190,5,27,1,2,0,1
387,197,5,22,1,3,0,1
394,188,3,21,1,2,0,1
393,195,4,17,1,3,0,1
385,179,4,21,1,2,0,1
385,184,4,21,1,3,0,1
390,177,3,18,1,2,0,1
390,183,3,16,1,3,0,1
387,166,5,20,1,2,0,1
387,171,5,19,1,10,0,1
373,162,5,26,1,2,0,1
373,168,6,23,1,3,0,1
380,168,6,23,1,2,0,1
381,171,5,22,1,10,0,1
375,159,5,20,1,2,0,1
375,163,6,23,1,10,0,1
89,132,16,38,1,1,0,0
81,114,15,27,1,2,0,1
77,122,22,23,1,3,0,1
53,108,12,24,1,8,0,0
52,106,7,14,1,2,0,1
51,109,7,13,1,3,0,1
57,103,9,15,1,2,0,1
57,106,7,14,1,3,0,2
68,94,10,17,1,2,0,1
67,98,8,15,1,3,0,1
46,102,7,13,1,2,0,1
44,105,9,13,1,3,0,1
380,156,4,17,1,2,0,1
378,159,6,17,1,3,0,1
381,153,5,15,1,2,0,1
381,156,5,19,1,3,0,1
380,148,5,15,1,2,0,1
380,152,6,16,1,3,0,1
374,147,6,19,1,2,0,1
375,154,6,18,1,3,0,1
360,145,8,24,1,2,0,1
360,150,8,24,1,3,0,1
362,140,9,25,1,2,0,1
363,147,8,23,1,4,0,1
368,143,8,25,1,2,0,1
369,149,7,21,1,3,0,1
373,140,7,19,1,2,0,1
374,146,6,18,1,3,0,1
376,140,6,19,1,2,0,1
377,144,5,15,1,3,0,1
364,130,8,22,1,2,0,1
360,129,8,21,1,1,0,1
362,132,14,22,1,10,0,1
371,126,7,24,1,1,0,1
361,117,10,23,1,1,0,1
314,105,17,29,1,1,0,0
344,105,11,23,1,1,0,0
349,106,12,20,1,2,0,1
351,108,11,20,1,10,0,1
351,102,8,15,1,2,0,1
352,105,8,14,1,3,0,2
336,94,12,20,1,1,0,0
328,88,13,23,1,1,0,0
338,91,10,19,1,1,0,1
345,92,11,20,1,1,0,1
351,96,8,14,1,2,0,1
353,100,8,14,1,3,0,1
360,104,9,21,1,1,0,1
370,118,7,13,1,2,0,1
332,84,11,15,1,2,0,1
332,88,13,15,1,10,0,1
321,79,12,16,1,2,0,1
317,75,14,17,1,2,0,1
320,81,19,19,1,10,0,1
316,77,18,17,1,3,0,1
355,96,11,19,1,1,0,1
268,87,48,39,1,4,0,0
278,73,38,29,1,5,0,1
291,57,33,27,1,5,0,0
107,59,10,13,1,2,0,1
106,63,9,10,1,3,0,1
131,46,36,22,1,5,0,0
147,36,37,14,1,4,0,1
171,37,37,13,1,4,0,0
215,30,36,9,1,4,0,1
315,58,25,19,1,4,0,0
293,45,30,18,1,5,0,0
368,103,17,28,0,0,0,0
394,154,5,20,1,1,0,1
389,155,7,22,0,0,0,0
382,141,10,25,0,0,0,0
378,129,5,15,1,1,1,1
378,135,7,16,0,0,0,0
378,106,5,12,1,1,1,1
379,108,5,12,1,1,1,2
378,109,10,18,0,0,0,0
67,64,15,15,1,4,0,0
76,58,12,12,1,4,0,1
90,53,8,9,1,2,0,1
88,55,9,9,1,3,0,1
101,48,8,8,1,2,0,1
100,50,7,7,1,3,0,1
92,52,6,7,1,2,0,1
89,53,9,9,1,3,0,1
88,53,7,7,1,2,0,1
86,54,10,9,1,3,0,1
68,68,6,7,1,1,0,1
78,58,6,8,1,2,0,1
77,58,9,9,1,10,0,1
36,85,6,9,1,4,0,1
36,88,4,7,1,1,0,0
23,108,3,8,1,1,0,1
23,106,3,8,1,1,0,1
25,98,8,11,1,4,0,1
25,96,8,12,1,4,0,2
24,103,3,6,1,1,0,0
24,103,2,6,1,1,0,0
25,102,2,5,1,1,0,1
27,93,7,11,1,5,0,0
24,96,6,10,0,0,0,0
27,92,7,10,1,5,0,2
28,91,7,9,1,5,0,2
28,90,7,9,1,4,0,2
32,91,1,3,1,1,0,1
32,90,2,4,1,1,0,2
35,85,3,4,1,1,0,0
36,87,3,5,1,1,0,1
36,86,3,6,1,1,0,0
38,85,3,5,1,1,0,0
38,86,3,5,1,1,0,1
44,76,11,13,1,4,0,0
44,76,11,13,1,4,0,2
42,77,11,13,1,4,0,2
43,76,10,12,1,4,0,1
42,75,11,13,1,4,0,2
42,77,8,11,1,4,0,2
42,74,11,13,1,5,0,2
41,77,8,10,1,5,0,2
41,76,9,10,1,5,0,2
41,77,8,10,1,5,0,2
41,77,8,9,1,4,0,2
52,73,5,7,1,1,1,1
55,63,13,17,0,0,0,0
61,71,4,6,1,1,0,2
62,70,4,6,1,1,0,2
55,70,6,8,0,0,0,0
52,68,8,10,0,0,0,0
51,69,6,8,0,0,0,0
50,69,6,7,0,0,0,0
49,72,4,5,0,0,0,0
39,79,2,4,1,1,0,1
38,80,3,4,1,1,0,1
39,79,2,4,1,1,0,1
40,79,2,3,1,1,0,1
40,78,2,4,1,1,0,1
42,75,2,4,1,1,0,1
37,81,2,3,1,1,0,1
38,79,2,3,1,1,0,1
43,77,3,5,1,1,0,1
48,73,3,5,1,1,0,1
45,75,3,4,1,1,0,1
43,73,6,7,1,5,0,1
54,68,2,3,1,2,0,1
56,67,3,3,1,2,0,1
57,66,4,4,1,2,0,1
59,66,3,3,1,2,0,1
57,67,3,3,1,3,0,1
56,68,2,3,1,3,1,1
59,67,2,3,1,3,1,1
66,57,7,7,1,4,0,1
66,66,5,7,1,1,0,0
67,66,6,8,1,1,0,1
71,64,5,7,1,1,0,1
71,62,6,6,1,1,0,1
69,63,5,7,1,1,0,1
68,63,5,7,1,1,0,1
69,65,4,5,1,3,0,1
68,65,4,5,1,3,0,1
73,54,15,13,1,5,0,1
70,57,11,10,1,4,0,1
68,58,9,9,1,4,0,1
65,59,9,10,1,4,1,1
64,63,6,7,0,0,0,0
79,50,13,11,1,5,0,1
77,53,9,8,1,4,0,1
74,53,10,10,1,4,0,1
71,54,9,9,1,4,0,1
68,56,8,8,1,5,0,1
63,58,8,7,1,4,0,1
62,59,7,6,1,4,0,2
61,60,6,6,1,4,0,1
57,63,6,7,1,4,0,1
60,61,5,5,1,4,0,1
59,61,6,5,1,4,0,1
58,61,5,6,1,4,0,1
57,61,5,6,1,5,0,1
56,62,4,5,1,5,0,1
46,70,4,4,1,4,0,1
50,66,4,4,1,4,0,1
51,65,6,6,1,4,0,1
44,66,8,9,0,0,0,0
61,58,6,6,1,4,0,2
64,57,5,6,1,5,0,2
66,56,5,5,1,4,0,2
68,55,6,6,1,4,0,2
69,54,7,6,1,5,0,2
72,52,7,7,1,4,0,2
74,51,9,8,1,4,0,2
77,50,9,8,1,4,0,2
81,48,10,8,1,4,0,2
85,46,11,10,1,4,0,2
90,44,13,10,1,4,0,0
123,14,22,13,0,0,0,0
122,22,5,3,1,4,0,1
113,31,3,2,1,1,0,0
135,23,4,3,1,2,0,1
135,24,4,2,1,3,0,1
140,22,4,3,1,1,0,0
137,23,11,5,1,4,0,0
150,21,24,8,1,4,0,0
156,19,21,8,1,4,0,2
154,26,6,5,1,2,0,1
153,27,6,5,1,3,0,1
161,28,8,6,1,1,0,0
159,28,6,5,1,2,0,1
155,29,11,6,1,10,0,1
172,27,7,5,1,2,0,1
172,28,6,4,1,10,0,1
173,23,6,4,1,2,0,1
172,24,6,4,1,3,0,1
183,19,4,3,1,1,0,0
180,19,9,3,1,3,0,1
173,17,4,4,1,1,0,1
192,17,3,3,1,1,0,0
177,16,4,2,1,3,0,0
196,15,3,2,1,2,0,1
405,159,3,21,1,1,0,1
407,151,3,15,1,1,0,1
408,155,3,12,1,1,0,0
410,157,3,15,1,1,0,0
404,145,4,12,1,2,0,1
394,123,5,15,1,1,0,0
396,127,4,12,1,1,0,0
384,110,6,14,1,1,0,0
415,164,2,14,1,1,0,0
419,167,2,11,1,1,0,0
420,166,1,11,1,1,0,1
420,169,2,12,1,1,0,1
421,171,1,11,1,1,0,1
421,172,2,12,1,1,0,1
422,171,2,12,1,1,0,1
422,175,2,10,1,1,0,0
423,173,1,13,1,2,0,1
417,158,2,12,1,1,0,0
418,159,2,13,1,1,0,1
413,147,3,11,1,1,0,0
408,133,3,12,1,4,0,0
408,126,3,9,1,1,0,1
389,115,5,14,1,1,0,0
391,117,4,12,1,1,0,0
388,113,6,14,1,1,0,2
390,115,5,13,1,1,0,2
392,116,5,12,1,1,0,1
398,121,4,12,1,1,0,0
393,116,4,10,1,1,0,1
394,118,4,10,1,1,0,1
391,114,4,9,1,1,0,1
393,115,4,10,1,1,0,1
394,114,4,10,1,1,0,1
398,116,4,9,1,1,0,1
396,117,3,8,1,1,0,1
344,80,10,16,1,2,0,1
344,79,8,13,1,1,0,2
343,83,13,14,1,3,0,1
368,94,6,10,1,1,0,1
371,98,5,9,1,1,0,1
355,87,8,14,1,1,0,2
353,84,8,13,1,1,0,1
352,81,7,11,1,1,0,1
359,85,7,13,1,1,0,1
363,104,11,16,0,0,0,0
398,114,8,14,0,0,0,0
395,113,6,11,0,0,0,0
381,100,5,10,1,2,0,1
382,103,5,9,1,3,0,1
385,105,4,7,1,2,0,1
385,106,4,8,1,3,0,1
389,105,4,7,1,2,0,1
390,107,4,7,1,3,0,1
391,109,3,5,1,2,0,1
394,114,4,10,1,1,0,1
392,110,4,7,1,3,0,1
391,106,3,6,1,2,0,1
391,108,3,6,1,3,0,1
391,106,3,5,1,2,0,1
391,107,4,7,1,3,0,1
392,107,3,5,1,2,0,1
393,107,2,5,1,2,0,1
395,107,3,6,1,2,0,1
395,110,3,5,1,2,0,1
395,109,3,6,1,10,0,1
394,101,13,25,0,0,0,0
400,107,11,21,0,0,0,0
400,110,3,7,0,0,0,0
187,21,52,9,0,0,0,0
188,29,7,4,1,3,0,1
240,23,6,4,1,2,0,1
239,24,9,4,1,3,0,1
248,28,7,6,1,2,0,1
247,30,11,5,1,3,0,1
254,25,5,3,1,2,0,1
252,25,10,5,1,3,0,1
259,30,7,6,1,1,0,0
265,30,7,7,1,1,0,0
231,18,56,14,0,0,0,0
307,34,25,15,0,0,0,0
277,34,30,15,1,4,0,1
295,40,27,17,1,4,0,1
278,33,28,13,1,4,0,1
270,29,28,13,1,5,0,1
269,28,27,12,1,4,0,2
294,33,25,15,1,5,0,1
284,28,29,13,0,0,0,0
303,39,24,15,1,5,0,1
315,42,19,13,1,5,0,1
317,42,17,12,1,4,1,1
324,47,18,14,1,4,0,1
324,50,21,16,1,5,0,1
336,59,19,16,1,4,0,1
343,65,17,16,1,5,0,1
355,73,16,17,1,4,0,1
367,84,15,17,1,5,0,1
342,58,17,16,1,5,0,1
362,75,12,13,1,4,0,1
332,50,14,11,1,4,0,1
338,54,14,12,1,4,0,1
341,53,15,12,1,5,0,1
345,57,12,10,1,4,0,1
348,59,13,12,1,4,0,1
364,73,12,14,1,4,0,1
371,82,12,15,1,4,0,1
379,90,10,14,1,4,0,0
356,63,10,10,1,4,0,1
358,65,10,10,1,4,0,1
358,66,11,12,1,4,0,1
364,71,11,12,1,5,0,1
364,67,9,11,1,5,0,1
366,70,8,9,1,5,0,1
368,73,8,9,1,5,0,1
358,60,19,20,1,9,0,1
376,81,10,13,1,5,0,0
384,90,8,11,1,5,0,1
388,97,8,12,1,4,0,1
373,77,9,11,1,4,0,1
373,76,9,11,1,4,0,1
378,81,8,9,1,4,0,1
373,72,16,21,1,9,0,1
382,83,7,10,1,5,0,1
386,86,6,9,1,5,0,1
390,93,6,10,1,5,0,1
392,94,5,8,1,5,0,1
398,103,5,7,1,4,0,1
375,73,13,16,1,9,0,1
385,85,5,8,1,4,0,2
373,75,7,8,1,4,0,2
385,84,6,8,1,4,0,2
388,87,5,8,1,4,0,2
389,89,5,7,1,4,0,2
388,86,5,7,1,5,0,2
383,78,10,12,0,0,0,0
391,89,6,10,0,0,0,0
403,108,4,7,1,4,0,1
395,94,10,16,1,9,0,2
341,51,4,4,1,2,0,1
342,52,5,5,1,3,0,1
349,54,4,5,1,1,0,1
348,55,4,4,1,2,0,1
348,56,4,4,1,3,0,1
357,60,4,5,1,1,0,1
