14,256,4,9,1,1,0,0
12,250,6,13,1,10,0,0
23,279,18,20,1,4,1,0
40,295,7,9,1,1,1,0
30,268,28,38,1,4,0,0
41,267,9,16,1,1,0,0
48,254,10,19,1,1,0,1
46,252,9,20,1,1,0,1
33,261,10,15,1,10,0,1
34,259,9,17,1,1,0,1
16,233,18,28,1,4,0,1
13,218,15,23,1,4,0,1
16,212,13,20,1,4,0,1
17,205,16,23,1,6,0,1
19,199,12,15,1,4,0,1
22,194,13,17,1,4,0,1
26,183,12,14,1,4,0,1
41,215,6,16,1,1,0,0
43,216,5,11,0,11,0,1
55,187,5,19,1,1,0,0
54,170,4,16,1,1,0,0
73,149,4,13,1,2,0,1
72,154,5,13,1,3,0,1
103,185,24,29,1,4,0,0
59,122,11,16,1,4,0,0
41,124,10,13,1,4,0,1
46,116,17,18,1,4,0,1
45,108,7,11,1,4,0,2
46,104,7,10,1,4,0,2
55,96,3,7,1,1,0,0
59,94,3,6,1,1,0,1
59,93,4,7,1,1,0,1
60,89,12,11,1,4,0,1
62,92,3,4,1,1,0,1
93,111,6,11,1,2,0,1
93,113,6,10,1,3,0,1
68,114,5,12,1,1,0,0
70,112,5,12,1,1,0,1
61,104,15,15,1,6,0,0
64,102,15,14,1,4,0,1
59,102,11,12,1,4,0,1
62,96,11,12,1,4,0,1
68,91,13,11,1,4,0,1
70,88,15,12,1,4,0,1
66,88,13,11,1,4,0,1
73,84,14,10,1,4,0,1
66,83,11,10,1,4,0,1
72,80,10,10,1,4,0,1
90,95,15,16,1,4,0,0
97,89,13,12,1,4,0,1
103,83,12,11,1,4,0,1
87,90,6,9,1,1,0,0
94,89,5,10,1,1,0,0
123,65,12,10,1,4,0,0
115,77,5,7,1,1,0,0
117,78,5,6,1,1,0,0
133,65,6,7,1,1,0,0
121,65,8,8,1,4,0,1
91,72,19,14,1,4,0,1
95,71,16,12,1,4,0,1
325,306,15,17,1,3,0,1
329,305,12,13,1,2,0,1
302,305,24,22,1,7,0,1
308,306,13,12,1,2,0,1
328,274,27,31,1,4,0,0
348,265,19,26,1,7,0,0
348,253,18,27,1,7,0,1
319,253,23,28,1,4,0,0
344,234,20,33,1,8,0,0
356,233,22,31,1,5,0,1
337,227,16,29,1,7,0,0
349,225,12,22,1,7,0,1
354,226,6,12,1,2,0,1
315,219,10,19,1,10,0,1
315,215,10,20,1,2,0,1
222,221,63,35,1,8,0,0
324,200,17,23,1,4,0,0
338,193,10,25,1,7,0,1
343,199,5,11,1,2,0,0
345,195,5,19,1,1,0,1
348,194,18,21,1,4,0,0
350,183,15,21,1,8,0,1
373,256,21,30,1,4,1,0
371,252,21,30,1,4,0,1
384,251,4,8,0,11,0,0
383,249,4,7,0,11,0,0
375,218,4,15,1,1,0,0
377,218,4,14,1,1,0,0
372,222,4,9,1,2,0,0
374,221,3,8,1,2,0,1
371,221,3,9,1,2,0,1
367,212,12,25,1,8,0,1
367,207,13,21,1,8,0,1
377,207,10,23,1,8,0,1
382,205,8,21,1,8,0,1
391,198,8,16,1,8,0,0
376,204,4,13,1,1,0,1
383,201,2,12,1,1,0,1
373,189,11,17,1,8,0,0
380,189,7,13,1,7,0,1
383,190,2,10,1,1,0,1
382,188,1,9,1,2,0,1
366,171,2,15,1,1,0,0
367,157,2,13,1,1,0,0
360,150,2,11,1,1,0,0
355,149,3,12,1,1,0,0
355,146,4,14,1,1,0,1
358,143,9,14,1,4,0,1
342,129,11,15,1,4,0,0
279,111,7,12,1,10,0,1
280,109,6,10,1,2,0,1
197,123,21,18,1,4,0,0
235,73,15,10,1,4,0,0
187,72,17,15,1,6,0,0
192,69,10,7,1,4,0,1
191,66,12,7,1,4,0,1
229,65,11,9,1,5,0,0
224,61,12,7,1,4,0,1
210,63,11,8,1,4,0,0
207,61,12,7,1,4,0,1
209,59,10,6,1,4,0,1
188,61,12,7,1,4,0,1
188,58,10,5,1,4,0,1
188,54,19,7,1,4,0,1
249,62,6,5,1,1,0,0
282,83,22,13,1,4,0,1
294,81,6,9,1,1,0,1
299,85,6,8,1,1,0,1
302,85,5,9,1,1,0,1
306,86,6,9,1,1,0,0
325,96,19,19,0,0,0,0
317,86,15,14,1,5,0,1
314,84,17,13,1,5,0,1
316,77,10,10,1,4,0,1
308,74,10,10,1,4,0,1
292,70,11,9,1,4,0,2
176,47,7,4,1,4,0,0
223,44,10,8,1,9,0,1
216,46,8,4,1,4,0,1
83,70,11,8,1,4,0,1
101,62,8,7,1,4,0,1
109,56,9,9,1,5,0,1
115,57,8,7,1,4,0,1
162,48,9,5,1,4,0,0
150,50,8,6,1,4,0,0
132,21,105,33,0,0,0,0
