348,109,10,19,0,0,0,0
354,142,7,17,0,0,0,0
352,137,4,15,1,1,1,0
333,209,25,46,1,4,0,1
369,183,6,16,1,10,0,0
344,108,5,11,1,3,0,0
340,92,9,15,0,0,0,0
261,14,13,8,1,4,0,1
267,12,7,5,1,10,0,0
259,9,8,4,1,4,1,0
233,15,11,7,1,4,0,0
209,5,9,5,1,5,0,0
262,72,20,22,1,4,0,0
244,68,9,14,1,2,0,0
244,71,8,12,1,3,0,2
271,276,35,31,1,4,1,0
23,238,18,27,1,7,0,0
42,202,31,48,1,4,0,0
31,236,24,35,1,7,0,0
32,216,21,35,1,7,0,1
35,199,19,34,1,7,0,1
33,257,21,24,1,5,1,0
229,9,5,4,1,1,0,0
144,3,20,11,0,0,0,0
141,13,8,6,1,8,0,0
135,20,6,6,1,10,0,0
160,18,7,7,0,0,0,0
152,34,6,7,1,1,0,1
151,35,7,8,1,10,0,1
166,33,17,13,1,4,0,0
131,50,8,9,1,2,0,1
130,49,12,13,1,7,0,1
131,60,8,11,1,2,0,1
134,60,6,8,1,2,0,2
131,62,9,12,1,10,0,1
101,49,17,17,1,4,0,0
78,12,43,28,0,0,0,0
64,45,13,10,1,7,0,0
66,43,13,10,1,7,0,2
61,47,7,9,1,7,0,2
62,53,24,19,1,4,0,1
54,65,24,20,1,4,0,1
47,76,22,19,1,4,0,0
50,145,12,31,1,4,0,0
56,129,12,26,1,8,0,1
87,102,11,18,0,0,0,0
69,104,17,27,1,4,0,1
70,121,9,17,1,1,0,0
75,115,8,18,1,1,0,1
31,91,7,11,0,0,0,0
18,110,11,15,1,7,0,1
17,116,9,14,1,7,0,1
15,121,10,13,1,7,0,0
14,141,5,13,0,0,0,0
3,161,6,11,1,7,0,0
4,153,6,13,1,7,0,1
5,146,7,14,1,7,0,1
7,136,10,13,1,7,0,2
11,132,8,13,1,7,0,2
15,134,7,16,1,7,1,0
15,243,9,15,1,7,1,0
12,235,12,18,1,7,1,1
10,228,14,19,1,7,1,1
10,223,14,19,1,7,0,1
11,218,13,18,1,3,0,1
11,212,13,18,1,7,0,1
1,182,7,17,1,7,1,1
3,194,5,12,1,7,1,1
168,168,36,53,1,4,0,0
37,110,13,15,0,0,0,0
