135,13,90,39,0,0,0,0
28,210,24,35,1,4,0,0
19,198,17,30,1,4,0,0
117,149,21,24,1,4,0,0
146,123,24,21,1,4,0,0
60,140,15,21,1,4,0,0
75,118,16,19,1,4,0,0
58,122,13,22,1,4,0,0
88,98,17,19,1,4,0,0
101,86,14,15,1,4,0,0
118,67,12,13,1,4,0,0
195,93,16,15,1,4,0,0
85,81,11,12,1,4,0,0
98,79,12,11,1,4,0,0
104,70,13,14,1,4,0,1
110,61,9,7,1,5,0,1
44,126,12,21,1,4,0,1
22,124,26,62,1,9,0,0
27,186,5,10,1,2,0,0
26,189,8,12,1,10,0,1
1,179,3,13,1,1,0,1
198,106,22,18,1,4,0,1
200,120,10,13,1,2,0,2
211,121,11,12,1,2,0,2
197,129,11,11,1,10,0,2
210,129,11,12,1,10,0,2
48,91,16,35,0,0,0,0
225,49,40,96,0,0,0,0
199,76,12,11,1,8,0,1
12,234,19,31,1,4,1,0
