373,306,17,23,1,1,1,0
287,306,92,72,1,4,1,0
238,197,51,25,0,0,0,0
14,245,26,42,1,4,0,1
55,274,13,22,1,3,0,0
59,275,11,20,1,3,0,1
244,358,39,27,1,2,0,0
244,371,26,17,1,3,0,1
178,364,35,17,1,2,0,1
174,367,45,20,1,10,0,1
105,311,83,50,1,4,0,0
122,248,32,29,1,4,0,1
108,268,50,42,1,4,0,0
190,282,54,31,1,4,0,0
187,246,9,28,1,1,0,0
191,240,24,18,1,4,0,1
205,236,17,17,1,4,0,1
213,230,17,13,1,4,0,1
222,228,14,12,1,4,0,1
238,224,7,14,1,1,0,0
199,268,42,21,1,4,0,1
227,241,28,22,1,4,0,0
247,227,19,18,1,4,0,1
281,223,6,10,1,2,0,1
282,228,4,10,1,3,0,2
276,228,6,10,1,2,0,1
276,233,7,12,1,3,0,2
272,233,9,14,1,2,0,1
272,242,7,12,1,10,0,1
285,259,12,20,1,2,0,1
283,271,11,17,1,10,0,1
261,297,25,31,1,2,0,1
262,313,15,18,1,10,0,1
282,236,9,20,1,1,0,0
387,262,11,24,1,3,0,0
302,297,66,58,1,4,0,1
313,287,52,48,1,4,0,1
304,281,51,46,1,4,0,1
306,271,43,41,1,4,0,1
305,263,41,37,1,4,0,1
304,262,33,33,1,4,0,2
302,257,30,32,1,4,0,2
302,254,27,31,1,4,0,2
298,253,24,25,1,4,0,2
298,248,23,28,1,4,0,2
299,241,23,29,1,4,0,2
301,235,19,24,1,5,0,2
295,237,19,20,1,5,0,2
289,236,17,15,1,4,0,2
290,231,18,15,1,4,0,2
288,230,15,12,1,4,0,2
288,224,14,16,1,4,0,2
357,243,10,26,1,1,0,1
