52,270,60,66,1,4,0,1
93,319,50,33,1,4,1,1
52,216,50,78,1,4,0,1
63,165,31,64,1,4,0,0
71,116,35,54,1,4,0,1
63,79,31,33,1,4,0,1
104,55,34,32,1,4,0,0
122,39,25,21,1,5,0,1
132,33,24,16,1,4,0,1
143,46,8,9,1,3,0,1
152,44,8,9,1,3,0,1
147,42,9,12,1,2,0,1
153,41,12,11,1,2,0,1
146,17,20,13,1,5,0,2
154,14,17,9,1,4,0,2
160,10,15,7,1,4,0,2
163,6,12,4,1,4,0,2
256,125,16,31,1,2,0,1
255,132,17,32,1,10,0,1
302,192,13,27,1,2,0,1
299,196,16,34,1,10,0,1
311,178,33,54,1,4,0,0
317,133,27,44,1,4,0,0
305,104,28,35,1,4,0,1
305,230,55,57,1,4,0,0
356,157,24,35,1,4,0,1
359,193,7,27,1,1,0,0
366,188,8,28,1,1,0,1
289,304,23,27,1,1,0,0
307,258,51,62,1,4,0,0
317,319,13,12,1,1,0,1
360,251,12,25,1,1,0,2
271,60,12,18,1,1,0,0
279,62,9,15,1,1,0,0
287,62,13,20,1,1,0,0
295,65,13,19,1,1,0,0
261,51,11,15,1,1,0,0
269,52,10,14,1,1,0,1
275,54,11,14,1,1,0,1
278,42,8,8,1,10,0,0
258,32,20,13,1,4,0,0
224,19,22,9,1,4,0,0
255,28,14,7,1,10,0,1
212,15,16,7,1,4,0,1
211,12,16,5,1,4,0,1
242,18,22,9,1,7,0,1
214,9,9,4,1,7,0,1
216,9,6,2,1,2,0,1
210,7,13,4,1,4,0,1
204,4,11,4,1,4,0,1
209,3,19,3,1,4,0,1
198,3,12,3,1,4,0,1
193,2,10,3,1,4,0,1
185,1,11,2,1,4,0,1
196,5,4,3,1,2,0,1
196,6,4,2,1,3,0,1
177,6,5,4,1,1,0,1
175,8,4,4,1,1,0,1
225,7,3,2,1,2,0,1
224,7,5,3,1,3,0,1
365,269,19,30,1,7,0,1
373,273,11,19,1,10,1,1
38,277,19,24,1,10,0,1
307,37,8,8,0,0,0,0
235,9,14,6,1,4,0,2
216,1,3,2,1,1,0,1
176,1,11,2,1,4,1,1
205,0,6,2,1,7,1,0
