43,292,35,44,1,4,0,0
22,251,19,37,1,4,0,0
13,206,7,26,1,4,0,0
16,166,7,20,1,4,0,0
21,269,23,41,1,4,0,0
11,233,11,30,1,4,0,0
4,228,9,28,1,4,0,0
20,286,19,30,1,4,1,0
7,204,4,19,1,4,0,0
2,195,3,19,1,4,0,0
11,159,5,16,1,4,0,0
6,157,4,15,1,4,0,0
2,172,3,13,1,4,0,0
18,124,7,17,1,4,0,0
13,130,4,11,1,4,0,0
8,144,4,11,1,4,0,0
5,145,3,12,1,4,0,0
11,128,4,12,1,4,0,0
16,117,4,10,1,4,0,0
19,111,4,8,1,4,0,0
22,109,4,9,1,4,0,0
24,100,4,9,1,4,0,0
13,122,4,9,1,4,0,0
20,105,4,7,1,4,0,0
263,48,8,8,1,1,0,0
192,32,5,6,1,1,0,0
16,113,3,7,1,4,0,0
21,102,4,6,1,4,0,0
23,98,3,6,1,4,0,0
24,95,3,5,1,4,0,0
28,89,4,6,1,4,0,0
25,93,3,4,1,4,0,0
19,105,3,7,1,4,0,0
20,101,3,6,1,4,0,0
23,96,2,5,1,4,0,0
23,95,3,4,1,4,0,0
24,94,2,3,1,4,0,0
27,89,2,4,1,4,0,0
15,113,3,6,1,4,0,0
8,130,4,11,1,4,0,0
11,122,4,8,1,4,0,0
16,110,2,5,1,4,0,0
19,103,2,5,1,4,0,0
20,101,2,4,1,4,0,0
21,97,2,4,1,4,0,0
22,95,2,3,1,4,0,0
1,168,1,10,1,4,1,0
2,159,1,10,1,4,1,0
3,151,2,10,1,4,1,0
4,146,2,8,1,4,1,0
5,136,3,9,1,4,1,0
5,138,3,10,1,4,0,0
7,132,3,7,1,4,0,0
8,128,3,7,1,4,0,1
9,125,3,6,1,4,0,1
10,122,2,6,1,4,0,1
11,119,2,6,1,4,0,1
12,116,3,7,1,4,0,1
13,115,2,5,1,4,0,1
13,113,3,6,1,4,0,1
14,111,3,6,1,4,0,1
15,109,2,6,1,4,0,1
15,108,3,6,1,4,0,1
24,92,3,4,1,4,0,0
31,83,3,3,1,4,0,0
31,83,2,3,1,4,0,0
28,87,2,4,1,4,0,0
29,86,1,3,1,4,0,0
29,86,1,2,1,4,0,0
29,85,2,2,1,4,0,0
25,90,2,3,1,4,0,0
30,84,2,2,1,4,0,0
25,91,2,3,1,4,0,0
23,94,2,3,1,4,0,0
24,92,1,3,1,4,0,0
25,90,2,3,1,4,0,0
24,91,2,2,1,4,0,0
26,88,1,3,1,4,0,0
27,88,2,3,1,4,0,0
27,87,2,3,1,4,0,0
30,83,2,3,1,4,0,0
31,81,1,2,1,4,0,0
30,83,1,2,1,4,0,0
29,84,1,2,1,4,0,0
28,85,1,2,1,4,0,0
28,83,2,3,1,6,0,0
30,81,1,2,1,4,0,0
29,83,1,1,1,4,0,0
28,85,1,2,1,4,0,0
30,90,2,3,1,2,0,1
30,91,1,3,1,10,0,1
31,84,1,2,1,10,0,1
32,82,1,1,1,10,0,1
32,81,1,2,1,10,0,1
33,80,1,2,1,10,0,1
33,80,1,1,1,2,0,1
33,81,1,1,1,2,0,1
33,82,0,1,1,2,0,1
31,83,2,2,1,2,0,1
68,44,13,11,1,6,0,1
80,41,7,5,1,4,0,1
80,41,7,5,1,4,0,1
77,44,5,4,1,4,0,1
65,51,6,6,1,4,0,1
51,63,5,6,1,4,0,1
54,61,4,4,1,4,0,1
49,66,4,5,1,4,0,1
88,30,17,11,1,9,0,1
