135,151,25,51,1,1,0,0
353,217,12,21,1,1,0,0
330,125,11,26,1,1,0,0
338,103,11,25,1,1,0,0
220,80,22,34,1,1,0,0
232,83,21,34,1,1,0,0
27,149,8,26,1,1,0,0
64,109,17,33,1,1,0,0
61,111,13,29,1,1,0,1
41,166,12,32,1,1,0,0
50,175,13,31,1,1,0,0
14,229,12,20,1,1,0,0
11,107,8,19,1,1,0,0
14,100,8,20,1,1,0,0
231,276,22,21,1,1,0,1
192,48,22,27,1,1,0,0
121,27,21,22,1,1,0,0
205,24,13,19,1,1,0,0
202,12,12,12,1,1,0,0
259,22,17,20,1,1,0,0
293,45,17,24,1,1,0,0
280,30,17,21,1,1,0,0
298,85,15,26,1,2,0,0
289,90,30,27,1,3,0,1
356,101,8,24,1,1,0,0
363,115,8,25,1,1,0,0
19,104,11,26,1,1,0,0
307,32,14,18,1,1,0,0
312,36,12,16,1,1,0,1
344,66,10,16,1,2,0,0
349,73,8,14,1,2,0,0
360,92,8,18,1,1,0,0
362,95,8,20,1,1,0,0
365,94,7,19,1,1,0,0
361,76,9,17,1,1,0,0
26,108,11,26,1,1,0,1
26,112,11,26,1,1,0,0
12,72,9,16,1,1,0,0
58,36,15,18,1,1,0,0
80,20,13,13,1,1,0,0
86,17,14,14,1,1,0,0
113,12,18,16,1,1,0,0
91,26,15,17,1,1,0,1
94,27,15,16,1,1,0,0
96,35,16,20,1,1,0,0
109,29,15,17,1,1,0,0
62,53,16,23,1,1,0,1
58,58,15,22,1,1,0,0
56,46,15,19,1,1,0,0
63,28,11,12,1,1,0,0
287,29,11,10,1,2,0,0
297,23,9,11,1,1,1,0
353,57,7,11,1,1,1,1
354,59,9,16,1,1,0,0
370,108,6,14,1,1,0,0
373,118,4,14,1,1,0,1
373,134,6,19,1,1,0,0
306,72,12,22,1,1,0,0
178,0,10,11,1,1,0,0
185,3,11,11,1,1,0,0
194,3,5,8,1,1,0,0
29,52,10,15,1,1,0,0
22,55,11,16,1,1,0,0
17,60,10,15,1,1,0,0
29,50,8,12,1,1,1,0
26,52,8,13,1,1,0,1
79,29,10,9,1,2,0,0
