83,323,6,7,1,1,0,0
85,323,6,7,1,1,0,1
85,323,4,4,1,2,0,1
104,333,21,12,1,7,0,0
196,354,6,4,1,1,0,0
210,347,14,9,1,5,0,1
91,324,27,16,1,4,0,1
113,326,20,14,1,4,0,0
100,318,19,12,1,7,0,0
115,317,20,16,1,5,0,0
94,304,29,18,1,4,0,1
124,310,9,7,1,3,0,1
124,308,8,8,1,1,0,0
224,334,35,12,1,4,0,2
211,326,6,6,1,1,0,1
216,327,6,6,1,1,0,1
217,325,6,6,1,1,0,1
97,300,8,10,1,1,0,1
123,299,9,10,1,1,0,0
214,302,14,10,1,4,0,1
101,287,31,16,1,4,0,1
93,279,23,16,1,4,0,1
94,275,22,17,1,4,0,1
216,292,17,11,1,4,0,0
249,269,6,9,1,1,0,0
263,275,8,10,1,1,0,0
95,269,20,15,1,5,0,1
218,268,15,14,1,5,0,0
269,255,26,15,1,4,0,0
272,269,7,10,1,1,0,0
256,268,8,11,1,1,0,0
320,322,9,8,1,3,0,0
301,324,8,7,1,3,0,0
302,307,11,9,1,10,0,0
298,282,12,10,1,10,0,1
296,272,11,9,1,10,0,0
297,249,17,18,1,4,0,0
260,250,31,17,1,4,0,1
295,244,23,15,1,4,0,1
297,242,5,10,1,1,0,0
305,237,16,14,1,4,0,1
95,260,24,18,1,5,0,1
96,247,22,18,1,5,0,1
128,240,15,14,1,4,0,0
105,235,22,13,1,4,0,1
145,240,6,11,1,1,0,0
146,225,5,11,1,1,0,0
277,226,17,11,1,7,0,0
252,216,24,14,1,4,0,0
244,223,6,11,1,1,0,0
128,214,21,12,1,4,0,1
122,209,19,12,1,4,0,2
295,217,4,10,1,1,0,0
297,216,5,10,1,1,0,0
247,205,14,12,1,4,0,0
237,203,13,12,1,4,0,1
292,191,9,11,0,0,0,0
254,192,18,10,1,4,0,0
254,189,24,11,1,4,0,1
143,196,13,13,1,4,0,0
164,193,11,13,1,4,0,0
168,179,11,11,1,4,0,0
189,178,13,11,1,4,0,0
190,168,10,11,1,4,0,0
206,166,10,9,1,4,0,0
204,158,12,10,1,4,0,1
190,160,12,10,1,4,0,1
121,181,17,13,1,5,0,1
146,186,3,10,1,1,0,1
125,169,20,11,1,4,0,1
128,179,17,10,1,4,0,1
146,162,9,11,1,4,0,0
159,158,11,12,1,4,0,0
177,152,17,10,1,4,0,0
192,138,10,8,1,4,0,0
170,138,10,10,1,4,0,0
159,137,9,10,1,4,0,0
151,139,7,8,1,4,0,0
172,132,7,8,1,4,0,1
170,123,8,10,1,4,0,1
181,123,8,9,1,4,0,0
193,123,10,11,1,4,0,0
202,123,10,11,1,4,0,0
152,128,9,9,1,4,0,1
145,68,78,56,0,0,0,0
291,153,15,9,1,4,0,1
288,148,9,10,1,4,0,1
225,203,10,11,0,0,0,0
