207,0,90,50,0,0,0,0
361,65,12,16,0,0,0,0
302,20,19,20,0,0,0,0
324,112,33,61,0,0,0,0
82,82,13,23,1,1,0,0
72,81,12,22,1,1,0,0
52,66,8,12,1,1,0,0
47,69,8,14,1,1,0,0
33,93,6,13,1,1,0,0
35,94,5,10,1,1,0,0
37,88,7,14,1,1,0,1
75,38,8,9,1,2,0,1
7,127,4,13,1,1,0,0
16,99,4,10,1,2,0,1
28,69,4,8,1,1,0,0
32,130,7,19,1,2,0,1
38,52,16,17,1,4,0,1
44,47,16,16,1,4,0,2
54,40,15,13,1,4,0,2
15,85,11,16,1,4,0,2
14,101,6,10,1,10,0,1
91,30,29,20,1,4,0,0
140,12,24,12,1,4,0,1
134,25,13,10,1,1,0,1
137,23,21,13,1,7,0,1
132,38,46,20,1,7,0,0
138,33,43,18,1,7,0,2
163,32,9,9,1,1,0,1
157,25,11,10,1,1,0,1
167,23,21,12,1,7,0,0
188,32,8,11,1,1,0,0
190,30,6,9,1,1,0,2
194,29,7,10,1,1,0,1
198,32,8,11,1,1,0,0
201,30,8,10,1,1,0,1
216,36,8,12,1,1,0,2
220,36,5,5,1,2,0,2
216,38,9,15,1,1,0,0
224,43,21,20,1,7,0,1
233,48,17,16,1,1,0,0
229,34,13,15,1,1,1,0
241,40,11,14,1,1,0,1
253,44,12,14,1,1,0,0
286,59,15,20,1,1,0,0
259,62,15,21,1,1,0,0
259,53,12,19,1,1,0,2
266,57,11,16,1,1,0,2
269,78,13,20,1,1,0,1
249,82,38,38,1,7,0,1
229,93,19,28,1,1,0,0
214,86,16,34,1,1,0,0
299,106,13,21,1,2,0,0
306,126,15,38,1,1,0,0
313,121,15,38,1,1,0,1
278,122,13,35,1,1,0,1
289,128,13,36,1,1,0,0
274,131,13,36,1,1,0,1
280,145,14,28,1,2,0,1
278,152,20,32,1,10,0,2
260,149,16,46,1,1,0,1
239,151,16,43,1,1,0,1
250,169,15,38,1,1,0,1
255,184,15,24,1,1,0,0
269,196,15,38,1,1,0,0
293,241,12,20,1,2,0,0
285,240,25,37,1,1,0,1
246,279,24,32,1,1,0,0
219,281,21,31,1,1,0,0
4,187,10,41,1,4,0,0
12,246,34,57,1,4,0,0
74,223,18,39,1,2,0,1
70,231,28,31,1,10,0,1
330,185,7,24,1,1,0,1
334,178,6,34,1,1,0,1
301,255,19,27,1,2,0,1
285,248,55,46,1,7,0,1
354,128,6,17,1,1,0,1
355,139,7,28,1,1,0,1
359,138,5,30,0,0,0,0
174,54,15,20,1,1,0,0
195,56,13,18,1,1,0,0
320,35,7,7,0,0,0,0
342,76,9,13,1,1,0,2
347,79,7,13,1,1,0,2
313,79,12,22,1,1,0,2
324,89,11,17,1,2,0,2
295,80,52,47,1,4,1,1
362,149,5,19,1,1,1,2
358,132,6,23,1,1,1,2
360,138,5,18,1,1,1,2
362,151,6,21,1,1,1,2
364,156,5,25,1,1,0,1
365,165,4,27,1,1,0,0
367,153,5,27,1,1,0,1
369,157,5,25,1,1,0,1
367,146,5,22,1,1,0,2
370,148,5,23,1,1,0,2
372,161,4,23,1,1,0,0
376,162,3,22,1,1,0,0
378,169,3,25,1,1,0,0
396,172,2,14,1,2,0,0
378,104,7,16,0,0,0,0
325,305,19,20,1,2,0,1
311,290,53,45,1,7,1,1
113,335,19,14,1,1,1,0
