281,127,66,48,1,4,0,0
26,202,34,60,1,4,0,0
6,154,17,42,1,5,0,1
18,151,18,29,1,4,0,1
82,101,55,57,1,4,0,0
7,234,4,12,1,2,0,1
9,222,13,28,1,7,0,1
15,208,6,21,1,1,0,0
14,192,7,16,1,3,0,1
10,191,6,17,1,7,0,1
1,164,2,12,1,10,0,0
21,142,7,15,1,10,0,1
25,134,5,14,1,3,0,0
27,117,13,22,1,7,0,1
29,131,7,15,1,10,0,0
33,119,12,22,0,0,0,0
41,129,6,14,1,2,0,0
38,111,5,16,1,1,0,1
40,109,7,17,1,1,0,1
32,107,6,17,1,1,0,1
66,85,14,23,1,1,0,1
69,102,9,22,1,1,0,1
73,110,6,15,1,1,0,1
67,117,11,26,1,2,0,1
65,125,10,20,1,10,0,1
65,64,38,32,1,4,0,1
77,52,40,32,1,5,0,1
88,43,43,27,1,4,0,1
108,56,12,17,1,1,0,0
113,30,45,23,1,4,0,1
128,27,46,17,1,4,0,1
138,24,43,14,1,4,0,1
149,20,47,13,1,4,0,1
179,17,38,7,1,4,0,1
91,90,13,26,1,1,0,0
98,88,17,24,1,2,0,1
96,89,18,28,1,10,0,1
108,79,15,21,1,2,0,1
105,84,16,20,1,3,0,1
122,87,12,18,1,3,0,1
122,79,14,22,1,2,0,1
163,60,55,30,1,4,0,0
193,38,37,17,1,4,0,0
223,31,33,16,1,4,0,0
220,58,54,31,1,4,0,0
242,23,31,18,1,4,0,1
202,22,7,7,1,1,0,0
212,23,6,7,1,1,0,0
237,23,8,7,1,2,0,1
239,26,7,6,1,10,0,1
210,10,12,4,1,10,0,0
219,8,4,3,1,1,0,0
229,10,2,3,1,1,0,0
230,10,5,4,1,1,0,0
236,12,5,5,1,1,0,0
240,13,4,5,1,1,0,0
234,8,12,5,1,10,0,0
249,7,9,4,1,10,0,1
253,13,18,11,1,5,0,1
251,6,19,7,1,5,0,1
264,9,16,7,1,4,0,1
267,9,16,7,1,4,0,1
276,11,15,7,1,4,0,1
278,15,13,8,1,4,0,1
279,18,15,9,1,4,0,1
278,19,6,5,1,1,0,0
264,25,21,13,1,4,0,1
274,24,18,12,1,4,0,1
276,36,24,18,1,5,0,0
284,55,17,18,1,7,0,0
285,54,10,9,1,2,0,1
306,71,17,16,1,10,0,1
307,68,13,18,1,2,0,1
314,72,9,14,1,2,0,1
278,84,14,26,1,1,0,0
242,93,30,32,1,7,0,1
252,91,15,19,1,2,0,1
318,98,41,40,1,4,0,0
295,80,53,38,1,4,0,1
313,65,36,29,1,4,0,1
314,58,32,25,1,4,0,1
323,49,19,16,1,4,0,1
328,48,17,15,1,4,0,1
357,89,14,21,1,4,0,0
350,66,8,8,1,3,0,1
366,83,5,9,1,10,0,1
383,108,9,18,1,4,0,0
391,120,4,12,1,1,0,0
398,159,2,16,1,1,0,0
394,126,11,23,1,5,1,1
400,142,2,9,1,1,0,1
8,137,4,14,1,1,0,0
360,71,3,4,1,3,0,0
353,69,4,7,1,3,0,0
13,207,5,16,1,2,0,1
357,59,5,7,1,10,0,0
351,50,8,9,0,0,0,0
304,23,8,6,1,4,0,1
295,18,7,6,0,0,0,0
