201,28,48,25,0,0,0,0
214,50,4,3,1,4,0,0
207,50,5,3,1,4,0,0
185,54,11,3,1,4,0,0
213,55,10,4,1,4,0,0
224,60,4,3,1,4,0,1
222,61,5,4,1,4,0,0
230,60,5,5,1,4,0,0
236,65,5,3,1,4,0,1
236,67,4,5,1,4,0,0
219,70,7,6,1,5,0,0
225,111,11,12,1,4,0,0
208,111,11,11,1,4,0,0
232,99,4,5,1,2,0,1
231,102,4,5,1,10,0,1
265,99,5,8,1,1,0,1
270,94,6,11,1,8,0,1
271,94,3,5,1,2,0,2
276,109,5,9,1,7,0,1
267,84,3,3,1,2,0,0
323,122,2,7,1,2,0,1
323,126,2,5,1,3,0,1
158,73,10,6,1,4,0,0
152,95,12,10,1,4,0,0
144,113,12,11,1,4,0,0
191,148,16,15,1,4,0,0
131,108,5,6,1,2,0,1
133,108,3,6,1,2,0,2
131,112,5,6,1,10,0,2
96,126,4,9,1,1,0,0
116,143,14,15,1,4,0,0
120,156,6,9,1,2,0,1
119,161,7,10,1,10,0,1
92,147,15,16,1,4,0,0
98,172,19,20,1,4,0,0
80,203,22,27,1,4,0,0
64,171,9,13,1,8,0,0
47,178,9,15,1,8,0,0
41,171,2,11,1,1,0,0
39,170,2,11,1,1,0,2
62,187,4,9,1,2,0,1
62,191,5,9,1,3,0,1
191,264,26,24,1,4,0,0
151,303,25,16,1,4,1,0
57,253,23,27,1,8,0,0
20,242,24,32,1,4,1,0
