363,256,30,45,1,4,1,0
360,220,22,44,1,4,0,0
357,175,18,41,1,4,0,0
100,314,56,41,1,4,1,0
220,238,60,70,1,4,0,0
115,270,56,58,1,4,0,0
37,268,9,15,1,2,0,0
41,269,6,9,1,2,0,2
42,235,17,24,1,10,0,0
36,222,16,25,1,10,0,1
36,191,24,32,1,7,0,1
370,138,18,28,1,4,0,1
364,128,21,26,1,4,0,1
125,70,57,38,1,4,0,0
87,76,20,17,1,10,0,1
74,83,18,17,1,10,0,1
125,68,25,16,1,10,0,1
126,55,41,24,1,8,0,1
123,48,59,25,1,4,0,1
132,35,45,23,1,5,0,1
130,22,40,17,1,4,0,1
158,17,17,10,1,4,0,1
331,69,13,14,1,10,0,0
333,68,8,9,1,10,0,1
329,60,6,9,1,2,0,0
321,57,8,11,1,1,0,1
321,56,10,11,1,10,0,1
314,54,15,17,1,7,0,1
307,42,11,9,1,10,0,0
305,39,6,7,1,1,0,1
301,39,7,9,1,1,0,0
292,33,7,8,1,1,0,0
290,33,6,7,1,1,0,0
303,37,10,7,1,10,0,1
301,35,10,8,1,10,0,1
222,20,7,4,1,2,0,1
222,22,9,5,1,10,0,1
264,21,18,11,1,4,0,0
258,19,7,7,1,1,0,0
279,21,11,6,1,10,0,0
276,17,9,5,1,3,0,0
273,14,8,5,1,10,0,0
50,123,6,13,1,2,0,0
257,6,4,4,1,1,0,0
242,8,5,4,1,1,0,0
248,9,14,6,1,4,0,0
237,4,11,5,1,4,0,0
238,3,9,3,1,4,0,1
221,3,11,4,1,4,0,0
168,6,11,5,1,4,0,0
172,0,20,4,1,4,1,0
155,3,16,5,1,4,0,1
155,6,12,5,1,4,0,1
