314,26,28,22,1,6,1,0
253,5,45,17,1,6,1,1
273,10,9,8,1,1,0,0
210,2,31,19,1,6,0,0
251,11,10,10,1,1,0,1
251,9,75,42,1,6,0,1
281,23,64,45,1,6,0,1
282,33,75,58,1,6,0,1
188,11,12,9,1,1,0,1
175,9,9,8,1,1,0,0
166,9,8,7,1,1,0,2
161,11,7,7,1,1,0,2
164,11,9,8,1,1,0,2
166,12,11,9,1,1,0,1
161,14,11,9,1,2,0,2
157,14,19,11,1,10,0,1
150,14,20,13,1,1,0,0
145,6,11,8,1,1,0,1
138,17,11,11,1,1,0,0
132,18,12,11,1,1,0,1
103,10,54,26,1,6,0,1
108,3,66,26,1,6,0,1
118,1,62,21,1,6,1,2
28,49,32,37,1,6,0,1
165,21,11,12,1,1,0,0
158,47,16,21,1,1,0,0
219,37,47,39,1,4,0,0
262,65,20,28,1,1,0,0
287,68,19,27,1,1,0,1
286,74,46,42,1,7,0,1
294,140,38,87,1,4,0,0
316,210,20,45,1,10,0,0
261,299,62,53,1,4,1,0
50,229,64,90,1,4,0,0
55,192,61,54,1,7,0,0
80,146,24,42,1,10,0,1
51,90,13,20,1,2,0,1
57,76,13,26,1,1,0,1
55,85,16,29,1,1,0,1
