90,312,29,29,1,1,0,1
104,318,26,26,1,1,0,1
117,322,25,24,1,1,0,0
23,256,14,26,1,1,0,0
6,220,8,25,1,1,0,0
24,206,7,22,1,2,0,0
15,160,3,25,1,1,0,0
13,146,5,21,1,10,0,0
5,165,2,23,1,1,0,0
3,166,2,20,1,1,0,0
48,92,11,25,1,1,0,1
51,92,11,25,1,1,0,0
80,70,14,20,1,2,0,1
84,67,14,21,1,2,0,1
89,62,19,23,1,2,0,1
116,52,17,19,1,2,0,0
124,50,15,18,1,2,0,1
137,45,15,18,1,2,0,0
92,111,16,45,1,1,0,0
337,144,9,27,1,1,0,0
294,80,18,36,1,1,0,0
288,75,18,36,1,1,0,1
281,63,15,22,1,1,0,0
270,54,17,26,1,1,0,1
253,52,18,25,1,1,0,0
17,88,4,9,1,1,0,0
15,89,5,10,1,1,0,1
18,87,4,9,1,2,0,1
18,89,5,11,1,1,0,0
25,80,6,12,1,1,0,0
9,105,4,13,1,1,0,0
9,109,3,7,1,1,0,1
19,84,5,10,1,1,0,0
21,82,5,11,1,1,0,0
24,76,8,11,1,3,0,1
35,69,9,11,1,3,0,0
13,94,4,10,1,1,0,1
13,95,4,8,1,1,0,1
13,97,4,10,1,1,0,0
16,88,3,7,1,2,0,1
20,82,4,8,1,1,0,1
32,71,4,8,1,2,0,0
29,74,4,9,1,2,0,1
179,37,13,16,1,2,0,0
233,36,13,14,1,2,0,0
69,51,9,12,1,1,0,1
93,40,6,5,1,2,0,1
94,37,9,11,1,1,0,1
119,24,11,10,1,1,0,1
96,35,29,16,1,7,0,2
110,34,7,8,1,1,0,1
198,18,7,9,1,1,0,1
186,17,9,8,1,1,0,1
218,16,53,18,1,4,0,0
331,63,14,18,1,1,0,0
360,89,9,20,1,1,0,0
254,40,21,13,1,10,0,0
255,38,20,12,1,10,0,2
271,39,20,15,1,10,0,0
280,34,12,14,1,1,0,0
304,38,11,13,1,1,0,0
298,37,10,9,1,2,0,0
303,60,11,13,1,1,0,0
296,51,14,19,1,1,0,0
319,47,9,12,1,1,0,0
324,49,10,14,1,1,0,1
329,51,8,11,1,1,0,1
314,32,20,17,0,0,0,0
334,52,7,9,1,2,0,0
333,47,8,11,1,1,0,1
343,58,8,12,1,1,0,0
351,64,6,8,1,2,0,1
352,60,8,13,1,1,0,0
338,50,10,13,1,1,0,1
349,55,7,10,1,1,0,1
366,74,3,6,1,2,0,1
368,77,3,5,1,1,0,1
365,83,9,16,1,1,0,0
367,82,6,11,1,1,0,1
367,82,8,13,1,1,0,1
372,90,7,15,1,1,0,0
375,93,7,15,1,1,0,0
374,91,6,15,1,1,0,2
382,229,7,17,1,2,0,0
385,231,6,17,1,2,0,0
388,225,6,15,1,2,0,1
391,138,5,22,1,1,0,1
399,125,4,13,1,1,0,0
399,123,4,14,1,1,0,2
386,94,5,12,1,1,0,0
393,103,4,11,1,1,0,1
390,101,4,8,1,2,0,0
389,99,3,8,1,2,0,1
375,86,6,12,1,1,0,0
378,87,6,13,1,1,0,0
368,70,4,7,1,2,0,0
367,72,7,12,1,1,0,1
380,88,6,12,1,1,0,0
375,77,4,7,1,2,0,1
374,77,4,6,1,2,0,2
375,84,6,13,1,1,0,1
370,76,6,11,1,1,0,1
371,78,6,10,1,1,0,1
373,79,6,12,1,1,0,1
