193,5,38,15,0,0,0,0
205,16,32,17,0,0,0,0
239,17,44,31,0,0,0,0
154,18,20,12,0,0,0,0
401,193,5,18,1,5,1,1
380,244,18,30,1,4,1,1
352,255,35,52,1,4,0,0
304,314,15,18,1,1,0,0
303,311,17,18,1,1,0,1
283,291,43,41,1,4,0,1
356,242,25,38,1,4,0,0
371,217,19,32,1,4,0,0
393,203,3,16,1,1,0,0
394,197,8,21,1,5,0,1
25,266,11,21,1,1,0,2
9,243,20,41,1,4,1,0
9,182,8,22,1,4,0,0
386,199,3,16,1,1,0,0
387,201,3,13,1,10,0,1
387,197,4,17,1,2,0,0
379,200,7,12,1,10,0,0
384,172,2,10,1,10,0,1
372,216,9,15,1,10,0,1
375,211,5,16,1,2,0,0
359,186,14,26,1,4,0,1
341,165,13,33,1,5,0,1
358,167,16,24,1,4,0,1
329,132,6,15,1,1,0,2
352,130,5,15,1,2,0,1
343,117,11,15,1,10,0,1
329,106,21,21,1,4,0,1
317,96,17,19,1,4,0,1
310,85,7,13,1,1,0,0
305,79,20,18,1,4,0,1
345,99,7,10,1,3,0,1
322,86,11,12,1,10,0,1
302,69,13,16,1,5,0,1
297,65,19,16,1,5,0,1
291,63,17,12,1,4,0,2
275,53,5,6,1,3,0,1
274,52,6,6,1,2,0,0
259,43,25,11,1,4,0,1
235,40,26,9,1,4,0,1
242,45,16,10,1,4,0,0
246,60,21,12,1,4,0,0
265,88,21,18,1,4,0,0
191,27,9,4,1,4,0,0
207,32,10,4,1,4,0,0
218,37,4,6,1,1,0,0
237,37,11,7,1,4,0,1
213,49,16,8,1,4,0,0
203,39,13,6,1,4,0,0
233,34,10,5,1,4,0,1
198,61,21,16,1,5,0,0
201,116,30,34,1,5,0,0
227,33,5,4,1,3,0,1
227,32,4,4,1,2,0,0
221,34,3,3,1,2,0,0
221,34,3,4,1,10,0,1
180,33,11,7,1,4,0,1
173,38,13,7,1,4,0,1
180,41,12,7,1,4,0,0
167,32,17,5,1,4,0,0
180,23,5,2,1,4,0,1
194,21,6,3,1,4,0,1
174,30,4,2,1,10,0,1
174,29,4,3,1,2,0,0
131,36,9,6,1,4,0,1
142,32,9,5,1,4,0,1
143,31,8,4,1,4,0,1
108,51,13,10,1,4,0,0
101,52,11,10,1,4,0,1
87,64,17,17,1,4,0,0
77,63,21,15,1,4,0,2
75,79,14,14,1,4,0,1
146,43,14,8,1,4,0,0
152,38,14,9,1,4,0,1
195,20,4,1,1,4,0,0
143,100,29,27,1,4,0,0
225,192,38,40,1,4,0,0
92,135,32,38,1,4,0,0
132,155,47,63,1,5,0,0
114,79,7,11,1,10,0,0
111,76,10,14,1,1,0,0
89,110,8,15,1,10,0,1
88,107,9,16,1,2,0,1
