17,146,2,6,1,1,0,0
20,148,2,5,1,1,0,0
9,219,1,7,1,1,0,0
7,202,1,7,1,1,0,0
7,202,1,6,1,1,0,0
8,201,1,7,1,1,0,0
9,201,0,7,1,1,0,0
7,197,0,6,1,1,0,0
8,195,1,6,1,1,0,0
9,192,0,5,1,1,0,0
34,239,11,19,1,4,0,0
9,189,1,4,1,1,0,0
9,192,0,6,1,1,0,0
7,191,1,4,0,0,0,0
9,204,1,5,1,1,0,0
9,204,0,6,1,1,0,0
8,212,1,7,1,1,0,0
8,210,1,6,1,1,0,0
8,210,1,7,1,1,0,0
14,190,1,7,1,1,0,0
11,192,0,7,1,1,0,0
10,198,0,5,1,1,0,0
10,194,1,3,0,0,0,0
12,202,1,7,1,1,0,0
11,200,1,5,1,1,0,0
12,205,1,7,1,1,0,0
10,209,1,7,1,1,0,0
10,206,1,6,1,1,0,0
11,205,1,7,1,1,0,0
10,200,1,6,1,1,0,0
11,200,0,6,1,1,0,0
11,208,1,8,1,1,0,0
11,208,1,7,1,1,0,0
12,190,1,6,1,1,0,0
17,188,0,7,1,1,0,0
21,188,0,7,1,1,0,0
20,191,0,7,1,1,0,0
18,196,1,7,1,1,0,0
17,197,1,8,1,1,0,0
18,199,0,5,1,1,0,0
18,244,3,9,1,1,0,0
15,238,3,8,1,1,0,0
10,225,1,8,1,1,0,0
9,232,1,7,1,1,0,0
10,236,1,6,1,2,0,0
12,237,2,8,1,1,0,0
12,230,2,9,1,1,0,0
13,230,2,9,1,1,0,0
14,240,2,8,1,1,0,0
15,240,2,7,1,1,0,0
14,234,3,12,1,1,0,0
15,234,2,7,1,1,0,0
8,237,2,7,1,1,0,0
8,235,1,8,1,1,0,0
6,234,2,8,1,1,0,0
20,257,3,9,1,1,0,0
24,264,3,10,1,1,0,0
25,262,4,8,1,3,0,1
25,259,5,7,1,3,0,1
29,267,4,8,0,0,0,0
30,270,4,9,1,3,0,1
17,230,2,8,1,1,0,2
15,218,17,43,1,9,0,1
11,249,2,8,1,1,0,0
7,246,3,8,1,1,0,0
9,255,3,10,1,1,0,0
7,251,3,9,1,1,0,0
14,260,4,10,1,1,0,0
15,260,3,10,1,1,0,0
16,263,4,10,1,1,0,0
20,270,5,12,1,1,0,0
21,271,5,12,1,1,0,1
39,291,8,13,1,1,0,0
39,290,7,13,1,1,0,1
50,297,9,15,1,1,0,0
21,283,4,8,1,1,0,0
23,287,3,7,1,1,0,0
23,291,4,8,1,1,0,1
26,295,4,8,1,1,0,0
25,292,5,9,1,1,0,0
23,292,5,9,1,1,0,0
24,295,4,8,1,1,0,0
24,296,4,8,1,1,0,0
23,296,4,7,1,1,0,0
54,317,17,18,1,4,0,1
46,309,11,13,1,4,0,2
38,285,10,12,1,4,0,2
60,308,9,14,1,1,0,0
55,290,20,25,1,4,0,0
70,319,11,13,1,1,0,0
81,331,6,6,1,1,0,1
78,327,8,9,1,1,0,0
72,319,11,14,1,1,0,1
79,321,13,15,1,1,0,0
87,326,12,14,1,1,0,0
79,319,10,13,1,1,0,0
104,332,13,15,1,1,0,0
132,350,13,11,1,1,0,0
93,355,21,14,1,4,1,0
95,347,21,14,1,4,0,2
125,362,32,16,1,4,0,0
191,381,8,4,1,1,0,0
225,383,10,4,1,3,0,0
228,382,11,3,1,3,0,0
217,378,29,5,0,0,0,0
242,382,8,5,1,1,0,0
247,381,8,5,1,1,0,1
102,329,22,15,1,4,0,1
158,350,25,14,1,4,0,1
209,363,9,8,1,1,0,0
247,352,10,10,1,1,0,0
207,358,8,6,1,1,0,0
216,355,9,8,1,1,0,0
216,339,8,10,1,1,0,0
98,312,27,21,1,4,0,0
129,324,28,19,1,4,0,0
120,304,27,21,1,4,0,0
113,283,26,22,1,4,0,0
37,257,4,10,1,2,0,0
38,261,4,9,1,10,0,1
46,263,15,21,1,4,0,0
60,257,19,28,1,4,0,0
44,244,4,12,1,1,0,0
35,235,3,8,1,1,0,0
37,232,3,10,1,1,0,0
25,206,14,22,1,9,0,1
49,227,4,11,1,2,0,0
49,232,4,8,1,10,0,1
52,217,3,10,1,2,0,0
51,222,4,8,1,10,0,1
29,197,12,16,1,9,0,2
60,211,3,12,1,2,0,0
60,217,4,10,1,10,0,1
58,181,9,14,1,4,0,0
64,171,9,14,1,1,0,0
75,173,3,12,1,1,0,0
73,179,5,9,1,10,0,1
66,215,14,20,1,4,0,0
80,217,17,23,1,4,0,0
69,193,11,20,1,4,0,0
70,161,10,14,1,4,0,1
91,171,13,19,1,4,0,0
104,175,14,24,1,5,0,0
103,143,13,17,1,4,0,0
122,133,15,16,1,4,0,0
72,148,12,14,0,0,0,0
80,134,11,15,0,0,0,0
85,150,7,20,0,0,0,0
144,294,29,21,1,4,0,0
117,264,26,23,1,4,0,0
147,271,28,23,1,4,0,0
160,302,58,49,1,9,0,0
169,251,52,61,1,9,0,1
132,239,26,24,1,4,0,0
166,239,26,25,1,4,0,1
143,218,24,23,1,4,0,0
152,196,24,25,1,4,0,0
165,173,24,21,1,4,0,0
176,218,28,23,1,4,0,0
217,222,22,21,1,4,0,0
188,191,24,18,1,4,0,0
227,205,26,22,1,4,0,0
228,186,20,19,1,4,0,0
254,186,18,18,1,4,0,0
154,112,18,14,1,4,0,0
152,99,17,10,1,4,0,2
120,112,5,10,1,1,0,0
110,118,5,10,1,1,0,0
112,112,6,11,1,1,0,0
97,99,5,9,1,1,0,1
82,102,5,10,1,1,0,0
84,102,6,10,1,1,0,0
75,111,5,10,1,1,0,0
217,83,37,7,0,0,0,0
137,83,64,12,0,0,0,0
167,69,12,8,1,4,0,0
165,81,11,7,1,4,0,1
181,77,13,7,1,4,0,0
196,79,13,5,1,4,0,1
147,64,21,22,0,0,0,0
198,69,12,6,1,4,0,0
214,70,10,5,1,4,0,0
192,57,13,11,1,9,0,0
158,47,32,14,0,0,0,0
209,64,10,5,1,4,0,0
221,65,10,5,1,4,0,0
220,61,7,4,1,4,0,0
219,56,10,5,1,4,0,0
233,56,8,5,1,4,0,0
215,54,7,4,1,4,0,0
196,53,9,4,1,4,0,0
245,54,14,10,1,9,0,0
226,76,12,8,0,0,0,0
231,72,13,6,0,0,0,0
236,64,14,8,0,0,0,0
252,68,9,6,1,4,0,0
246,72,12,7,1,4,0,0
244,78,12,7,1,4,0,0
198,108,18,12,1,4,0,0
230,115,20,15,1,4,0,0
222,127,19,15,1,4,0,2
201,131,37,48,1,9,0,1
251,97,26,19,1,9,0,2
254,131,22,17,1,4,0,1
246,139,21,16,1,4,0,1
243,148,17,13,1,4,0,1
243,161,18,13,1,4,0,1
244,171,18,17,1,4,0,1
304,335,14,15,1,1,0,0
289,340,11,11,1,1,0,1
315,324,10,11,1,2,0,0
313,329,10,8,1,3,0,1
316,317,8,12,1,1,0,0
312,318,8,11,1,1,0,0
307,318,9,13,1,1,0,0
283,323,9,11,1,2,0,0
281,329,8,8,1,3,0,1
292,322,8,8,1,2,0,0
290,324,10,10,1,3,0,1
242,300,23,16,0,0,0,0
296,310,8,11,1,1,0,0
306,303,9,15,1,1,0,0
310,303,9,14,1,1,0,0
327,280,9,14,1,1,0,0
255,270,24,26,0,0,0,0
270,218,21,52,0,0,0,0
281,268,12,12,1,2,0,0
298,254,7,18,1,1,0,0
291,254,8,20,1,1,0,0
316,270,8,15,1,2,0,0
315,276,7,12,1,3,0,1
331,280,8,15,1,1,0,0
340,258,8,17,1,1,0,0
352,263,6,13,1,1,0,0
351,261,6,14,1,1,0,2
316,254,8,13,1,2,0,0
316,261,7,11,1,3,0,0
323,255,6,11,1,2,0,0
323,261,5,10,1,3,0,0
335,243,6,17,1,1,0,0
337,243,7,17,1,1,0,0
340,243,6,16,1,1,0,0
351,197,4,15,1,1,0,0
354,195,3,17,1,1,0,0
303,219,6,20,1,1,0,0
297,220,6,21,1,1,0,0
293,222,6,21,1,1,0,0
294,208,7,16,1,1,0,0
343,200,3,17,1,1,0,0
346,199,4,15,1,1,0,0
345,196,3,15,1,1,0,0
341,197,4,19,1,1,0,0
366,195,2,16,1,1,0,0
305,195,4,20,1,1,0,0
283,182,19,26,0,0,0,0
310,199,4,16,1,1,0,0
307,181,4,14,1,1,0,0
315,195,3,15,1,1,0,0
311,195,5,16,1,1,0,1
308,99,6,10,1,1,0,0
325,121,7,12,0,0,0,0
315,151,6,15,1,1,0,0
299,148,6,16,1,1,0,0
275,146,16,22,0,0,0,0
293,162,6,16,1,1,0,0
322,191,5,14,1,2,0,0
322,198,5,11,1,3,0,0
321,181,4,13,1,1,0,0
324,175,4,16,1,1,0,0
329,187,3,10,1,1,0,0
330,195,5,12,1,1,0,0
330,201,4,14,1,2,0,0
329,205,5,13,1,3,0,1
330,170,5,15,0,0,0,0
340,170,5,15,1,1,0,0
345,170,4,17,1,1,0,0
327,137,9,19,0,0,0,0
338,130,5,12,1,1,0,0
340,130,5,11,1,1,0,0
334,131,9,30,0,0,0,0
347,126,3,9,1,1,0,0
346,134,4,10,1,1,0,0
345,158,5,14,1,1,0,0
348,134,4,9,1,1,0,0
348,128,4,9,1,1,0,0
346,147,10,18,1,4,0,0
350,165,6,14,0,0,0,0
347,139,10,16,1,4,0,2
331,120,14,12,0,0,0,0
182,67,6,7,0,0,0,0
260,77,14,11,1,5,0,0
264,71,10,6,1,4,0,0
274,74,10,6,1,4,0,0
279,85,12,8,1,4,0,0
295,91,16,10,1,4,0,1
296,87,17,11,1,4,0,1
295,84,19,11,1,4,0,0
283,72,9,5,1,4,0,0
285,65,12,11,1,9,0,1
267,68,8,5,1,4,0,1
259,59,8,6,1,4,0,0
260,58,8,4,1,4,0,0
269,61,8,5,1,4,0,0
267,64,9,6,1,4,0,0
276,54,12,9,1,9,0,0
207,27,39,30,0,0,0,0
241,32,24,12,0,0,0,0
252,42,65,25,0,0,0,0
262,53,7,4,1,4,0,0
270,54,7,4,1,4,0,0
303,62,11,7,1,4,0,1
301,65,29,21,0,0,0,0
314,79,12,9,1,4,0,1
311,80,7,6,1,4,0,0
311,85,24,22,0,0,0,0
333,90,11,22,0,0,0,0
