60,245,16,19,1,2,0,0
95,234,17,26,1,1,0,0
102,227,16,26,1,1,0,0
109,203,19,32,1,1,0,0
118,277,21,23,1,10,0,0
126,236,16,27,1,1,0,0
253,215,16,27,1,1,0,0
269,223,19,26,1,1,0,0
321,234,15,23,1,1,0,0
341,192,10,25,1,1,0,0
349,210,8,19,1,1,0,0
360,193,7,19,1,1,0,0
366,198,6,16,1,1,0,0
368,197,6,18,1,1,0,0
369,172,4,17,1,1,0,0
377,139,3,14,1,1,0,0
378,137,2,11,1,2,0,1
371,135,3,16,1,1,0,1
373,144,3,13,1,1,0,1
353,113,6,16,1,1,0,0
352,115,5,16,1,1,0,0
350,118,5,18,1,1,0,0
348,110,6,16,1,1,0,1
290,143,7,30,1,1,0,0
287,123,10,26,1,1,0,0
291,94,12,25,1,1,0,0
279,72,14,23,1,1,0,0
246,111,13,31,1,1,0,0
238,104,12,28,1,1,0,0
228,109,11,32,1,1,0,0
180,96,11,25,1,1,0,0
168,92,11,30,1,1,0,0
78,111,12,27,1,1,0,0
126,65,13,21,1,1,0,0
203,65,9,12,1,1,0,0
215,47,12,19,1,1,0,0
205,50,7,15,1,1,0,0
191,45,11,17,1,1,0,0
175,37,5,8,1,1,0,0
156,40,9,14,1,1,0,0
47,120,11,24,1,1,0,0
19,123,6,18,1,1,0,0
18,125,5,15,1,1,0,1
50,91,8,16,1,1,0,1
52,89,9,21,1,1,0,0
12,171,4,16,1,1,0,0
11,170,4,16,1,1,0,1
17,84,6,13,1,1,0,0
7,99,5,15,1,1,0,0
27,84,6,12,1,2,0,0
31,77,9,14,1,2,0,0
83,39,9,12,1,1,0,0
86,25,8,8,1,1,0,0
69,32,7,9,1,1,0,0
68,38,8,9,1,1,0,0
82,35,5,7,1,2,0,0
79,37,5,5,1,2,0,1
242,24,8,11,1,1,0,0
