46,262,52,63,1,4,0,0
50,201,39,59,1,5,0,1
308,218,41,65,1,4,0,0
374,182,13,36,1,4,0,0
259,134,42,66,1,4,0,0
247,239,42,58,1,8,0,0
310,94,29,48,1,5,0,0
288,59,28,27,1,4,0,0
78,101,36,50,1,4,0,0
95,75,36,37,1,4,0,1
49,94,31,32,1,4,0,0
52,78,41,35,1,4,0,1
26,129,28,34,1,4,0,1
24,148,21,30,1,4,0,2
9,214,4,15,1,1,0,0
8,210,4,19,1,1,0,1
11,149,9,27,1,4,0,2
11,120,15,33,1,5,0,0
4,147,3,10,1,10,0,0
24,122,5,15,1,1,0,0
26,121,5,15,1,1,0,0
31,122,6,18,1,1,0,0
30,123,5,17,1,1,0,0
22,118,5,12,1,10,0,2
23,115,4,11,1,2,0,1
42,96,6,13,1,1,0,0
55,57,43,36,1,6,0,2
244,97,14,23,1,10,0,2
238,70,15,18,1,10,0,2
243,90,15,21,1,2,0,2
238,67,12,16,1,2,0,1
239,66,12,15,1,2,0,2
393,143,7,19,1,4,0,1
395,167,2,13,1,10,0,1
395,165,2,11,1,2,0,1
397,157,1,9,1,1,0,0
394,150,3,14,1,1,0,0
364,85,5,9,1,10,0,2
364,85,5,8,1,2,0,1
363,83,5,8,1,2,0,2
267,21,15,10,1,4,0,0
271,21,9,5,1,10,0,1
273,20,6,5,1,2,0,1
50,57,20,19,1,4,0,0
72,31,52,32,1,6,0,1
122,29,9,9,1,1,0,0
106,38,8,9,1,1,0,0
99,41,8,10,1,1,0,1
102,40,8,9,1,1,0,1
151,21,37,14,1,5,0,0
168,16,18,7,1,4,0,1
176,12,15,6,1,4,0,1
190,12,6,5,1,1,0,1
183,7,11,4,1,4,0,1
188,5,11,4,1,4,0,1
193,3,10,3,1,4,0,1
201,1,3,3,1,1,0,1
197,1,8,2,1,4,0,1
210,1,5,2,1,7,0,2
211,1,3,2,1,2,0,2
232,9,3,2,1,10,0,2
241,7,5,2,1,10,0,2
232,8,4,3,1,2,0,1
242,6,3,3,1,2,0,2
222,1,16,3,1,4,1,2
