19,245,37,58,1,4,0,2
374,223,17,43,1,1,0,0
374,205,15,42,1,1,0,0
354,219,21,51,1,1,0,0
355,214,20,51,1,1,0,2
54,263,28,41,1,1,0,1
32,228,21,47,1,1,0,0
33,215,23,55,1,1,0,1
6,195,9,38,1,1,0,0
2,187,6,32,1,1,0,0
4,175,3,29,1,1,0,1
1,176,1,11,1,1,0,1
1,170,1,11,1,1,0,1
2,172,1,13,1,1,0,1
3,168,1,9,1,2,0,1
1,160,2,14,1,2,0,1
2,157,1,13,1,1,0,1
1,157,1,8,1,1,1,1
1,161,1,10,1,1,0,2
4,172,1,11,1,1,0,2
4,169,1,11,1,1,0,2
5,168,1,15,1,1,0,2
5,165,1,16,1,1,0,1
4,156,2,14,1,1,0,1
8,158,3,10,1,2,0,0
9,143,3,15,1,1,0,0
11,138,3,13,1,1,0,0
6,168,7,23,1,4,0,2
12,175,10,21,1,4,0,1
26,154,14,38,1,4,0,0
41,145,22,46,1,4,0,0
16,136,11,29,1,4,0,1
22,135,14,30,1,4,0,0
3,142,2,9,1,2,0,1
2,147,3,8,1,3,0,1
4,136,2,7,1,1,0,1
3,139,3,8,1,3,0,1
5,135,2,11,1,1,0,1
5,135,3,12,1,1,0,0
8,131,3,11,1,2,0,1
7,135,3,9,1,3,0,1
15,102,3,7,1,1,0,0
15,102,3,7,1,1,0,1
12,116,3,10,1,1,0,0
12,117,3,10,1,1,0,0
13,115,4,11,1,1,0,0
12,122,4,10,1,2,0,1
12,128,3,7,1,3,0,1
14,124,3,8,1,2,0,1
13,130,3,7,1,3,0,1
14,127,3,11,1,1,0,1
14,137,3,9,1,3,0,0
14,133,3,6,1,3,0,1
15,131,3,7,1,3,0,1
16,129,3,8,1,3,0,1
17,127,4,9,1,3,0,1
21,119,5,15,1,1,0,0
24,112,7,12,0,0,0,0
16,108,4,10,1,1,0,0
18,98,4,8,1,1,0,0
20,97,4,8,1,1,0,0
25,93,4,9,1,1,0,0
24,91,4,8,1,1,0,0
28,89,3,6,1,1,0,0
29,88,3,6,1,1,0,2
28,88,3,6,1,1,0,2
38,78,4,6,1,1,0,0
40,74,3,8,1,1,0,0
41,74,4,8,1,1,0,0
43,72,4,8,1,1,0,0
43,73,4,7,1,1,0,2
44,71,6,9,1,1,0,0
19,110,4,9,1,2,0,2
18,116,3,8,1,3,0,1
30,93,4,8,1,2,0,1
29,96,4,8,1,3,0,1
33,89,4,8,1,2,0,1
32,93,4,6,1,3,0,1
40,81,4,7,1,2,0,1
39,86,3,5,1,3,0,1
44,75,4,7,1,1,0,0
45,76,4,7,1,2,0,1
44,80,3,5,1,10,0,1
26,107,17,29,1,4,0,0
37,103,18,28,1,4,0,0
41,88,15,21,1,4,0,0
30,97,6,12,1,1,0,0
33,92,6,12,1,1,0,0
36,91,5,11,1,1,0,1
39,88,4,10,1,1,0,1
37,89,4,9,1,1,0,1
41,82,5,10,1,1,0,1
48,75,4,6,1,2,0,1
47,78,4,6,1,10,0,1
50,70,5,6,1,2,0,1
50,72,4,6,1,10,0,2
50,76,6,9,1,2,0,1
47,79,7,8,1,10,0,1
53,72,5,8,1,1,0,1
55,68,6,10,1,1,0,1
56,70,4,8,1,1,0,1
58,68,4,8,1,1,0,1
59,66,5,7,1,1,0,1
60,66,4,8,1,1,0,1
53,87,26,35,1,4,0,0
76,77,32,37,1,4,0,0
54,69,26,33,1,5,0,0
83,64,29,29,1,4,0,1
74,66,24,25,1,4,0,1
56,69,17,19,1,4,0,1
68,59,17,16,1,4,0,1
77,57,20,18,1,4,0,1
95,49,23,18,1,4,0,0
119,42,22,17,1,4,0,0
131,34,21,13,1,4,0,1
140,29,19,10,1,4,0,1
108,40,19,14,1,4,0,1
126,30,18,11,1,4,0,0
90,31,34,29,1,9,0,1
73,37,35,31,1,9,0,1
65,61,6,8,1,1,0,1
70,50,3,5,1,2,0,1
69,53,3,3,1,3,0,1
75,48,5,6,1,2,0,1
75,50,4,4,1,3,0,1
82,43,4,5,1,1,0,0
84,42,5,5,1,1,0,0
86,40,5,7,1,1,0,0
105,29,5,5,1,1,0,0
109,26,5,5,1,1,0,0
112,23,5,4,1,1,0,0
106,7,43,18,0,0,0,0
117,32,14,9,1,4,0,1
123,26,15,10,1,4,0,1
135,24,15,9,1,4,0,1
113,20,25,16,1,9,0,1
126,15,23,13,1,9,0,1
144,10,16,9,1,1,0,1
131,23,14,7,1,4,0,1
145,21,13,7,1,4,0,1
151,19,11,6,1,4,0,2
139,21,11,5,1,4,0,2
141,19,11,6,1,4,0,2
149,17,8,4,1,4,0,2
153,18,12,5,1,4,0,2
161,15,11,5,1,4,0,2
157,14,9,5,1,4,0,2
167,13,11,4,1,4,0,1
146,14,15,5,1,4,0,1
159,11,9,5,1,4,0,1
169,11,9,4,1,4,0,1
172,11,6,2,1,4,0,1
166,10,5,3,1,4,0,1
165,10,7,3,1,4,0,2
167,9,7,3,1,4,0,2
168,8,6,3,1,4,0,2
176,9,7,3,1,4,0,1
175,9,6,2,1,4,0,2
177,8,6,2,1,4,0,2
185,8,8,4,1,4,0,0
140,55,32,23,1,4,0,2
94,116,39,45,1,4,0,0
148,121,50,50,1,4,0,0
238,101,42,46,1,4,0,0
211,49,30,19,1,4,0,0
189,39,24,14,1,4,0,0
175,29,18,8,1,4,0,0
156,1,63,8,0,0,0,0
202,6,7,2,1,4,0,2
199,13,11,4,1,4,0,0
194,19,13,5,1,4,0,0
212,14,13,8,1,9,0,0
234,17,11,4,1,4,0,0
230,12,9,4,1,4,0,0
212,6,7,3,1,5,0,1
228,7,13,4,1,4,0,1
252,16,5,4,1,1,0,0
258,21,5,5,1,1,0,0
255,17,13,6,0,0,0,0
250,33,22,11,1,4,0,1
259,39,24,16,1,4,0,0
273,76,12,16,1,2,0,1
273,82,10,16,1,10,0,1
292,87,29,32,1,4,0,0
304,116,28,37,1,4,0,0
309,148,26,41,1,4,0,0
322,94,9,16,1,3,0,1
327,93,9,17,1,4,0,0
333,118,8,18,1,2,0,1
332,128,8,29,1,1,0,0
340,133,7,17,1,2,0,0
341,142,6,16,1,3,0,1
346,150,6,17,1,2,0,1
348,164,5,15,1,3,0,1
365,82,5,8,1,1,0,0
363,85,5,10,1,1,0,1
361,83,5,10,1,1,0,1
363,90,4,10,1,1,0,0
364,89,5,11,1,1,0,0
372,91,4,8,1,1,0,0
373,92,3,7,1,1,0,2
373,89,3,7,1,1,0,1
374,90,3,7,1,1,0,0
378,96,4,8,1,1,0,0
380,96,3,8,1,1,0,0
386,104,3,7,1,1,0,1
384,103,3,8,1,1,0,2
381,98,4,7,1,1,0,1
381,97,3,7,1,1,0,1
383,101,3,7,1,1,0,1
382,99,3,7,1,1,0,1
357,93,7,15,1,1,0,1
361,104,7,16,1,1,0,0
362,101,15,27,1,4,0,1
378,122,5,14,1,1,0,0
343,125,10,12,1,3,0,1
347,128,11,15,1,3,0,1
350,124,8,20,1,1,0,0
356,128,6,17,1,1,0,2
356,128,6,22,1,1,0,0
360,131,5,19,1,1,0,0
348,114,11,14,1,10,0,1
359,123,4,10,1,3,0,1
362,125,5,15,1,3,0,0
361,117,6,16,1,1,0,1
364,121,5,19,1,1,0,0
366,125,6,19,1,1,0,0
395,177,4,30,1,1,0,1
394,181,3,20,1,1,0,2
392,180,3,22,1,1,0,2
392,177,3,21,1,1,0,1
387,189,4,20,1,1,0,1
384,187,5,24,1,1,0,1
387,182,2,17,1,1,0,2
389,184,3,21,1,1,0,2
390,166,2,19,1,1,0,1
375,172,3,21,1,1,0,0
372,171,4,21,1,1,0,1
372,162,3,22,1,1,0,1
376,141,5,21,1,1,0,0
380,144,3,19,1,1,0,0
383,148,3,16,1,1,0,0
385,148,3,18,1,1,0,0
370,124,5,18,1,1,0,0
370,121,5,17,1,1,0,1
375,133,5,15,1,1,0,1
381,141,3,16,1,1,0,0
383,141,3,15,1,1,0,1
380,135,4,14,1,1,0,1
378,134,3,12,1,1,0,1
379,132,3,10,1,1,0,1
376,129,4,14,1,1,0,1
383,132,3,11,1,2,0,1
384,138,3,10,1,3,0,2
383,136,3,14,1,1,0,1
373,119,5,14,1,1,0,1
