405,165,2,9,1,10,0,0
397,157,4,12,1,10,0,0
398,154,2,14,1,2,0,0
392,137,4,15,1,1,0,1
382,171,17,36,1,6,0,0
391,177,3,14,1,1,0,0
388,172,2,16,1,1,0,1
382,173,3,19,1,1,0,1
376,194,4,21,1,1,0,0
379,193,3,14,1,2,0,1
381,190,4,16,1,1,0,0
365,116,25,40,1,5,0,0
332,103,40,46,1,5,0,0
332,111,12,29,1,1,0,1
325,189,38,40,1,7,0,0
339,185,9,24,1,2,0,1
326,179,10,20,1,2,0,1
296,124,14,20,1,2,0,0
271,102,17,37,1,1,0,0
260,104,17,36,1,1,0,0
244,100,20,41,1,1,0,0
259,154,22,44,1,1,0,0
259,144,21,46,1,1,0,1
233,222,22,25,1,2,0,1
141,187,22,47,1,1,0,0
131,209,21,43,1,1,0,0
71,235,115,72,1,4,0,1
35,199,10,31,1,1,0,0
22,205,7,24,1,1,0,0
12,203,18,37,1,7,0,0
30,189,30,42,1,7,0,1
110,88,77,49,1,7,0,0
95,109,15,35,1,1,0,1
79,132,18,36,1,2,0,0
77,146,10,22,1,2,0,0
76,130,26,41,1,10,0,1
52,169,21,27,1,10,0,0
57,165,10,27,1,2,0,0
60,139,10,34,1,1,0,1
60,128,10,31,1,1,0,1
56,101,50,53,1,7,0,1
49,131,15,31,1,3,0,0
21,121,33,47,1,8,0,1
19,144,5,23,1,1,0,0
17,159,3,21,1,2,0,0
15,163,6,18,1,10,0,1
6,144,4,17,1,1,0,0
5,133,4,16,1,1,0,0
7,128,5,16,1,1,0,0
7,115,4,11,1,2,0,0
6,116,5,13,1,10,0,1
27,77,27,35,1,5,0,0
262,50,64,44,1,4,0,1
22,72,15,21,1,4,0,0
36,59,32,35,1,4,0,1
81,31,46,34,1,5,0,1
25,71,4,8,1,1,0,0
48,54,7,8,1,2,0,0
50,54,6,7,1,2,0,0
46,54,10,10,1,10,0,1
62,48,10,12,1,2,0,0
60,49,13,13,1,3,0,0
96,26,10,8,1,2,0,0
103,23,8,6,1,2,0,0
108,22,7,6,1,2,0,0
92,23,24,14,1,7,0,0
143,1,38,9,1,4,1,1
139,13,9,6,1,2,0,0
136,14,8,7,1,2,0,0
130,14,19,9,1,10,0,0
237,15,55,23,1,4,0,1
228,7,19,6,1,10,0,1
361,67,19,23,1,4,0,0
379,87,15,22,1,4,0,1
297,18,24,13,1,4,1,1
271,9,25,11,1,4,1,1
