166,320,136,37,1,4,1,0
298,273,81,67,1,6,1,1
374,215,24,52,1,4,0,2
359,210,30,64,1,4,0,2
324,246,42,58,1,4,0,2
335,202,34,67,1,4,0,2
268,239,68,82,1,4,0,2
118,251,80,75,1,4,0,2
389,201,17,54,1,4,1,2
7,230,9,25,1,1,0,0
7,232,6,19,1,1,0,1
1,185,6,29,1,7,1,1
6,142,7,31,1,7,0,0
22,180,16,39,1,7,0,1
50,208,17,35,1,2,0,0
53,198,16,38,1,2,0,1
36,196,8,19,1,2,0,1
82,99,20,42,1,1,0,0
51,73,31,41,1,4,0,0
33,85,26,38,1,4,0,0
274,86,68,65,1,8,0,2
309,89,38,37,1,7,0,1
330,96,16,34,1,1,0,1
231,42,71,45,1,8,0,1
213,33,17,12,1,10,0,0
151,29,70,21,1,4,0,1
121,23,10,11,1,1,0,0
119,13,24,16,1,4,0,0
122,7,38,15,1,4,0,1
124,5,35,14,1,4,0,2
199,5,45,11,1,4,0,2
266,45,24,17,1,3,0,1
246,41,18,12,1,10,0,2
308,72,11,19,1,1,0,1
313,77,10,18,1,1,0,0
314,62,16,24,1,1,0,0
316,61,16,23,1,1,0,1
325,64,13,20,1,1,0,0
333,71,8,13,1,1,0,0
338,87,10,15,1,2,0,1
339,95,12,16,1,2,0,1
349,100,7,13,1,2,0,1
344,83,16,19,1,10,0,1
347,82,11,19,1,2,0,1
360,96,24,35,1,4,0,2
380,115,19,34,1,4,0,1
395,128,10,30,1,4,0,1
359,77,10,17,1,10,0,0
68,32,33,24,1,4,0,2
75,28,28,19,1,4,0,1
78,24,29,20,1,4,0,1
86,18,29,17,1,4,0,1
90,16,27,16,1,4,0,2
76,34,9,9,1,1,0,1
20,72,17,22,1,4,0,2
25,66,16,21,1,4,0,1
32,57,19,22,1,4,0,1
39,51,15,16,1,4,0,1
42,46,18,18,1,4,1,1
