221,312,106,77,1,9,1,0
134,363,54,25,1,4,1,0
123,333,57,37,1,5,0,0
22,273,32,49,1,4,0,0
27,184,11,29,1,4,0,0
45,151,29,34,1,4,0,0
56,125,38,39,1,4,0,0
191,174,125,65,1,6,0,0
415,203,9,28,1,6,0,0
394,217,16,34,1,4,0,1
367,188,24,33,1,4,0,0
351,160,19,31,1,8,0,0
206,137,95,50,1,4,0,0
103,87,35,28,1,4,0,0
15,158,9,21,1,4,0,2
18,149,10,23,1,4,0,2
22,144,9,17,1,4,0,2
11,138,5,12,1,4,0,1
7,146,3,9,1,4,0,1
330,336,17,17,1,1,0,0
335,339,12,11,1,2,0,1
333,335,17,18,1,10,0,2
152,108,13,19,1,1,0,1
143,113,28,21,1,10,0,1
179,100,16,22,1,1,0,1
189,106,15,16,1,1,0,1
174,108,30,18,1,10,0,2
47,111,6,11,1,1,0,1
45,112,5,12,1,1,0,1
44,116,5,10,1,3,0,2
55,94,4,8,1,1,0,1
53,96,6,9,1,10,0,2
47,114,5,10,1,3,0,2
121,45,16,10,1,4,0,0
82,75,19,20,1,4,0,0
66,83,17,20,1,6,0,0
91,69,16,15,1,4,0,1
86,69,13,14,1,4,0,0
90,63,14,13,1,4,0,1
87,63,12,11,1,4,0,1
87,61,11,10,1,4,0,1
85,60,10,10,1,4,0,1
91,56,11,9,1,4,0,1
85,54,13,12,1,6,0,0
79,58,9,8,1,4,0,1
74,63,9,9,1,4,0,1
74,66,9,9,1,4,0,1
69,64,22,27,1,9,0,1
78,65,9,9,1,4,0,2
108,41,5,6,1,7,0,0
108,42,5,4,1,1,0,1
134,35,4,4,1,1,0,0
17,140,2,7,1,1,0,1
17,141,3,8,1,10,0,2
14,110,10,20,0,0,0,0
68,59,5,5,1,5,0,0
67,62,7,7,1,4,0,1
399,113,4,9,1,5,0,0
409,134,4,10,1,4,0,1
410,138,4,10,1,4,0,1
412,144,4,10,1,4,0,2
37,87,10,16,0,0,0,0
