25,272,55,54,1,4,0,1
4,208,6,21,1,10,0,0
2,205,3,12,1,10,1,0
3,168,2,14,1,2,0,1
1,171,9,30,1,7,0,1
2,163,2,15,1,1,0,0
4,155,2,8,1,2,0,1
6,139,3,15,1,1,0,0
4,143,3,10,1,2,0,1
4,141,3,11,1,2,0,2
5,140,3,9,1,2,0,2
8,141,4,15,1,10,0,0
11,124,5,12,1,10,0,0
12,153,3,13,1,1,0,2
23,93,6,11,1,10,0,0
25,90,6,10,1,10,0,1
29,75,6,10,1,1,0,0
31,72,6,10,1,1,0,0
30,72,15,19,1,4,0,1
40,59,15,15,1,4,0,2
44,61,22,24,1,4,0,1
70,260,63,72,1,4,0,0
55,265,19,30,1,2,0,1
57,230,16,30,1,2,0,1
20,188,5,22,1,2,0,2
350,292,12,16,1,1,0,0
355,276,15,25,1,1,0,1
348,279,15,23,1,1,0,2
293,300,28,29,1,1,0,0
378,217,9,28,1,1,0,0
356,243,19,33,1,10,0,0
352,194,15,23,1,10,0,2
390,227,6,16,1,2,0,2
386,225,15,29,1,4,0,1
359,265,30,40,1,4,1,0
389,214,7,17,1,10,0,1
388,211,8,17,1,10,0,2
384,203,9,18,1,10,0,1
381,199,10,18,1,10,0,1
383,195,8,16,1,10,0,1
382,191,9,15,1,10,0,1
380,184,8,16,1,10,0,1
345,176,9,29,1,10,0,0
300,151,29,22,1,3,0,0
363,169,7,33,1,1,0,1
333,128,27,42,1,8,0,0
358,131,19,34,1,7,0,1
372,138,5,15,1,2,0,2
343,107,10,20,1,2,0,2
328,106,30,30,1,7,0,1
325,99,13,21,1,2,0,2
314,82,22,23,1,3,0,0
302,87,15,20,1,2,0,2
355,112,7,15,1,2,0,2
345,105,8,16,1,2,0,2
315,275,52,48,1,5,1,0
300,232,53,69,1,4,0,0
251,160,69,79,1,4,0,0
128,125,68,68,1,4,0,0
20,231,12,22,1,10,0,2
17,227,11,20,1,10,0,2
24,228,13,22,1,10,0,2
23,215,11,21,1,10,0,2
20,220,11,21,1,10,0,2
18,189,7,16,1,10,0,2
32,173,6,25,1,10,0,2
23,116,7,19,1,3,0,0
28,114,7,19,1,3,0,2
31,102,10,16,1,10,0,2
21,106,6,15,1,1,0,0
20,110,4,11,1,1,0,0
65,80,39,56,1,4,0,0
72,60,27,30,1,4,0,0
31,121,31,52,1,4,0,0
33,113,17,38,1,4,0,1
36,93,19,32,1,4,0,1
44,76,18,25,1,4,0,1
58,53,15,17,1,4,0,1
81,149,43,78,1,4,0,0
53,95,13,24,1,2,0,1
154,43,16,16,1,2,0,1
133,38,13,11,1,2,0,1
124,31,13,11,1,2,0,1
116,28,11,10,1,2,0,1
110,43,11,11,1,2,0,1
73,53,8,9,1,2,0,1
70,53,7,9,1,2,0,1
80,38,8,8,1,2,0,1
88,28,15,12,1,4,0,0
129,19,21,11,1,4,0,0
176,64,53,31,1,4,0,0
71,56,8,10,1,10,0,1
52,102,11,20,1,10,0,1
60,243,16,26,1,10,0,1
59,276,21,27,1,10,0,1
133,41,12,11,1,10,0,1
107,47,11,11,1,10,0,1
124,35,10,9,1,10,0,1
116,32,9,8,1,10,0,1
127,59,17,16,1,2,0,1
123,59,16,15,1,2,0,2
118,59,30,29,1,7,0,1
81,39,21,19,1,5,0,0
67,37,15,14,1,4,0,2
65,28,23,20,0,0,0,0
85,25,13,10,1,5,0,0
124,15,16,9,1,4,0,0
122,13,15,8,1,4,0,1
121,12,15,8,1,4,0,2
116,11,13,8,1,4,0,0
116,17,7,6,1,1,0,0
148,11,38,11,1,4,0,1
180,15,6,6,1,1,0,0
190,14,6,6,1,1,0,0
195,13,6,6,1,1,0,0
204,48,32,12,1,10,0,2
139,0,64,18,0,0,0,0
226,20,8,7,1,1,0,2
234,23,8,6,1,1,0,2
204,15,8,5,1,10,0,1
210,15,10,5,1,10,0,1
227,15,11,4,1,3,0,1
153,48,12,15,1,3,0,1
