332,299,17,21,1,5,0,0
350,253,21,35,1,6,0,0
368,256,4,8,1,10,0,0
359,232,16,19,0,11,0,1
384,163,8,26,1,6,0,0
212,350,12,8,1,4,0,2
237,317,33,14,1,4,0,1
119,340,25,12,1,4,0,1
106,317,29,16,1,4,0,0
145,343,7,5,1,10,0,2
146,345,6,3,1,2,0,1
179,322,14,16,1,4,0,0
199,294,16,21,1,4,0,0
223,272,17,26,1,4,0,2
238,331,4,3,1,1,0,0
282,305,4,4,1,1,0,0
275,303,5,3,1,1,0,0
246,286,33,26,1,4,0,2
284,269,6,6,1,1,0,0
282,267,4,5,1,1,0,0
213,269,5,10,1,10,0,1
212,272,6,6,1,2,0,0
78,228,35,31,1,4,0,2
108,197,21,44,1,4,0,1
137,202,23,46,1,4,0,0
72,182,2,6,1,1,0,0
67,179,2,6,1,1,0,0
67,174,2,3,1,1,0,0
74,147,31,24,1,4,0,2
110,99,20,38,1,4,0,1
78,110,28,23,1,4,0,2
75,121,4,5,1,1,0,0
90,74,31,23,1,4,0,2
78,107,6,10,1,1,0,0
155,60,21,31,1,4,0,0
94,65,5,6,1,1,0,0
96,52,31,23,1,4,0,1
169,20,15,15,1,4,0,0
140,21,4,3,1,1,0,0
108,33,4,4,1,1,0,0
116,24,5,4,1,1,0,0
166,10,4,3,1,10,0,1
166,10,4,3,1,2,0,1
123,19,6,4,1,1,0,0
94,22,18,12,1,4,0,2
176,4,13,9,1,4,0,0
254,147,42,25,1,4,0,2
276,79,9,13,1,10,0,1
281,81,6,8,1,1,0,1
262,37,6,4,1,1,0,0
232,35,4,5,1,1,0,0
235,36,4,3,1,1,0,0
236,23,11,4,1,3,0,0
238,20,10,4,1,10,0,0
231,16,5,2,1,2,0,0
209,12,14,10,1,4,0,0
249,8,4,3,1,1,0,0
250,6,5,3,1,1,0,1
299,24,21,12,1,4,0,1
285,16,11,10,1,7,0,1
15,198,7,14,1,4,0,0
15,185,6,11,1,4,0,0
17,146,8,12,1,4,0,0
10,164,5,12,1,5,0,0
13,134,6,19,1,4,0,0
10,139,4,16,1,4,0,1
9,189,4,18,1,4,0,1
7,188,3,19,1,4,0,1
3,185,3,16,1,4,0,1
1,187,3,17,1,4,0,1
8,141,4,15,1,5,0,0
6,142,4,17,1,4,0,0
4,144,3,17,1,6,0,0
2,147,2,7,1,10,0,0
1,187,1,16,1,4,1,1
74,34,7,6,1,1,0,0
48,41,19,20,1,5,0,1
30,64,8,9,1,4,1,1
34,67,4,7,1,10,0,0
27,74,3,5,1,10,0,0
30,73,3,5,1,10,0,1
20,74,10,15,1,5,0,1
19,76,8,14,1,4,0,1
