2,151,4,9,1,4,0,0
4,159,4,15,1,5,0,0
3,170,3,11,1,4,0,0
4,183,4,8,1,4,0,0
6,194,4,9,1,4,0,0
58,209,15,26,1,4,0,1
13,222,7,15,1,4,0,0
17,254,3,4,1,1,0,0
36,288,5,6,1,1,0,0
16,264,8,15,1,4,0,0
17,259,8,17,1,4,0,1
28,283,3,4,1,2,0,1
28,282,4,6,1,10,0,1
31,286,8,11,1,4,1,0
39,282,15,19,1,4,0,0
54,305,4,4,1,2,0,0
53,303,6,7,1,10,0,2
59,305,18,17,1,4,0,0
40,257,15,21,1,4,0,1
89,317,4,4,1,1,0,0
90,319,5,4,1,1,0,0
111,311,6,5,1,2,0,1
110,310,9,6,1,10,0,1
59,269,4,5,1,2,0,1
57,268,8,8,1,10,0,1
141,323,29,16,1,4,0,0
155,314,34,19,1,4,0,0
185,309,30,18,1,4,0,0
191,274,43,19,1,4,0,0
117,275,36,25,1,4,0,0
161,206,45,36,1,4,0,0
151,159,46,35,1,4,0,1
247,71,33,34,1,4,0,1
279,60,27,29,1,4,0,0
295,57,28,26,1,4,0,1
324,53,20,22,1,4,0,0
332,56,13,14,1,7,0,0
345,54,12,14,1,4,0,2
375,69,14,21,1,9,1,0
384,83,8,13,1,4,1,0
391,97,2,3,1,2,0,1
391,97,2,5,1,10,0,2
368,77,12,18,1,4,0,0
361,74,3,6,1,2,0,1
360,74,6,8,1,10,0,1
390,109,7,15,1,4,0,0
391,115,6,16,1,4,0,0
393,127,2,6,1,10,0,0
393,129,2,6,1,10,0,0
392,130,2,6,1,10,0,0
392,131,2,7,1,3,0,0
391,131,2,7,1,10,0,0
381,107,4,6,1,1,0,0
383,108,8,17,1,4,0,0
373,92,10,17,1,4,0,0
357,86,15,22,1,4,0,0
361,134,13,22,1,4,0,0
339,126,18,26,1,4,0,0
349,146,15,27,1,4,0,0
130,329,6,5,1,10,0,0
133,329,8,6,1,4,0,0
137,329,8,6,1,4,0,0
141,330,9,5,1,4,0,0
343,230,6,11,1,10,0,0
341,232,5,10,1,10,0,0
371,153,3,11,1,10,0,0
369,157,3,10,1,10,0,0
381,165,2,6,1,1,0,0
156,79,5,4,1,1,0,0
168,91,6,6,1,1,0,0
172,94,6,5,1,1,0,0
212,160,3,8,1,1,0,0
210,180,8,7,1,2,0,0
207,178,13,11,1,10,0,1
325,178,5,5,1,1,0,0
332,182,3,6,1,2,0,0
331,180,5,9,1,10,0,1
291,138,7,10,1,2,0,0
287,137,11,12,1,10,0,1
294,116,5,8,1,2,0,0
291,116,10,10,1,10,0,1
262,140,8,8,1,2,0,0
259,137,13,14,1,10,0,1
