141,1,83,17,0,0,0,0
95,231,42,51,1,4,0,0
206,242,47,46,1,4,0,0
275,269,42,44,1,4,0,0
121,119,33,42,1,4,0,0
193,94,31,27,1,4,0,0
193,25,15,5,1,4,0,0
204,20,9,3,1,4,0,0
224,27,12,5,1,4,0,0
236,38,15,9,1,4,0,0
166,18,9,4,1,4,0,0
12,223,16,33,1,4,0,1
17,195,11,26,1,4,0,1
58,80,19,17,1,4,0,1
195,334,45,23,1,4,0,0
356,206,21,39,1,4,0,0
343,138,16,30,1,4,0,0
302,72,17,19,1,4,0,0
324,87,17,19,1,4,0,0
320,75,24,19,1,4,0,0
261,29,13,8,1,5,0,1
277,32,11,9,1,5,0,1
350,278,28,33,1,4,1,0
18,252,8,17,1,1,0,0
18,265,9,16,1,1,0,0
16,261,7,15,1,1,0,0
327,113,7,19,1,1,0,0
336,118,7,18,1,1,0,0
341,99,7,13,1,1,0,0
345,100,6,13,1,1,0,0
282,43,6,7,1,1,0,0
254,23,11,5,1,4,0,1
147,42,5,6,1,2,0,0
147,43,5,6,1,10,0,1
116,42,5,6,1,1,0,0
133,35,5,5,1,1,0,0
115,48,5,7,1,1,0,0
364,115,5,12,1,1,0,1
156,35,5,6,1,2,0,0
160,29,4,4,1,2,0,0
159,30,5,4,1,10,0,1
156,37,5,4,1,10,0,1
127,29,13,7,1,5,0,1
131,26,11,7,1,4,0,1
138,25,8,4,1,4,0,1
140,23,8,5,1,4,0,1
139,21,13,6,1,5,0,1
147,19,8,4,1,4,0,1
151,17,7,4,1,4,0,1
143,16,13,4,1,4,0,0
164,12,10,3,1,4,0,1
203,12,7,3,1,4,0,0
188,11,6,2,1,4,0,0
193,12,5,2,1,8,0,0
229,43,6,5,1,2,0,0
229,44,6,5,1,2,0,0
