197,293,13,9,1,4,0,0
99,173,13,24,1,4,0,0
81,95,12,21,1,4,0,0
58,127,10,20,1,4,0,0
24,153,6,10,1,4,0,0
13,183,6,9,1,4,0,0
16,198,6,11,1,4,0,0
1,182,4,10,1,4,0,0
9,95,5,8,1,4,0,0
53,52,10,14,1,4,0,0
52,63,9,13,1,4,0,0
65,46,10,12,1,4,0,0
74,41,10,13,1,4,0,0
63,61,11,17,1,4,0,0
80,65,11,16,1,4,0,0
142,44,21,12,1,4,0,0
314,96,12,10,1,4,0,0
320,84,23,19,1,9,0,0
321,69,10,10,1,4,0,1
303,44,13,13,1,4,0,0
346,72,7,10,1,4,0,0
360,74,6,9,1,6,0,0
363,178,4,13,1,4,0,0
363,193,5,13,1,4,0,0
354,205,5,8,1,4,0,0
355,212,5,8,1,4,0,0
246,31,17,12,1,4,0,0
93,77,10,13,1,4,0,0
55,207,11,9,1,4,0,0
345,58,4,5,1,7,0,0
124,253,9,10,1,10,0,0
126,255,4,4,1,1,0,2
127,257,5,5,1,1,0,2
207,284,5,4,1,1,0,1
207,285,5,5,1,10,0,2
