249,330,46,25,1,9,1,0
204,346,28,13,1,4,1,0
261,316,35,26,1,4,0,1
137,301,40,35,1,4,0,0
79,278,40,44,1,4,0,0
224,275,45,40,1,4,0,0
288,237,12,22,1,2,0,0
286,243,15,19,1,10,0,2
202,198,33,45,1,4,0,0
243,177,32,43,1,4,0,0
211,148,30,38,1,4,0,0
52,140,14,31,1,4,0,1
72,120,19,29,1,4,0,1
140,110,36,42,1,4,0,0
204,91,48,37,1,4,0,0
251,130,50,43,1,4,0,0
169,49,21,20,1,4,0,0
149,38,19,15,1,5,0,0
178,34,16,14,1,4,0,0
114,32,15,11,1,4,0,1
156,21,6,4,1,2,0,1
154,23,6,4,1,10,0,1
180,12,9,5,1,4,0,0
207,3,8,3,1,5,0,0
189,0,5,2,1,4,1,0
223,1,6,1,1,4,1,0
229,3,7,3,1,4,0,0
227,5,3,3,1,1,0,0
231,6,9,3,1,4,0,0
228,9,12,5,1,4,0,0
230,17,15,8,1,4,0,0
252,43,22,15,1,4,0,0
270,58,21,18,1,4,0,0
323,166,32,30,1,4,0,1
374,174,13,22,1,4,0,2
316,120,28,27,1,4,0,0
306,91,32,24,1,4,0,0
302,80,33,24,1,4,0,1
295,58,30,21,1,4,0,0
299,55,24,17,1,4,0,1
286,44,24,15,1,4,0,0
281,40,27,14,1,4,0,1
277,34,28,15,1,5,0,1
274,31,22,11,1,4,0,1
270,27,22,11,1,4,0,1
266,24,26,12,1,4,0,1
263,20,20,9,1,4,0,0
255,14,19,7,1,4,0,0
253,12,18,7,1,4,0,1
246,9,18,5,1,4,0,0
245,7,15,5,1,4,0,1
243,6,19,6,1,5,0,1
248,5,14,6,1,5,0,1
243,4,16,5,1,4,0,1
239,3,14,4,1,4,0,1
270,9,14,7,1,5,0,0
275,14,4,3,1,1,0,0
267,12,3,3,1,1,0,0
269,13,4,3,1,1,0,0
270,12,4,3,1,1,0,0
308,41,20,14,1,4,0,0
280,17,16,8,1,4,0,0
295,27,5,6,1,1,0,0
333,59,3,4,1,2,0,0
399,178,5,13,1,4,0,0
393,209,1,6,1,1,0,1
393,207,2,11,1,1,0,0
401,203,2,7,1,2,0,1
400,204,3,11,1,10,0,1
405,191,0,5,1,2,0,0
391,138,6,14,1,4,0,1
393,138,6,15,1,4,0,1
396,140,5,13,1,4,0,1
398,140,5,16,1,4,0,1
400,142,5,13,1,4,0,1
402,143,3,12,1,4,1,1
