237,367,52,21,1,4,1,0
54,326,31,27,1,5,1,0
42,294,49,57,1,4,0,0
40,268,43,61,1,4,0,1
35,224,31,59,1,4,0,0
105,304,64,51,1,4,0,0
70,234,48,66,1,4,0,1
45,171,18,52,1,4,0,0
87,154,39,63,1,4,0,0
153,135,55,56,1,4,0,0
218,53,32,18,1,4,0,0
94,117,39,45,1,4,0,0
50,136,22,43,1,4,0,1
63,99,29,42,1,4,0,0
102,87,35,34,1,4,0,0
75,84,25,32,1,5,0,1
86,70,26,26,1,4,0,1
117,67,32,27,1,4,0,1
131,53,28,19,1,4,0,0
138,43,24,15,1,4,0,0
242,34,21,10,1,4,0,0
197,19,12,3,1,4,0,0
209,16,11,3,1,4,0,0
223,17,12,4,1,4,0,0
242,18,13,5,1,4,0,0
149,34,23,14,1,5,0,1
154,29,20,11,1,5,0,1
158,28,15,6,1,4,0,1
163,24,15,7,1,4,0,1
167,21,13,6,1,4,0,1
167,20,12,5,1,4,0,1
169,18,13,5,1,4,0,1
173,17,10,4,1,4,0,1
174,16,10,3,1,4,0,1
176,15,8,3,1,4,0,2
177,14,10,3,1,4,0,1
180,13,8,3,1,4,0,2
180,12,8,3,1,4,0,2
193,11,8,3,1,5,0,0
333,115,11,18,1,2,0,0
335,126,10,17,1,10,0,0
389,193,5,15,1,3,0,0
154,1,72,12,0,0,0,0
254,25,5,3,1,2,0,0
254,26,5,3,1,10,0,0
181,11,7,3,1,5,0,1
216,10,7,1,1,4,0,0
205,9,7,2,1,4,0,0
205,7,5,2,1,5,0,0
195,7,5,1,1,4,0,0
204,6,6,1,1,4,0,0
213,6,6,1,1,4,0,0
185,9,6,3,1,4,0,1
184,9,7,2,1,4,0,1
196,7,6,1,1,4,0,1
188,7,5,1,1,4,0,1
186,7,6,2,1,4,0,0
53,92,6,8,1,2,0,0
51,96,6,10,1,10,0,0
73,67,6,6,1,2,0,0
72,68,6,8,1,10,0,0
44,67,4,5,1,4,0,1
43,69,4,5,1,4,0,1
47,64,6,5,1,4,0,0
51,61,5,5,1,4,0,1
53,59,4,5,1,4,0,1
54,58,5,5,1,4,0,1
