169,239,57,75,1,4,0,0
248,195,54,86,1,4,0,0
278,89,49,98,1,4,0,0
206,44,52,64,1,4,0,0
85,45,54,73,1,4,0,0
184,4,34,20,1,4,0,0
317,32,37,34,1,4,0,0
16,94,22,33,1,4,0,0
3,123,12,25,1,4,0,0
9,129,14,28,1,4,0,0
7,193,11,25,1,4,0,0
17,209,3,9,1,1,0,0
62,212,10,12,1,1,0,0
377,116,14,40,1,5,0,0
49,70,8,9,1,1,0,2
275,43,10,6,1,1,0,2
281,49,7,5,1,1,0,2
201,118,16,14,1,1,0,2
383,225,6,16,1,1,0,0
400,205,3,8,1,1,0,0
377,242,5,10,1,1,0,0
379,243,4,8,1,1,0,2
374,242,9,14,1,10,0,2
377,206,8,24,1,10,0,0
392,150,3,16,1,10,0,0
394,153,3,15,1,10,0,2
395,152,3,16,1,10,0,2
400,154,2,14,1,10,0,2
401,153,2,13,1,10,0,2
391,133,4,15,1,3,0,0
392,133,4,15,1,3,0,0
393,132,4,14,1,10,0,0
395,133,4,15,1,3,0,0
394,119,5,14,1,10,0,0
398,133,3,13,1,10,0,0
397,134,3,13,1,3,0,0
397,146,3,19,1,3,0,0
399,163,1,8,1,1,0,0
273,38,16,18,1,10,0,2
198,109,17,35,1,10,0,2
6,162,5,7,1,10,0,2
7,162,3,7,1,1,0,1
1,156,3,18,1,4,1,1
1,200,6,18,1,4,1,0
128,4,32,16,1,4,1,0
376,78,5,8,1,1,0,2
375,77,7,10,1,10,0,2
368,225,9,14,1,1,0,0
353,249,12,15,1,3,0,0
377,233,8,11,1,10,0,0
371,234,7,17,1,3,0,0
333,304,14,16,1,10,0,1
