194,29,92,69,0,0,0,0
394,123,24,54,0,0,0,0
418,195,5,22,0,0,0,0
115,98,64,69,0,0,0,0
341,103,24,33,0,0,0,0
381,285,14,22,1,7,0,0
296,358,30,17,1,4,1,0
297,346,35,25,1,4,0,1
411,239,4,13,1,1,0,0
412,245,4,12,1,1,0,0
410,252,3,11,1,1,0,0
411,246,4,13,1,1,0,1
400,242,10,19,1,7,0,1
405,234,4,14,1,1,0,0
406,226,6,20,1,8,0,0
414,217,2,7,1,10,0,1
417,218,2,11,1,1,0,1
418,226,1,8,1,1,0,1
418,224,2,10,1,1,0,1
418,222,2,8,1,1,0,1
419,221,2,7,1,1,0,1
419,218,2,9,1,1,0,1
420,219,1,7,1,10,0,2
420,219,1,6,1,2,0,2
420,217,1,8,1,2,0,2
420,218,2,8,1,10,0,1
421,218,1,7,1,2,0,2
416,222,1,6,1,2,0,1
415,223,1,5,1,2,0,1
272,369,13,10,1,8,0,1
272,368,14,9,1,1,0,1
280,348,15,12,1,10,0,1
283,348,10,10,1,2,0,1
282,344,15,14,1,2,0,1
280,344,18,14,1,2,0,2
238,331,43,30,1,4,0,0
196,301,41,30,1,4,0,0
133,241,36,41,1,4,0,1
163,287,19,19,1,10,0,2
163,282,14,21,1,2,0,2
178,113,10,21,1,1,0,1
144,218,20,21,1,10,0,1
148,209,13,30,1,2,0,1
285,302,14,18,1,10,0,1
287,296,15,19,1,2,0,0
187,123,7,16,1,3,0,1
187,117,8,18,1,2,0,0
308,206,22,30,1,4,0,1
280,113,25,26,1,4,0,1
265,104,30,22,1,4,0,1
203,108,14,15,1,10,0,1
204,103,11,15,1,2,0,1
250,103,9,13,1,2,0,0
250,106,9,14,1,10,0,2
234,108,11,13,1,10,0,2
233,104,12,14,1,2,0,0
197,156,10,22,1,10,0,1
198,151,9,19,1,2,0,1
211,121,11,17,1,2,0,1
213,126,9,17,1,10,0,1
224,114,12,13,1,10,0,1
226,109,10,16,1,2,0,0
255,131,11,17,1,10,0,1
257,126,9,16,1,2,0,0
267,190,9,24,1,3,0,0
268,182,9,24,1,2,0,0
287,189,8,23,1,10,0,1
287,184,9,21,1,2,0,1
275,175,13,21,1,10,0,1
278,169,9,21,1,2,0,0
186,198,21,31,1,10,0,1
191,197,15,25,1,2,0,1
188,195,15,23,1,2,0,2
173,215,9,22,1,2,0,1
174,224,7,19,1,10,0,2
272,245,24,26,1,10,0,0
280,242,14,21,1,2,0,1
198,272,14,19,1,10,0,1
200,265,18,24,1,2,0,1
194,262,16,27,1,2,0,2
198,254,16,20,1,10,0,2
202,246,12,23,1,2,0,1
178,237,14,25,1,10,0,1
180,232,10,25,1,2,0,1
277,279,20,25,1,10,0,2
284,287,8,12,1,2,0,1
281,279,14,20,1,2,0,1
279,277,18,22,1,2,0,2
