85,321,5,6,1,1,0,0
159,340,6,5,1,1,0,0
95,311,12,12,1,5,0,0
59,296,26,23,1,5,0,2
62,292,22,20,1,4,0,2
77,281,17,19,1,6,0,0
221,312,30,11,1,4,0,0
255,306,26,14,1,4,0,0
263,298,6,8,1,1,0,0
159,276,15,13,1,4,0,0
244,271,11,8,1,10,0,0
205,268,3,8,1,1,0,0
199,267,5,10,1,1,0,0
183,256,31,10,1,4,0,0
180,243,31,11,1,4,0,2
183,252,28,9,1,4,0,2
228,233,27,11,1,4,0,0
208,227,29,12,1,4,0,0
98,285,6,8,1,10,0,0
106,270,12,13,1,4,0,0
82,260,12,12,1,4,0,0
83,241,9,13,1,4,0,0
73,218,16,12,1,4,0,0
73,224,10,7,1,8,0,0
89,220,3,11,1,1,0,0
101,219,4,11,1,1,0,0
91,214,8,12,1,4,0,0
145,222,4,10,1,1,0,0
155,197,8,14,1,4,0,0
78,192,20,17,0,0,0,0
96,193,8,9,1,4,0,0
103,196,3,10,1,1,0,0
99,185,7,11,1,5,0,1
86,183,13,8,1,4,0,0
109,171,11,9,1,5,0,0
131,177,10,11,1,4,0,0
152,183,9,10,0,0,0,0
90,154,10,21,0,0,0,0
93,172,13,8,1,4,0,0
177,211,25,14,0,0,0,0
211,163,19,15,0,0,0,0
185,153,19,7,1,4,0,0
208,152,12,9,1,4,0,0
190,135,11,9,0,0,0,0
151,170,11,9,1,4,0,1
107,85,18,28,0,0,0,0
113,124,5,5,1,4,0,0
124,121,5,5,1,4,0,0
135,122,7,7,1,4,0,0
136,119,5,6,1,4,0,2
144,118,6,5,1,4,0,0
147,128,6,6,1,4,0,0
114,134,6,7,1,4,0,0
106,140,11,8,1,4,0,0
107,150,6,7,1,4,0,0
153,155,8,9,1,4,0,1
107,164,3,6,1,1,0,0
111,180,2,7,1,1,0,0
115,149,3,8,1,1,0,0
126,77,16,16,0,0,0,0
132,90,16,12,0,0,0,0
133,111,4,2,1,4,0,0
125,113,5,5,1,4,0,0
124,100,4,4,1,4,0,0
125,97,3,3,1,4,0,0
126,108,4,6,1,5,0,0
143,104,5,6,1,5,0,0
172,137,14,7,1,4,0,0
174,129,10,4,1,4,0,0
174,146,2,8,1,1,0,0
171,147,2,6,1,1,0,0
203,146,2,6,1,1,0,0
199,146,3,7,1,1,0,0
182,147,4,8,1,1,0,0
