250,308,46,37,1,4,0,0
238,256,50,51,1,4,0,0
154,242,41,49,1,4,0,0
152,319,43,31,1,4,0,0
161,176,41,54,1,4,0,0
68,273,51,55,1,4,0,0
82,140,30,52,1,4,0,0
124,77,58,33,1,4,0,1
95,56,44,24,1,4,0,0
181,38,26,13,1,4,0,0
11,117,10,17,1,4,0,0
155,33,18,12,1,4,0,0
299,265,17,23,1,1,0,1
296,269,20,25,1,10,0,0
300,297,15,17,1,1,0,1
296,301,18,18,1,10,0,0
364,169,3,17,1,1,0,1
364,174,4,17,1,3,0,2
358,116,5,16,1,1,0,1
376,134,4,14,1,1,0,2
235,150,38,52,1,4,0,0
169,108,35,41,1,4,0,0
228,109,32,36,1,4,0,0
273,124,31,41,1,4,0,1
14,109,9,13,1,4,0,0
40,88,5,9,1,1,0,0
43,85,5,10,1,1,0,0
42,72,17,18,1,5,0,2
95,47,5,6,1,1,0,0
92,48,5,7,1,1,0,0
89,49,5,6,1,1,0,1
86,51,7,7,1,10,0,2
93,40,14,11,1,4,0,1
121,22,10,7,1,4,0,1
131,36,20,13,1,4,0,0
123,34,18,13,1,4,0,0
146,26,15,8,1,4,0,0
158,16,12,5,1,4,0,0
163,27,16,9,1,4,0,1
170,23,12,7,1,4,0,1
172,20,13,7,1,4,0,1
176,16,12,6,1,4,0,1
177,14,10,5,1,4,0,2
205,9,7,3,1,4,0,0
188,6,6,2,1,4,0,0
195,3,6,2,1,4,0,0
194,2,5,2,1,4,0,1
194,0,5,2,1,4,0,0
189,0,5,1,1,4,1,0
173,10,6,3,1,7,0,0
250,11,7,2,1,4,0,1
246,9,7,2,1,4,0,1
241,5,5,2,1,4,0,2
238,4,6,2,1,4,0,1
185,5,7,2,1,4,0,1
131,18,8,4,1,4,0,1
134,14,13,6,1,6,0,1
181,3,2,2,1,1,0,1
180,4,4,1,1,10,0,2
174,6,3,2,1,1,0,1
173,6,4,2,1,10,0,2
163,5,2,2,1,1,0,0
156,7,3,2,1,1,0,0
151,9,3,3,1,1,0,0
262,19,10,6,1,4,0,2
222,4,2,1,1,1,0,2
222,4,2,1,1,3,0,2
158,20,4,3,1,1,0,1
157,21,5,3,1,4,0,1
286,39,14,10,1,4,0,1
217,77,18,15,1,10,0,2
223,78,12,13,1,1,0,1
223,74,11,15,1,1,0,1
104,78,20,14,1,10,0,1
107,74,13,16,1,1,0,0
96,98,10,21,1,1,0,0
202,83,11,16,1,10,0,1
202,79,10,13,1,1,0,1
12,135,3,12,1,1,0,0
