6,232,5,12,1,10,1,0
316,305,31,27,1,3,1,1
330,268,26,30,1,10,0,1
313,148,26,27,1,10,0,1
317,136,25,28,1,10,0,1
391,140,6,13,1,10,0,1
373,75,3,5,1,10,0,1
373,84,5,8,1,10,0,1
384,96,5,8,1,10,0,2
382,90,5,8,1,10,0,2
22,194,11,24,1,10,0,1
25,184,8,19,1,10,0,1
9,108,5,10,1,10,0,1
13,106,5,11,1,10,0,1
14,106,6,12,1,10,0,2
24,99,7,14,1,10,0,1
27,99,7,13,1,10,0,1
30,98,7,12,1,10,0,2
76,74,15,19,1,3,0,0
81,74,15,20,1,10,0,0
90,70,14,22,1,10,0,0
264,43,21,14,1,10,0,1
290,45,18,14,1,10,0,2
287,40,10,10,1,10,0,2
293,40,19,11,0,0,0,0
306,41,12,10,1,10,0,2
319,46,12,11,1,10,0,0
322,46,11,10,1,10,0,1
294,30,29,18,1,4,0,2
304,27,28,21,1,5,0,2
331,43,7,9,1,1,0,1
388,96,5,8,1,10,0,0
392,105,4,8,1,10,0,2
369,64,11,12,0,0,0,0
386,105,6,9,1,10,0,2
388,108,5,9,1,10,0,2
402,157,4,11,1,10,0,0
372,71,3,5,1,10,0,0
367,62,2,4,1,10,0,1
340,42,4,4,1,3,0,1
356,60,4,6,1,3,0,1
399,139,4,10,1,10,0,1
313,104,24,27,1,3,0,1
378,181,13,25,1,7,0,1
148,231,56,39,1,7,0,1
44,180,25,41,1,7,0,1
39,84,15,22,1,7,0,1
7,111,10,20,1,4,0,1
12,138,16,32,1,4,0,0
58,110,71,62,1,4,0,0
84,167,128,75,1,4,0,1
393,174,12,30,1,4,0,0
400,166,6,25,1,4,1,1
344,59,16,21,1,4,0,0
366,66,7,10,1,4,0,0
357,55,6,8,1,4,0,0
356,53,7,8,1,4,0,1
366,63,3,4,1,3,0,1
389,93,4,8,1,1,0,0
387,88,3,7,1,1,0,0
377,83,5,8,1,1,0,0
366,70,5,8,1,1,0,0
382,109,6,15,1,1,0,0
390,117,4,13,1,1,0,0
234,319,23,23,1,1,0,0
204,338,18,14,1,1,0,0
165,351,42,8,1,10,1,1
171,350,24,9,1,2,1,1
324,306,20,22,1,2,0,1
337,264,18,27,1,2,0,1
342,267,12,21,1,2,0,2
383,179,4,17,1,2,0,1
323,143,12,31,1,2,0,1
325,131,12,29,1,2,0,1
319,101,14,26,1,2,0,1
20,101,5,14,1,1,0,1
24,187,7,27,1,2,0,1
26,177,5,22,1,2,0,1
53,185,12,31,1,2,0,1
170,230,26,39,1,2,0,1
392,137,4,17,1,2,0,1
400,136,3,14,1,1,0,0
374,84,3,7,1,2,0,1
373,83,4,7,1,2,0,2
366,70,4,7,1,1,0,2
370,68,4,6,1,1,0,2
371,69,3,6,1,1,0,0
385,86,3,7,1,1,0,2
385,85,3,6,1,1,0,2
387,96,4,9,1,1,0,2
355,58,4,7,1,2,0,1
373,73,3,6,1,2,0,1
366,61,3,6,1,2,0,1
339,41,5,5,1,2,0,1
369,64,4,7,1,1,0,0
20,99,21,30,1,4,0,0
102,56,39,35,1,4,0,0
151,47,50,28,1,4,0,0
