146,15,70,26,0,0,0,0
15,262,16,27,1,4,1,0
21,272,29,34,1,4,1,0
12,252,20,31,1,5,1,1
23,251,31,42,1,4,0,1
344,276,32,39,1,4,0,0
372,262,20,31,1,4,1,0
347,261,25,32,1,4,0,0
17,223,19,27,1,4,0,2
78,298,14,17,1,10,0,1
77,295,12,14,1,2,0,1
8,240,5,12,1,10,1,0
9,223,4,10,1,10,0,0
11,207,4,10,1,10,0,0
18,204,6,11,1,7,0,1
27,199,16,23,1,4,0,1
26,189,16,22,1,4,0,1
27,175,16,23,1,6,0,1
44,167,15,34,1,5,0,0
29,162,14,14,1,4,0,1
35,154,13,15,1,4,0,1
26,168,2,10,1,10,0,1
34,150,13,14,1,4,0,2
59,167,3,17,1,1,0,0
60,165,4,17,1,1,0,1
63,163,4,19,1,1,0,1
80,142,16,28,1,5,0,0
36,139,13,14,1,4,0,1
39,134,14,15,1,4,0,1
51,135,11,12,1,7,0,0
45,126,15,15,1,4,0,1
47,122,15,15,1,4,0,2
64,124,4,11,1,1,0,0
67,105,18,16,1,4,0,1
53,110,15,15,1,4,0,1
83,96,12,14,1,4,0,0
68,94,17,14,1,4,0,1
65,92,18,14,1,4,0,1
97,87,6,9,1,10,0,0
350,239,18,31,1,7,0,0
326,225,14,23,1,7,0,1
328,223,10,17,1,2,0,2
391,203,3,12,1,1,0,0
393,195,3,11,1,10,0,1
390,185,2,12,1,1,0,0
342,208,16,30,1,5,0,0
373,175,12,17,1,4,0,0
337,189,14,27,1,5,0,0
355,156,15,15,1,4,0,0
326,186,5,17,1,3,0,2
326,182,5,17,1,2,0,1
339,143,11,15,1,4,0,1
359,147,7,11,1,7,0,0
365,145,3,11,1,1,0,0
325,130,22,20,1,4,0,1
345,123,5,11,1,1,0,0
338,121,5,12,1,1,0,0
320,107,20,26,1,6,0,0
314,109,23,17,1,4,0,2
306,99,22,15,1,4,0,1
299,95,23,15,1,4,0,2
280,99,18,17,1,4,0,0
192,128,30,38,1,6,0,0
273,92,7,11,1,1,0,0
205,86,16,11,1,4,0,0
228,87,17,12,1,4,0,0
220,77,16,10,1,4,0,0
254,83,14,12,1,4,0,1
206,70,13,9,1,4,0,1
238,75,16,10,1,4,0,0
273,79,23,15,1,5,0,1
255,93,6,9,1,10,0,2
256,91,4,8,1,2,0,1
349,117,4,11,1,1,0,0
351,119,2,8,1,1,0,2
338,107,6,7,1,10,0,1
316,86,17,12,1,4,0,1
240,67,12,8,1,4,0,0
280,77,4,8,1,1,0,1
261,70,19,10,1,4,0,1
260,76,11,11,1,7,0,1
268,85,12,11,1,7,0,1
311,82,12,12,1,7,0,1
314,82,5,8,1,2,0,1
296,72,5,8,1,1,0,0
293,71,5,8,1,1,0,1
284,65,9,6,1,4,0,1
270,59,9,7,1,5,0,1
270,61,4,6,1,1,0,0
212,55,9,6,1,5,0,0
146,60,11,7,1,4,0,0
180,52,9,6,1,4,0,0
134,60,10,7,1,4,0,0
111,76,4,7,1,1,0,1
112,75,5,8,1,1,0,1
113,65,5,6,1,1,0,0
89,64,15,11,1,4,0,1
129,71,3,4,1,10,0,2
103,64,8,7,1,4,0,1
101,60,10,8,1,6,0,1
102,59,11,8,1,4,0,2
129,68,4,6,1,2,0,1
118,71,4,6,1,2,0,1
121,74,5,6,1,2,0,1
122,75,4,5,1,2,0,1
121,76,5,5,1,10,0,2
118,72,4,6,1,3,0,2
118,64,4,5,1,1,0,0
251,67,9,9,1,7,0,1
256,68,5,8,1,1,0,1
254,69,5,5,1,2,0,1
260,51,5,5,1,1,0,0
229,55,4,4,1,10,0,2
229,54,3,4,1,2,0,1
122,55,9,6,1,4,0,0
128,52,7,5,1,4,0,1
188,41,6,3,1,4,0,0
199,40,6,3,1,4,0,0
189,40,6,3,1,4,0,1
177,42,6,4,1,4,0,0
177,41,6,3,1,4,0,2
137,46,7,4,1,4,0,0
150,40,11,4,1,4,0,0
138,42,11,5,1,4,0,0
133,43,11,4,1,4,0,1
175,37,10,3,1,4,0,1
233,46,13,5,1,4,0,1
262,48,14,7,1,5,0,1
248,43,7,4,1,4,0,1
239,41,9,6,1,9,0,1
213,40,3,3,1,1,0,0
215,40,3,3,1,1,0,0
147,45,2,3,1,1,0,0
141,50,3,2,1,3,0,1
142,48,2,4,1,2,0,1
254,50,4,4,1,1,0,0
255,46,2,3,1,1,0,0
206,41,3,2,1,3,0,2
206,40,4,2,1,2,0,1
