382,212,33,62,0,0,0,0
93,20,133,60,0,0,0,0
68,282,80,60,1,5,0,1
27,248,41,52,1,5,0,1
318,264,64,60,1,4,0,0
140,195,45,53,1,4,0,1
74,175,28,52,1,4,0,1
220,161,57,54,1,4,0,1
404,243,13,26,1,4,1,1
163,163,16,22,1,10,0,1
165,153,10,22,1,2,0,1
145,162,14,23,1,10,0,1
148,154,10,22,1,2,0,1
369,227,8,26,1,1,0,1
359,259,17,23,1,10,0,1
365,255,10,19,1,2,0,1
191,122,10,32,1,1,0,1
181,115,11,26,1,1,0,1
107,155,13,18,1,10,0,1
135,102,11,17,1,10,0,1
25,208,6,17,1,10,0,0
19,182,14,28,1,6,0,1
27,171,15,21,1,4,0,1
374,220,7,17,1,2,0,1
294,232,33,30,1,10,0,1
303,224,17,30,1,2,0,1
159,93,18,24,1,5,0,0
95,150,7,17,1,10,0,1
96,144,6,16,1,2,0,1
137,75,25,19,1,4,0,1
141,64,23,17,1,5,0,1
92,107,7,12,1,10,0,1
94,103,6,10,1,2,0,1
138,98,8,14,1,2,0,1
374,221,19,48,0,0,0,0
378,226,5,11,1,2,0,1
316,214,57,82,0,0,0,0
