393,133,3,5,1,5,0,0
392,133,3,5,1,4,0,2
392,132,2,5,1,5,0,2
391,132,3,4,1,5,0,2
389,128,3,6,1,5,0,0
389,128,2,4,1,4,0,1
388,127,3,4,1,4,0,2
387,123,4,7,1,6,0,1
394,132,3,5,1,4,0,0
393,131,2,4,1,4,0,1
397,137,2,4,1,4,0,0
396,136,2,3,1,4,0,2
397,134,2,4,1,4,0,2
397,134,2,5,1,5,0,1
397,135,3,4,1,5,0,1
398,136,2,4,1,4,0,1
399,138,2,4,1,4,0,2
399,139,2,3,1,4,0,1
400,139,2,4,1,4,0,1
401,141,2,5,1,4,0,0
400,137,2,3,1,4,0,1
401,138,1,3,1,5,0,1
402,140,2,4,1,6,1,1
365,116,6,10,1,4,1,0
377,128,5,8,1,4,1,0
322,86,7,6,1,4,1,0
317,79,4,4,1,4,1,0
392,171,2,9,1,1,0,0
397,175,1,9,1,1,0,0
401,175,0,10,1,1,0,0
404,177,1,9,1,1,0,0
400,176,0,9,1,1,0,0
400,178,1,6,1,1,0,1
399,176,1,8,1,1,0,1
396,173,2,8,1,1,0,1
396,173,1,8,1,1,0,1
394,169,1,9,1,1,0,1
394,168,1,8,1,1,0,2
395,169,1,9,1,1,0,0
395,168,1,8,1,1,0,2
6,208,4,12,1,10,0,1
6,205,3,11,1,2,0,1
12,210,4,11,1,2,0,1
