243,3,101,78,0,0,0,0
131,3,118,25,0,0,0,0
92,30,58,46,0,0,0,0
58,66,37,49,0,0,0,0
18,91,19,46,0,0,0,0
238,27,14,7,1,2,0,1
162,17,11,11,1,1,1,0
174,16,11,11,1,1,1,0
194,17,11,10,1,1,1,1
203,18,6,10,1,1,0,1
205,24,11,13,1,1,0,1
202,28,10,14,1,1,0,1
182,30,8,8,1,1,0,2
182,26,10,11,1,1,0,2
120,27,14,10,0,0,0,0
99,16,37,22,1,5,0,1
123,20,9,8,1,2,0,0
83,41,13,13,1,1,0,1
88,43,11,13,1,1,0,2
79,47,12,16,1,1,0,0
75,45,21,19,1,10,0,2
69,53,10,17,1,1,0,1
65,52,14,18,1,1,0,1
63,62,9,13,1,1,0,1
65,64,11,18,1,1,0,1
57,66,12,13,1,2,0,0
71,66,10,16,1,1,1,0
75,62,12,18,1,1,1,2
55,80,9,11,1,2,0,1
49,140,8,31,1,1,0,2
45,143,5,28,1,1,0,2
29,170,5,27,1,1,0,0
34,95,7,15,1,1,0,0
42,77,11,18,1,2,0,1
23,123,8,21,1,1,0,1
27,132,3,9,1,2,0,1
15,77,13,21,1,4,1,0
7,126,5,18,1,1,0,0
8,124,5,17,1,1,0,1
1,158,6,37,1,5,1,0
5,147,4,19,1,1,0,0
3,207,7,24,1,1,0,0
4,199,4,20,1,1,0,0
12,119,7,16,1,10,0,1
8,135,5,19,1,1,0,1
8,142,5,16,1,3,0,1
8,164,4,22,1,7,0,1
9,179,14,40,1,7,0,0
15,208,24,36,1,3,0,0
58,265,39,39,1,10,0,1
95,292,44,34,1,10,0,0
62,241,16,26,1,2,0,0
74,247,22,32,1,2,0,0
112,264,22,32,1,2,0,0
114,261,15,16,1,2,0,1
78,180,17,47,1,1,0,0
92,160,19,46,1,1,0,0
80,122,15,34,1,1,0,0
79,111,13,34,1,1,0,1
86,104,14,30,1,1,0,1
100,106,16,38,1,1,0,1
134,54,19,28,1,1,0,0
184,45,13,21,1,1,0,1
170,46,16,22,1,1,0,1
209,66,17,25,1,1,0,0
198,59,17,26,1,1,0,1
211,53,18,24,1,1,0,1
250,59,19,29,1,1,0,0
122,172,10,40,1,1,0,0
124,156,11,44,1,1,0,0
141,162,19,33,1,2,0,0
166,151,17,60,1,1,0,0
115,225,31,50,1,1,0,1
183,328,27,19,1,1,0,1
174,332,47,13,1,10,0,1
310,79,17,33,1,1,0,0
343,100,14,24,1,1,0,0
347,105,9,15,1,2,0,1
355,109,8,17,1,1,0,1
356,102,10,23,1,1,0,1
356,122,10,31,1,1,0,0
361,123,9,30,1,1,0,0
367,114,8,25,1,1,0,0
348,156,8,34,1,1,0,0
362,151,7,32,1,1,0,0
378,121,9,28,1,1,0,0
386,152,5,23,1,1,0,0
388,154,2,13,1,2,0,1
385,196,6,25,1,1,0,0
388,189,5,24,1,1,0,0
391,181,4,25,1,1,0,0
392,188,5,23,1,1,0,0
396,188,5,25,1,1,0,0
382,235,10,25,1,1,0,0
361,268,16,26,1,1,0,0
390,228,8,22,1,1,0,0
21,99,6,15,1,1,0,0
23,100,4,11,1,1,0,1
34,83,6,13,1,1,1,0
35,80,9,17,1,1,0,1
36,78,8,17,1,1,0,1
36,81,9,18,1,1,0,0
38,80,8,16,1,1,0,2
156,41,56,25,1,7,0,1
140,23,22,9,0,0,0,0
57,58,11,17,1,1,0,1
56,38,37,35,1,8,0,1
144,34,11,13,1,1,0,1
158,28,10,9,1,1,0,2
156,32,11,14,1,1,0,0
157,31,7,7,1,2,0,2
