41,52,10,11,1,4,1,0
64,33,15,11,1,5,1,0
47,48,11,12,1,4,0,1
51,46,12,12,1,4,0,1
43,54,12,13,1,4,0,1
37,62,11,14,1,4,0,0
22,82,6,8,1,3,0,0
37,61,6,7,1,10,0,0
13,97,4,6,1,7,0,0
11,94,11,17,1,4,0,0
35,65,21,23,1,4,0,1
30,74,21,25,1,4,0,1
19,88,21,33,1,4,0,0
0,165,2,13,1,1,0,0
1,161,2,14,1,1,0,0
2,160,1,11,1,1,0,2
1,160,1,11,1,1,0,2
8,160,2,15,1,1,0,0
10,156,3,18,1,1,0,0
10,180,11,43,1,4,0,1
117,20,25,18,1,5,0,0
85,49,30,34,1,5,0,0
67,88,28,41,1,4,0,0
55,134,28,70,1,5,0,1
80,142,10,31,1,1,0,0
100,86,13,26,1,1,0,0
91,81,15,25,1,1,0,0
102,67,12,18,1,1,0,0
105,61,10,14,1,1,0,1
101,82,12,18,1,1,0,2
73,278,60,64,1,4,0,0
136,132,51,86,1,4,0,0
162,15,24,15,1,5,0,0
211,72,46,45,1,4,0,0
226,16,21,9,1,4,0,0
238,9,18,8,1,4,0,0
234,5,16,6,1,4,0,1
301,179,48,72,1,4,0,0
333,229,36,58,1,4,0,0
326,129,9,28,1,1,0,0
335,119,8,22,1,1,0,1
345,131,7,25,1,1,0,1
344,140,6,20,1,1,0,2
330,129,19,43,1,7,0,1
286,14,19,11,1,4,1,2
298,24,18,13,1,4,0,1
307,32,8,8,1,1,0,0
317,34,7,9,1,1,0,0
314,37,5,5,1,2,0,2
314,38,6,7,1,2,0,1
315,39,5,6,1,10,0,2
322,38,16,12,1,4,0,2
326,41,17,14,1,4,0,2
354,80,6,11,1,2,0,1
341,67,13,17,1,7,0,1
355,58,5,8,1,1,0,0
364,67,2,4,1,2,0,2
364,67,4,7,1,1,0,1
366,68,4,8,1,1,0,1
368,70,4,7,1,1,0,1
368,70,4,7,1,1,0,1
357,64,15,19,1,4,0,2
386,102,3,9,1,1,0,2
385,97,5,10,1,10,0,0
393,114,3,7,1,3,0,1
394,117,3,6,1,2,0,0
395,117,4,9,1,10,0,0
353,94,7,17,1,1,0,2
383,139,4,20,1,1,0,2
383,150,5,12,1,3,0,1
397,171,2,14,1,1,0,1
399,187,2,9,1,2,0,1
403,190,2,13,1,3,0,1
400,183,5,21,1,7,0,1
372,197,13,37,1,7,0,1
383,191,4,22,1,1,0,1
360,225,25,49,1,7,0,0
375,243,7,17,1,1,0,2
382,231,6,18,1,1,0,1
377,218,12,30,1,7,0,1
385,224,5,17,1,1,0,1
395,206,9,21,1,7,0,2
399,211,3,13,1,2,0,1
394,214,5,16,1,1,0,0
375,245,8,19,1,1,0,1
375,253,10,21,1,1,0,0
380,247,5,10,1,2,0,1
382,247,7,16,1,1,0,1
367,249,20,30,1,7,0,2
388,237,6,16,1,2,0,1
388,236,5,13,1,1,0,2
384,244,8,16,1,10,0,2
388,243,7,19,1,1,0,0
392,236,5,13,1,2,0,1
388,242,7,16,1,10,0,2
361,265,26,29,1,4,1,0
