19,202,23,43,1,4,0,0
20,246,22,27,1,5,1,0
205,254,40,41,1,4,0,0
264,249,56,38,1,4,0,1
332,246,10,16,1,1,0,0
297,198,36,50,1,5,0,0
255,234,48,34,1,4,0,2
245,205,56,44,1,5,0,1
254,174,54,40,1,5,0,0
302,144,24,39,1,5,0,0
336,128,14,30,1,4,0,0
358,173,4,15,1,1,0,0
250,152,53,34,1,4,0,1
250,130,50,28,1,4,0,1
295,103,23,39,1,6,0,0
182,145,18,33,1,7,0,0
220,107,17,29,1,7,0,0
42,199,16,31,1,7,0,0
41,187,6,17,1,1,0,1
47,115,25,32,1,4,0,0
90,93,25,33,1,4,0,0
112,54,21,21,1,4,0,0
18,192,5,15,1,1,0,0
18,192,3,11,1,1,0,2
21,192,4,12,1,1,0,0
18,158,3,12,1,1,0,0
19,130,4,12,1,1,0,0
41,106,4,12,1,1,0,0
16,116,13,17,1,4,0,0
19,108,13,15,1,4,0,1
233,69,46,27,1,6,0,1
228,58,49,24,1,6,0,1
226,52,35,18,1,5,0,1
236,49,35,18,1,4,0,1
221,42,39,18,1,6,0,1
229,27,37,17,1,6,0,1
42,104,16,30,1,5,0,0
50,96,13,15,1,7,0,1
64,82,12,18,1,7,0,0
55,76,19,23,1,4,0,1
67,79,6,12,1,1,0,2
88,71,10,12,1,10,0,1
90,69,7,11,1,1,0,1
73,55,19,19,1,4,0,0
33,75,23,40,1,9,0,1
26,105,5,11,1,1,0,1
23,97,14,17,1,4,0,1
26,88,16,19,1,4,0,1
31,81,17,18,1,4,0,2
34,66,22,23,1,6,0,1
77,48,7,11,1,1,0,2
81,40,18,18,1,6,0,0
104,40,12,11,1,7,0,0
108,41,5,6,1,2,0,2
116,34,14,10,1,7,0,0
100,38,10,12,1,7,0,0
98,32,25,13,1,4,0,1
44,208,6,12,1,2,0,2
186,147,9,15,1,2,0,2
223,110,11,16,1,2,0,2
335,119,10,13,1,10,0,1
275,33,14,15,1,5,0,0
203,27,13,10,1,4,0,0
203,21,13,7,1,4,0,1
216,16,26,10,1,4,0,1
234,18,14,7,1,7,0,1
262,20,11,8,1,7,0,1
252,14,10,6,1,4,0,0
253,12,16,8,1,4,0,1
247,12,4,4,1,1,0,0
250,12,4,4,1,1,0,1
168,12,4,5,1,1,0,0
194,11,5,4,1,1,0,0
199,15,11,6,1,4,0,0
201,12,9,5,1,5,0,1
198,10,4,5,1,1,0,1
196,9,4,5,1,1,0,1
5,129,3,10,1,1,0,1
1,141,2,9,1,1,1,0
20,94,4,8,1,1,0,1
19,94,4,9,1,1,0,1
139,19,12,8,1,4,0,0
132,15,12,7,1,4,0,0
115,18,13,8,1,4,0,1
125,22,9,6,1,7,0,1
126,22,5,4,1,2,0,1
117,26,12,9,1,7,0,1
119,28,6,5,1,2,0,1
93,30,23,15,1,4,0,1
149,9,11,6,1,4,0,0
140,10,10,7,1,4,0,1
117,14,11,8,1,4,0,1
180,4,14,4,1,4,0,0
154,4,9,5,1,4,0,0
142,6,6,5,1,8,0,0
107,12,15,9,1,5,0,1
97,22,5,5,1,1,0,0
100,24,17,12,1,7,0,1
3,114,5,12,1,4,1,1
4,107,7,13,1,4,1,1
6,102,8,13,1,4,0,1
8,97,9,12,1,4,0,1
11,91,10,14,1,4,0,1
17,82,10,13,1,4,0,1
26,79,5,9,1,7,0,1
34,70,11,14,1,4,0,1
30,70,12,16,1,4,0,1
130,5,9,5,1,4,0,0
146,3,8,4,1,4,0,0
156,2,8,4,1,4,0,1
171,0,8,3,1,4,1,0
31,69,4,8,1,1,0,1
32,71,5,7,1,1,0,1
93,30,8,8,1,7,0,1
109,20,5,6,1,1,0,0
111,19,4,6,1,1,0,1
104,13,17,8,1,4,0,2
201,7,6,5,1,7,0,1
98,18,6,5,1,7,0,1
101,18,3,4,1,1,0,1
14,88,6,10,1,7,0,2
11,91,5,9,1,7,0,1
17,80,6,10,1,7,0,1
20,91,3,7,1,1,0,1
21,88,4,9,1,1,0,1
18,83,3,7,1,1,0,1
356,157,5,13,1,3,0,0
234,5,5,3,1,1,0,1
