415,237,6,18,1,4,1,0
405,221,13,35,1,5,0,0
408,217,11,25,1,4,0,1
267,351,57,32,1,5,1,0
153,377,44,12,1,4,1,0
48,319,32,31,1,4,1,0
146,312,58,41,1,4,0,0
246,279,59,55,1,5,0,0
29,169,47,124,1,9,0,0
24,229,4,15,1,2,0,1
24,234,6,18,1,10,0,1
22,204,4,17,1,2,0,1
23,215,4,15,1,3,0,1
27,206,2,12,1,2,0,1
27,215,4,14,1,3,0,1
375,231,5,13,1,2,0,1
375,222,6,17,1,2,0,1
371,228,9,24,1,10,0,1
363,159,6,17,1,2,0,1
353,148,18,40,1,8,0,1
315,142,43,47,1,4,0,0
4,157,3,11,1,4,0,0
4,150,4,11,1,4,0,1
12,133,6,13,1,4,0,0
146,158,58,52,1,4,0,0
211,75,38,29,1,4,0,0
141,81,39,36,1,5,0,0
102,112,32,37,1,4,0,0
68,138,25,42,1,4,0,0
54,123,19,32,1,4,0,0
83,90,27,29,1,4,0,0
174,54,33,16,1,4,0,0
173,28,36,18,1,9,0,0
202,29,8,4,1,2,0,1
145,44,21,12,1,4,0,0
106,67,24,19,1,4,0,0
75,82,21,22,1,4,0,0
110,57,19,15,1,4,0,0
90,62,19,17,1,4,0,0
111,50,18,14,1,4,0,0
122,43,13,9,1,4,0,0
95,55,13,12,1,4,0,0
99,49,13,11,1,4,0,1
114,38,18,13,1,6,0,1
96,47,13,11,1,4,0,1
109,42,12,8,1,4,0,1
110,39,12,8,1,4,0,1
114,37,9,7,1,6,0,1
113,37,7,5,1,7,0,1
97,43,10,9,1,5,0,0
84,51,11,10,1,4,0,0
94,43,10,8,1,4,0,1
91,44,7,6,1,4,0,0
83,45,6,6,1,4,0,1
47,74,12,15,1,6,0,1
43,87,7,9,1,4,0,1
41,90,8,11,1,4,0,2
54,71,8,9,1,6,0,2
43,82,3,6,1,1,0,0
408,122,4,9,1,5,0,1
417,145,3,10,1,5,0,1
419,149,3,10,1,4,0,1
420,154,3,10,1,4,1,1
10,148,10,25,1,6,0,2
