343,120,10,44,1,1,0,0
131,170,48,82,1,1,0,0
71,149,25,81,1,1,0,0
94,103,29,78,1,1,0,0
22,139,9,50,1,1,0,0
6,138,5,43,1,1,0,0
43,125,19,48,1,1,0,0
81,92,25,63,1,1,0,0
66,86,21,50,1,1,0,0
51,93,23,49,1,1,0,0
40,103,15,52,1,1,0,1
50,83,27,47,1,1,0,2
75,58,21,38,1,1,0,0
11,48,39,43,0,0,0,0
45,71,13,23,1,2,0,0
41,72,13,23,1,2,0,1
65,57,15,30,1,1,0,1
62,63,14,28,1,1,0,1
66,64,9,11,1,2,0,2
57,59,14,25,1,1,0,0
7,98,8,24,1,1,0,0
19,82,10,24,1,1,0,0
15,86,9,23,1,1,0,0
6,92,8,20,1,1,0,0
4,95,7,21,1,1,1,0
13,87,9,21,1,1,0,1
12,89,9,21,1,1,0,1
11,86,7,21,1,1,0,1
14,84,8,21,1,1,0,2
13,84,8,20,1,1,0,2
12,87,4,8,1,2,0,1
12,88,3,7,1,2,0,2
22,79,8,13,1,10,0,2
19,80,7,14,1,10,0,2
194,87,59,39,1,3,0,1
125,46,19,26,1,1,0,2
149,42,16,29,1,1,0,1
188,32,15,17,1,1,0,0
138,48,12,15,1,1,0,1
132,47,26,18,1,2,0,1
246,37,13,17,1,1,0,0
254,41,11,10,1,2,0,1
260,45,8,8,1,2,0,1
250,20,10,10,1,1,0,1
256,20,9,10,1,1,0,1
242,18,9,10,1,1,0,1
232,16,9,10,1,1,0,1
226,15,9,10,1,1,0,1
123,27,14,13,1,1,0,2
128,25,11,13,1,1,0,2
374,117,6,28,1,1,0,0
359,77,6,11,1,1,0,0
330,56,9,14,1,1,0,0
322,48,9,14,1,1,0,0
328,54,6,7,1,2,0,2
333,54,7,13,1,1,0,1
342,61,6,11,1,1,0,1
337,56,5,8,1,2,0,1
338,56,5,8,1,2,0,1
338,58,8,10,1,10,0,2
