370,98,20,30,0,0,0,0
373,114,5,7,1,4,1,2
374,116,6,7,1,4,0,1
370,115,7,10,1,4,0,1
383,122,4,9,1,6,0,1
384,124,3,5,1,4,0,2
388,126,4,6,1,5,1,1
386,125,4,11,1,6,0,1
389,130,1,5,1,1,0,2
388,133,4,10,1,5,0,1
392,134,3,6,1,4,0,2
396,140,1,6,1,1,0,0
383,129,5,13,1,6,0,1
379,124,8,15,1,6,0,1
380,128,5,13,1,6,0,1
378,132,6,13,1,6,0,1
376,127,5,9,1,4,0,1
373,124,4,8,1,4,0,1
368,123,8,16,1,6,0,1
376,140,7,18,1,6,0,0
383,149,2,10,1,1,0,0
386,142,5,8,1,4,0,2
385,145,7,10,1,4,0,1
386,149,6,10,1,4,0,2
384,159,5,11,1,4,0,1
371,162,6,16,1,4,0,0
367,131,6,11,1,4,0,1
362,128,10,20,1,6,0,0
341,125,26,44,1,6,0,0
198,182,91,57,1,6,0,1
193,197,102,56,1,6,0,1
2,143,4,11,1,6,0,1
5,142,5,15,1,6,0,1
3,148,5,14,1,6,0,1
16,136,1,6,1,1,0,0
13,139,10,17,1,6,0,1
137,317,20,19,1,1,0,0
90,273,69,50,1,4,0,0
65,296,22,19,1,10,0,1
73,304,17,21,1,1,0,0
43,284,51,49,1,4,0,1
174,347,48,11,1,10,0,2
205,348,16,11,1,1,1,1
396,200,2,13,1,10,0,1
396,200,3,10,1,7,0,2
396,184,5,10,1,7,0,1
398,183,1,6,1,2,0,2
399,183,1,8,1,2,0,2
