27,212,7,19,1,2,0,1
28,219,8,19,1,3,0,1
12,187,3,16,1,1,0,0
24,161,3,17,1,1,0,0
365,216,8,19,1,2,0,1
363,223,9,20,1,3,0,1
320,249,15,23,1,2,0,1
318,257,13,19,1,3,0,1
394,191,7,19,1,7,0,0
397,183,9,20,1,5,0,1
187,196,76,61,1,4,0,0
100,260,52,57,1,4,0,0
69,157,24,50,1,4,0,0
233,293,53,43,1,4,0,0
170,315,55,30,1,4,0,0
92,91,31,36,1,4,0,0
135,77,34,36,1,4,0,0
196,30,21,10,1,4,0,0
65,288,51,49,1,4,0,1
113,330,42,24,1,4,1,0
4,197,10,24,1,4,0,0
13,151,2,15,1,1,0,0
14,150,2,16,1,1,0,0
22,150,3,15,1,4,0,1
20,149,3,17,1,4,0,1
133,121,29,37,1,7,0,0
268,101,13,15,1,2,0,1
264,105,26,27,1,7,0,1
342,112,18,27,1,4,0,0
332,94,20,24,1,7,0,1
319,77,22,21,1,7,0,1
311,64,19,18,1,7,0,1
280,34,16,12,1,4,0,0
216,24,16,6,1,4,0,0
198,22,13,5,1,4,0,0
213,9,10,4,1,4,0,0
201,7,8,2,1,4,0,0
202,5,8,2,1,4,0,0
202,3,5,1,1,4,0,0
207,0,7,1,1,4,1,0
64,75,8,13,1,3,0,0
78,53,16,16,1,4,0,2
90,42,7,8,1,1,0,1
150,24,16,9,1,4,0,0
167,26,17,8,1,4,0,1
141,32,12,9,1,7,0,1
144,33,6,5,1,2,0,2
111,40,38,34,1,5,0,0
125,36,17,12,1,4,0,1
109,40,4,4,1,2,0,1
108,42,4,4,1,10,0,2
104,31,14,10,1,4,0,0
109,28,13,9,1,4,0,1
118,24,11,7,1,4,0,1
137,12,9,4,1,4,0,0
135,16,4,3,1,1,0,0
133,16,5,4,1,1,0,0
137,20,3,3,1,10,0,2
137,19,4,2,1,2,0,1
155,1,29,11,0,0,0,0
123,11,7,4,1,4,0,0
107,16,12,6,1,4,0,1
111,17,7,4,1,4,0,2
234,22,5,4,1,2,0,2
257,58,10,10,1,2,0,2
239,23,5,4,1,2,0,2
259,64,9,8,1,10,0,2
235,24,5,3,1,10,0,2
239,25,5,3,1,10,0,2
297,28,11,7,1,4,0,1
247,11,5,4,1,1,0,2
253,14,10,4,1,4,0,2
249,11,7,3,1,4,0,1
235,2,7,3,1,5,0,1
232,2,8,2,1,4,0,2
