0,159,12,26,1,6,1,2
18,138,6,10,1,4,0,0
29,129,13,13,1,4,0,0
68,151,26,17,1,4,0,1
14,185,6,10,1,8,0,1
16,185,3,7,1,2,0,1
16,184,2,7,1,2,0,2
174,71,27,11,1,4,0,0
230,119,30,18,1,4,0,1
255,108,25,16,1,4,0,1
291,107,19,15,1,4,0,1
286,100,21,13,1,4,0,1
320,113,15,14,1,4,0,1
321,108,13,11,1,4,0,1
216,69,26,10,1,4,0,1
323,84,10,10,1,4,0,1
267,57,32,26,0,0,0,0
376,141,2,13,1,4,0,1
372,107,3,7,1,4,0,1
374,110,3,6,1,4,1,1
374,108,2,6,1,5,1,2
353,116,2,7,1,1,0,0
317,126,3,6,1,2,0,1
316,128,5,8,1,10,0,1
329,129,4,9,0,0,0,0
342,91,2,5,1,1,0,1
116,96,117,49,1,6,0,1
184,84,101,36,1,6,0,1
270,105,30,29,1,6,0,1
207,72,30,16,1,5,0,1
298,79,5,5,1,10,0,1
298,77,4,6,1,2,0,1
305,84,6,5,1,10,0,1
305,81,4,8,1,2,0,1
312,85,4,6,1,10,0,1
312,84,3,5,1,2,0,1
326,82,10,11,1,5,0,1
334,87,3,6,1,1,0,0
374,174,3,10,0,11,0,1
367,123,1,4,1,10,0,1
367,121,1,5,1,2,0,1
