1,164,19,58,1,6,1,0
23,150,27,53,1,6,0,0
24,108,92,100,1,6,0,1
37,94,117,95,1,6,0,1
238,50,106,71,1,6,0,1
305,58,38,31,1,6,0,1
337,63,43,45,1,6,0,1
345,66,35,41,1,6,0,1
61,68,126,82,1,6,1,1
81,63,147,79,1,6,1,2
135,53,162,61,1,6,1,1
283,89,25,24,1,4,0,1
197,46,134,76,1,6,0,1
291,195,107,146,1,6,0,1
266,209,127,142,1,6,0,1
249,232,132,123,1,6,1,1
385,92,4,6,1,4,0,0
388,102,3,7,1,5,0,1
390,104,3,6,1,4,0,0
387,97,10,16,1,6,1,0
391,109,9,16,1,6,1,0
389,104,11,19,1,6,1,2
387,93,4,6,1,6,0,0
7,233,71,92,1,6,1,0
14,249,90,90,1,6,1,0
402,153,4,18,1,6,1,0
304,53,55,45,1,6,0,1
