58,286,45,45,1,4,0,0
79,285,50,48,1,4,0,0
61,234,52,60,1,4,0,0
28,267,35,40,1,4,0,0
21,249,30,40,1,4,0,0
32,216,37,41,1,4,0,0
37,201,29,30,1,4,0,0
57,185,21,42,1,4,0,0
39,161,28,44,1,4,0,0
57,132,17,40,1,4,0,0
11,218,22,42,1,4,0,0
12,209,17,31,1,4,0,1
4,195,11,26,1,4,0,1
3,186,6,19,1,4,0,1
10,151,6,17,1,4,0,0
5,156,5,18,1,4,0,0
14,144,7,26,1,4,0,1
266,314,63,35,1,4,0,0
269,298,65,41,1,4,0,0
279,306,18,17,1,1,0,0
269,276,43,43,1,4,0,0
282,241,37,45,1,4,0,0
251,224,38,49,1,4,0,0
295,202,49,39,1,4,0,0
287,175,27,40,1,4,0,0
286,134,31,40,1,4,0,0
329,139,25,46,1,4,0,0
347,138,19,38,1,4,0,0
360,143,16,32,1,4,0,0
376,151,8,21,1,4,0,1
380,145,8,17,1,4,0,1
190,65,66,27,1,4,0,0
262,74,46,28,1,4,0,0
312,88,33,28,1,4,0,0
105,68,22,21,1,4,0,0
88,77,21,24,1,4,0,0
65,79,18,25,1,4,0,0
6,231,17,38,0,0,0,0
132,293,12,14,1,2,0,1
133,296,14,16,1,10,0,1
213,261,13,18,1,2,0,1
214,267,11,18,1,10,0,1
245,157,10,26,1,1,0,0
4,162,1,9,1,3,0,0
3,162,1,8,1,3,0,0
2,162,1,8,1,3,0,0
5,134,2,9,1,1,0,0
13,119,6,12,1,7,0,0
25,105,4,11,1,1,0,0
24,94,7,13,1,6,0,0
129,58,20,13,1,10,0,0
284,68,5,10,1,10,0,0
253,59,20,11,1,3,0,0
217,57,21,9,1,10,0,1
363,114,17,27,1,4,0,2
299,123,31,23,1,7,0,0
378,115,3,7,1,10,0,1
377,114,3,9,1,10,0,0
381,123,9,15,1,7,0,0
337,87,5,9,1,2,0,1
345,92,5,8,1,2,0,2
