197,269,71,60,1,4,0,0
46,167,24,52,1,4,0,0
80,130,30,50,1,4,0,0
123,65,38,34,1,4,0,0
167,29,30,12,1,4,0,0
100,60,28,26,1,4,0,0
207,8,11,4,1,4,0,0
203,4,9,2,1,4,0,0
34,208,8,26,1,1,0,0
47,284,15,20,1,2,0,2
48,286,13,19,1,2,0,1
50,293,18,20,1,10,0,1
5,203,14,40,1,4,0,0
8,189,3,10,1,3,0,0
9,153,12,30,1,6,0,1
1,199,5,10,1,10,0,2
5,167,1,10,1,1,0,0
3,159,2,12,1,1,0,0
1,159,1,13,1,1,0,1
2,160,2,10,1,2,0,0
18,139,11,24,1,4,0,1
16,129,9,19,1,10,0,2
21,110,18,28,1,4,0,1
248,41,10,11,1,2,0,1
225,36,7,7,1,2,0,1
244,28,6,5,1,2,0,1
148,16,6,4,1,2,0,1
149,13,4,2,1,2,0,1
272,26,5,5,1,2,0,1
312,33,12,10,1,4,0,0
349,118,7,18,1,2,0,1
306,29,10,7,1,4,0,0
294,21,9,6,1,4,0,0
310,28,10,7,1,4,0,0
314,32,9,7,1,4,0,1
285,17,9,6,1,4,0,2
302,24,9,6,1,5,0,0
251,46,8,8,1,3,0,1
225,39,9,7,1,10,0,1
245,30,7,5,1,10,0,1
147,17,6,4,1,10,0,1
148,14,4,3,1,10,0,1
244,10,11,5,1,4,0,0
190,3,8,3,1,4,0,0
170,5,8,3,1,7,0,0
174,2,8,2,1,4,0,0
198,1,6,2,1,4,0,0
186,2,7,2,1,7,0,1
86,31,18,12,1,7,0,2
106,11,31,19,0,0,0,0
165,3,3,1,1,10,0,1
166,2,3,1,1,2,0,1
195,0,7,2,1,7,0,1
227,2,8,2,1,7,0,1
224,1,6,2,1,4,1,1
231,4,18,6,0,0,0,0
10,246,12,27,1,4,1,0
