181,14,82,10,0,0,0,0
168,20,25,11,0,0,0,0
244,21,5,2,1,4,0,0
251,23,7,3,1,4,0,0
258,28,8,4,1,4,0,0
284,46,14,9,1,4,0,0
229,21,6,2,1,4,0,1
244,35,12,6,1,4,0,0
249,34,11,5,1,4,0,1
240,30,9,4,1,4,0,1
243,32,9,5,1,5,0,1
237,27,9,3,1,4,0,0
235,25,8,2,1,4,0,0
232,23,7,2,1,4,0,0
233,22,6,2,1,4,0,1
216,26,9,4,1,5,0,1
190,30,11,4,1,4,0,0
172,48,18,9,1,4,0,0
201,44,17,9,1,4,0,0
162,62,23,14,1,4,0,0
231,63,25,17,1,4,0,0
235,55,20,11,1,4,0,1
229,46,16,8,1,4,0,0
226,42,16,7,1,4,0,1
226,39,14,7,1,4,0,1
227,38,12,5,1,4,0,1
225,35,12,6,1,4,0,1
225,34,11,4,1,4,0,2
220,29,9,3,1,4,0,1
224,30,9,4,1,4,0,1
222,32,10,3,1,4,0,1
225,33,10,4,1,4,0,1
288,41,6,4,1,7,0,0
289,41,4,3,1,2,0,2
333,76,5,7,1,3,0,1
331,74,7,8,1,2,0,0
315,60,5,7,1,10,0,1
315,60,5,6,1,2,0,0
153,34,20,8,0,0,0,0
136,47,11,10,0,0,0,0
118,60,6,8,1,1,0,0
134,105,34,32,1,4,0,0
118,150,36,43,1,4,0,0
189,114,37,33,1,4,0,0
243,90,30,24,1,4,0,1
243,103,64,189,1,6,0,0
95,260,47,50,1,4,0,0
57,244,38,56,1,4,0,0
131,301,54,43,1,4,0,0
241,308,57,45,1,4,0,0
200,347,54,28,1,4,0,0
254,349,51,31,1,4,0,0
57,307,45,46,1,4,0,0
92,334,57,43,1,4,0,0
39,274,9,18,1,3,0,1
36,267,10,21,1,2,0,1
