376,93,17,36,0,0,0,0
395,128,11,37,0,0,0,0
9,124,9,21,1,4,0,0
199,326,59,32,1,4,0,0
115,292,56,48,1,4,0,0
149,23,19,11,1,4,0,0
156,17,15,8,1,4,0,0
184,13,15,5,1,4,0,0
175,18,20,7,1,4,0,0
180,10,13,4,1,4,0,0
389,102,8,16,1,4,0,0
390,100,7,13,1,4,0,1
396,116,6,19,1,4,1,0
374,84,11,15,1,4,0,2
377,86,10,15,1,4,0,2
380,79,10,15,1,4,0,0
378,74,6,11,0,0,0,0
381,78,6,9,0,0,0,0
386,84,4,8,0,0,0,0
378,82,17,25,1,9,0,1
187,29,35,28,1,6,0,0
113,33,58,82,1,6,0,0
192,77,86,221,1,6,0,0
95,112,66,160,1,6,0,0
189,71,34,31,1,4,0,2
179,23,22,11,1,6,0,2
154,6,21,12,1,9,0,0
184,0,16,7,1,4,1,0
173,6,9,3,1,4,0,2
165,5,9,3,1,4,0,2
165,2,9,3,1,4,1,0
104,320,79,38,1,9,1,0
