51,263,28,34,1,4,0,0
23,269,27,37,1,4,1,0
12,245,18,28,1,4,0,1
10,246,13,25,1,7,1,0
14,231,12,27,1,4,0,0
15,207,9,22,1,4,0,0
21,191,7,20,1,5,0,0
63,182,30,29,1,5,0,0
100,169,46,23,1,4,0,0
251,144,80,39,1,9,0,0
52,148,16,16,1,4,0,0
27,150,7,16,1,4,0,0
15,175,5,11,1,4,0,0
1,190,6,15,1,4,0,0
46,131,6,13,1,4,0,0
50,111,7,9,1,4,0,0
1,159,2,7,1,4,1,0
1,157,3,6,1,4,0,2
7,166,3,11,1,4,0,1
3,171,3,10,1,4,0,1
1,181,6,14,1,6,0,1
9,163,6,21,1,6,0,1
14,151,5,21,1,6,0,1
13,146,4,16,1,6,0,1
13,136,4,8,1,4,0,1
19,139,3,7,1,4,0,1
18,131,4,8,1,4,0,0
11,121,13,17,1,6,0,1
22,122,6,8,1,4,0,2
24,130,7,11,1,5,0,1
25,127,7,10,1,5,0,2
28,125,7,9,1,4,0,2
43,106,6,9,1,4,0,0
49,90,10,17,1,6,0,0
57,76,13,18,1,6,0,0
57,104,6,9,1,4,0,0
60,96,7,8,1,4,0,0
68,95,8,9,1,4,0,1
54,135,13,16,1,5,0,0
82,98,15,23,1,6,0,1
101,80,10,8,1,4,0,1
78,75,5,5,1,4,0,0
77,73,4,4,1,4,0,0
72,76,4,4,1,4,0,0
75,73,4,3,1,4,0,0
85,61,2,3,1,4,0,0
90,57,3,4,1,4,0,0
92,58,28,25,0,0,0,0
91,58,7,7,1,6,0,0
95,48,10,10,0,0,0,0
24,107,9,14,0,0,0,0
371,165,6,9,1,7,0,1
372,163,2,9,1,1,0,1
374,162,1,8,1,1,0,1
387,135,4,11,1,9,0,0
385,132,3,6,1,4,0,1
380,118,4,8,1,6,0,1
382,118,2,5,1,4,0,1
402,158,3,8,1,5,0,0
396,140,1,5,1,4,0,0
390,126,6,11,1,6,0,2
391,126,6,11,1,6,0,2
392,126,6,10,1,6,0,2
390,115,12,19,0,0,0,0
