26,290,28,39,1,4,0,0
39,301,34,40,1,4,0,0
61,312,35,36,1,4,0,0
60,291,36,39,1,4,0,0
243,340,37,21,1,4,0,0
223,344,8,11,1,1,0,0
235,337,13,15,1,1,0,0
251,308,41,33,1,4,0,0
260,274,41,38,1,4,0,0
263,235,33,40,1,5,0,0
271,201,28,37,1,4,0,0
277,176,19,24,1,4,0,0
267,143,26,35,1,4,0,0
267,126,23,22,1,4,0,1
267,116,21,18,1,4,0,2
260,101,23,22,1,4,0,1
261,93,18,15,1,4,0,1
59,132,34,78,1,6,0,0
27,206,10,26,1,4,0,0
26,231,5,18,1,10,0,0
26,231,3,9,1,2,0,0
238,380,22,8,1,8,1,0
93,102,8,13,1,10,0,0
125,62,33,31,1,6,0,0
186,92,21,14,1,4,0,0
242,54,18,11,1,4,0,0
237,53,12,7,1,4,0,1
238,50,10,5,1,5,0,0
234,46,11,5,1,4,0,1
227,42,9,4,1,4,0,1
233,44,8,5,1,5,0,1
228,38,8,4,1,4,0,1
226,37,8,3,1,4,0,1
156,46,25,17,1,6,0,0
170,37,11,5,1,4,0,0
177,30,10,4,1,4,0,0
214,31,2,1,1,10,0,0
200,21,4,2,1,4,0,0
195,20,3,1,1,4,0,0
218,47,3,3,1,10,0,0
228,49,2,3,1,10,0,0
