117,355,44,26,1,4,0,0
111,333,49,33,1,4,0,0
110,306,48,39,1,4,0,0
170,313,46,32,1,4,0,0
108,269,43,43,1,4,0,0
239,267,47,41,1,4,0,0
290,182,32,51,1,5,0,0
108,241,36,39,1,4,0,0
110,207,32,37,1,4,0,0
113,174,29,37,1,4,0,1
130,125,28,27,1,4,0,1
126,144,32,35,1,4,0,0
184,104,29,25,1,4,0,0
136,107,30,28,1,4,0,1
141,98,24,19,1,4,0,1
145,85,25,20,1,4,0,1
150,78,20,13,1,4,0,1
155,71,19,13,1,4,0,1
164,65,19,12,1,4,0,1
163,60,19,11,1,4,0,1
167,56,16,9,1,4,0,1
169,52,14,7,1,4,0,1
155,17,96,20,0,0,0,0
170,36,22,19,1,6,0,1
198,43,13,6,1,4,0,0
198,35,10,4,1,4,0,0
216,35,10,4,1,4,0,0
217,31,18,4,1,4,0,1
200,30,13,3,1,4,0,1
160,34,12,6,1,5,0,0
126,32,30,14,1,9,0,0
343,297,13,17,1,2,0,0
339,298,16,23,1,10,0,1
108,57,12,10,1,4,0,0
131,47,13,9,1,4,0,0
133,44,11,7,1,4,0,0
103,61,6,6,1,1,0,0
387,99,17,24,1,6,0,1
292,43,25,14,1,6,0,1
8,133,2,6,1,4,0,0
12,126,3,6,1,4,0,0
14,122,3,6,1,4,0,0
9,126,4,7,1,6,0,1
12,123,2,6,1,4,0,1
15,121,3,6,1,4,0,2
16,119,3,6,1,4,0,1
17,118,3,5,1,4,0,1
19,116,3,5,1,4,0,1
28,93,11,15,1,6,0,1
8,132,2,5,1,4,0,1
8,131,3,5,1,4,0,2
