44,291,27,26,1,4,0,1
27,276,20,25,1,4,0,0
27,269,6,9,1,2,0,0
16,242,10,21,1,4,0,0
13,255,10,18,1,4,1,0
5,221,7,19,1,4,0,0
5,163,4,12,1,4,0,0
3,151,1,6,1,1,0,0
3,149,1,6,1,1,0,1
5,142,3,12,1,4,0,0
7,134,3,9,1,4,0,1
10,125,3,9,1,4,0,1
15,128,4,11,1,4,0,1
3,142,3,9,1,4,0,1
5,135,3,9,1,4,0,1
4,140,1,5,1,2,0,2
3,141,2,5,1,10,0,2
6,121,3,6,1,4,1,0
7,117,3,7,1,4,1,1
8,112,4,8,1,5,0,1
13,110,4,11,1,4,0,0
9,114,4,8,1,5,0,0
14,104,4,7,1,4,0,1
9,109,5,8,1,4,0,2
11,106,5,7,1,4,0,2
13,101,5,8,1,5,0,2
16,96,5,8,1,4,0,1
17,95,5,6,1,4,0,2
20,89,5,6,1,4,0,1
24,83,5,7,1,4,0,1
23,87,4,7,1,4,0,0
26,84,4,6,1,4,0,1
26,83,4,5,1,5,0,1
27,80,5,6,1,5,0,2
29,79,3,5,1,5,0,2
27,80,3,5,1,5,0,2
34,70,4,6,1,4,0,0
36,68,4,6,1,4,0,2
42,60,4,6,1,4,0,0
43,66,5,6,1,4,0,0
37,75,4,6,1,4,0,0
29,89,4,6,1,4,0,0
34,80,5,7,1,4,0,1
38,74,7,10,1,5,0,0
54,52,4,5,1,4,0,0
58,49,4,5,1,4,0,0
54,56,5,5,1,4,0,1
44,69,7,7,1,4,0,2
44,71,5,7,1,4,0,2
44,72,6,7,1,4,0,2
67,40,4,3,1,4,0,0
72,36,3,3,1,4,0,0
23,83,4,8,0,0,0,0
45,57,3,4,1,4,0,0
50,52,3,4,1,4,0,0
53,49,3,4,1,4,0,0
48,52,3,4,1,5,0,0
58,45,4,4,1,4,0,0
47,56,3,3,0,0,0,0
51,54,2,2,1,2,0,1
51,55,1,2,1,10,0,1
37,70,2,4,1,1,0,0
36,73,2,3,1,1,0,0
25,90,2,3,1,2,0,1
25,91,1,3,1,10,0,2
71,40,2,2,1,1,0,0
59,42,10,10,1,6,0,2
72,38,2,2,1,2,0,1
72,39,2,2,1,10,0,2
77,33,4,4,1,4,0,0
78,32,4,3,1,4,0,1
77,34,2,2,1,1,0,0
86,27,6,5,1,5,0,2
61,31,30,24,0,0,0,0
41,78,5,6,1,8,0,2
40,78,7,9,1,5,0,2
37,81,8,10,1,4,0,2
37,83,8,10,1,4,0,2
35,85,9,11,1,5,0,2
32,91,7,10,1,4,0,2
35,88,8,10,1,5,0,2
34,91,8,10,1,5,0,2
29,97,4,8,1,4,0,1
27,99,8,10,1,4,0,2
27,102,7,9,1,4,0,2
26,105,6,9,1,4,0,1
23,107,4,8,1,4,0,1
20,106,4,8,1,4,0,1
22,98,7,14,1,9,0,1
21,112,4,9,1,4,0,1
30,95,2,4,1,2,0,1
30,96,2,4,1,10,0,2
23,111,5,9,1,4,0,2
32,103,3,7,1,1,0,1
34,101,2,6,1,1,0,0
28,109,2,6,1,1,0,2
24,113,5,9,1,4,0,2
21,118,8,11,1,4,0,2
19,127,5,9,1,4,0,1
29,127,11,17,1,4,0,1
24,120,3,6,1,1,0,0
16,137,2,8,1,1,0,0
18,134,2,8,1,1,0,0
15,137,2,7,1,1,0,2
22,123,3,8,1,1,0,1
22,124,2,7,1,1,0,2
25,119,3,7,1,1,0,1
30,114,4,9,1,1,0,2
19,123,3,6,1,1,0,0
13,142,2,7,1,1,0,1
12,144,3,6,1,3,0,1
10,162,1,5,1,2,0,2
9,160,3,9,1,7,0,2
14,156,1,7,1,2,0,2
13,157,2,7,1,10,0,1
22,143,2,9,1,1,0,0
35,125,3,8,1,1,0,1
32,125,3,8,1,1,0,0
35,122,2,6,1,2,0,2
43,119,3,6,1,2,0,2
17,144,1,5,1,2,0,2
16,142,5,10,1,7,0,1
17,152,3,5,1,10,0,2
17,151,2,5,1,2,0,2
18,148,2,8,1,2,0,2
17,150,7,11,1,8,0,0
23,144,2,5,1,2,0,1
25,145,5,8,1,7,0,0
30,147,3,7,1,2,0,1
31,147,2,8,1,2,0,1
29,149,5,7,1,10,0,2
31,156,13,14,1,4,0,0
29,146,12,16,1,4,0,0
32,138,11,13,1,4,0,2
39,125,10,16,1,4,0,1
36,167,13,16,1,4,0,1
44,175,8,23,1,4,0,1
46,189,4,13,1,2,0,1
45,194,5,8,1,3,0,2
51,198,4,13,1,1,0,0
52,192,4,13,1,1,0,2
48,139,10,17,1,8,0,1
48,128,16,18,1,4,0,2
49,116,10,17,1,4,0,1
48,125,5,10,1,3,0,1
70,111,24,21,1,4,0,0
68,127,27,25,1,4,0,2
104,115,33,26,1,4,0,2
152,111,42,22,1,4,0,2
113,92,18,21,1,5,0,0
124,94,12,16,1,7,0,1
97,113,8,12,1,2,0,2
93,115,14,13,1,10,0,2
91,101,9,9,1,3,0,0
88,98,6,12,1,10,0,0
118,84,6,10,1,1,0,0
145,89,15,14,1,7,0,2
170,80,6,11,1,1,0,2
160,85,22,17,1,4,0,1
204,72,37,14,1,4,0,1
227,80,28,22,1,5,0,1
259,102,31,20,1,4,0,1
250,84,26,20,1,4,0,1
265,84,27,20,1,4,0,1
282,85,5,9,1,1,0,2
317,114,27,25,1,4,0,2
298,90,19,18,1,4,0,1
310,91,15,17,1,4,0,1
294,78,22,15,1,4,0,1
339,110,15,16,1,8,0,0
356,142,15,19,1,8,0,0
364,125,10,18,1,5,0,2
371,151,4,9,1,10,0,1
362,139,3,7,1,1,0,2
361,141,5,7,1,10,0,2
336,104,17,18,1,4,0,1
339,103,15,15,1,4,0,2
346,104,13,17,1,4,0,2
358,110,10,15,1,4,0,0
355,104,12,15,1,4,0,1
368,113,8,15,1,5,0,1
375,127,8,15,1,5,0,2
375,127,2,5,1,2,0,2
359,101,4,6,1,10,0,0
314,82,36,24,0,0,0,0
328,104,6,9,1,10,0,0
280,76,6,9,1,1,0,1
272,72,9,8,1,10,0,2
260,69,7,8,1,10,0,0
231,70,30,14,1,4,0,1
231,62,6,8,1,2,0,0
219,66,8,6,1,10,0,0
202,68,6,6,1,10,0,0
192,66,4,11,1,1,0,0
179,68,5,8,1,10,0,0
181,68,7,7,1,10,0,0
186,68,8,8,1,3,0,0
139,70,23,16,1,4,0,1
141,68,8,9,1,1,0,1
74,102,8,11,1,10,0,1
60,112,5,9,1,10,0,0
64,114,5,10,1,1,0,0
74,106,6,11,1,10,0,0
69,110,7,12,1,10,0,1
61,121,11,12,1,10,0,1
45,110,12,16,0,0,0,0
29,126,4,11,1,1,0,0
19,121,14,25,0,0,0,0
36,178,2,12,1,1,0,0
35,186,2,6,1,2,0,0
32,181,2,6,1,2,0,1
31,180,2,7,1,2,0,1
29,180,2,7,1,2,0,1
28,181,2,7,1,2,0,1
26,182,2,6,1,2,0,0
40,186,2,7,1,2,0,2
31,187,3,9,1,1,0,1
25,185,2,7,1,2,0,1
24,187,2,6,1,2,0,1
23,187,2,7,1,2,0,1
22,187,2,8,1,2,0,1
21,188,2,7,1,2,0,0
23,176,1,8,1,2,0,1
23,177,1,6,1,10,0,2
20,178,1,9,1,1,0,1
19,183,2,6,1,2,0,0
27,186,4,9,1,3,0,0
29,186,2,7,1,2,0,2
20,191,2,7,1,2,0,1
20,192,1,7,1,2,0,1
19,189,2,6,1,2,0,1
18,183,2,6,1,2,0,0
17,183,2,6,1,2,0,0
16,180,1,9,1,1,0,1
16,186,1,5,1,2,0,1
16,187,1,5,1,2,0,2
15,184,1,9,1,1,0,1
15,182,1,9,1,1,0,2
16,188,1,7,1,2,0,1
19,192,1,6,1,2,0,1
18,189,1,7,1,2,0,1
17,188,1,6,1,2,0,1
17,191,2,7,1,2,0,1
17,193,1,5,1,2,0,1
16,195,2,12,1,1,0,0
16,194,1,6,1,2,0,2
15,194,2,7,1,2,0,2
15,196,2,6,1,2,0,2
14,193,2,9,1,1,0,1
13,193,2,8,1,1,0,2
13,196,2,6,1,1,0,2
15,198,1,5,1,2,0,2
15,199,1,5,1,2,0,2
15,200,1,6,1,2,0,2
15,201,1,5,1,2,0,2
15,203,1,5,1,2,0,2
15,206,2,5,1,2,0,2
14,206,3,8,0,0,0,0
15,214,2,6,1,2,0,2
15,217,2,6,1,2,0,2
15,218,2,7,1,2,0,2
15,221,3,6,1,2,0,2
15,222,2,5,1,2,0,2
16,224,2,6,1,2,0,2
16,227,7,11,0,0,0,0
17,202,2,10,1,1,0,1
17,209,2,6,1,2,0,1
18,212,2,6,1,2,0,1
18,215,2,7,1,2,0,2
18,217,2,7,1,2,0,1
17,217,2,5,1,2,0,1
16,214,2,7,1,2,0,2
16,213,2,6,1,2,0,2
18,223,3,6,1,2,0,2
19,221,6,19,1,8,0,1
18,237,12,28,0,0,0,0
20,232,24,52,1,6,0,2
90,293,30,28,1,4,0,0
116,299,33,28,1,4,0,0
207,304,34,23,1,4,0,0
238,298,35,27,1,4,0,1
284,284,29,28,1,5,0,1
376,244,15,26,1,4,0,1
388,223,10,18,1,4,0,0
393,217,7,14,1,5,0,1
379,257,13,20,1,4,0,1
381,260,12,19,1,5,1,1
394,231,7,19,1,4,1,0
399,214,2,9,1,10,0,2
398,215,2,8,1,3,0,2
400,214,2,6,1,10,0,2
400,212,3,9,1,10,0,2
18,201,75,112,0,0,0,0
13,120,2,7,1,1,0,2
15,249,11,24,1,7,0,0
