390,237,10,23,1,5,1,0
384,242,12,23,1,4,0,1
380,248,12,23,1,4,0,0
368,259,16,24,1,4,0,1
362,265,17,24,1,4,0,1
355,272,21,27,1,5,0,1
365,279,16,20,1,4,0,1
356,283,17,20,1,8,0,0
324,274,28,27,1,4,0,0
329,287,25,27,1,4,0,0
317,297,28,27,1,4,0,1
277,318,39,26,1,4,0,1
259,328,38,23,1,4,0,0
233,338,40,19,1,5,1,1
156,349,27,9,1,4,1,0
210,353,13,6,1,8,1,0
208,331,46,16,1,4,0,0
232,316,48,20,1,4,0,1
112,314,34,25,1,4,0,0
349,235,35,45,0,0,0,0
359,270,6,11,1,1,0,1
385,268,3,7,1,2,0,0
384,269,4,7,1,10,0,0
350,300,7,8,1,1,0,0
108,338,7,5,1,1,1,0
184,335,8,8,1,1,0,0
184,328,7,7,1,1,0,0
295,296,9,11,1,1,0,0
300,299,12,12,1,10,0,0
282,302,12,11,1,10,0,0
252,314,13,9,1,10,0,0
234,319,11,10,1,10,0,0
224,320,12,11,1,10,0,0
198,325,8,8,1,10,0,0
165,325,9,10,1,10,0,0
170,326,9,8,1,10,0,0
176,326,10,9,1,10,0,0
99,311,8,9,1,3,0,0
102,311,9,10,1,10,0,0
3,147,3,9,1,4,0,1
2,147,3,8,1,4,0,1
5,141,3,8,1,5,0,1
3,143,3,8,1,4,0,1
3,136,4,11,1,5,0,1
6,135,4,8,1,5,0,1
6,130,3,7,1,4,0,1
6,133,4,7,1,4,0,2
6,131,4,8,1,4,0,1
8,127,4,7,1,4,0,1
9,124,4,7,1,4,0,1
10,121,4,8,1,4,0,1
11,118,4,8,1,4,0,1
13,112,4,8,1,4,0,1
17,108,6,9,1,4,0,1
19,105,5,8,1,4,0,1
15,109,3,6,1,4,0,1
16,105,4,8,1,4,0,1
17,103,5,7,1,4,0,1
21,100,5,8,1,4,0,1
22,97,5,7,1,4,0,1
19,99,4,7,1,4,0,1
22,95,5,8,1,5,0,1
24,92,4,7,1,5,0,1
25,90,4,6,1,5,0,1
12,108,2,5,1,4,0,0
15,106,2,5,1,4,0,0
16,101,3,5,1,4,0,0
18,96,2,4,1,4,0,0
13,99,3,7,1,4,0,0
17,94,2,5,1,4,0,0
23,86,3,4,1,4,0,0
18,97,5,10,1,6,0,1
17,85,5,6,1,9,0,0
19,82,5,7,1,9,0,0
16,92,3,4,1,4,0,0
19,88,2,3,1,4,0,0
24,80,3,5,1,4,0,0
29,74,2,3,1,4,0,0
34,67,3,4,1,4,0,0
25,81,3,3,1,4,0,0
31,74,3,4,1,4,0,1
34,71,2,3,1,4,0,0
35,63,7,8,1,6,0,0
