0,137,28,75,1,4,1,0
30,52,94,91,1,4,0,0
318,45,62,65,1,4,0,0
26,46,77,74,1,4,0,1
65,17,66,40,1,4,0,1
15,64,37,47,1,4,0,1
3,112,22,40,1,4,1,0
8,87,29,43,1,4,1,1
44,34,58,50,1,4,0,0
28,46,39,40,1,5,0,1
18,262,17,31,1,2,0,1
157,342,46,21,1,2,0,0
242,8,14,10,1,2,0,1
284,20,18,15,1,2,0,1
309,33,16,15,1,2,0,1
383,158,6,27,1,2,0,1
378,155,10,39,1,2,0,0
272,286,39,47,1,1,0,0
213,30,27,23,1,1,0,1
215,48,29,35,1,1,0,0
248,50,27,33,1,1,0,0
333,148,13,41,1,1,0,0
334,131,21,50,1,1,0,1
99,350,65,32,1,3,0,0
19,265,27,41,1,3,0,1
239,10,24,11,1,3,0,2
281,22,26,17,1,3,0,1
310,37,20,16,1,10,0,1
