208,316,47,28,1,5,0,0
233,324,34,21,1,4,0,0
245,325,37,23,1,4,0,0
246,320,57,37,1,6,0,0
268,328,35,23,1,4,0,1
284,326,30,22,1,4,1,1
298,329,20,14,1,4,1,1
329,316,14,11,1,4,1,1
346,261,21,36,1,4,0,0
365,248,4,7,1,1,0,0
320,237,34,33,1,4,0,0
326,219,27,26,1,4,0,0
326,195,29,27,1,4,0,0
328,169,27,24,1,5,0,1
370,174,8,41,1,9,0,0
354,100,17,39,1,4,0,0
319,57,34,40,1,4,0,0
318,31,20,23,1,4,0,0
306,26,23,24,1,4,0,0
294,21,21,21,1,4,0,0
279,16,24,21,1,4,0,0
262,12,24,19,1,4,0,0
246,9,22,16,1,4,0,0
227,6,22,17,1,4,0,0
206,1,22,16,1,4,0,1
189,6,19,13,1,4,0,1
76,36,54,54,1,6,0,0
156,276,60,28,1,4,0,0
168,299,54,21,1,4,0,0
27,98,18,39,1,4,0,0
62,33,27,30,1,4,0,2
