85,311,107,53,1,4,0,0
81,329,92,49,1,5,0,0
76,339,79,43,1,5,1,0
178,147,85,80,0,11,0,0
225,131,85,71,1,5,0,1
221,109,98,63,1,4,0,1
245,93,78,51,1,4,0,1
254,80,74,48,1,4,0,1
264,68,61,42,1,5,0,1
267,61,57,37,1,5,0,1
274,57,55,37,1,4,0,1
277,53,51,31,1,4,0,1
285,50,43,28,1,4,0,1
286,45,42,29,1,4,0,1
285,39,43,29,1,5,0,1
296,41,29,19,1,4,0,1
294,38,29,18,1,4,0,1
298,38,27,18,1,4,0,1
296,36,28,17,1,4,0,1
297,34,27,17,1,4,0,1
297,33,25,15,1,4,0,1
298,32,26,16,1,4,0,1
300,32,26,17,1,4,0,1
301,30,24,15,1,4,0,1
301,29,22,13,1,4,0,1
294,24,11,8,1,4,0,1
285,20,11,7,1,4,0,0
270,17,15,9,1,4,0,0
275,18,13,7,1,4,0,1
273,16,12,6,1,4,0,1
74,282,18,27,1,1,0,0
136,297,17,27,1,1,0,0
116,266,21,32,1,1,0,0
31,259,19,32,1,10,0,1
214,51,11,14,1,1,0,0
244,36,33,19,1,4,0,0
193,51,16,8,1,3,0,0
178,62,13,15,1,10,0,0
187,59,9,14,1,10,0,0
350,135,10,26,1,7,0,1
286,33,8,8,1,1,0,0
274,36,9,6,1,2,0,1
275,38,9,9,1,3,0,1
263,26,13,7,1,3,0,1
243,28,9,6,1,10,0,0
259,19,21,10,0,0,0,0
309,30,6,5,1,1,0,1
310,30,5,4,1,1,0,1
347,56,5,6,0,0,0,0
343,57,12,13,1,4,0,1
297,20,13,8,1,5,0,1
374,87,8,13,1,5,0,0
374,83,7,10,1,5,0,0
364,68,10,11,0,0,0,0
384,101,8,15,1,4,0,0
384,95,8,13,1,5,0,0
394,118,3,5,1,2,0,1
394,119,3,8,1,10,0,1
368,75,5,5,1,10,0,1
369,75,2,3,1,2,0,1
376,81,4,6,1,1,0,0
379,84,9,15,0,0,0,0
373,75,3,5,1,1,0,0
369,70,3,5,1,1,0,0
367,68,3,4,1,1,0,0
369,70,4,4,1,1,0,0
371,71,3,4,1,1,0,0
375,75,3,5,1,1,0,0
375,77,3,5,1,1,0,0
374,76,3,4,1,1,0,0
377,79,3,5,1,1,0,0
380,85,4,5,1,1,0,0
343,48,7,6,0,0,0,0
317,30,3,3,0,0,0,0
324,33,8,7,1,4,0,1
332,38,5,6,1,4,0,0
337,41,7,7,1,4,0,0
344,47,6,6,1,4,0,0
336,40,6,5,1,5,0,1
310,25,6,5,1,4,0,1
311,27,4,2,1,1,0,1
309,25,3,2,1,1,0,1
297,22,9,6,0,0,0,0
339,41,5,4,1,4,1,0
354,52,3,3,1,1,1,0
357,55,7,7,1,5,0,1
