8,255,19,40,1,4,1,0
14,176,8,39,1,4,0,0
27,170,10,45,1,4,0,0
12,208,5,20,1,1,0,0
312,88,26,32,1,4,0,0
310,78,22,25,1,4,0,1
301,61,15,17,1,4,0,1
291,54,27,19,1,4,0,1
386,132,10,20,1,4,0,1
401,154,5,17,1,4,1,0
391,134,10,21,1,5,0,1
398,143,6,13,1,5,0,1
401,146,4,10,1,5,1,1
79,242,41,37,1,10,0,0
316,330,21,20,1,1,0,1
324,327,17,19,1,1,0,1
59,165,11,16,1,1,0,1
57,155,9,32,1,1,0,1
34,107,7,13,1,1,0,1
16,124,4,11,1,1,0,1
266,128,13,36,1,1,0,1
272,132,19,34,1,1,0,1
359,106,7,14,1,1,0,1
357,104,7,13,1,1,0,1
389,241,7,19,1,1,0,1
389,251,6,13,1,2,0,1
37,92,6,9,1,2,0,1
66,81,9,13,1,2,0,1
362,89,4,7,1,2,0,1
366,94,4,6,1,2,0,1
377,93,2,3,1,2,0,1
273,58,9,9,1,2,0,1
272,58,10,11,1,3,0,1
363,92,4,6,1,3,0,1
378,94,2,4,1,3,0,1
366,95,5,7,1,10,0,1
63,83,13,14,1,10,0,1
37,94,5,7,1,10,0,1
30,112,4,9,1,10,0,1
28,113,5,10,1,10,0,1
185,95,34,20,1,10,0,1
148,116,39,23,1,10,0,0
387,252,7,14,0,11,0,1
89,121,44,83,1,5,0,1
88,89,84,45,1,5,0,1
170,105,12,18,1,3,0,1
79,88,46,32,1,10,0,1
14,151,6,11,1,7,0,1
314,131,11,28,1,1,0,1
313,122,11,26,1,1,0,1
364,100,5,10,1,1,0,0
327,73,8,11,1,1,0,0
354,92,8,13,1,1,0,0
380,108,4,9,1,1,0,0
228,42,8,9,1,1,0,0
390,126,3,8,1,1,0,1
37,97,5,10,1,1,0,1
38,97,4,8,1,1,0,1
128,53,10,11,1,1,0,1
114,56,9,10,1,1,0,0
75,92,11,16,1,1,0,0
74,79,11,16,1,1,0,0
85,74,10,15,1,1,0,0
174,48,10,8,1,2,0,0
120,55,10,10,1,2,0,1
33,115,6,13,1,1,0,0
9,134,13,24,1,4,0,1
45,81,13,16,1,8,0,1
38,81,14,19,0,11,0,1
32,88,11,15,1,8,0,1
34,94,4,6,1,1,0,1
46,77,14,15,1,4,0,1
38,80,14,16,1,4,0,1
34,82,13,15,1,5,0,1
76,61,27,24,1,8,0,1
80,71,8,9,1,2,0,1
59,73,15,21,1,8,0,1
373,84,1,3,1,1,0,0
361,67,2,3,1,4,0,0
368,83,4,6,1,4,0,0
345,63,7,7,1,4,0,0
354,70,6,7,1,4,0,0
372,81,6,10,1,5,0,1
340,67,11,12,1,5,0,0
349,74,9,12,1,5,0,0
331,62,11,10,1,4,0,1
335,62,11,10,1,4,0,1
344,69,7,8,1,4,0,1
345,67,8,9,1,4,0,1
351,74,7,9,1,4,0,1
335,53,6,5,1,4,0,1
313,43,10,7,1,4,0,1
95,36,12,8,1,4,0,1
137,28,16,7,1,4,0,1
153,26,13,6,1,4,0,1
164,26,12,4,1,4,0,1
172,25,18,5,1,4,0,1
218,22,13,4,1,4,0,1
204,21,15,3,1,4,0,1
198,21,12,3,1,4,0,1
110,34,14,8,1,4,0,1
108,33,13,7,1,5,0,1
96,38,14,9,1,5,0,1
157,21,20,5,1,5,0,0
176,20,14,5,1,5,0,0
101,43,4,5,1,1,0,0
252,26,21,8,1,4,0,1
246,24,14,5,1,4,0,1
236,21,16,4,1,4,0,1
316,44,10,7,1,4,0,1
324,48,5,4,1,4,0,1
308,36,8,5,1,4,0,1
303,34,10,6,1,4,0,1
303,38,8,5,1,4,0,1
293,34,12,7,1,4,0,1
282,29,6,4,1,4,0,1
293,32,8,4,1,4,0,1
288,31,7,5,1,4,0,1
279,30,11,6,1,4,0,1
256,23,9,5,1,7,0,1
340,61,4,5,0,0,0,0
341,60,2,2,1,1,0,0
351,62,2,3,1,1,0,0
361,63,7,9,0,0,0,0
371,80,2,2,1,1,0,0
372,82,2,2,1,1,0,0
367,73,2,2,1,4,0,0
366,71,2,3,1,4,0,0
359,68,2,3,1,4,0,0
357,67,3,4,1,4,0,0
356,65,3,3,1,4,0,0
356,63,5,6,1,9,0,0
365,71,2,3,1,4,0,0
359,66,2,2,1,4,0,1
368,73,2,3,1,4,0,1
354,61,2,3,1,4,0,1
398,129,1,3,1,1,0,0
399,130,1,5,1,1,1,0
381,94,2,3,1,1,0,1
