36,128,16,47,1,1,0,0
276,302,35,39,1,1,0,0
295,348,30,21,1,1,1,0
393,168,5,32,1,1,0,0
380,120,10,30,1,1,0,0
337,99,17,38,1,1,0,0
323,81,16,30,1,1,0,0
330,89,16,35,1,1,0,0
349,79,14,23,1,1,0,0
356,83,11,22,1,1,0,0
360,86,10,20,1,1,0,0
369,100,7,16,1,1,0,0
364,89,11,21,1,1,0,1
372,96,9,18,1,1,0,0
376,98,10,20,1,10,0,1
377,99,6,13,1,1,0,1
344,66,12,17,1,1,0,0
352,71,10,17,1,1,0,0
354,72,11,16,1,1,0,0
331,50,11,14,1,1,0,0
346,61,9,12,1,1,0,0
343,56,9,11,1,1,0,1
341,52,10,12,1,1,0,1
345,55,8,11,1,1,0,1
344,53,7,9,1,1,0,1
347,56,6,7,1,1,0,1
322,49,13,12,1,3,0,0
323,48,15,13,1,10,0,0
366,82,15,22,1,4,0,1
361,72,14,20,1,4,0,1
360,232,44,95,1,4,1,0
51,277,187,93,1,4,0,0
89,249,219,83,1,4,0,1
115,189,217,103,1,4,0,1
172,126,167,99,1,4,0,1
203,90,139,74,1,4,0,1
196,67,138,70,1,4,0,1
281,52,49,36,1,4,0,1
104,40,42,23,1,8,0,0
347,53,11,12,0,0,0,0
331,77,25,40,1,8,0,1
231,48,99,57,1,5,0,1
256,40,75,45,1,5,0,2
23,275,17,31,1,2,0,0
349,98,14,25,1,2,0,1
296,38,15,15,1,1,0,0
287,34,11,12,1,1,0,1
