312,31,18,18,1,5,0,0
354,97,12,23,1,4,0,2
340,300,5,4,1,1,0,0
148,19,3,3,1,1,0,0
141,20,5,4,1,1,0,0
145,20,3,3,1,1,0,0
182,34,5,4,1,1,0,0
176,33,4,3,1,1,0,0
180,45,4,5,1,1,0,0
202,38,6,3,1,1,0,0
205,33,4,4,1,1,0,0
172,24,5,3,1,1,0,0
164,28,4,4,1,1,0,0
164,33,5,3,1,1,0,0
176,25,5,3,1,1,0,0
244,151,6,9,1,1,0,0
298,145,5,9,1,1,0,0
197,181,5,7,1,1,0,0
166,190,8,10,1,1,0,0
180,159,5,9,1,1,0,0
146,177,7,9,1,1,0,0
141,141,6,5,1,1,0,0
132,145,6,10,1,1,0,0
374,264,18,30,1,6,1,1
366,289,1,2,1,1,0,0
2,212,4,14,1,4,0,1
52,49,12,12,1,4,0,1
56,43,13,11,1,4,0,2
