17,262,12,17,1,5,0,1
16,258,12,16,1,4,0,1
14,248,15,24,1,6,0,1
68,143,8,18,1,4,0,0
85,87,11,14,1,5,0,0
125,18,6,4,1,6,0,1
122,18,4,2,1,4,0,1
212,80,18,12,1,4,0,2
304,314,22,21,1,5,0,0
334,259,16,23,1,5,0,1
379,126,8,16,1,6,0,0
371,108,7,13,1,9,0,0
299,29,6,4,1,4,0,1
299,28,6,4,1,4,0,1
318,36,5,4,1,4,0,1
372,87,3,5,1,4,0,1
362,77,10,12,1,6,0,1
364,75,3,5,1,4,0,0
354,67,9,10,1,6,0,2
355,67,9,10,1,6,0,1
355,67,10,11,1,6,0,1
358,68,9,11,1,6,0,1
360,69,8,10,1,6,0,1
361,70,7,8,1,6,0,1
361,69,7,9,1,6,0,2
366,75,6,7,1,6,0,1
386,100,6,10,1,6,0,1
398,117,3,7,1,6,1,1
396,116,3,5,1,4,0,2
370,76,2,4,1,4,0,1
371,77,2,3,1,5,0,1
346,50,4,3,1,4,0,2
350,52,4,4,1,4,0,0
360,59,3,3,1,4,0,1
361,59,2,2,1,4,0,0
369,65,2,3,1,4,0,0
372,68,2,3,1,4,0,1
370,65,2,3,1,4,0,0
371,65,1,2,1,4,0,0
