7,189,3,28,1,1,0,0
352,225,19,55,1,1,0,0
386,221,13,42,1,1,0,0
254,123,22,47,1,1,0,0
298,132,18,41,1,1,0,0
35,205,14,48,1,1,0,1
38,207,6,21,1,2,0,1
283,143,15,24,1,2,0,2
15,156,3,17,1,1,0,1
14,155,4,20,1,1,0,0
10,158,4,19,1,1,0,0
9,158,4,19,1,1,0,1
8,160,3,17,1,1,0,0
7,160,3,18,1,1,0,1
15,153,4,21,1,1,0,2
13,153,4,21,1,1,0,2
9,154,4,19,1,1,0,2
8,158,3,19,1,1,0,2
13,162,3,12,1,2,0,2
13,160,3,14,1,2,0,2
12,159,2,14,1,2,0,2
5,147,2,8,1,1,0,2
5,147,2,10,1,1,0,2
20,151,7,17,1,2,0,0
31,142,7,15,1,2,0,0
23,143,6,19,1,1,0,1
22,144,4,19,1,1,0,2
16,156,6,13,1,3,0,1
3,166,4,15,1,10,0,0
4,164,4,11,1,10,0,2
5,167,4,12,1,3,0,1
5,168,4,11,1,3,0,2
5,140,6,11,1,5,0,2
3,143,4,8,1,5,1,2
5,140,4,10,1,4,0,2
6,137,5,11,1,5,0,2
4,141,4,9,1,4,0,2
19,125,8,13,1,4,0,2
39,109,12,14,1,4,0,2
34,112,9,14,1,5,0,2
41,106,10,13,1,5,0,2
49,103,10,12,1,4,0,2
26,126,3,8,1,2,0,2
39,110,8,11,1,4,0,2
55,84,32,24,0,0,0,0
74,100,7,12,1,1,0,1
53,122,7,14,1,2,0,1
64,115,10,14,1,2,0,2
75,107,8,13,1,2,0,1
79,107,7,12,1,2,0,2
114,91,10,13,1,2,0,0
138,84,11,11,1,2,0,0
85,101,13,14,1,3,0,2
98,88,7,11,1,2,0,1
169,60,32,10,0,0,0,0
183,66,5,6,1,1,0,2
191,66,7,7,1,1,0,1
222,70,28,11,1,4,0,2
268,80,24,14,1,5,0,2
265,77,22,14,1,4,0,2
209,62,4,5,1,1,0,1
348,115,7,13,1,1,0,0
337,107,5,8,1,2,0,2
353,114,4,9,1,2,0,2
352,115,7,10,1,10,0,2
337,110,7,7,1,10,0,2
373,126,3,9,1,1,0,1
372,126,3,7,1,1,0,1
377,130,4,9,1,2,0,2
5,133,7,11,0,0,0,0
