300,199,35,33,1,4,0,0
376,188,10,17,1,4,0,0
302,227,39,39,1,5,0,0
297,314,21,18,1,4,0,0
343,285,24,26,1,4,0,0
320,291,28,26,1,4,0,0
310,310,23,24,1,4,0,0
318,307,24,25,1,4,0,0
329,304,20,23,1,4,0,0
161,303,48,20,1,4,0,0
290,247,39,32,1,4,0,0
335,235,27,34,1,4,0,0
320,250,26,30,1,4,0,0
297,282,35,27,1,4,0,0
181,346,38,9,1,4,0,1
162,330,43,13,1,4,0,1
196,347,48,12,1,4,0,1
292,292,39,31,1,5,0,0
339,296,23,24,1,4,0,0
321,269,37,38,1,4,0,0
334,255,32,37,1,4,0,0
360,204,30,49,1,6,0,0
366,232,18,30,1,6,0,0
401,179,3,17,1,4,0,0
402,194,5,15,1,4,0,0
403,190,4,12,1,4,0,0
401,149,5,12,1,4,0,0
404,172,3,9,1,4,0,1
404,177,3,12,1,4,0,1
403,166,4,10,1,4,0,1
403,160,3,11,1,4,0,1
403,157,4,12,1,4,0,1
382,103,7,17,1,4,0,0
392,119,6,15,1,4,0,0
396,129,4,17,1,4,0,0
397,124,3,12,1,4,0,0
402,140,4,13,1,6,1,0
385,105,13,39,1,9,0,0
159,11,16,9,1,4,0,0
172,10,15,7,1,4,0,0
251,11,22,9,1,4,0,0
245,7,22,8,1,4,0,0
271,12,19,9,1,4,0,0
293,25,18,11,1,4,0,0
293,22,19,13,1,4,0,0
218,1,20,5,1,4,0,0
207,1,20,5,1,5,0,0
335,46,34,36,1,9,0,1
365,70,10,14,1,4,0,0
377,84,9,14,1,4,0,2
153,320,44,16,1,5,0,0
148,286,47,22,1,5,0,0
99,203,39,27,1,5,0,2
100,158,45,34,1,5,0,0
99,185,37,26,1,4,0,1
96,133,37,30,1,4,0,1
90,117,38,27,1,4,0,1
101,62,21,24,1,4,0,1
96,47,21,21,1,4,0,0
99,44,12,12,1,4,0,0
77,66,26,20,1,4,0,1
76,62,23,19,1,4,0,1
77,58,22,19,1,4,0,1
77,55,22,16,1,4,0,1
79,52,20,15,1,4,0,1
81,48,19,15,1,4,0,1
93,40,18,13,1,4,0,1
89,39,20,14,1,4,0,1
89,36,20,14,1,4,0,1
