19,282,6,12,1,1,0,0
30,299,6,9,1,2,0,1
25,297,8,13,1,10,0,1
177,379,15,6,1,2,0,1
133,333,18,15,1,2,0,1
167,289,15,20,1,2,0,2
234,65,16,13,1,2,0,0
279,152,15,26,1,2,0,2
246,22,8,6,1,1,0,0
239,21,6,5,1,1,0,0
270,74,18,19,1,1,0,0
259,12,5,3,1,2,0,1
265,17,8,5,1,2,0,2
267,8,15,7,1,4,0,0
296,20,9,6,1,7,0,2
262,15,15,9,1,8,0,0
259,12,6,3,1,3,0,2
242,18,18,9,1,8,0,1
161,32,46,15,1,4,0,2
308,97,36,50,1,4,0,1
326,147,27,66,1,4,0,2
266,150,30,44,1,7,0,1
163,140,30,28,1,10,0,0
91,171,16,26,1,10,0,1
61,198,14,18,1,10,0,0
91,275,21,23,1,10,0,0
166,288,16,26,1,10,0,2
118,233,43,58,1,8,0,2
72,178,7,24,1,1,0,0
335,296,13,19,1,1,0,1
339,287,11,17,1,1,0,1
331,296,11,17,1,1,0,1
334,289,12,18,1,1,0,2
127,326,36,28,1,7,0,1
173,378,22,7,1,10,0,2
62,281,17,23,1,10,0,2
375,291,12,16,1,3,0,2
363,275,14,17,1,10,0,2
379,180,6,15,1,10,0,1
374,150,9,14,1,10,0,2
376,137,11,17,1,7,0,1
369,133,9,15,1,10,0,2
372,124,8,18,1,1,0,0
370,121,6,15,1,1,0,2
366,114,6,14,1,1,0,2
371,114,6,16,1,1,0,1
368,109,8,11,1,10,0,2
367,106,8,12,1,10,0,2
360,93,10,12,1,10,0,0
363,93,7,11,1,2,0,2
357,84,11,12,1,10,0,1
352,77,10,11,1,10,0,1
352,75,7,11,1,1,0,2
325,70,19,22,1,4,0,2
331,53,11,11,1,10,0,0
349,66,10,10,1,10,0,2
344,62,10,10,1,10,0,2
318,42,27,20,1,4,0,1
341,53,11,11,1,10,0,1
341,53,10,9,1,10,0,2
328,38,9,7,1,10,0,1
328,36,7,6,1,3,0,1
337,42,5,6,1,1,0,1
327,35,7,5,1,10,0,2
