126,291,13,11,1,1,0,0
172,274,11,15,1,1,0,0
27,235,5,10,1,1,0,0
22,236,5,13,1,1,0,0
21,237,4,10,1,1,0,0
20,204,4,11,1,1,0,0
16,194,3,12,1,1,0,0
17,193,3,10,1,1,0,0
37,222,7,14,1,1,0,0
223,315,9,10,1,1,0,0
269,295,14,13,1,1,0,0
269,307,12,11,1,1,0,0
282,279,15,15,1,1,0,0
344,238,8,14,1,1,0,0
384,219,4,9,1,1,0,0
391,213,3,11,1,1,0,0
401,199,2,8,1,1,0,0
1,198,6,30,1,4,0,0
10,248,17,35,1,4,0,0
5,213,10,33,1,4,0,0
4,132,8,29,1,5,0,0
15,229,3,9,1,1,0,0
16,227,4,10,1,1,0,0
225,310,12,9,1,1,0,1
279,293,11,11,1,1,0,1
111,305,12,11,1,1,0,1
280,299,12,12,1,1,0,1
303,279,9,10,1,1,0,2
332,260,8,11,1,1,0,1
334,263,8,12,1,1,0,1
392,214,3,10,1,1,0,1
404,192,2,8,1,1,0,1
405,193,1,6,1,1,0,1
