77,308,86,60,1,4,0,2
48,297,63,57,1,4,0,1
34,279,46,50,1,4,0,2
25,263,35,49,1,4,0,2
162,307,35,17,1,3,0,2
131,294,42,22,1,3,0,1
129,253,119,48,1,4,0,1
69,159,108,100,1,6,0,1
27,173,21,31,1,4,0,2
32,152,25,36,1,4,0,2
172,204,110,57,1,4,0,2
215,236,98,57,1,4,0,2
187,139,85,37,1,4,0,0
151,118,79,33,1,4,0,1
100,108,60,33,1,4,0,1
80,123,39,31,1,4,0,2
60,125,38,42,1,5,0,2
19,156,13,24,1,4,0,1
16,146,12,21,1,4,0,1
21,131,13,18,1,4,0,0
30,120,15,21,1,4,0,1
42,112,26,28,1,4,0,1
63,108,35,32,1,4,0,1
74,92,41,36,1,5,0,1
36,108,19,25,1,4,0,2
30,113,14,21,1,4,0,2
13,128,8,15,1,4,0,1
9,134,6,16,1,4,0,2
12,133,9,20,1,5,0,2
8,131,6,11,1,4,0,1
9,130,2,6,1,1,0,2
9,130,2,5,1,1,0,1
9,129,2,8,1,1,0,0
10,128,2,9,1,1,0,1
9,131,2,4,1,3,0,2
14,125,3,7,1,1,0,0
17,123,4,8,1,10,0,0
17,127,4,9,1,10,0,2
21,130,4,8,1,10,0,2
21,134,4,7,1,3,0,1
22,130,3,9,1,2,0,1
22,128,3,9,1,2,0,2
25,120,4,10,1,1,0,0
27,117,4,11,1,1,0,0
28,107,12,16,1,5,0,1
40,103,5,10,1,1,0,0
44,99,5,10,1,1,0,0
46,97,6,10,1,1,0,0
41,98,16,18,1,4,0,2
47,94,18,20,1,4,0,2
51,95,17,18,1,4,0,2
56,103,9,10,1,10,0,0
64,97,10,12,1,10,0,0
71,87,23,20,1,4,0,2
81,82,29,23,1,4,0,2
95,78,32,22,1,4,0,2
118,71,41,28,1,5,0,1
143,76,36,20,1,4,0,2
181,72,33,20,1,5,0,2
202,79,35,19,1,4,0,1
226,78,45,28,1,4,0,1
256,90,36,24,1,4,0,1
97,119,11,20,1,1,0,2
103,116,11,22,1,1,0,2
109,85,17,14,1,10,0,2
139,89,22,13,1,3,0,2
141,100,28,15,1,3,0,2
199,121,13,28,1,1,0,2
222,123,9,24,1,1,0,2
227,125,11,23,1,1,0,2
278,116,10,21,1,1,0,2
247,112,15,23,1,2,0,1
289,94,11,17,1,1,0,2
312,93,9,15,1,1,0,0
319,137,8,23,1,1,0,0
324,134,10,26,1,1,0,0
364,165,4,20,1,1,0,0
317,78,6,9,1,1,0,0
307,66,6,7,1,1,0,0
307,63,5,6,1,1,0,0
316,63,4,5,1,1,0,0
311,58,5,6,1,1,0,1
315,60,3,3,1,1,0,0
314,59,4,5,1,1,0,0
314,70,6,8,1,1,0,0
319,88,7,11,1,1,0,1
320,134,8,24,1,1,0,2
263,136,51,37,1,4,0,1
281,186,59,41,1,4,0,0
301,169,46,38,1,4,0,2
348,173,6,24,1,2,0,1
343,180,13,19,1,10,0,2
366,162,5,19,1,1,0,0
391,190,2,13,1,1,0,0
391,187,1,15,1,1,0,2
394,181,2,14,1,1,0,0
393,173,2,14,1,1,0,0
381,172,3,12,1,1,0,2
381,167,3,16,1,1,0,2
384,169,3,10,1,2,0,2
385,172,2,9,1,10,0,2
375,173,14,29,1,5,0,1
364,207,21,38,1,5,0,0
365,195,19,27,1,4,0,2
382,210,16,30,1,4,0,0
388,170,5,22,1,4,0,1
391,162,2,10,1,2,0,2
394,173,2,10,1,2,0,2
396,180,1,8,1,2,0,2
391,166,2,9,1,3,0,2
394,177,2,8,1,10,0,2
396,183,2,10,1,10,0,2
318,254,52,57,1,4,0,2
382,267,7,14,1,2,0,2
377,268,12,22,1,10,0,2
386,264,8,18,1,1,0,0
387,262,9,19,1,1,0,0
374,294,11,19,1,2,1,2
372,296,12,19,1,10,1,2
389,232,15,37,1,4,1,0
398,223,8,20,1,4,1,0
406,202,1,11,1,2,1,1
405,207,2,7,1,3,1,2
405,183,2,15,1,4,1,0
400,178,5,18,1,4,0,0
402,171,4,16,1,4,0,1
397,164,5,18,1,4,0,1
393,166,5,16,1,4,0,1
393,158,4,15,1,4,0,1
395,149,5,15,1,4,0,1
391,149,7,16,1,4,0,1
387,147,6,14,1,4,0,1
388,142,6,13,1,4,0,1
391,143,5,12,1,4,0,1
384,138,6,13,1,4,0,2
381,130,5,10,1,4,0,2
386,135,5,11,1,4,0,2
389,137,5,10,1,4,0,2
386,131,5,11,1,4,0,1
382,128,6,13,1,4,0,1
377,124,7,11,1,4,0,2
382,123,7,13,1,4,0,1
379,123,6,10,1,4,0,1
373,116,7,12,1,4,0,2
376,116,6,12,1,5,0,1
364,103,14,27,1,9,0,1
362,102,7,11,1,4,0,2
365,100,6,9,1,4,0,0
382,117,5,9,1,4,0,0
403,161,4,11,1,4,1,0
399,137,5,17,1,9,1,0
390,121,3,8,1,4,0,0
398,157,5,19,1,6,0,1
375,126,16,39,1,9,0,1
357,95,3,5,1,2,0,2
357,96,3,4,1,10,0,2
349,84,3,4,1,1,0,2
348,83,2,4,1,1,0,2
382,147,3,11,1,1,0,2
381,144,2,10,1,1,0,2
380,142,3,11,1,1,0,2
379,139,3,11,1,1,0,2
341,72,9,10,1,9,0,0
348,80,9,13,1,9,0,0
339,68,8,9,1,9,0,2
355,84,5,6,1,4,0,0
345,73,4,5,1,4,0,0
339,69,3,3,1,4,0,2
339,67,4,4,1,4,0,0
350,75,3,3,1,4,0,0
327,58,12,10,1,9,0,1
397,131,1,3,1,1,0,0
396,131,2,4,1,1,0,0
396,130,1,5,1,1,0,1
397,132,1,4,1,1,0,1
395,128,1,5,1,1,0,1
395,130,1,4,1,2,0,1
395,131,2,4,1,3,0,2
392,125,2,6,1,1,0,0
387,118,2,4,1,2,0,1
388,120,1,3,1,2,0,1
387,119,2,2,1,10,0,2
388,120,2,4,1,3,0,2
394,128,1,2,1,2,0,2
394,128,1,3,1,3,0,2
354,78,2,2,1,1,0,0
363,86,2,3,1,1,0,0
364,88,1,2,1,2,0,2
360,84,1,2,1,2,0,2
360,85,1,2,1,10,0,2
364,88,2,2,1,10,0,2
327,56,18,14,0,0,0,0
322,55,3,3,1,4,0,1
323,55,6,5,0,0,0,0
