0,155,3,7,1,5,1,1
0,192,2,6,1,4,1,1
1,201,2,6,1,5,0,1
2,214,3,12,1,4,1,1
2,214,4,11,1,4,0,1
5,217,5,17,1,5,0,1
7,220,4,16,1,4,0,1
9,223,4,15,1,4,0,1
15,252,11,17,0,11,0,0
25,265,18,25,1,6,0,0
43,287,35,34,1,6,0,0
16,239,3,5,1,10,0,1
18,241,3,8,1,10,0,1
20,245,4,5,1,10,0,2
20,245,10,16,1,5,0,1
31,259,11,16,1,5,0,0
36,265,14,19,1,5,0,1
26,252,9,16,1,4,0,1
44,272,15,19,1,5,0,1
51,280,18,20,1,5,0,1
63,292,15,14,0,11,0,0
97,328,20,13,1,4,0,0
98,324,22,14,1,5,0,1
97,318,25,16,1,5,0,0
204,355,27,7,1,6,1,0
217,348,24,7,1,4,0,0
226,339,18,9,0,11,0,1
361,278,12,15,1,4,0,0
359,268,11,15,1,4,0,0
385,235,7,13,1,6,0,0
405,175,2,6,1,5,0,2
402,172,2,4,1,10,0,1
403,173,0,3,1,2,0,0
396,192,4,10,1,5,0,0
401,144,4,10,1,5,0,0
394,127,2,4,1,10,0,1
394,127,2,3,1,2,0,1
398,150,4,10,1,4,0,0
396,159,4,11,1,4,0,0
370,156,9,13,1,4,0,0
382,125,7,13,1,5,0,0
329,261,20,19,1,5,0,0
172,238,45,19,1,4,0,0
163,296,35,14,1,4,0,0
64,250,20,19,1,4,0,0
186,268,33,13,1,4,0,0
321,207,21,18,1,4,0,0
211,214,44,20,1,5,0,0
95,255,75,36,1,6,0,0
247,87,35,18,1,6,0,0
66,119,23,20,1,5,0,0
38,94,39,40,1,9,0,0
41,213,12,15,1,5,0,0
29,215,6,10,1,4,0,0
10,197,4,8,1,4,0,0
18,202,7,11,1,5,0,0
18,217,21,28,1,9,0,0
6,205,3,6,1,4,0,1
17,151,6,10,1,5,0,0
