65,37,10,7,1,4,1,0
18,103,2,4,1,1,0,0
23,98,2,4,1,1,0,0
8,116,5,16,1,6,1,1
4,134,4,14,1,4,0,2
11,113,5,13,1,4,0,0
0,169,2,15,1,6,0,2
1,163,3,19,1,6,0,2
8,151,5,22,1,6,0,1
21,136,6,18,1,4,0,0
120,9,15,7,1,4,1,0
46,68,13,19,1,6,0,1
51,77,12,18,1,4,0,0
153,20,4,2,1,1,0,0
174,22,8,2,1,3,0,0
232,16,12,7,1,4,0,0
35,120,9,21,1,5,0,0
41,113,9,21,1,4,0,0
51,104,12,23,1,4,0,0
60,125,4,6,1,1,0,0
63,122,3,5,1,1,0,0
97,42,24,23,1,6,0,0
126,36,16,15,1,4,0,0
252,17,14,9,1,5,0,0
125,365,19,9,1,5,0,0
167,359,14,9,1,4,0,0
224,356,13,9,1,4,0,0
261,344,17,13,1,5,0,0
137,324,16,16,1,4,0,0
349,50,3,3,1,1,0,0
343,47,3,3,1,1,0,0
352,54,3,2,1,1,0,0
349,52,3,2,1,1,0,0
349,51,3,3,1,1,0,1
351,53,1,2,1,1,0,0
353,53,4,4,1,10,0,0
354,55,2,2,1,10,0,0
373,79,6,10,1,8,0,1
371,85,6,7,1,8,0,2
354,52,8,8,0,11,1,0
361,61,7,8,1,8,0,0
366,67,2,3,1,1,0,0
361,63,4,4,1,1,0,0
358,59,2,3,1,1,0,1
356,57,4,4,1,1,0,1
369,69,3,3,1,1,0,1
361,60,3,3,1,10,0,1
367,71,3,4,0,0,0,0
391,108,1,3,1,1,0,0
392,115,2,3,1,1,0,0
389,270,6,13,1,4,1,0
386,268,7,15,1,5,0,0
380,264,9,17,1,5,0,0
379,262,8,18,1,4,0,0
374,260,8,16,1,5,0,1
359,263,10,20,1,4,0,0
321,314,15,17,1,4,0,0
313,320,14,15,1,4,0,0
302,325,15,16,1,4,0,0
190,356,5,3,1,10,0,0
251,351,3,2,1,1,0,0
250,349,4,3,0,0,0,0
296,297,17,21,1,5,0,0
267,307,19,22,1,4,0,0
318,30,20,15,1,6,0,0
325,40,17,13,1,6,0,1
338,53,17,21,1,6,0,0
305,26,16,10,1,5,0,0
331,52,12,13,1,4,0,0
313,44,13,13,1,5,0,0
305,40,14,14,1,5,0,0
375,101,7,14,1,5,0,1
342,78,13,21,1,5,0,0
330,74,13,18,1,5,0,0
336,77,14,19,1,4,0,0
315,66,16,21,1,4,0,0
297,63,17,19,1,5,0,0
265,30,14,11,1,5,0,0
283,34,15,14,1,4,0,0
251,27,16,12,1,4,0,0
229,25,15,12,1,4,0,0
217,26,13,10,1,4,0,1
247,54,19,20,1,5,0,0
232,54,17,19,1,6,0,0
129,123,4,5,1,1,0,0
193,26,14,10,1,5,0,0
165,27,16,14,1,5,0,0
180,27,13,10,1,5,0,0
206,55,14,18,1,5,0,0
188,58,15,16,1,5,0,0
121,71,15,20,1,5,0,0
107,75,16,21,1,5,0,0
168,57,19,21,1,4,0,0
150,61,18,22,1,4,0,0
133,65,19,23,1,4,0,0
331,252,7,7,1,10,0,1
333,255,2,4,1,1,0,0
281,336,15,14,1,5,0,0
