59,310,20,23,1,2,0,2
42,293,48,50,1,7,0,2
43,275,10,21,1,1,0,1
46,279,13,23,1,1,0,0
48,265,26,30,1,7,0,2
85,302,51,38,1,7,0,2
106,314,19,19,1,2,0,2
84,295,16,18,1,10,0,2
69,282,23,32,1,8,0,2
42,269,20,30,1,8,0,2
85,265,8,15,1,1,0,0
77,257,18,23,1,8,0,1
96,265,8,13,1,2,0,2
97,268,10,14,1,10,0,2
96,270,23,23,1,4,0,0
266,329,19,17,1,2,0,2
254,331,36,20,1,10,0,2
320,308,22,26,1,2,0,1
317,307,29,28,1,10,0,1
331,298,23,22,1,10,0,1
337,294,15,20,1,2,0,1
419,235,2,12,1,1,0,1
419,235,2,8,1,2,0,2
416,242,3,14,1,2,0,2
414,245,5,15,1,10,0,2
375,254,17,28,1,4,0,1
361,261,22,31,1,4,0,1
264,308,49,26,1,7,0,2
263,297,51,30,1,8,0,2
229,311,15,18,1,1,0,2
226,308,9,17,1,1,0,2
213,316,10,9,1,2,0,2
215,312,8,8,1,2,0,2
207,315,9,9,1,2,0,2
205,315,24,16,1,7,0,2
221,290,25,18,1,4,0,2
256,274,25,22,1,4,0,2
345,260,7,14,1,1,0,1
282,278,8,14,1,1,0,2
290,275,6,10,1,1,0,1
271,281,10,13,1,1,0,2
264,284,13,12,1,10,0,2
251,286,18,11,1,10,0,2
274,284,14,12,1,10,0,2
287,279,8,14,1,2,0,2
285,282,10,14,1,10,0,2
210,293,9,10,1,2,0,1
211,291,8,11,1,2,0,2
210,293,10,12,1,10,0,2
176,286,31,21,1,8,0,2
157,280,23,21,1,8,0,0
171,278,27,20,1,4,0,2
189,277,33,19,1,8,0,2
237,263,17,15,1,7,0,2
240,260,6,8,1,1,0,1
165,257,13,15,1,8,0,0
157,261,6,10,1,2,0,2
155,261,8,8,1,2,0,2
155,261,9,11,1,10,0,2
112,245,15,16,1,4,0,0
136,254,5,8,1,2,0,2
135,253,8,11,1,10,0,2
123,248,5,9,1,2,0,1
121,249,10,9,1,10,0,2
123,242,15,11,1,4,0,1
80,247,10,12,0,0,0,0
87,246,17,13,1,4,0,2
132,240,20,11,1,4,0,1
129,238,6,9,1,1,0,1
119,235,10,9,1,4,0,1
189,258,6,10,1,2,0,1
188,261,8,7,1,3,0,2
221,264,7,4,1,10,0,0
223,263,10,6,1,10,0,2
238,245,24,14,1,4,0,2
198,246,34,19,0,11,0,1
163,239,5,8,1,2,0,1
162,241,8,7,1,7,0,1
178,235,8,6,1,4,0,2
132,224,5,6,1,4,0,0
141,218,32,16,0,0,0,0
