218,339,63,27,1,4,0,1
139,329,67,28,1,4,0,1
330,312,40,39,1,4,0,0
341,299,33,37,1,4,0,0
284,328,52,36,1,4,0,1
304,308,48,41,1,4,0,0
308,291,46,42,1,4,0,0
256,318,58,35,1,4,0,0
185,322,64,26,1,4,0,0
113,298,69,38,1,4,0,0
73,286,55,45,1,4,0,1
60,252,42,46,1,4,0,0
40,244,34,45,1,4,0,1
35,214,25,42,1,4,0,1
24,222,17,31,1,4,0,1
14,205,10,25,1,4,0,1
9,192,6,18,1,5,0,1
14,188,7,18,1,4,0,0
6,187,4,16,1,4,0,1
6,176,5,15,1,4,0,1
91,250,236,77,1,6,0,0
12,160,2,9,1,1,0,0
13,157,2,10,1,1,0,0
4,147,3,7,0,0,0,0
18,157,3,11,1,1,0,1
21,154,4,10,1,1,0,0
43,148,13,23,0,0,0,0
390,265,5,11,1,1,0,0
350,53,12,14,0,0,0,0
386,102,3,6,1,4,0,1
388,106,3,6,1,4,0,1
390,110,3,5,1,4,0,1
393,114,3,6,1,4,0,1
365,73,3,4,1,4,0,0
363,70,3,4,1,4,0,0
364,72,4,7,0,0,0,0
367,75,3,4,1,4,0,0
358,65,5,6,0,0,0,0
33,148,8,15,0,0,0,0
