117,291,60,38,1,4,0,0
188,345,47,15,1,4,0,0
74,269,45,43,1,4,0,0
41,203,22,37,1,4,0,0
22,234,14,25,1,4,0,0
4,150,3,15,1,4,0,0
7,117,6,15,1,4,0,0
44,151,13,24,1,4,0,0
21,123,21,48,1,9,0,0
57,94,48,74,1,9,0,0
43,104,34,54,1,9,0,0
40,73,34,49,1,9,0,0
32,88,29,44,1,9,0,0
33,68,27,38,1,9,0,0
26,75,25,39,1,9,0,0
21,85,16,27,1,9,0,0
23,71,21,32,1,9,0,0
22,87,8,13,1,4,0,0
22,69,16,25,1,9,0,0
20,78,10,18,1,9,0,0
26,74,6,9,1,5,0,0
9,214,5,15,1,4,0,0
5,202,4,13,1,4,0,0
2,189,3,12,1,4,0,0
391,99,6,12,1,5,0,0
382,85,6,10,1,5,0,0
384,90,7,12,1,4,0,0
20,80,3,5,1,1,0,0
32,69,3,4,1,1,0,0
32,69,2,4,1,1,0,0
37,66,4,6,1,1,0,0
39,68,4,6,1,1,0,0
38,70,4,6,1,1,0,0
87,99,7,11,1,1,0,0
83,102,7,12,1,1,0,0
52,304,7,7,1,1,0,0
32,272,4,6,1,1,0,0
24,251,4,9,1,1,0,0
16,240,3,8,1,1,0,0
14,233,3,8,1,1,0,0
0,178,2,11,1,1,0,0
