141,85,23,21,1,1,0,0
220,182,29,20,1,1,0,0
208,32,19,9,1,1,0,0
103,332,14,11,1,1,0,0
69,118,13,18,1,1,0,0
47,130,10,22,1,1,0,0
21,169,5,9,1,1,0,0
17,162,3,13,1,1,0,0
33,126,8,15,1,1,0,0
78,70,18,17,1,1,0,0
82,79,14,17,1,1,0,0
139,17,19,13,1,1,0,0
156,31,16,8,1,1,0,0
147,43,17,14,1,1,0,0
218,6,14,6,1,1,0,0
273,21,12,9,1,1,0,0
21,135,5,8,1,1,0,0
12,217,6,13,1,1,0,0
7,208,4,7,1,1,0,0
4,205,4,9,1,1,0,0
9,192,3,8,1,1,0,0
23,147,4,8,1,1,0,0
26,144,9,17,1,1,0,0
97,70,16,17,1,1,0,0
101,69,21,18,1,1,0,0
272,10,13,8,1,1,0,0
61,105,10,16,1,1,0,0
65,100,14,14,1,1,0,0
7,195,2,8,1,1,0,0
262,7,9,5,1,1,0,0
255,5,11,5,1,1,1,0
261,6,8,5,1,1,1,0
281,12,9,5,1,1,1,0
294,16,8,6,1,1,1,0
