231,180,76,41,1,9,0,0
222,110,43,33,1,9,0,1
242,116,45,36,1,9,0,1
265,124,35,36,1,9,0,1
299,127,27,33,1,9,0,1
314,132,22,34,1,9,0,1
328,137,20,33,1,9,0,1
341,143,15,31,1,9,0,1
351,149,12,27,1,9,0,1
337,185,27,28,1,6,0,1
340,180,24,20,1,6,0,2
324,166,42,31,1,6,0,2
361,158,8,23,1,6,0,1
278,165,47,28,1,6,0,1
278,156,46,27,1,6,0,1
290,146,39,29,1,6,0,2
207,173,75,27,1,6,0,2
41,156,20,22,1,6,0,0
129,113,42,37,1,9,0,1
155,95,48,35,1,9,0,1
150,119,44,35,1,6,0,1
168,127,42,29,1,6,0,1
183,101,39,28,1,6,0,1
201,109,42,32,1,6,0,1
21,97,3,4,1,5,0,1
77,58,9,7,1,4,0,1
81,56,8,7,1,4,0,1
89,52,7,6,1,4,0,2
91,51,7,5,1,4,0,2
94,49,8,5,1,4,0,2
85,54,8,6,1,5,0,2
4,185,3,12,1,6,0,2
228,63,16,8,1,4,0,0
340,103,11,11,1,4,0,0
354,112,9,10,1,4,0,0
362,115,6,9,1,4,0,0
371,123,6,9,1,4,0,0
378,132,5,9,1,4,0,0
270,157,4,13,1,1,0,0
233,162,6,14,1,1,0,0
238,161,6,16,1,1,0,1
225,167,7,14,1,1,0,2
284,181,58,36,1,6,0,2
316,90,14,14,1,5,0,1
107,61,15,10,1,4,0,1
113,65,16,10,1,4,0,1
147,30,9,5,1,4,0,1
155,29,7,4,1,4,0,1
159,29,8,4,1,4,0,1
173,24,8,3,1,4,0,1
179,24,9,3,1,4,0,2
165,15,17,4,1,9,0,0
112,27,6,3,1,4,0,0
133,22,5,2,1,4,0,0
140,20,5,2,1,4,0,0
119,23,6,3,1,4,0,0
168,13,8,2,1,4,0,0
109,26,15,8,1,9,0,2
189,12,17,3,1,9,0,2
190,13,15,3,1,9,0,1
183,14,15,3,1,6,0,1
244,18,15,6,1,9,0,2
251,19,15,7,1,9,0,2
274,25,14,8,1,9,0,2
297,36,4,2,1,4,0,1
303,39,4,3,1,4,0,0
335,53,5,5,1,4,0,0
338,54,5,5,1,4,0,2
383,134,5,7,1,4,0,0
386,135,3,7,1,4,0,1
388,135,4,7,1,4,0,0
390,135,3,6,1,4,0,2
392,132,4,7,1,4,0,0
391,125,3,6,1,4,0,0
391,124,3,6,1,4,0,1
390,121,4,6,1,4,0,1
390,119,4,6,1,4,0,1
390,119,4,5,1,4,0,2
389,115,3,6,1,4,0,0
389,114,3,6,1,4,0,2
389,113,3,6,1,4,0,2
388,110,3,6,1,4,0,2
388,111,4,6,1,4,0,2
400,132,2,5,1,4,0,2
399,127,2,5,1,4,0,2
399,129,3,5,1,4,0,1
400,132,2,5,1,4,0,1
394,122,2,5,1,4,0,0
390,110,2,4,1,4,0,0
393,112,2,4,1,4,0,0
394,110,2,3,1,4,0,0
394,110,2,3,1,4,0,2
387,102,3,4,1,4,0,1
387,100,3,5,1,4,0,2
386,99,3,5,1,4,0,2
387,105,3,5,1,4,0,1
387,105,4,5,1,4,0,2
382,95,6,10,1,6,0,1
380,92,2,4,1,4,0,0
386,89,3,5,1,6,0,0
385,88,2,3,1,4,0,0
392,106,1,2,1,1,0,0
385,88,1,1,1,1,0,0
397,129,1,4,1,1,0,0
396,135,1,5,1,1,0,0
395,136,1,5,1,1,0,0
390,109,1,3,1,1,0,0
