153,342,39,19,1,6,0,0
234,322,35,21,1,4,0,0
243,293,41,32,1,6,0,1
262,249,22,24,1,4,0,1
239,253,22,25,1,4,0,0
217,256,23,24,1,4,0,0
230,227,24,29,1,4,0,0
207,229,26,29,1,4,0,0
222,204,24,27,1,4,0,0
214,181,23,29,1,4,0,0
206,155,21,26,1,4,0,0
184,113,25,25,1,6,0,0
169,138,48,81,1,6,0,0
127,93,32,45,1,6,0,0
49,131,36,134,0,0,0,0
89,161,14,23,1,4,0,0
84,129,14,22,1,5,0,0
165,83,18,22,1,5,0,0
140,82,25,28,1,5,0,0
150,67,15,12,1,4,0,0
143,56,17,14,1,4,0,0
121,79,21,21,1,4,0,0
118,67,14,13,1,4,0,0
115,56,13,13,1,4,0,0
112,47,16,13,1,9,0,0
130,35,19,14,1,6,0,0
79,82,13,18,1,6,0,0
99,46,7,7,1,9,0,0
80,79,10,11,1,5,0,1
80,74,10,12,1,5,0,1
81,64,12,14,1,6,0,1
81,59,13,14,1,6,0,1
82,48,16,16,1,9,0,0
48,114,20,25,1,9,0,1
88,38,7,7,1,4,0,0
110,30,9,7,1,5,0,0
109,28,8,5,1,4,0,0
95,32,6,6,1,4,0,0
101,27,5,5,1,4,0,0
86,20,20,22,0,0,0,0
100,22,9,7,1,9,0,0
107,20,6,4,1,4,0,0
108,24,6,3,1,4,0,0
111,24,7,5,1,4,0,0
109,11,22,15,0,0,0,0
119,20,10,7,1,6,0,0
128,22,5,4,1,1,0,0
129,23,6,4,1,10,0,0
150,50,5,6,1,1,0,0
141,53,6,5,1,1,0,0
271,207,8,17,1,1,0,0
306,326,8,7,1,1,0,0
122,277,32,34,1,4,0,2
