130,328,71,22,1,4,0,0
167,350,71,10,1,4,0,0
312,148,21,54,1,4,0,0
282,61,26,31,1,4,0,0
259,22,20,14,1,4,0,0
246,21,17,11,1,4,0,0
343,116,25,29,1,4,0,0
337,99,28,29,1,4,0,0
329,79,26,27,1,4,0,0
320,63,26,21,1,4,0,1
314,55,26,21,1,4,0,1
318,31,19,15,1,4,0,1
315,28,19,14,1,4,0,1
309,23,22,15,1,4,0,1
279,15,26,14,1,4,0,1
275,11,27,14,1,4,0,1
273,9,23,11,1,4,0,1
252,8,28,11,1,4,0,1
253,7,24,9,1,4,0,1
251,4,26,9,1,4,0,1
257,11,28,13,1,4,0,0
282,18,26,15,1,4,0,0
324,37,17,14,1,4,0,0
307,43,28,21,1,4,0,0
354,147,16,21,1,4,0,2
113,145,53,34,1,4,0,2
106,118,59,36,1,4,0,1
109,101,58,31,1,4,0,1
117,81,52,31,1,4,0,1
123,70,47,23,1,4,0,1
125,55,48,25,1,4,0,1
128,46,45,21,1,4,0,1
133,36,43,19,1,4,0,1
136,26,21,16,1,4,0,1
79,100,35,37,1,4,0,1
90,71,34,27,1,4,0,1
71,128,37,42,1,4,0,0
232,26,22,17,1,4,0,0
101,18,23,13,1,4,0,0
120,9,32,14,1,4,0,0
177,0,26,5,1,4,0,0
107,11,25,13,1,4,0,0
130,4,26,10,1,4,0,0
90,37,21,19,1,4,0,0
128,21,20,14,1,4,0,0
111,23,22,18,1,4,0,0
193,21,21,16,1,4,0,0
172,22,23,17,1,4,0,0
155,22,20,17,1,4,0,0
173,5,29,6,1,4,0,0
178,15,16,9,1,4,0,1
198,15,16,8,1,4,0,1
285,154,23,48,1,4,0,1
349,81,30,39,1,6,0,1
343,72,30,34,1,6,0,1
395,135,10,20,1,6,0,1
392,126,11,21,1,6,0,1
388,115,13,24,1,6,0,1
382,102,16,30,1,6,0,1
379,96,16,26,1,6,0,1
370,79,18,26,1,6,0,0
397,145,9,21,1,6,0,0
361,106,26,39,1,6,0,0
329,49,31,32,1,6,0,0
259,53,30,33,1,5,0,0
302,36,29,20,1,5,0,0
225,15,24,15,1,5,0,0
202,4,31,8,1,5,0,0
206,2,29,7,1,5,0,1
201,0,27,5,1,5,0,1
203,0,25,4,1,5,0,1
65,32,22,18,1,5,0,0
68,38,32,35,1,6,0,2
61,46,24,28,1,6,0,2
49,52,25,31,1,6,0,2
44,58,19,29,1,6,0,2
38,64,18,28,1,6,0,2
29,63,23,37,1,6,0,2
25,69,19,34,1,6,0,2
21,68,22,36,1,6,0,2
376,70,19,34,1,9,0,0
403,189,2,12,1,1,0,0
404,190,1,10,1,1,0,0
356,56,15,17,1,5,0,1
107,30,8,8,1,1,0,0
