263,236,98,76,1,5,0,0
286,178,74,78,1,5,0,1
294,138,66,60,1,5,0,1
277,73,78,71,1,5,0,0
10,211,31,73,1,4,0,0
15,93,20,36,1,4,0,0
91,22,17,12,1,4,0,0
103,13,20,12,1,4,0,0
68,30,26,23,1,5,0,0
1,130,13,38,1,5,0,0
276,62,69,51,1,4,0,1
274,51,63,43,1,4,0,1
270,42,57,34,1,4,0,1
266,35,57,33,1,4,0,1
266,31,45,24,1,4,0,1
262,25,51,26,1,4,0,1
261,21,42,21,1,4,0,1
258,18,46,22,1,4,0,1
256,13,38,18,1,4,0,1
256,12,34,13,1,4,0,1
256,11,36,14,1,4,0,1
256,9,30,12,1,4,0,2
255,8,29,11,1,4,0,2
255,6,25,9,1,4,0,2
252,5,27,9,1,5,1,2
299,24,10,8,1,1,0,0
286,17,8,6,1,1,0,0
367,158,6,23,1,1,0,0
356,152,9,28,1,1,0,0
363,167,4,15,1,1,0,0
177,376,15,5,1,2,0,1
164,375,42,8,1,10,0,1
381,238,8,25,1,10,0,0
71,32,16,14,1,4,0,1
87,23,14,10,1,4,0,1
35,77,4,7,1,1,0,0
9,119,5,12,1,1,0,1
323,131,24,28,1,10,0,1
340,65,8,12,1,1,0,0
327,47,7,8,1,10,0,0
333,57,9,9,1,3,0,0
336,61,10,10,1,3,0,1
