19,276,5,8,1,10,1,0
20,276,7,11,1,10,1,0
20,275,8,13,1,10,0,2
21,273,8,13,1,10,0,0
22,274,8,13,1,10,0,0
22,271,8,15,1,10,0,0
24,273,8,13,1,10,0,0
24,269,10,16,1,10,0,0
25,269,8,14,1,10,0,0
27,268,8,16,1,10,0,0
17,266,4,7,1,1,0,0
21,250,5,12,1,1,0,0
22,240,45,62,1,9,0,0
90,329,8,8,1,1,0,1
116,330,8,7,1,1,0,1
156,310,9,10,1,1,0,0
218,297,12,12,1,1,0,1
294,249,8,16,1,1,0,1
301,231,10,18,1,1,0,0
202,327,9,10,1,10,0,0
233,342,7,5,1,1,0,1
324,319,9,7,1,2,0,1
359,74,4,7,1,1,0,0
361,76,4,6,1,1,0,0
308,71,6,9,1,1,0,1
311,71,7,10,1,1,0,1
326,79,7,11,1,1,0,1
339,73,6,9,1,1,0,0
364,74,3,6,1,1,0,2
374,79,7,11,1,5,0,2
363,69,19,28,1,9,0,0
338,66,34,44,1,9,0,1
361,82,9,13,1,4,0,1
366,83,8,11,1,4,0,0
309,127,31,34,1,4,0,0
268,88,63,58,1,9,0,0
152,137,100,75,1,9,0,0
164,147,8,27,1,1,0,1
160,141,10,21,1,1,0,1
45,196,93,101,1,9,0,0
90,168,5,15,1,1,0,0
1,204,2,9,1,1,0,1
1,205,2,8,1,1,0,0
11,204,1,7,1,1,0,1
12,204,1,6,1,1,0,1
12,203,1,8,1,1,0,1
11,195,1,7,1,1,0,1
11,180,1,6,1,1,0,1
9,182,1,6,1,1,0,1
10,181,0,7,1,1,0,0
17,165,3,17,1,4,0,1
22,116,6,15,1,5,0,0
43,101,13,24,1,5,0,0
56,86,12,18,1,5,0,0
59,74,12,17,1,5,0,1
62,61,13,17,1,5,0,1
62,56,12,14,1,5,0,1
54,51,11,12,1,5,0,0
76,51,5,6,1,1,0,0
16,93,2,3,1,1,0,1
16,95,2,4,1,1,0,1
17,94,1,3,1,1,0,1
17,94,2,4,1,1,0,0
15,112,2,6,1,1,0,1
18,109,2,5,1,1,0,1
42,80,3,5,1,2,0,1
41,80,5,8,1,10,0,1
44,74,10,14,1,4,0,0
58,56,10,12,1,4,0,0
50,50,12,14,1,6,0,1
48,48,12,13,1,6,0,1
38,60,13,17,1,6,0,0
25,72,4,6,1,5,1,0
30,69,4,6,1,5,0,0
40,58,5,7,1,5,0,1
243,354,9,4,1,10,1,2
249,352,11,5,1,10,1,2
