36,271,24,41,1,4,0,0
51,275,33,48,1,4,0,0
66,283,38,48,1,4,0,0
11,194,15,37,1,6,0,0
22,142,10,32,1,4,0,0
11,166,5,25,1,4,0,0
26,102,13,25,1,4,0,0
14,117,9,20,1,4,0,0
148,307,14,14,1,10,0,1
149,308,14,15,1,2,0,1
167,306,11,9,1,2,0,0
175,305,16,16,1,10,0,0
268,237,57,67,1,4,0,0
305,214,44,67,1,4,0,0
384,175,11,42,1,4,0,0
415,141,6,16,1,4,0,1
417,139,4,14,1,4,1,1
3,147,4,12,1,4,1,1
4,140,5,12,1,4,0,2
6,133,5,12,1,4,0,1
10,119,6,13,1,4,0,1
11,113,7,13,1,4,0,2
14,106,7,12,1,4,0,1
20,92,8,13,1,4,0,1
23,87,8,12,1,4,0,1
41,67,4,5,1,4,1,0
