78,348,67,32,1,4,1,0
11,190,23,72,1,4,0,1
64,324,77,49,1,4,0,0
58,301,86,58,1,4,0,0
277,337,63,39,1,4,1,0
304,302,63,54,1,4,0,0
336,236,50,64,1,4,0,0
343,128,42,60,1,4,0,0
336,91,46,60,1,4,0,0
304,31,49,40,1,4,0,0
295,20,48,35,1,4,0,0
297,18,40,26,1,4,1,1
388,151,5,20,1,3,0,0
0,179,11,59,1,4,0,0
5,125,24,45,1,4,0,0
96,16,73,34,1,4,0,1
118,6,65,25,1,4,0,0
129,1,55,16,1,4,1,0
32,49,31,38,1,4,0,0
43,35,41,42,1,4,0,0
59,33,22,18,1,4,1,0
31,311,10,14,1,1,0,1
10,251,43,73,1,5,0,1
311,272,65,65,1,5,0,0
241,367,15,8,1,1,0,0
211,377,15,4,1,1,0,0
277,316,21,17,1,1,0,0
348,206,9,22,1,1,0,0
355,216,11,18,1,1,0,0
69,23,43,36,1,5,0,1
