223,375,34,12,1,4,1,1
312,310,51,43,1,4,0,0
47,141,24,105,1,4,0,0
56,68,45,72,1,4,0,0
86,26,45,41,1,4,0,0
223,15,38,27,1,4,0,0
333,80,42,47,1,4,0,0
216,1,27,13,1,4,0,0
136,31,54,64,1,5,0,0
344,109,39,49,1,5,0,0
352,198,34,48,1,4,0,0
129,26,15,10,1,2,0,1
126,26,17,14,1,10,0,1
97,297,18,18,1,2,0,1
98,290,16,17,1,2,0,1
95,290,23,30,1,10,0,2
124,361,14,8,1,2,0,1
121,357,19,14,1,10,0,2
320,160,13,25,1,1,0,1
349,175,8,26,1,1,0,1
256,136,31,43,1,3,0,1
264,140,21,28,1,2,0,1
350,167,6,13,0,11,0,1
310,51,14,15,1,1,0,0
330,61,19,19,1,10,0,0
345,67,12,16,1,3,0,0
302,21,19,13,1,10,0,0
376,235,10,27,1,10,0,0
352,298,16,17,1,10,0,0
