11,267,25,42,1,5,1,0
3,233,24,44,1,4,0,1
5,212,15,37,1,4,0,0
9,156,21,44,1,4,0,1
15,127,27,44,1,4,0,1
24,97,34,47,1,4,0,1
6,117,17,43,1,4,0,1
21,115,9,18,1,1,0,0
7,147,5,15,1,1,0,0
18,130,9,18,1,3,0,1
26,108,10,23,1,3,0,1
10,153,7,18,1,10,0,1
309,83,47,83,1,4,0,0
251,51,61,69,1,4,0,0
290,24,30,24,1,4,0,0
206,10,33,14,1,4,0,0
254,14,44,30,1,5,0,0
292,18,22,17,1,5,0,0
194,3,25,6,1,4,0,1
220,4,26,10,1,4,0,1
228,1,22,8,1,4,1,1
136,3,39,12,1,4,0,1
107,15,40,20,1,4,0,1
147,1,37,9,1,4,0,1
382,103,16,33,1,4,0,0
374,77,16,28,1,4,0,1
354,54,14,16,1,4,0,1
360,62,19,27,1,5,0,0
392,115,12,35,1,4,1,0
325,36,10,10,1,1,0,0
53,63,13,15,1,10,0,1
59,42,48,37,1,4,0,1
