209,128,30,50,1,4,0,0
279,112,24,37,1,4,0,0
147,90,32,34,1,4,0,0
79,129,27,48,1,4,0,0
132,125,35,53,1,4,0,0
216,97,30,32,1,4,0,0
97,99,26,30,1,4,0,1
170,49,23,20,1,4,0,1
121,53,28,25,1,4,0,1
47,104,16,30,1,4,0,1
334,64,15,20,1,4,0,1
337,56,11,12,1,4,0,1
331,48,10,11,1,4,0,0
299,35,22,14,1,4,0,2
300,33,18,10,1,4,0,2
328,43,15,13,1,4,0,0
322,37,17,12,1,5,0,2
324,39,18,14,1,5,0,2
387,127,2,7,1,1,0,0
379,97,2,5,1,1,0,0
389,134,2,7,1,1,0,0
391,142,2,8,1,1,0,0
389,143,2,8,1,1,0,0
388,141,2,8,1,1,0,0
388,146,2,8,1,1,0,0
376,93,3,7,1,1,0,0
375,90,3,6,1,1,0,0
366,79,3,5,1,1,0,0
353,52,3,4,1,1,0,0
354,53,3,4,1,1,0,0
376,70,7,11,1,6,1,0
385,199,2,9,1,1,0,0
386,200,3,10,1,1,0,0
388,205,1,6,1,1,0,0
388,204,2,11,1,1,0,1
376,227,4,10,1,1,0,0
347,288,6,10,1,1,0,0
346,296,5,8,1,1,0,2
325,73,7,11,1,1,0,0
321,80,9,13,1,10,0,0
316,80,10,17,1,10,0,0
311,79,11,16,1,10,0,2
304,75,11,17,1,10,0,2
296,72,11,17,1,10,0,2
308,28,5,4,1,10,0,0
311,29,6,6,1,10,0,0
324,36,8,6,1,10,0,1
220,58,65,34,0,11,0,0
62,204,61,53,0,11,0,1
30,150,13,51,0,11,0,0
32,195,21,54,0,11,0,2
37,94,24,28,0,11,0,2
33,97,23,38,0,11,0,2
46,90,20,21,1,5,0,2
37,128,16,34,1,5,0,1
249,130,28,51,1,5,0,0
102,110,35,70,0,11,0,0
168,112,34,59,0,11,0,0
185,90,27,35,1,4,0,1
250,98,29,38,1,4,0,1
78,96,26,38,1,4,0,1
67,122,23,44,1,5,0,0
118,92,30,38,1,4,0,1
192,56,13,13,1,10,0,0
206,56,10,14,1,10,0,0
67,81,11,12,1,10,0,0
69,75,13,13,1,10,0,0
74,69,13,13,1,10,0,1
77,68,10,10,1,10,0,2
88,71,18,14,1,10,0,1
90,69,16,11,1,10,0,1
93,64,14,11,1,10,0,1
75,317,8,10,1,1,0,0
