153,60,29,25,1,4,0,0
220,19,25,11,1,4,0,0
242,15,25,10,1,4,0,0
106,358,26,17,1,4,0,0
232,368,28,12,1,4,0,0
110,27,4,2,1,1,0,0
109,27,3,3,1,1,0,0
85,41,3,4,1,1,0,0
82,43,3,3,1,1,0,0
12,180,2,6,1,1,0,0
36,270,5,7,1,2,0,0
71,71,3,5,1,1,0,0
80,56,5,6,1,1,0,0
84,55,4,4,1,1,0,0
57,72,1,2,1,1,0,0
55,74,1,3,1,1,0,0
54,75,2,2,1,1,0,0
53,81,3,4,1,1,0,1
63,73,2,3,1,1,0,0
71,66,3,3,1,1,0,0
53,77,12,16,0,0,0,0
66,71,7,7,0,0,0,0
64,63,8,8,0,0,0,0
54,72,7,8,0,0,0,0
57,73,7,9,0,0,0,0
75,50,7,7,0,0,0,0
74,54,7,6,0,0,0,0
72,60,7,6,0,0,0,0
75,53,12,8,0,0,0,0
150,12,3,2,1,10,0,1
99,48,5,4,1,1,0,0
111,39,22,18,1,5,0,0
79,183,4,14,1,10,0,1
88,181,4,12,1,10,0,1
90,320,7,8,1,10,0,1
324,33,4,4,1,10,0,1
79,183,3,6,1,2,0,0
91,321,4,4,1,2,0,0
89,181,3,5,1,2,0,0
150,12,3,1,1,2,0,0
325,34,2,2,1,2,0,0
