17,214,5,17,1,1,0,0
20,199,4,11,1,1,0,0
23,192,3,16,1,1,0,0
36,178,7,20,1,1,0,0
39,177,4,15,1,1,0,0
55,225,8,20,1,1,0,0
61,231,10,23,1,1,0,0
71,242,11,22,1,1,0,0
64,252,11,20,1,1,0,0
65,273,15,21,1,1,0,0
77,286,16,21,1,1,0,0
75,272,12,20,1,1,0,0
83,281,13,18,1,1,0,0
95,290,15,18,1,1,0,0
89,276,13,20,1,1,0,1
85,278,13,19,1,1,0,1
105,295,17,22,1,1,0,0
114,276,13,18,1,1,0,0
160,334,13,11,1,1,0,0
163,329,16,12,1,1,0,1
273,256,20,26,1,1,0,0
348,134,8,22,1,1,0,1
337,178,8,23,1,1,0,0
340,166,7,26,1,1,0,1
349,179,5,23,1,1,0,0
363,205,6,13,1,1,0,0
363,210,9,21,1,1,0,0
367,218,5,14,1,1,0,0
369,225,8,20,1,1,0,0
372,231,8,18,1,1,0,0
375,238,7,16,1,1,0,0
380,232,6,18,1,1,0,0
378,246,6,13,1,1,0,0
381,253,6,14,1,1,0,0
377,272,9,15,1,1,0,0
382,273,4,9,1,1,0,0
382,267,8,13,1,1,0,1
385,269,5,9,1,1,0,0
389,263,4,8,1,1,0,1
383,278,4,7,1,1,1,0
149,121,13,20,1,1,0,0
74,75,83,51,0,0,0,0
252,48,12,12,1,1,0,1
261,52,11,12,1,1,0,1
283,60,8,11,1,1,0,1
366,181,24,36,0,0,0,0
28,280,8,11,1,1,0,0
41,294,12,15,1,1,0,0
