15,87,20,39,1,9,0,2
23,78,23,40,1,9,0,2
46,47,32,37,1,9,0,2
28,58,31,40,1,9,0,1
62,38,35,38,1,9,0,1
79,31,36,34,1,9,0,1
99,14,23,16,1,9,0,1
41,50,64,80,1,9,0,1
127,8,20,11,1,9,0,0
115,10,19,12,1,9,0,0
171,0,14,3,1,4,1,0
170,3,9,3,1,4,0,0
184,1,10,3,1,4,0,0
171,14,14,7,1,4,0,0
169,9,11,4,1,4,0,0
170,7,10,3,1,4,0,1
162,19,40,31,1,9,0,0
143,52,61,104,1,9,0,0
14,157,3,6,1,2,0,1
13,161,2,7,1,2,0,1
20,170,3,10,1,2,0,1
20,168,3,8,1,2,0,1
19,172,3,14,1,1,0,1
20,159,3,11,1,1,0,1
13,151,3,13,1,1,0,1
15,147,4,14,1,1,0,1
21,209,7,10,1,3,0,0
163,44,10,11,1,1,0,0
189,154,14,38,1,1,0,0
198,77,7,18,1,10,0,0
219,68,10,15,1,3,0,1
212,145,15,35,1,10,0,1
289,192,24,30,1,10,0,1
296,188,8,16,1,2,0,1
213,144,13,21,1,2,0,1
236,142,63,45,1,8,0,0
372,76,10,14,1,6,0,1
370,74,7,10,1,4,0,1
368,73,7,8,1,5,0,1
352,55,20,24,1,6,0,1
348,56,13,12,1,5,0,1
403,170,2,9,1,1,0,0
391,215,12,26,1,5,0,0
395,229,10,25,1,4,1,0
