27,51,27,31,1,4,1,0
8,88,19,43,1,4,1,1
25,78,9,15,1,1,0,1
42,58,13,17,1,1,0,0
36,69,12,17,1,1,0,0
11,121,6,14,1,1,0,0
12,124,5,14,1,1,0,0
143,1,33,16,1,4,0,0
84,17,44,36,1,4,0,0
59,26,36,35,1,4,0,1
34,53,36,49,1,4,0,0
12,114,24,70,1,4,0,0
6,120,18,58,1,4,0,0
8,195,23,79,1,4,0,0
0,203,20,69,1,4,1,0
14,274,29,52,1,4,1,0
19,278,44,63,1,4,0,0
41,311,41,44,1,4,0,0
37,242,15,34,1,3,0,1
37,224,8,26,1,2,0,1
187,9,32,18,1,4,0,0
237,11,41,25,1,4,0,0
280,112,49,147,1,4,0,1
287,355,16,10,1,1,0,0
301,342,14,13,1,1,0,0
291,335,47,36,1,5,1,0
313,278,66,82,1,4,0,0
361,232,37,78,1,4,0,1
349,214,37,83,1,4,0,0
375,134,19,79,1,4,0,1
349,109,33,90,1,4,0,0
313,47,44,53,1,4,0,0
337,58,45,73,1,5,0,0
312,30,33,33,1,4,0,1
285,19,39,31,1,4,0,1
285,24,17,13,1,1,0,0
344,56,13,15,1,1,0,1
340,42,32,31,1,4,0,1
352,55,28,32,1,4,0,1
362,69,26,34,1,4,0,0
374,88,23,35,1,4,1,0
393,130,13,33,1,4,1,0
401,159,6,25,1,4,1,0
404,187,3,25,1,4,1,0
396,129,5,10,1,10,1,0
344,294,39,48,1,4,1,0
345,173,16,50,1,7,0,1
351,154,10,32,1,2,0,1
