253,365,17,10,1,1,0,0
172,301,21,22,1,1,0,0
188,180,20,45,1,1,0,0
330,143,9,27,1,1,0,0
317,124,13,28,1,1,0,0
326,128,11,27,1,1,0,1
242,69,37,42,1,5,0,0
122,40,38,30,1,5,0,0
178,12,16,8,1,5,0,1
20,112,34,66,1,6,0,0
37,48,68,81,1,6,0,1
86,18,58,42,1,6,0,1
85,67,12,19,1,1,0,0
190,45,10,13,1,1,0,0
76,71,13,18,1,1,0,0
189,30,77,26,1,6,0,1
134,16,36,16,1,6,0,1
149,6,25,12,1,6,0,1
245,26,22,14,1,4,0,1
249,18,11,6,1,8,0,1
237,4,21,10,1,6,0,1
80,56,30,27,1,8,0,1
141,26,19,10,1,8,0,1
142,18,7,5,1,1,0,0
132,30,9,8,1,1,0,0
130,28,10,8,1,1,0,1
278,329,31,27,1,10,0,0
38,280,54,66,1,4,0,0
34,288,13,20,1,1,0,0
0,211,54,111,1,6,1,0
17,204,6,23,1,8,0,0
329,292,16,18,1,2,0,0
