20,80,5,7,1,4,0,1
28,69,7,9,1,4,0,0
28,63,10,13,1,6,0,1
28,72,1,2,1,2,0,1
28,72,2,2,1,10,0,1
22,99,2,3,1,1,0,0
17,106,2,4,1,1,0,0
19,103,2,4,1,1,0,0
57,50,7,9,1,4,0,0
51,61,8,11,1,5,0,0
41,78,10,18,1,9,0,0
53,77,9,15,1,5,0,0
58,77,10,17,1,4,0,2
73,34,9,9,1,4,0,0
0,160,3,7,1,4,0,0
18,157,17,23,1,9,0,0
52,254,25,46,1,6,0,0
88,21,14,9,1,6,1,0
143,6,24,9,1,6,0,0
140,1,42,9,1,9,1,1
168,1,14,4,1,5,0,1
147,5,15,4,1,4,0,0
163,4,11,4,1,4,0,1
187,0,16,2,1,5,1,0
208,0,16,2,1,5,1,0
226,1,18,3,1,4,1,0
149,179,44,20,1,4,0,0
333,147,17,17,1,4,0,0
244,4,15,5,1,5,0,0
278,11,13,6,1,4,1,1
