42,144,3,11,1,1,0,1
75,122,6,17,1,10,0,0
115,34,4,5,1,1,0,0
117,34,4,5,1,1,0,0
116,39,5,6,1,1,0,0
120,31,5,6,1,1,0,0
165,6,4,2,1,1,0,0
167,6,4,2,1,1,0,0
178,6,3,3,1,1,0,1
187,5,3,2,1,1,0,0
200,5,6,2,1,10,0,0
205,4,3,2,1,1,0,0
209,4,2,1,1,1,0,0
171,21,14,10,1,6,0,0
172,7,15,16,1,9,0,2
144,24,8,3,0,0,0,0
133,33,14,9,1,4,0,0
123,50,14,13,1,4,0,0
107,82,16,19,1,5,0,0
158,47,22,28,1,9,0,0
143,81,33,56,1,6,0,0
130,139,26,64,1,6,0,1
123,290,38,43,1,6,0,1
122,241,40,60,1,6,0,1
91,260,26,34,1,5,0,0
89,181,18,37,1,5,0,0
330,123,18,21,1,4,0,1
309,333,6,5,1,1,1,1
305,327,8,7,1,1,0,1
308,327,6,6,1,1,0,0
298,325,6,7,1,1,0,0
307,321,5,5,1,1,0,0
303,323,5,4,1,2,0,0
303,320,7,8,0,11,0,1
308,320,7,7,1,1,0,1
312,317,8,8,1,1,0,0
310,316,8,8,1,1,0,1
302,318,7,8,1,1,0,1
308,314,6,7,1,1,0,0
293,309,9,9,1,1,0,1
298,299,8,9,1,1,0,1
305,280,7,12,1,1,0,0
307,254,7,13,1,1,0,0
316,264,8,14,1,1,0,0
319,264,7,12,1,1,0,0
307,207,5,18,1,1,0,1
314,208,6,16,1,1,0,1
317,207,6,17,1,1,0,1
322,208,5,15,1,1,0,1
327,204,5,16,1,1,0,1
314,200,5,14,1,1,0,1
317,197,4,13,1,1,0,2
322,153,4,15,1,1,0,0
332,99,5,9,1,1,0,0
330,97,5,9,1,1,0,1
322,93,5,10,1,1,0,0
308,79,6,9,1,1,0,0
307,92,6,9,1,1,0,0
309,92,6,8,1,2,0,1
314,95,5,8,1,2,0,0
287,73,6,11,1,1,0,0
296,113,6,13,1,1,0,0
302,115,6,10,1,1,0,0
314,108,6,14,1,1,0,0
295,85,6,11,1,1,0,0
269,44,5,6,1,1,0,1
271,52,6,7,1,1,0,0
275,53,5,6,1,1,0,1
298,77,5,9,1,1,0,0
304,100,6,12,1,1,0,1
308,107,6,10,1,1,0,0
312,111,4,8,1,1,0,0
304,105,6,12,1,1,0,0
298,101,7,13,1,1,0,0
285,103,6,12,1,1,0,0
283,98,7,12,1,1,0,1
293,102,7,13,1,1,0,0
289,100,7,11,1,1,0,0
289,98,8,13,1,1,0,1
144,18,4,4,1,1,0,1
