35,109,5,10,1,1,0,0
68,115,5,12,1,1,0,0
48,80,5,8,1,1,0,0
63,56,6,7,1,1,0,0
65,57,4,5,1,1,0,0
71,48,5,6,1,1,0,0
115,18,4,3,1,1,0,1
127,16,6,5,1,1,0,0
127,27,6,6,1,1,0,0
57,169,17,36,1,4,0,0
90,126,26,39,1,4,0,0
102,64,27,28,1,5,0,0
145,43,23,17,1,4,0,0
131,13,40,32,1,9,0,0
159,9,15,7,1,5,0,1
169,3,12,6,1,5,0,0
187,1,10,4,1,4,0,0
339,52,12,14,1,4,0,0
370,73,8,13,1,5,0,0
375,71,6,10,1,4,0,0
387,103,7,16,1,5,0,0
386,112,7,16,1,4,0,0
390,117,5,13,1,4,0,0
391,129,5,19,1,4,0,0
384,136,6,21,1,4,0,0
384,166,4,24,1,4,0,0
387,180,5,24,1,4,0,0
394,179,4,26,1,5,0,0
391,129,11,52,1,9,0,0
378,207,8,26,1,5,0,2
384,223,9,24,1,5,0,1
365,242,15,31,1,4,0,1
339,288,22,30,1,5,0,1
304,307,27,27,1,5,0,1
366,254,17,34,1,5,0,2
370,286,9,11,1,4,1,1
377,264,14,23,1,5,0,1
381,256,12,21,1,4,0,1
387,247,9,19,1,4,0,1
398,228,3,8,1,10,0,0
399,222,4,11,1,10,0,1
401,205,5,20,1,5,1,1
404,195,3,18,1,4,1,1
370,189,7,25,1,4,0,1
