185,366,46,17,1,4,0,0
187,176,87,44,1,4,0,0
273,141,50,38,1,4,0,0
374,217,15,30,1,4,0,0
370,200,16,26,1,4,0,0
390,196,9,18,1,4,0,0
80,127,49,40,1,4,0,0
30,145,17,25,1,4,0,0
14,161,10,21,1,4,0,0
17,135,11,17,1,4,0,0
8,136,7,15,1,4,0,0
14,128,8,14,1,4,0,0
12,197,10,24,1,4,0,0
92,71,31,20,1,4,0,0
214,52,22,11,1,4,0,0
247,51,19,13,1,4,0,0
261,45,15,10,1,4,0,0
276,41,12,7,1,4,0,0
311,47,8,7,1,4,0,0
292,37,7,6,1,4,0,0
313,43,6,5,1,4,0,0
303,38,6,4,1,4,0,0
301,35,6,4,1,4,0,0
315,41,5,4,1,4,0,0
311,38,5,4,1,4,0,0
313,38,4,3,1,4,0,1
350,98,9,13,1,4,0,1
349,92,7,10,1,4,0,0
347,86,7,10,1,4,0,1
366,104,6,10,1,4,0,1
364,99,6,9,1,4,0,1
376,131,11,19,1,4,0,1
368,110,6,10,1,4,0,0
337,64,6,7,1,4,0,1
288,38,9,6,1,4,0,1
234,42,17,9,1,4,0,1
241,39,16,8,1,4,0,1
247,37,14,8,1,4,0,1
254,37,13,6,1,4,0,1
261,35,12,7,1,4,0,1
268,35,10,6,1,4,0,2
269,34,11,6,1,4,0,2
228,33,15,6,1,4,0,1
214,36,16,6,1,4,0,0
171,41,29,8,1,4,0,1
301,58,13,12,1,5,0,0
343,76,7,9,1,5,0,1
342,73,6,7,1,4,0,2
342,75,8,8,1,5,0,2
283,38,13,9,1,6,0,1
294,37,7,5,1,4,0,1
298,37,5,4,1,4,0,1
300,36,5,4,1,4,0,1
298,36,6,4,1,4,0,2
302,35,5,3,1,4,0,1
302,33,7,5,1,6,0,1
307,33,7,5,0,0,0,0
317,38,3,2,1,4,0,0
317,37,3,3,1,4,0,0
313,35,3,3,1,4,0,0
316,36,2,2,1,4,0,0
324,42,2,3,1,4,0,0
332,51,9,12,0,0,0,0
318,33,9,10,0,0,0,0
315,33,4,3,0,0,0,0
321,34,5,4,0,0,0,0
317,33,3,3,0,0,0,0
326,39,3,4,0,0,0,0
320,37,2,2,1,4,0,0
316,35,2,2,1,4,0,1
306,34,5,4,0,0,0,0
332,55,3,4,1,1,0,0
371,110,11,20,1,6,0,2
366,124,5,12,1,1,0,0
377,137,4,10,1,1,0,0
383,161,3,10,1,1,0,0
343,99,6,11,1,1,0,0
346,96,5,9,1,1,0,0
340,95,5,9,1,1,0,0
343,96,7,11,1,10,0,1
140,61,7,10,1,1,0,0
330,79,6,7,1,2,0,1
330,80,6,8,1,3,0,2
336,264,17,20,1,3,0,1
341,259,10,20,1,2,0,0
22,214,3,16,1,1,0,0
9,193,6,21,1,4,0,1
6,187,7,24,1,4,0,1
4,184,5,19,1,4,0,1
8,242,15,33,1,4,0,1
0,182,4,19,1,4,1,1
0,179,2,15,1,4,1,1
73,319,15,15,1,2,0,1
68,313,29,27,1,10,0,1
403,178,4,12,1,4,1,1
400,167,2,9,1,1,0,0
346,308,27,33,1,4,1,0
42,89,14,17,1,4,0,2
16,114,2,6,1,2,0,1
15,116,3,5,1,3,0,2
65,102,33,31,1,5,0,0
