127,24,110,31,1,9,0,1
147,7,10,4,1,4,0,0
245,17,16,9,1,4,0,0
36,83,4,8,1,1,0,0
41,74,5,7,1,1,0,0
44,71,5,8,1,1,0,0
58,56,5,6,1,1,0,0
67,49,5,6,1,1,0,1
67,47,6,7,1,1,0,1
71,45,6,7,1,1,0,2
69,48,4,6,1,1,0,1
68,50,5,6,1,1,0,0
63,54,5,7,1,1,0,0
65,55,7,8,1,1,0,1
72,53,6,8,1,1,0,1
45,71,5,8,1,1,0,1
44,75,5,8,1,1,0,1
47,71,4,7,1,1,0,1
49,67,4,7,1,1,0,0
45,75,5,9,1,1,0,0
46,74,5,8,1,1,0,1
47,72,5,8,1,1,0,1
50,69,6,8,1,1,0,1
49,71,5,8,1,1,0,0
56,66,5,8,1,1,0,0
60,64,5,8,1,1,0,0
66,61,7,10,1,1,0,1
77,48,7,8,1,1,0,1
74,50,5,7,1,1,0,1
74,51,6,7,1,1,0,0
80,48,6,7,1,1,0,1
98,39,7,7,1,1,0,1
100,38,6,7,1,1,0,1
102,37,6,7,1,1,0,1
108,35,7,7,1,1,0,0
117,33,6,7,1,1,0,1
117,34,6,6,1,1,0,1
116,34,6,8,1,1,0,0
107,40,6,7,1,1,0,1
107,40,6,7,1,1,0,1
80,52,7,9,1,1,0,1
80,55,6,8,1,1,0,1
76,57,7,10,1,1,0,0
74,59,6,9,1,1,0,0
70,57,8,10,1,1,0,1
75,53,7,8,1,1,0,0
76,52,7,8,1,1,0,1
47,63,30,28,1,9,0,1
19,91,16,23,1,9,0,1
32,88,16,18,1,5,0,1
70,75,7,11,1,1,0,0
34,114,5,11,1,1,0,1
37,113,5,12,1,1,0,0
44,106,5,13,1,1,0,0
45,106,5,13,1,1,0,1
51,104,6,13,1,1,0,0
269,53,42,24,1,4,0,0
101,175,27,50,1,4,0,0
148,238,37,51,1,4,0,1
142,174,35,51,1,5,0,0
350,275,9,14,1,1,0,1
319,131,8,20,1,1,0,1
316,112,6,12,1,1,0,1
317,109,7,18,1,1,0,0
318,106,10,18,1,1,0,1
334,126,7,18,1,1,0,1
341,130,6,18,1,1,0,0
334,122,7,17,1,1,0,1
334,121,8,15,1,1,0,1
337,118,6,15,1,1,0,0
345,127,7,18,1,1,0,1
344,122,6,16,1,1,0,1
340,118,6,15,1,1,0,0
342,115,6,16,1,1,0,1
336,109,8,15,1,1,0,1
339,110,6,16,1,1,0,1
258,10,4,3,1,1,0,0
263,13,5,5,1,1,0,0
264,13,4,4,1,1,0,1
262,15,4,4,1,1,0,0
268,17,5,5,1,1,0,0
267,28,9,7,1,1,0,1
268,29,8,7,1,1,0,0
280,33,6,7,1,1,0,1
287,34,7,8,1,1,0,1
315,46,7,8,1,1,0,1
344,68,6,8,1,1,0,1
338,64,6,8,1,1,0,1
338,60,6,8,1,1,0,0
334,61,5,8,1,1,0,0
287,39,8,9,1,1,0,0
293,41,6,7,1,1,0,0
304,45,7,9,1,1,0,1
39,121,5,15,1,1,0,0
43,118,5,13,1,1,0,0
46,122,5,14,1,1,0,0
42,132,3,11,1,1,0,0
43,132,3,8,1,1,0,1
44,129,3,11,1,1,0,1
50,131,4,14,1,1,0,1
59,113,6,11,1,2,0,1
50,160,4,13,1,2,0,2
54,126,6,16,1,1,0,1
55,121,6,16,1,1,0,2
59,122,5,15,1,1,0,1
64,114,6,15,1,1,0,1
64,114,7,18,1,1,0,1
67,116,7,18,1,1,0,0
73,129,7,16,1,1,0,0
60,146,6,16,1,1,0,1
54,146,5,18,1,1,0,2
43,157,4,16,1,1,0,1
26,273,6,12,1,1,0,0
27,273,6,11,1,1,0,0
28,269,7,12,1,1,0,1
36,294,5,7,1,1,1,0
38,294,6,10,1,1,1,1
32,283,8,13,1,1,0,1
36,290,7,9,1,1,0,1
34,284,7,12,1,1,0,1
35,284,7,10,1,1,0,2
28,263,6,13,1,1,0,0
31,268,6,11,1,1,0,2
30,263,6,12,1,1,0,2
28,252,6,13,1,1,0,1
26,251,6,14,1,1,0,1
26,243,5,13,1,1,0,1
28,247,6,14,1,1,0,1
23,227,5,12,1,1,0,1
29,229,6,15,1,1,0,1
25,218,4,13,1,1,0,1
22,215,3,11,1,1,0,1
23,215,3,12,1,1,0,1
26,206,4,15,1,1,0,0
22,209,4,13,1,1,0,1
24,209,4,15,1,1,0,0
21,205,3,12,1,1,0,1
18,188,3,17,1,1,0,1
20,197,3,15,1,1,0,1
21,197,3,13,1,1,0,0
22,195,3,14,1,1,0,0
23,195,4,16,1,1,0,1
19,183,2,14,1,1,0,2
26,196,4,13,0,11,0,1
29,152,3,15,1,1,0,0
28,155,2,10,1,1,0,0
23,171,2,15,1,1,0,0
26,172,3,14,1,1,0,1
28,169,2,12,1,1,0,1
29,167,2,14,1,1,0,1
32,164,3,16,1,1,0,1
34,165,2,13,1,1,0,1
25,181,3,15,1,1,0,1
26,185,2,14,1,1,0,1
27,189,3,13,1,1,0,1
29,184,3,13,1,1,0,1
30,185,3,14,1,1,0,0
31,183,3,14,1,1,0,1
35,179,2,14,1,1,0,2
