1,182,2,3,0,0,0,0
9,175,0,2,1,4,0,0
9,174,1,3,1,1,0,0
23,234,3,9,1,4,0,0
20,235,3,9,1,4,0,0
13,238,4,9,1,4,0,1
14,231,3,9,1,4,0,1
16,228,3,7,1,5,0,1
13,254,4,10,1,4,0,1
24,217,3,8,1,4,0,0
13,250,4,8,1,4,0,0
31,180,2,7,1,4,0,0
34,165,2,6,1,5,0,0
49,142,3,5,1,4,0,0
29,288,9,14,1,4,0,1
13,268,6,11,1,4,0,0
13,264,5,10,1,4,0,1
18,282,2,3,1,1,0,0
5,180,1,3,1,4,0,0
6,178,0,3,1,1,0,0
45,278,6,10,1,4,0,1
385,256,2,5,1,1,0,0
17,261,1,3,1,1,0,1
17,261,1,4,1,1,0,1
17,263,2,4,1,10,0,0
18,279,1,4,1,1,0,0
18,280,2,5,1,10,0,0
19,283,2,5,1,10,0,0
18,283,3,5,1,10,0,0
18,282,2,3,1,1,0,0
18,282,2,4,1,1,0,1
16,251,1,4,1,1,0,0
16,253,1,3,1,10,0,1
17,257,2,3,1,10,0,1
16,255,2,4,1,1,0,1
15,221,2,7,1,4,0,1
16,213,2,7,1,4,0,1
37,158,3,8,1,6,0,0
59,145,3,6,1,4,0,0
68,100,5,8,1,6,0,0
280,104,10,7,1,5,0,0
295,158,20,17,1,6,0,0
324,164,3,8,1,1,0,0
400,156,2,5,1,6,0,0
397,154,4,5,1,6,0,1
396,152,4,6,1,6,0,1
392,149,3,5,1,4,0,0
388,145,2,4,1,4,0,0
386,143,2,5,1,4,0,1
395,165,3,4,1,4,0,0
394,162,3,4,1,4,0,1
406,161,2,3,1,4,0,0
386,141,4,5,1,4,0,1
384,147,3,5,1,4,0,1
61,139,4,5,1,4,0,1
62,137,3,4,1,4,0,1
71,100,2,2,1,4,0,1
70,95,2,3,1,4,0,1
5,167,11,12,0,0,0,0
17,277,1,4,1,1,0,0
17,278,2,5,1,10,0,1
18,275,2,5,1,10,0,1
17,273,2,4,1,1,0,1
100,123,10,8,1,5,0,1
33,153,3,8,1,6,0,1
75,79,16,13,0,0,0,0
19,286,1,3,1,1,0,0
19,288,2,3,1,10,1,0
