77,42,12,9,1,6,0,1
66,44,5,4,1,4,0,1
89,50,1,2,1,1,0,0
86,50,2,2,1,1,0,0
58,300,3,4,1,1,0,0
57,295,2,4,1,1,0,0
54,284,2,4,1,1,0,0
52,284,3,4,1,1,0,1
48,303,9,11,1,4,1,1
60,256,14,24,1,9,0,0
108,310,12,13,1,4,0,0
97,303,14,14,1,4,0,0
94,240,11,19,1,4,0,0
218,284,5,4,1,1,0,0
207,329,3,3,1,1,0,1
103,228,17,32,1,9,0,0
98,160,8,20,1,4,0,0
114,133,10,16,1,4,0,0
52,161,5,14,1,4,0,0
52,221,8,15,1,4,0,0
70,131,7,13,1,4,0,0
78,101,7,11,1,4,0,0
63,179,7,14,1,5,0,1
61,207,8,17,1,5,0,1
87,91,9,14,1,6,0,0
77,116,8,15,1,4,0,1
402,159,2,5,1,4,0,1
389,131,8,14,1,6,0,0
181,61,22,9,1,5,0,0
174,51,20,7,1,4,0,0
99,64,32,21,1,6,0,1
119,43,8,6,1,4,0,0
138,25,10,5,1,4,0,0
110,36,15,15,1,9,0,0
124,30,12,11,1,6,0,0
391,98,4,6,1,6,1,0
382,84,7,11,1,9,0,0
386,94,3,5,1,5,0,1
366,70,10,11,1,9,0,0
375,83,4,5,1,5,0,1
376,83,4,5,1,5,0,0
379,87,4,5,1,4,0,1
372,74,1,2,1,1,0,0
344,52,1,3,1,1,0,0
359,64,2,2,1,1,0,0
362,66,2,3,1,1,0,0
362,66,2,2,1,1,0,1
370,73,1,2,1,1,0,1
366,76,4,4,1,4,0,1
353,61,5,6,1,4,0,1
360,70,5,6,1,4,0,0
351,63,9,10,1,6,0,0
345,57,18,17,1,6,0,1
337,49,10,9,1,6,0,1
337,51,6,6,1,4,0,0
336,55,8,7,1,5,0,1
326,47,14,12,1,6,0,1
318,39,15,12,1,6,0,0
313,42,15,11,1,6,0,1
318,43,9,7,1,5,0,1
309,40,10,7,1,4,0,1
310,39,8,7,1,5,0,1
311,38,7,6,1,5,0,1
298,37,9,6,1,4,0,0
287,32,10,6,1,4,0,0
298,36,10,6,1,4,0,1
299,35,10,6,1,4,0,1
284,30,11,5,1,4,0,1
276,30,12,7,1,4,0,1
274,28,11,6,1,4,0,0
305,35,4,4,1,10,0,1
305,35,3,3,1,2,0,1
266,19,25,12,1,9,0,1
234,15,23,7,1,6,0,0
240,15,16,5,1,5,0,2
259,24,12,6,1,5,0,0
270,26,11,5,1,4,0,1
256,23,10,4,1,4,0,1
252,25,14,6,1,5,0,1
240,20,11,4,1,4,0,1
244,22,12,4,1,5,0,0
229,20,12,4,1,5,0,0
208,16,27,6,1,9,0,1
196,20,27,4,1,6,0,1
192,15,13,3,1,4,0,1
155,18,11,3,1,4,0,1
162,12,4,4,1,5,0,0
163,10,5,3,1,5,0,1
164,7,6,4,1,9,0,1
167,6,4,2,1,4,0,1
160,3,4,3,1,4,0,0
151,14,6,2,1,4,0,0
156,13,5,3,1,4,0,0
125,14,10,8,1,9,0,0
120,14,7,3,1,4,0,1
121,13,7,3,1,4,0,1
122,11,7,3,1,5,0,1
