43,138,28,28,1,4,0,0
393,169,5,25,1,4,0,0
375,130,11,26,1,4,0,0
398,179,5,21,1,4,0,0
402,186,4,21,1,4,0,0
400,160,4,20,1,4,0,0
400,141,4,18,1,4,0,0
404,159,3,17,1,4,0,0
400,130,4,15,1,4,0,0
398,117,5,15,1,4,1,0
404,146,3,14,1,4,1,0
322,299,36,33,1,4,1,0
53,241,9,18,1,1,0,0
122,309,10,11,1,1,0,0
91,313,9,8,1,1,0,0
133,336,11,7,1,1,0,0
118,334,10,7,1,1,0,0
112,328,9,8,1,1,0,0
124,342,8,6,1,1,0,0
111,335,10,7,1,1,0,0
112,338,10,8,1,1,0,0
347,162,5,18,1,1,0,0
358,158,4,15,1,1,0,0
338,144,6,17,1,1,0,0
341,141,5,14,1,1,0,0
360,143,5,14,1,1,0,0
316,150,6,18,1,1,0,0
319,143,7,20,1,1,0,0
297,126,9,18,1,1,0,0
309,128,8,19,1,1,0,0
268,86,10,14,1,1,0,0
82,94,7,13,1,1,0,0
99,98,9,17,1,1,0,0
104,111,8,15,1,1,0,0
122,108,10,13,1,1,0,0
128,100,10,18,1,1,0,0
71,93,7,12,1,1,0,0
113,285,12,14,1,1,0,0
385,200,4,11,1,1,0,0
397,234,3,8,1,1,0,0
395,240,3,9,1,1,0,0
400,228,2,8,1,1,0,0
401,220,3,9,1,1,0,0
401,224,2,8,1,1,0,1
396,239,3,8,1,1,0,1
394,250,3,6,1,1,0,1
381,201,3,12,1,1,0,1
379,203,4,14,1,1,0,1
357,148,6,15,1,1,0,1
353,160,4,14,1,1,0,1
349,178,5,15,1,1,0,1
347,158,4,15,1,1,0,1
345,155,5,19,1,1,0,1
348,152,4,17,1,1,0,1
351,151,5,15,1,1,0,1
352,151,3,8,1,1,0,1
342,137,6,15,1,1,0,1
340,135,5,15,1,1,0,1
323,143,6,19,1,1,0,1
206,94,11,18,1,1,0,1
142,101,11,18,1,1,0,1
148,98,11,18,1,1,0,1
75,89,5,10,1,1,0,1
67,100,6,8,1,1,0,1
76,87,7,11,1,1,0,1
194,90,12,19,1,1,0,0
117,344,7,4,1,1,1,0
