16,78,7,15,1,4,1,0
16,79,13,25,1,4,0,1
6,102,12,23,1,5,1,1
2,127,7,19,1,5,1,1
4,115,9,19,1,4,1,1
0,142,6,20,1,5,1,1
0,155,3,21,1,5,1,1
82,286,15,18,1,1,0,0
142,340,15,7,1,2,0,0
58,266,11,17,1,2,0,1
155,330,10,8,1,1,0,1
177,332,13,8,1,1,0,1
180,349,8,7,1,1,0,1
223,335,14,6,0,11,0,0
354,297,10,12,1,2,0,1
352,296,12,14,1,2,0,0
370,171,6,13,1,2,0,1
369,174,4,18,1,1,0,0
315,153,14,16,1,2,0,1
325,147,11,18,1,2,0,1
316,119,15,20,1,2,0,1
269,73,10,17,1,1,0,0
251,71,13,21,1,1,0,1
245,67,13,15,1,1,0,1
182,59,10,20,1,1,0,1
109,134,12,27,1,1,0,0
77,198,7,21,1,1,0,1
118,89,10,13,1,1,0,0
118,78,11,17,1,1,0,1
88,104,9,19,1,2,0,1
98,90,11,17,1,1,0,1
107,75,14,21,1,1,0,1
53,119,8,22,1,1,0,1
66,113,6,15,1,2,0,1
242,5,7,5,1,2,0,1
244,3,7,5,1,2,0,1
231,3,8,7,1,1,0,0
79,38,12,11,1,2,0,1
80,32,8,9,1,2,0,0
84,30,8,9,1,2,0,0
90,27,9,8,1,2,0,0
100,22,9,7,1,2,0,0
324,39,9,10,1,1,0,1
347,64,10,15,1,1,0,0
351,71,7,11,1,1,0,0
