182,348,17,10,1,4,0,0
230,296,22,19,1,4,0,0
266,252,21,25,1,4,0,0
225,210,17,21,1,4,0,0
55,153,13,13,1,4,0,0
249,147,16,22,1,4,0,0
224,147,15,25,1,4,0,0
218,114,14,14,1,4,0,0
233,98,12,13,1,4,0,0
213,91,11,11,1,4,0,0
197,113,14,14,1,4,0,0
205,66,10,8,1,4,0,0
168,75,11,9,1,4,0,0
204,54,7,6,1,4,0,0
202,48,7,5,1,4,0,0
172,51,7,5,1,4,0,0
194,102,10,10,1,4,0,1
188,129,20,19,1,4,0,1
194,82,13,20,1,9,0,0
191,49,7,7,1,5,0,0
173,37,7,5,1,5,0,0
162,0,42,38,0,0,0,0
262,188,15,28,1,5,0,0
265,311,24,20,1,5,0,0
216,335,19,13,1,5,0,0
154,338,19,13,1,5,0,0
267,343,19,10,1,5,1,0
402,207,4,11,1,5,1,0
