305,232,17,40,1,1,0,0
316,202,15,41,1,1,0,1
271,108,22,45,1,1,0,0
284,108,22,43,1,1,0,0
261,89,25,35,1,1,0,1
55,97,89,78,1,4,0,1
69,65,53,57,1,4,0,1
120,47,68,60,1,5,0,0
148,243,25,40,1,2,0,0
226,213,32,60,1,10,0,0
260,72,25,32,1,2,0,1
263,65,96,97,1,5,0,1
258,47,27,23,1,8,0,0
71,45,29,27,1,4,0,0
77,31,29,22,1,5,0,1
100,22,26,17,1,5,0,1
116,17,23,12,1,4,0,1
114,26,9,8,1,2,0,1
159,30,13,10,1,2,0,1
175,29,13,11,1,2,0,1
246,49,16,15,1,2,0,0
216,31,11,7,1,2,0,1
219,27,24,14,1,8,0,1
238,54,18,24,1,1,0,0
176,43,15,10,1,2,0,2
176,45,15,17,1,10,0,1
187,19,32,7,1,8,0,1
143,14,10,6,1,1,0,0
147,11,7,5,1,1,0,1
97,23,7,6,1,1,0,1
111,16,7,5,1,1,0,0
141,4,16,7,1,5,0,1
152,7,16,7,1,5,0,1
148,7,6,3,1,2,0,0
150,9,26,7,1,8,0,1
345,295,21,29,1,1,0,1
395,185,12,40,1,5,1,1
