56,45,12,10,1,4,0,0
104,16,16,8,1,4,0,1
153,4,5,2,1,3,0,1
154,4,3,2,1,1,0,0
162,381,33,6,1,4,1,0
227,368,5,4,1,1,0,0
256,356,8,6,1,1,0,0
229,364,10,4,1,1,0,0
342,298,35,42,1,5,0,0
341,277,28,35,1,4,0,1
322,301,28,27,1,8,0,1
303,325,22,16,1,10,0,1
355,293,7,11,1,1,0,0
355,294,5,8,1,1,0,1
331,309,15,15,0,11,0,1
396,228,9,27,1,4,1,0
395,208,5,22,1,8,0,1
375,255,5,12,1,1,0,0
388,242,3,8,1,2,0,0
386,233,3,8,1,2,0,0
386,229,3,8,1,2,0,0
384,235,3,9,1,2,0,0
382,219,3,11,1,2,0,0
384,215,2,11,1,2,0,1
376,230,9,14,1,8,0,1
402,185,3,13,1,8,0,2
406,190,1,7,1,8,1,1
404,168,3,16,1,8,0,0
400,150,6,21,1,8,1,1
388,123,11,26,0,11,0,1
388,213,3,10,1,1,0,0
392,210,3,10,1,1,0,0
396,202,3,10,1,1,0,0
391,200,2,12,1,1,0,0
389,210,2,10,1,1,0,1
406,188,1,7,1,1,0,1
406,195,1,7,1,1,1,0
401,181,2,8,1,2,0,0
400,167,2,10,1,1,0,0
399,162,1,8,1,2,0,1
396,154,2,9,1,1,0,1
354,151,8,13,1,10,0,1
332,94,8,14,1,1,0,1
315,47,5,6,1,1,0,0
322,49,6,7,1,1,0,1
305,36,28,22,1,6,0,1
332,46,14,14,1,5,0,0
351,57,11,12,1,5,0,0
380,85,7,11,1,5,1,0
382,87,4,8,1,4,1,2
374,80,11,17,1,4,0,2
380,88,4,6,1,1,0,2
399,143,2,9,1,10,0,1
399,144,2,5,1,2,0,1
374,102,13,24,1,8,0,1
385,125,3,8,1,10,0,1
368,95,6,10,1,10,0,1
348,73,15,18,1,8,0,1
375,105,4,9,1,1,0,1
377,109,3,7,1,1,0,1
373,96,4,9,1,1,0,0
388,109,3,7,1,1,0,1
396,124,3,6,1,1,0,1
370,91,4,7,1,1,0,0
360,81,5,8,1,1,0,0
334,57,6,7,1,1,0,0
347,66,5,6,1,1,0,0
343,61,5,6,1,1,0,1
345,64,4,6,1,1,0,2
345,65,5,7,1,1,0,2
350,68,5,6,1,2,0,1
360,78,4,5,1,1,0,1
356,59,13,14,1,5,0,0
361,63,10,11,1,5,0,1
360,63,10,11,1,4,0,1
366,66,9,11,1,4,0,1
368,67,8,11,1,4,0,1
372,70,5,6,1,4,1,0
318,40,13,10,0,11,0,0
306,23,15,11,0,11,0,1
