108,10,26,18,1,4,0,0
161,1,22,12,1,4,0,0
91,25,31,28,1,4,0,0
67,53,39,54,1,5,0,0
51,107,30,68,1,4,0,0
58,254,38,64,1,4,0,0
82,319,38,38,1,4,0,0
103,356,31,21,1,4,1,0
247,376,17,7,1,5,1,0
227,359,49,22,1,4,0,0
244,330,39,34,1,4,0,1
185,343,31,28,1,4,0,1
309,323,15,16,1,10,0,0
178,285,45,55,1,5,0,0
219,298,78,47,1,4,0,1
79,223,74,59,1,4,0,0
230,218,85,53,1,4,0,0
171,144,48,104,1,4,0,0
283,126,57,78,1,5,0,1
366,191,9,10,1,10,0,1
345,128,8,13,1,1,0,0
182,71,13,9,1,1,0,0
181,61,12,10,1,1,0,0
259,59,65,59,1,4,0,0
363,128,22,51,1,4,0,0
366,109,22,49,1,4,0,0
365,95,24,46,1,4,0,0
380,89,12,19,1,4,1,0
363,73,23,30,1,5,0,0
341,53,26,26,1,4,0,1
360,66,20,24,1,4,0,1
358,57,20,24,1,4,0,1
339,45,26,24,1,4,0,2
216,14,49,23,1,4,0,0
270,46,58,52,1,4,0,0
281,39,55,45,1,4,0,0
294,37,46,39,1,4,0,0
258,13,44,22,1,4,0,0
275,356,10,7,1,1,0,0
