337,322,31,31,1,4,0,0
332,318,33,34,1,4,0,0
314,314,40,38,1,4,0,0
106,259,60,58,1,4,0,0
66,254,6,10,1,1,0,1
82,253,11,22,1,10,0,0
85,241,10,17,1,10,0,0
91,235,12,24,1,10,0,0
47,195,24,47,1,4,0,0
26,157,12,32,1,4,0,0
19,140,11,27,1,4,0,0
14,126,9,20,1,4,0,0
21,98,8,13,1,4,0,1
13,110,7,15,1,6,0,1
27,68,20,26,1,9,0,2
15,109,2,5,1,10,0,0
13,112,2,5,1,10,0,0
13,115,1,3,1,10,1,0
361,215,36,62,1,6,0,0
399,204,8,30,1,4,0,0
385,179,9,33,1,4,0,0
404,156,6,24,1,4,0,0
381,113,15,25,1,4,0,0
276,43,33,24,1,4,0,1
256,37,37,20,1,4,0,2
333,67,28,29,1,4,0,1
339,68,25,26,1,4,0,2
344,68,21,22,1,4,0,1
350,67,21,22,1,4,0,1
354,67,17,19,1,4,0,2
358,67,17,19,1,4,0,1
364,67,15,19,1,4,0,1
367,68,13,16,1,4,0,1
383,79,7,11,1,4,0,0
4,137,5,13,1,4,1,1
