35,275,48,51,1,9,0,1
80,303,30,26,1,4,0,0
134,308,36,25,1,4,0,0
152,237,37,36,1,4,0,1
117,237,33,35,1,5,0,0
150,133,23,33,1,4,0,0
19,78,5,8,1,5,0,1
21,77,4,7,1,5,0,1
22,76,5,7,1,5,0,1
25,72,6,9,1,5,0,1
23,75,5,8,1,4,0,1
16,86,4,7,1,5,1,1
18,84,5,8,1,5,0,1
22,79,6,9,1,5,0,1
24,78,6,8,1,5,0,1
25,78,6,8,1,4,0,1
27,76,5,9,1,4,0,1
28,74,7,10,1,5,0,1
32,72,7,9,1,5,0,1
33,70,8,10,1,5,0,1
37,68,8,9,1,4,0,1
34,62,5,6,1,4,0,2
40,66,9,10,1,4,0,1
43,63,10,11,1,5,0,1
48,60,10,11,1,5,0,1
14,106,4,6,1,4,0,1
18,103,5,8,1,4,0,1
24,99,7,10,1,4,0,0
29,91,15,21,1,9,0,0
115,33,19,11,1,5,0,1
81,42,17,13,1,5,0,1
98,37,17,12,1,5,0,1
105,36,18,11,1,5,0,1
51,62,46,44,1,9,0,0
62,92,19,17,1,4,0,0
102,94,27,21,1,4,0,0
68,155,32,32,1,6,0,0
404,196,3,9,1,5,1,1
400,192,4,10,1,4,0,1
377,139,18,31,1,9,0,0
366,152,3,8,1,1,0,2
376,131,20,33,1,9,0,2
392,128,5,12,1,5,0,0
387,109,5,10,0,11,0,0
390,120,5,10,1,4,0,0
389,116,6,11,1,4,0,1
362,76,22,28,1,9,0,0
371,101,14,36,1,9,0,0
339,86,28,30,1,9,0,1
346,86,22,23,1,9,0,1
341,79,22,22,1,9,0,1
343,76,21,21,1,9,0,1
337,47,17,21,1,9,0,0
323,49,23,28,1,9,0,1
301,23,8,6,1,5,0,0
276,29,14,10,1,5,0,0
282,23,11,6,1,4,0,0
299,35,10,9,1,4,0,0
259,44,19,14,1,4,0,0
287,60,18,16,1,4,0,0
274,12,3,3,1,1,0,0
269,16,3,3,1,1,0,0
260,17,3,2,1,1,0,0
266,17,3,2,1,1,0,0
264,15,3,3,1,1,0,0
