288,272,83,83,1,4,0,0
340,193,46,97,1,4,0,0
362,118,29,49,1,4,0,0
12,266,71,85,1,4,0,1
15,256,65,78,1,4,0,1
19,236,90,95,1,4,0,1
29,203,100,86,1,4,0,1
49,151,101,82,1,4,0,1
67,97,146,68,1,4,0,1
112,62,105,51,1,5,0,1
139,54,110,37,1,4,0,1
156,45,117,31,1,4,0,1
204,34,85,29,1,4,0,2
211,23,87,33,1,5,0,1
235,22,63,26,1,4,0,2
252,23,49,23,1,4,0,2
260,23,45,19,1,4,0,2
265,22,43,22,1,4,0,2
264,19,41,22,1,4,0,2
275,22,33,16,1,4,0,2
275,21,32,16,1,4,0,2
267,18,34,15,1,4,0,2
278,19,32,16,1,4,0,1
290,22,26,15,1,4,0,1
290,21,24,14,1,4,0,2
293,20,21,13,1,4,0,1
296,20,19,12,1,4,0,1
298,19,17,11,1,4,0,1
378,113,8,20,1,1,0,0
375,111,9,23,1,1,0,0
375,110,9,20,1,1,0,2
378,105,15,32,1,4,0,1
370,85,9,17,1,1,0,0
355,82,20,29,1,4,0,0
352,72,17,23,1,4,0,1
349,66,15,17,1,4,0,1
346,60,14,16,1,4,0,1
343,55,13,13,1,4,0,1
344,53,22,23,1,4,0,1
336,45,20,18,1,5,0,1
337,44,10,9,1,4,0,2
334,40,10,9,1,4,0,1
335,40,9,8,1,4,0,2
334,38,9,8,1,4,0,2
351,53,6,7,1,1,0,0
348,51,5,6,1,1,0,0
344,48,6,7,1,1,0,0
346,50,6,7,1,1,0,1
