49,123,63,202,1,9,0,0
135,3,30,16,1,9,1,0
355,52,15,15,1,4,1,1
390,109,6,12,1,4,1,0
364,289,23,37,1,4,1,1
16,280,23,41,1,4,1,0
119,367,29,14,1,4,1,0
33,62,8,10,1,5,1,0
59,39,12,11,1,4,1,0
28,64,13,18,1,4,0,1
34,55,16,21,1,4,0,1
40,50,17,20,1,4,0,0
105,18,26,18,1,4,0,0
58,67,32,44,1,4,0,0
36,155,14,66,1,4,0,0
46,301,38,46,1,4,0,0
327,309,37,42,1,4,0,0
305,49,30,34,1,4,0,0
78,37,31,30,1,4,0,0
284,23,22,17,1,4,0,0
256,286,51,62,1,4,0,0
28,292,30,41,1,4,0,0
394,148,8,33,1,4,0,1
382,105,15,39,1,5,0,1
374,89,13,24,1,5,0,1
277,42,33,33,1,5,0,0
372,237,21,50,1,4,0,1
75,348,19,13,1,4,1,0
27,82,19,24,1,4,0,1
34,70,20,23,1,4,0,1
39,61,21,21,1,4,0,1
47,51,21,20,1,4,0,1
54,43,22,19,1,4,0,1
69,26,25,17,1,4,0,1
358,56,16,17,1,4,0,1
363,62,15,18,1,4,0,1
368,69,16,21,1,5,0,1
374,78,12,17,1,5,1,1
379,87,8,12,1,8,0,0
381,252,17,39,1,5,0,2
66,31,21,17,1,4,0,0
37,75,6,10,1,1,0,1
39,74,5,7,1,1,0,2
5,210,3,10,1,1,0,0
9,253,4,10,1,1,0,0
14,228,5,12,1,1,0,0
26,176,4,15,1,2,0,1
74,87,11,14,1,2,0,1
89,78,13,15,1,2,0,1
25,173,7,19,1,10,0,1
72,89,12,19,1,10,0,1
89,82,13,18,1,3,0,1
338,46,7,9,1,1,0,0
367,84,7,11,1,1,0,0
398,245,4,8,1,1,1,0
391,124,5,12,1,1,0,1
401,165,1,5,1,1,0,1
400,163,3,11,1,1,0,1
399,196,3,10,1,1,0,0
393,206,3,11,1,1,0,0
346,48,8,9,1,1,0,1
