42,291,5,7,1,1,0,0
51,272,6,10,1,1,0,0
62,181,4,13,1,1,0,0
53,179,3,12,1,1,0,0
63,74,4,7,1,1,0,0
112,71,7,10,1,1,0,0
113,63,5,8,1,1,0,0
121,40,5,6,1,1,0,0
124,33,5,6,1,1,0,0
109,38,5,5,1,1,0,1
118,80,24,24,1,5,0,0
131,35,38,38,1,9,0,0
156,30,15,9,1,5,0,1
166,21,12,8,1,5,0,0
158,17,5,3,1,1,0,0
154,14,3,2,0,0,0,0
163,13,4,2,1,1,0,0
172,3,8,3,1,4,0,0
175,8,8,3,1,4,0,0
172,14,10,4,1,4,0,0
353,270,15,24,1,4,0,1
343,305,12,13,1,4,1,1
366,260,12,22,1,5,0,1
364,281,17,22,1,4,1,1
370,275,12,18,1,4,0,1
377,256,14,22,1,5,0,1
381,250,11,19,1,4,0,1
384,243,11,18,1,4,0,1
395,226,3,8,1,10,0,0
395,221,5,10,1,10,0,1
397,206,7,19,1,5,0,1
402,191,4,14,1,5,0,1
400,198,5,16,1,4,0,1
403,181,3,16,1,5,0,1
403,173,3,13,1,5,0,1
404,167,3,13,1,5,0,1
404,147,2,11,1,4,1,0
404,158,3,13,0,11,0,0
399,121,3,7,1,4,1,1
395,112,4,11,0,11,0,1
369,229,10,23,1,5,0,1
379,212,11,36,1,9,0,1
387,199,5,18,1,5,0,1
388,147,7,44,1,9,0,0
388,118,11,39,1,9,0,0
383,90,13,28,1,9,0,0
390,114,4,12,1,5,0,1
385,90,5,10,1,5,0,1
384,85,4,7,1,4,0,0
373,67,4,6,1,4,0,0
382,93,5,9,1,4,0,0
367,61,6,8,1,5,1,0
350,47,6,7,1,5,1,0
358,67,7,10,1,5,0,0
357,61,6,8,1,4,0,0
381,165,4,19,1,4,0,0
332,182,12,32,1,5,0,1
365,115,8,18,1,5,0,0
344,53,14,18,1,6,0,1
343,66,8,11,1,4,0,0
303,50,30,46,1,9,0,0
310,39,10,9,1,9,0,0
327,37,7,7,1,4,0,0
96,118,22,28,1,4,0,0
