5,136,6,13,1,5,0,0
19,107,11,19,1,4,0,0
73,55,6,7,1,2,0,1
73,56,6,6,1,10,0,2
203,363,20,5,1,1,0,0
144,344,32,24,1,7,0,2
154,328,82,23,1,7,0,1
280,313,18,18,1,2,0,2
278,310,21,26,1,10,0,2
348,198,8,18,1,2,0,1
348,200,7,22,1,10,0,2
311,132,13,25,1,2,0,2
311,135,13,26,1,10,0,2
245,82,11,18,1,1,0,1
248,81,14,17,1,1,0,2
277,84,19,21,1,2,0,2
281,84,15,24,1,10,0,2
282,73,17,17,1,2,0,2
285,76,12,13,1,3,0,2
329,84,24,30,1,4,0,1
356,142,16,36,1,8,0,2
346,318,10,12,1,2,0,2
373,298,25,31,1,4,1,0
351,317,26,29,1,5,1,0
361,291,28,40,1,5,0,0
387,280,9,13,1,3,0,1
394,284,6,12,1,1,0,1
403,204,4,16,1,10,0,0
400,173,3,14,1,10,0,1
391,206,10,36,1,4,0,2
389,194,6,23,1,7,0,1
381,208,13,45,1,8,0,1
389,136,13,25,1,8,0,1
378,118,17,26,1,4,0,1
375,112,12,17,1,7,0,2
379,131,8,12,1,10,0,2
370,108,4,7,1,2,0,1
369,106,8,16,1,1,0,1
366,104,5,12,1,1,0,2
366,106,7,11,1,10,0,2
363,106,5,10,1,1,0,2
343,79,12,17,1,8,0,2
341,74,10,11,1,10,0,2
368,94,6,11,1,10,0,1
371,98,6,11,1,1,0,2
365,94,6,9,1,2,0,2
359,86,8,12,1,1,0,1
361,90,6,10,1,2,0,2
362,89,9,12,1,10,0,1
362,93,6,9,1,2,0,2
364,95,6,9,1,2,0,2
326,58,21,22,1,4,0,1
314,46,22,19,1,4,0,0
365,86,8,11,1,7,0,2
365,84,8,10,1,10,0,1
354,72,10,11,1,10,0,2
371,84,6,10,1,1,0,1
354,63,9,9,1,10,0,0
346,56,9,9,1,10,0,2
335,50,22,20,1,5,0,1
304,35,26,18,1,4,0,0
269,26,18,11,1,4,0,0
275,47,19,18,1,7,0,2
260,47,22,20,1,8,0,1
291,47,10,10,1,10,0,2
290,45,11,10,1,1,0,2
239,19,10,6,1,10,0,0
225,16,11,3,1,10,0,1
268,22,15,8,1,8,0,1
265,19,7,4,1,2,0,1
267,16,13,7,1,8,0,0
316,38,11,7,1,10,0,0
269,14,9,5,1,7,0,1
282,15,12,7,1,4,0,0
296,23,11,7,1,8,0,0
297,20,11,8,1,8,0,0
311,33,18,12,1,8,0,1
333,46,10,8,1,10,0,1
318,34,6,5,1,1,0,1
341,48,13,12,1,7,0,1
322,37,6,5,1,1,0,2
318,31,6,6,1,1,0,1
308,28,7,6,1,1,0,2
307,27,15,9,1,8,0,2
301,22,8,4,1,10,0,1
308,25,8,4,1,10,0,2
292,17,5,3,1,2,0,2
276,11,5,4,1,2,0,2
294,18,8,5,1,7,0,1
292,17,6,4,1,10,0,2
277,12,4,3,1,10,0,1
270,13,9,5,1,7,0,2
270,11,10,5,1,7,0,2
265,9,8,5,1,8,0,0
264,12,12,4,1,7,0,1
270,9,8,5,1,8,0,1
268,8,8,4,1,8,0,2
299,17,9,6,1,8,0,1
285,12,5,3,1,2,0,1
286,13,5,3,1,10,0,1
234,4,19,7,1,4,0,2
236,2,19,5,1,5,0,0
246,2,18,6,1,5,0,2
250,7,10,4,1,7,0,1
327,28,12,9,1,4,0,2
299,15,7,5,1,8,1,0
