73,158,19,58,1,4,0,0
131,167,67,38,1,4,0,0
126,212,72,42,1,4,0,0
124,252,66,37,1,4,0,0
245,143,60,37,1,4,0,0
272,115,47,35,1,4,0,0
136,122,72,38,1,4,0,1
154,91,62,34,1,4,0,0
153,74,62,26,1,4,0,1
125,280,60,27,1,4,0,1
17,234,12,21,1,4,0,1
27,110,16,23,1,4,0,2
21,135,13,19,1,4,0,0
19,153,11,20,1,4,0,0
31,286,21,24,1,4,0,0
191,11,33,7,1,4,0,0
182,27,46,12,1,4,0,0
184,39,41,12,1,4,0,0
280,232,48,38,1,4,0,0
269,260,51,38,1,4,0,0
258,292,51,29,1,4,0,0
155,350,43,10,1,4,0,0
193,318,51,17,1,5,0,0
210,297,51,22,1,4,0,0
265,11,27,13,1,5,0,1
286,72,42,34,1,4,0,0
286,63,40,28,1,4,0,1
101,289,87,47,1,6,0,0
135,331,65,20,1,6,0,0
235,5,26,13,1,4,0,0
204,0,29,7,1,4,0,0
82,22,19,16,1,4,0,0
65,32,16,16,1,4,0,0
169,6,20,11,1,4,0,0
131,38,9,9,1,1,0,0
137,36,8,8,1,1,0,0
170,31,6,6,1,1,0,0
173,30,7,7,1,1,0,0
177,14,8,5,1,1,0,0
165,12,6,4,1,1,0,0
197,6,5,4,1,1,0,0
186,64,27,10,1,10,0,0
263,8,28,12,1,4,0,1
268,16,33,17,1,4,0,1
270,20,33,19,1,4,0,0
275,32,38,23,1,4,0,1
275,39,38,24,1,4,0,1
281,50,41,27,1,4,0,1
307,31,7,6,1,1,0,0
310,33,7,6,1,1,0,0
328,85,7,12,1,1,0,0
323,81,8,12,1,1,0,0
347,171,4,14,1,1,0,0
324,165,6,22,1,10,0,0
346,239,7,16,1,10,0,0
317,287,10,13,1,10,0,2
316,283,8,9,1,1,0,0
311,295,7,9,1,1,0,0
323,289,7,10,1,1,0,0
306,304,7,7,1,1,0,0
310,304,9,9,1,1,0,0
291,335,8,5,1,1,0,0
254,347,10,7,1,10,0,0
263,329,26,13,1,7,0,1
