402,204,2,7,1,4,0,0
398,202,3,7,1,4,0,0
363,230,8,11,1,4,0,0
308,255,35,28,1,9,0,0
330,248,13,14,1,4,0,0
241,267,55,29,1,9,0,1
178,312,16,26,1,9,0,0
79,277,41,35,1,9,0,0
75,272,14,13,1,4,0,1
96,272,19,15,1,4,0,0
90,251,47,29,1,9,0,1
104,242,29,20,1,6,0,1
91,238,15,12,1,4,0,1
70,231,14,14,1,4,0,0
89,213,13,13,1,4,0,0
28,221,10,15,1,6,0,0
30,214,5,9,1,4,0,0
35,215,9,11,1,6,0,1
43,217,8,11,1,5,0,1
39,247,8,11,1,4,0,0
215,193,11,21,1,4,0,0
230,192,11,18,1,4,0,0
214,169,11,19,1,4,0,0
228,168,12,19,1,4,0,0
228,138,13,27,1,9,0,1
1,197,3,9,1,5,0,2
37,116,5,9,1,4,0,0
29,91,10,17,1,9,0,0
40,85,10,15,1,9,0,1
43,81,11,18,1,9,0,2
32,86,4,6,1,4,0,1
33,84,5,6,1,4,0,1
35,79,6,8,1,6,0,1
39,79,4,5,1,4,0,1
41,74,8,8,1,6,0,0
47,73,5,6,1,4,0,0
33,119,5,9,1,4,0,0
37,112,4,8,1,4,0,0
40,106,4,8,1,4,0,1
361,87,4,6,1,4,0,0
362,82,4,5,1,4,0,0
362,80,3,4,1,4,0,0
359,71,4,5,1,4,0,1
344,43,5,7,1,9,0,0
343,44,4,4,1,4,0,1
363,57,16,23,0,0,0,0
12,221,3,7,1,4,0,0
2,194,2,5,0,0,0,0
