63,240,77,96,1,4,0,0
59,104,43,109,1,4,0,0
83,36,60,68,1,4,0,0
115,9,37,25,1,4,0,0
90,326,55,49,1,6,0,0
37,276,47,65,1,5,0,0
78,349,15,11,1,1,0,0
43,307,15,21,1,10,0,0
32,191,10,26,1,10,0,0
63,65,23,20,1,3,0,1
38,133,16,19,1,3,0,0
23,172,5,11,1,1,0,1
145,365,39,21,1,4,1,0
192,374,34,13,1,4,1,0
322,264,46,70,1,4,0,0
357,249,33,47,1,4,0,1
368,218,27,43,1,4,0,1
373,185,22,40,1,4,0,1
371,142,22,38,1,4,0,1
358,109,31,45,1,4,0,1
335,62,39,41,1,4,0,1
319,42,42,38,1,4,0,1
293,29,40,39,1,4,0,0
326,74,40,70,1,4,0,0
355,163,18,74,1,5,0,0
392,122,11,25,1,4,1,0
387,104,11,24,1,4,1,0
366,70,22,29,1,4,1,0
358,58,24,28,1,4,1,1
299,19,30,18,1,4,1,1
370,92,8,15,1,1,0,1
263,12,12,7,1,2,0,1
263,11,14,11,1,10,0,1
262,343,30,23,1,10,0,0
268,326,63,53,1,6,1,0
74,69,15,18,1,1,0,0
43,121,15,18,1,3,0,0
51,95,21,23,1,3,0,0
58,76,22,22,1,10,0,0
52,91,19,19,1,3,0,1
46,106,18,20,1,3,0,1
345,329,10,11,1,2,0,1
342,326,14,17,1,3,0,1
317,342,10,8,1,1,0,0
263,374,11,5,1,1,0,0
301,358,12,8,1,1,0,0
316,351,10,7,1,1,0,1
307,355,8,6,1,1,0,0
312,354,9,7,1,1,0,1
373,304,7,10,1,1,1,1
404,205,2,8,1,1,0,1
405,206,2,7,1,1,1,0
