96,123,32,63,1,4,0,0
111,217,49,70,1,4,0,0
137,295,41,36,1,4,0,0
90,74,33,44,1,4,0,0
127,60,37,43,1,4,0,0
162,184,49,74,1,4,0,0
39,284,6,8,1,1,0,0
30,248,6,10,1,1,0,0
25,259,5,9,1,1,0,0
36,293,6,8,1,1,0,0
28,273,5,7,1,1,0,0
25,270,4,7,1,1,0,0
27,284,5,7,1,1,0,0
24,279,4,7,1,1,0,0
14,256,4,7,1,1,0,0
14,250,3,7,1,1,0,0
377,264,5,9,1,1,0,0
36,150,4,12,1,1,0,0
56,84,7,12,1,1,0,0
80,39,7,8,1,1,0,0
77,43,5,6,1,1,0,0
71,45,7,8,1,1,0,0
37,65,3,4,1,1,0,0
37,63,3,5,1,1,0,1
68,48,6,7,1,1,0,1
58,82,5,9,1,1,0,1
37,150,2,6,1,2,0,2
37,148,4,10,0,11,0,2
21,275,4,6,1,1,0,1
199,0,30,4,1,4,1,0
307,22,23,14,1,4,1,0
347,68,7,11,1,1,0,0
381,183,3,14,1,1,0,1
384,182,2,15,1,1,0,1
385,186,3,14,1,1,0,1
