13,260,22,33,1,4,0,1
6,245,21,34,1,4,0,2
4,236,18,29,1,4,0,2
27,262,29,35,1,4,0,0
22,248,22,32,1,4,0,1
20,238,19,27,1,4,0,1
19,227,18,25,1,4,0,1
319,324,39,34,1,4,0,1
342,300,31,35,1,4,0,1
219,351,13,11,1,1,0,0
197,345,7,11,1,1,0,0
224,341,13,12,1,1,0,0
184,329,21,16,1,3,0,1
210,319,29,18,1,10,0,1
184,309,35,17,1,10,0,1
85,303,16,19,1,1,0,1
83,249,12,25,1,1,0,0
91,250,15,25,1,1,0,1
89,216,8,23,1,1,0,0
79,206,6,22,1,1,0,0
74,206,6,22,1,1,0,0
74,197,4,17,1,1,0,1
72,196,4,17,1,1,0,1
300,238,51,52,1,4,0,0
153,174,53,55,1,5,0,0
227,148,26,24,1,10,0,1
321,323,38,34,1,5,0,1
405,181,2,9,1,4,1,0
249,324,31,20,1,3,1,1
136,128,32,21,1,4,0,1
321,143,25,23,1,4,0,0
69,77,16,15,0,0,0,0
60,80,12,12,0,0,0,0
53,85,8,9,0,0,0,0
42,86,8,11,0,0,0,0
367,117,7,12,0,0,0,0
340,107,13,15,0,0,0,0
7,143,2,5,1,4,0,0
5,148,2,5,1,4,0,1
8,146,3,6,1,4,0,0
8,139,3,6,0,0,0,0
403,173,2,10,1,1,0,0
404,177,1,6,1,1,0,0
406,173,0,8,1,1,0,0
406,175,1,8,1,1,0,1
400,147,4,8,1,4,0,0
235,150,15,19,1,2,0,1
192,330,12,13,1,1,0,1
254,327,20,15,1,2,0,0
215,319,17,18,1,2,0,0
193,309,16,17,1,2,0,1
