37,304,8,10,1,1,0,1
20,261,26,48,1,4,0,1
38,50,23,26,1,4,0,1
60,33,27,25,1,4,0,1
30,59,19,23,1,5,0,1
74,25,27,23,1,5,0,1
23,64,17,25,1,4,1,1
7,107,17,36,1,4,0,1
10,103,20,44,1,4,0,1
137,10,36,20,1,4,0,0
126,45,14,13,1,1,0,0
73,60,12,13,1,1,0,1
70,67,10,13,1,1,0,1
68,71,11,12,1,1,0,1
102,28,11,8,1,1,0,0
89,36,12,10,1,1,0,0
93,32,12,10,1,1,0,0
103,24,11,8,1,1,0,0
119,15,8,6,1,1,0,0
123,19,9,7,1,1,0,0
74,47,11,10,1,1,0,1
78,42,10,9,1,1,0,1
87,36,10,9,1,1,0,1
119,20,10,7,1,1,0,1
139,11,7,4,1,2,0,0
98,26,11,9,1,1,0,1
106,20,10,7,1,1,0,1
229,138,15,28,1,1,0,0
215,76,17,13,1,2,0,1
87,94,12,13,1,2,0,1
211,75,27,23,1,3,0,1
297,47,12,11,1,1,0,0
288,47,14,11,1,1,0,0
285,43,13,11,1,1,0,1
344,113,9,16,1,1,0,0
341,95,28,56,1,4,0,0
320,52,30,39,1,4,0,1
303,29,27,25,1,4,0,2
306,23,9,8,1,1,0,1
291,16,24,17,1,4,1,1
369,95,8,11,1,10,0,1
390,194,4,13,1,3,0,0
352,285,30,36,1,4,0,1
378,284,6,9,1,1,0,0
343,317,8,8,1,1,0,0
327,326,9,9,1,1,0,0
333,274,12,17,1,1,0,0
308,343,10,8,1,2,0,1
308,331,14,11,1,2,0,1
307,328,14,16,1,3,0,1
307,341,13,12,1,3,0,1
376,190,3,22,1,3,0,1
330,231,11,32,1,3,0,1
332,236,10,17,1,2,0,1
377,192,4,11,1,2,0,1
388,217,4,9,1,1,0,0
373,273,8,12,1,3,0,0
374,264,9,13,1,10,0,0
380,250,8,13,1,10,0,0
384,232,7,14,1,3,0,0
363,313,9,10,1,1,0,0
236,345,16,8,1,1,0,0
336,233,34,67,1,4,0,0
360,161,12,56,1,5,0,0
384,249,6,14,1,3,0,0
388,242,6,17,1,3,0,0
381,248,4,8,1,1,0,0
386,223,5,11,1,3,0,0
389,242,7,19,0,0,0,0
365,306,8,12,1,3,0,0
189,368,81,19,1,6,1,0
56,329,9,11,1,2,0,1
54,327,17,16,1,10,0,1
58,56,9,11,1,1,0,1
68,47,10,10,1,1,0,1
65,50,8,8,1,1,0,2
