370,265,16,30,1,1,0,1
377,248,13,32,1,1,0,1
119,69,21,29,1,1,0,0
123,54,37,33,1,8,0,1
240,58,30,30,1,7,0,0
217,50,24,24,1,8,0,0
162,38,47,14,1,7,0,1
188,37,13,9,1,2,0,1
210,32,12,8,1,1,0,0
209,34,16,6,1,7,0,1
154,33,28,13,1,7,0,1
134,44,10,8,1,2,0,1
65,65,39,35,1,4,0,1
67,150,29,57,1,7,0,1
296,97,74,68,1,6,0,0
301,96,44,35,1,7,0,1
318,74,14,24,1,1,0,1
227,23,33,9,1,7,0,0
235,23,8,5,1,2,0,0
184,21,6,6,1,1,0,0
209,20,8,4,1,2,0,0
206,22,15,4,1,3,0,0
133,21,8,6,1,8,0,1
124,26,10,7,1,7,0,1
133,30,7,5,1,2,0,1
136,28,5,5,1,1,0,1
126,30,14,9,1,7,0,1
188,19,37,6,1,6,0,1
136,11,24,14,0,0,0,0
96,30,28,19,0,0,0,0
278,246,63,78,1,8,0,0
291,204,45,76,1,7,0,1
365,255,20,35,1,10,0,1
91,49,30,21,1,7,0,1
