114,300,69,35,1,4,0,0
60,285,44,40,1,4,0,0
336,246,32,44,1,4,0,0
283,204,52,58,1,4,0,0
345,151,17,40,1,4,0,0
377,174,6,29,1,4,0,0
361,132,13,36,1,4,0,0
358,111,12,26,1,4,0,0
353,92,12,21,1,4,0,0
353,74,8,11,1,4,0,0
182,86,34,38,1,4,0,0
26,86,11,17,1,4,0,1
32,85,10,14,1,4,0,1
35,83,12,15,1,4,0,1
38,80,14,18,1,4,0,1
47,72,20,22,1,4,0,0
35,98,5,10,1,1,0,0
30,101,4,8,1,1,0,0
30,104,4,9,1,1,0,1
27,106,4,7,1,1,0,1
35,97,4,7,1,1,0,0
70,76,6,8,1,1,0,0
9,119,5,10,1,4,0,1
10,122,4,9,1,4,0,1
12,119,5,10,1,4,0,1
16,113,6,12,1,4,0,1
16,111,11,20,1,4,0,1
19,110,11,20,1,4,0,1
24,108,10,19,1,4,0,1
26,106,12,23,1,4,0,1
29,103,15,27,1,4,0,1
34,101,17,26,1,4,0,1
40,98,17,25,1,4,0,1
49,97,19,24,1,4,0,1
58,93,22,28,1,4,0,1
63,91,25,34,1,4,0,1
11,137,6,11,1,4,0,1
18,136,9,14,1,4,0,1
11,242,9,18,1,4,0,1
12,267,18,31,1,4,0,1
26,290,27,34,1,4,0,1
26,299,27,34,1,4,0,1
79,90,27,35,1,4,0,1
96,85,34,43,1,4,0,1
108,54,24,22,1,4,0,0
118,84,37,39,1,4,0,0
150,88,31,35,1,4,0,0
253,102,54,38,1,4,0,0
131,45,33,19,1,4,0,0
175,32,30,13,1,4,0,0
148,40,32,15,1,4,0,1
160,61,8,10,1,1,0,0
147,70,10,13,1,1,0,0
246,8,3,2,1,1,0,0
252,5,3,1,1,1,0,0
264,10,8,5,1,4,0,1
255,14,15,6,1,4,0,1
248,13,13,6,1,5,0,0
273,24,5,4,1,1,0,0
270,25,5,4,1,1,0,0
265,23,5,4,1,1,0,0
228,12,3,2,1,1,0,0
224,11,2,2,1,1,0,0
234,15,9,3,1,10,0,0
224,18,9,3,1,10,0,0
221,19,9,3,1,10,0,0
214,23,9,3,1,10,0,0
217,27,2,2,1,1,0,0
214,29,2,2,1,1,0,0
201,30,8,3,1,10,0,1
250,87,53,35,1,4,0,1
261,76,49,36,1,4,0,1
263,68,42,24,1,4,0,1
268,63,42,25,1,4,0,1
278,57,35,25,1,4,0,1
276,51,30,21,1,4,0,1
287,172,7,22,1,1,0,0
331,131,5,16,1,1,0,0
339,137,7,15,1,10,0,1
340,137,4,7,1,2,0,0
371,118,9,20,1,4,0,1
277,48,32,19,1,4,0,1
280,45,28,16,1,4,0,1
279,41,27,16,1,4,0,1
281,39,26,16,1,4,0,1
280,36,25,14,1,4,0,1
280,33,26,15,1,4,0,1
284,32,23,14,1,4,0,1
284,31,20,11,1,4,0,1
284,29,18,10,1,4,0,1
285,28,20,11,1,4,0,1
286,26,19,12,1,4,0,1
288,26,18,10,1,4,0,1
289,25,19,11,1,4,0,1
289,24,17,9,1,5,0,1
292,24,14,9,1,4,0,1
291,23,15,8,1,4,0,1
292,22,12,7,1,4,0,1
292,21,14,8,1,4,0,1
292,20,14,8,1,4,0,1
292,19,12,7,1,4,0,1
292,18,14,8,1,4,0,1
293,18,12,6,1,4,0,1
293,17,12,6,1,4,0,1
316,30,8,6,1,4,0,1
318,34,7,6,1,4,0,1
316,27,6,5,1,4,0,1
316,29,6,4,1,4,0,1
279,12,11,5,1,4,0,0
324,33,7,5,1,4,0,0
265,9,8,4,1,4,0,0
289,15,2,2,1,1,1,0
291,16,2,1,1,1,1,0
288,17,3,2,1,1,0,0
289,17,3,2,1,1,0,0
283,15,2,1,1,1,0,0
287,17,2,1,1,1,0,0
273,12,3,2,1,1,0,0
284,18,3,3,1,1,0,0
285,21,4,2,1,1,0,0
283,20,3,2,1,1,0,0
326,45,5,5,1,1,0,0
334,42,7,6,1,4,0,0
337,40,5,4,1,4,0,1
338,42,6,5,1,4,0,1
341,45,5,5,1,4,0,1
342,47,6,6,1,4,0,1
343,49,7,7,1,4,0,1
345,52,7,8,1,4,0,1
349,57,7,8,1,4,0,1
351,62,8,9,1,4,0,1
355,68,9,11,1,4,0,1
359,76,7,9,1,4,0,1
362,80,9,15,1,4,0,1
363,71,5,7,1,1,0,0
367,78,3,6,1,1,0,0
367,75,3,5,1,1,0,0
371,83,3,5,1,1,0,0
373,85,2,5,1,1,0,0
370,85,4,6,1,1,0,0
372,87,3,6,1,1,0,0
390,132,3,9,1,1,0,0
397,196,0,7,1,1,0,0
399,191,1,6,1,10,0,0
393,118,4,8,1,4,0,1
370,68,2,2,1,1,0,0
371,69,2,3,1,1,0,0
373,71,2,3,1,1,0,0
361,58,3,3,1,1,0,0
361,58,2,2,1,1,0,0
353,51,4,5,1,9,1,0
355,54,4,5,1,4,0,1
378,83,3,5,1,4,0,1
384,95,2,4,1,4,0,1
382,91,3,5,1,4,0,1
405,207,1,6,1,1,0,1
405,208,1,5,1,1,0,1
406,209,0,4,1,1,0,1
