120,357,24,18,1,1,0,0
94,328,27,23,1,1,0,0
45,301,85,75,1,4,1,0
61,214,96,118,1,4,0,0
286,256,74,90,1,4,0,0
342,185,32,80,1,4,0,0
390,174,9,51,1,5,0,0
354,125,23,56,1,4,0,0
153,96,97,99,1,4,0,1
244,153,25,55,1,1,0,0
308,98,48,80,1,4,0,0
226,50,63,51,1,4,0,0
251,39,48,34,1,4,0,1
397,144,5,18,1,1,0,1
347,94,26,44,1,4,0,0
314,72,43,57,1,4,0,1
343,73,22,30,1,4,0,0
318,58,31,35,1,4,0,0
264,32,37,25,1,4,0,1
277,30,28,18,1,4,0,1
375,104,15,30,1,4,0,1
367,87,15,24,1,4,0,1
361,75,13,18,1,4,0,0
338,55,17,18,1,4,0,0
285,22,21,14,1,5,0,0
293,24,15,10,1,4,0,2
357,67,11,13,1,4,0,1
321,34,12,10,1,4,0,1
349,53,9,10,1,4,0,1
326,39,14,12,1,4,0,0
331,40,12,11,1,4,0,0
319,32,11,9,1,4,0,1
324,34,14,11,1,4,0,1
300,21,12,8,1,4,0,0
335,39,12,11,1,4,0,1
280,16,25,13,1,4,0,1
261,9,17,9,1,4,0,2
353,58,12,16,1,4,0,1
