224,277,103,82,1,5,0,0
289,311,72,58,1,4,0,0
345,272,47,62,1,4,0,0
6,147,15,36,1,4,0,0
20,109,21,33,1,4,0,0
64,61,42,36,1,4,0,0
144,32,42,21,1,4,0,0
111,32,34,20,1,4,0,0
190,25,36,9,1,4,0,0
205,13,25,7,1,4,0,0
246,16,22,9,1,4,0,0
251,12,20,8,1,4,0,0
279,19,16,8,1,4,0,0
302,24,11,7,1,4,0,0
308,25,9,7,1,4,0,0
361,89,20,26,1,4,0,1
336,171,38,52,1,4,0,1
346,138,33,44,1,4,0,1
352,114,29,40,1,4,0,1
359,107,26,37,1,4,0,2
382,117,10,22,1,4,0,1
285,77,50,47,1,4,0,1
330,65,20,19,1,4,0,1
319,65,25,29,1,4,0,2
205,18,31,8,1,4,0,2
218,21,30,11,1,4,0,1
136,26,41,20,1,4,0,1
361,84,20,24,1,4,0,1
358,76,19,21,1,4,0,1
360,72,14,16,1,4,0,1
334,61,18,19,1,4,0,2
362,76,14,17,1,4,0,2
342,56,13,14,1,4,0,2
347,58,9,10,1,4,0,2
361,71,14,17,1,4,0,2
360,68,14,17,1,4,0,2
359,66,14,16,1,4,0,2
360,66,15,17,1,4,0,2
358,63,15,17,1,4,0,2
360,64,13,14,1,4,0,2
360,64,13,14,1,4,0,2
359,57,13,16,0,0,0,0
347,50,9,10,0,0,0,0
346,51,9,11,0,0,0,0
243,373,19,10,1,1,0,1
248,377,16,6,1,1,1,0
266,372,15,7,1,1,1,0
379,101,6,11,1,2,0,1
368,66,3,4,1,2,0,1
373,77,5,8,1,1,0,0
374,78,4,7,1,1,0,0
370,69,3,4,1,1,0,0
371,69,3,4,1,1,0,0
370,69,3,3,1,1,0,2
369,67,2,4,1,3,0,2
380,103,5,10,1,3,0,2
374,76,3,5,1,3,0,0
386,112,6,13,1,3,0,1
382,102,6,10,1,10,0,0
373,74,3,4,1,10,0,0
