13,269,67,85,1,5,0,0
31,216,74,102,1,4,0,0
67,156,59,101,1,4,0,1
54,126,15,36,1,1,0,1
69,120,15,31,1,1,0,1
158,67,15,28,1,1,0,0
194,61,90,46,1,4,0,0
172,62,34,14,1,10,0,1
78,78,14,22,1,1,0,1
93,64,26,20,1,10,0,0
309,59,34,32,1,4,0,0
318,56,25,24,1,4,0,1
365,77,10,13,1,4,0,0
382,113,11,24,1,4,0,0
270,36,32,23,1,5,0,1
300,46,11,14,1,1,0,0
169,33,18,7,1,10,0,1
379,93,8,14,1,4,0,0
396,125,4,13,1,1,0,0
387,104,8,17,1,4,0,0
384,98,7,12,1,5,0,1
378,86,7,11,1,5,0,0
375,86,5,10,1,10,0,1
363,67,7,9,1,4,0,0
363,64,5,6,1,4,0,0
358,58,4,4,1,4,0,0
336,51,12,13,1,4,0,2
324,51,19,18,1,4,0,2
327,57,8,10,1,1,0,2
387,99,6,12,1,4,0,0
384,94,6,11,1,4,0,1
381,90,6,9,1,4,0,1
378,85,6,9,1,4,0,1
376,81,6,8,1,4,0,1
376,83,6,9,1,4,0,1
374,78,5,7,1,4,0,1
373,76,5,6,1,4,0,1
370,72,6,8,1,4,0,1
363,62,10,13,0,0,0,0
361,60,4,5,1,5,0,1
374,75,4,6,1,4,0,1
372,72,4,5,1,4,0,1
371,70,4,6,1,4,0,1
338,51,9,8,1,4,0,1
338,47,7,7,1,4,0,0
339,47,6,6,1,4,0,0
330,35,19,19,0,0,0,0
352,50,9,9,0,0,0,0
370,69,3,3,1,1,0,0
183,40,16,8,1,10,0,1
37,197,9,34,1,1,0,2
14,261,14,26,1,1,0,1
225,23,10,7,1,1,0,1
375,87,4,7,1,2,0,1
