10,133,9,22,1,9,0,0
0,180,4,22,1,9,0,1
257,329,23,19,1,6,0,2
379,249,17,30,1,9,0,2
384,249,14,25,1,9,1,1
387,244,12,24,1,9,1,1
393,243,6,15,1,9,1,2
375,280,9,13,1,9,1,1
397,230,5,14,1,9,1,0
291,269,28,30,1,6,0,1
405,189,0,5,1,1,0,0
404,193,0,3,1,1,0,1
401,193,1,4,1,1,0,0
398,199,1,3,1,1,0,0
398,199,1,4,1,1,0,0
400,198,1,4,1,1,0,0
400,199,1,4,1,1,0,0
402,195,0,4,1,1,0,1
402,196,1,4,1,1,0,1
361,167,9,11,1,5,0,1
358,161,9,11,1,5,0,1
356,153,9,13,1,5,0,1
346,139,12,14,1,5,0,1
309,92,18,16,1,5,0,1
301,86,19,13,1,5,0,1
298,81,15,12,1,4,0,1
290,74,16,11,1,4,0,1
279,66,21,13,1,5,0,1
276,63,18,11,1,5,0,1
266,55,19,10,1,5,0,0
224,66,14,9,1,4,0,1
261,53,16,8,1,4,0,1
257,51,15,7,1,4,0,1
253,47,18,8,1,5,0,1
246,43,19,8,1,5,0,1
235,38,13,6,1,5,0,1
227,33,11,6,1,5,0,1
213,27,10,4,1,5,0,1
206,25,10,3,1,5,0,1
221,32,9,3,1,4,0,1
206,15,12,3,1,5,0,2
230,24,10,3,1,4,0,2
232,25,11,4,1,4,0,2
232,26,14,4,1,4,0,2
238,27,14,6,1,5,0,2
241,29,17,6,1,5,0,2
244,30,16,7,1,5,0,2
249,32,17,7,1,5,0,2
251,34,14,7,1,4,0,2
259,38,16,8,1,5,0,2
189,36,10,4,1,4,0,0
182,32,9,4,1,4,0,1
174,29,11,5,1,4,0,2
195,2,7,2,0,0,0,0
203,4,6,1,1,5,0,1
204,6,5,2,1,4,0,1
191,6,14,2,1,9,0,1
194,7,15,2,1,9,0,1
166,14,5,2,1,4,0,0
147,14,11,5,1,9,0,1
139,14,6,5,1,9,0,0
131,21,9,4,1,4,0,0
141,20,8,3,1,5,0,1
146,12,7,2,0,0,0,0
153,11,2,1,0,0,0,0
17,264,3,5,1,10,0,1
17,264,2,4,1,2,0,1
16,241,9,21,1,9,0,0
7,223,4,9,1,4,0,0
58,257,10,17,1,4,0,0
8,202,2,8,1,4,0,0
13,202,3,9,1,4,0,0
18,220,5,12,1,4,0,0
21,213,5,12,1,4,0,0
34,200,4,13,1,4,0,0
21,173,3,10,1,4,0,0
31,144,4,9,1,4,0,0
41,176,8,38,1,9,0,0
48,158,6,40,1,9,0,0
28,133,3,7,1,4,0,0
25,128,4,7,1,4,0,0
5,163,1,4,1,1,0,1
8,155,1,3,1,1,0,0
10,149,1,3,1,1,0,0
4,174,0,3,1,1,0,0
3,175,1,3,1,1,0,1
3,178,0,3,0,0,0,0
3,179,0,3,0,0,0,0
76,86,16,31,1,9,0,0
80,69,16,25,1,9,0,1
45,92,5,8,1,9,0,0
38,99,4,5,1,5,0,0
56,80,5,8,1,5,0,0
32,111,3,5,1,4,0,0
36,113,4,7,1,4,0,1
42,104,6,8,1,4,0,0
47,100,5,9,1,4,0,0
55,100,5,7,1,4,0,0
115,18,4,2,1,4,0,0
104,20,8,6,1,9,0,0
111,17,2,1,1,4,0,0
99,25,3,2,1,4,0,0
102,23,3,2,1,4,0,0
115,21,3,3,1,5,0,0
104,27,4,3,1,5,0,0
101,30,4,4,1,4,0,0
81,53,5,6,1,4,0,1
64,72,5,6,1,4,0,2
79,50,5,5,1,4,0,0
64,64,5,5,1,4,0,0
54,73,4,4,1,5,0,0
61,61,5,5,1,5,0,0
68,53,5,5,1,5,0,0
78,48,5,4,1,5,0,0
76,47,4,3,1,4,0,0
88,38,4,3,1,4,0,0
82,41,3,3,1,4,0,0
80,41,3,3,1,4,0,0
93,30,2,2,1,4,0,0
88,34,3,2,1,4,0,1
86,36,3,3,1,4,0,0
96,31,4,3,1,4,0,0
