62,71,12,14,1,1,0,0
58,67,12,14,1,1,0,0
167,85,15,20,1,1,0,0
139,77,12,18,1,1,0,0
151,72,16,17,1,1,0,0
42,75,9,11,1,3,0,1
44,77,8,11,1,2,0,1
33,95,7,11,1,2,0,0
38,160,6,15,1,2,0,1
37,167,6,18,1,1,0,0
42,178,6,19,1,1,0,0
49,173,6,22,1,1,0,0
48,159,6,17,1,1,0,1
14,200,3,11,1,1,0,1
17,197,2,12,1,1,0,1
18,201,3,15,1,1,0,0
17,209,4,13,1,1,0,0
64,315,16,15,1,1,0,1
71,317,14,15,1,1,0,1
64,299,20,20,1,10,0,2
88,342,20,12,1,3,0,2
76,347,10,8,1,1,0,0
142,316,20,17,1,2,0,1
108,108,16,23,1,1,0,0
146,112,18,30,1,1,0,0
189,110,18,27,1,1,0,1
182,35,17,9,1,3,0,2
201,27,8,6,1,10,0,2
206,24,11,3,1,7,0,2
262,37,21,10,1,7,0,2
268,49,14,16,1,1,0,1
229,16,12,7,1,1,0,2
287,33,9,10,1,1,0,2
293,38,11,11,1,1,0,2
321,63,9,12,1,1,0,1
352,78,8,12,1,1,0,2
355,83,8,12,1,1,0,2
351,89,8,14,1,1,0,1
372,164,3,13,1,2,0,2
349,252,16,30,1,3,0,2
369,75,7,11,1,1,0,2
362,58,5,7,1,1,0,2
385,111,5,11,1,2,0,2
383,107,4,10,1,2,0,2
394,155,3,12,1,1,0,1
397,164,3,12,1,1,0,0
390,151,4,16,1,1,0,2
395,169,3,14,1,1,0,2
392,174,4,13,1,3,0,2
401,152,2,10,1,2,0,2
399,147,3,10,1,2,0,2
384,199,3,12,1,1,0,1
385,194,2,13,1,1,0,2
390,231,5,13,1,1,0,0
399,206,2,13,1,1,0,1
375,262,7,13,1,1,0,1
378,255,5,9,1,1,0,1
385,263,4,9,1,1,0,1
387,261,6,12,1,1,0,0
380,278,6,9,1,2,0,1
380,288,6,11,1,2,0,1
361,310,9,12,1,2,0,1
355,318,8,9,1,2,0,1
373,302,7,9,1,2,0,1
378,293,7,11,1,2,0,1
230,33,13,9,1,2,0,1
