259,343,23,12,1,5,1,0
278,255,30,45,1,5,0,0
301,217,19,35,1,5,0,0
329,55,12,14,1,5,0,0
345,74,9,14,1,5,0,0
379,91,5,11,1,5,0,0
403,151,3,10,1,4,0,0
398,160,3,11,1,4,0,0
362,275,11,18,1,4,0,0
331,274,16,22,1,4,0,0
348,279,16,23,1,4,0,0
381,195,5,18,1,4,0,0
374,194,7,23,1,4,0,0
309,184,13,29,1,4,0,0
364,148,6,19,1,4,0,0
346,86,9,15,1,4,0,0
339,49,7,8,1,4,0,0
329,34,10,9,1,6,1,0
245,69,27,16,1,4,0,0
304,66,10,10,1,4,0,0
300,56,12,10,1,4,0,0
18,146,4,14,1,4,0,0
179,78,20,17,1,4,0,0
170,94,18,20,1,4,0,0
166,150,23,31,1,4,0,0
12,126,5,14,1,4,0,0
29,143,7,14,1,4,0,0
39,163,6,17,1,4,0,0
35,169,5,18,1,4,0,0
134,101,19,21,1,4,0,0
144,81,18,22,1,4,0,0
12,149,4,14,1,4,0,0
28,137,8,17,1,4,0,1
43,151,11,16,1,4,0,1
42,144,10,18,1,4,0,1
61,126,13,26,1,4,0,1
56,110,14,17,1,4,0,0
46,120,11,19,1,4,0,0
44,117,10,18,1,4,0,1
55,108,10,14,1,4,0,1
43,117,9,15,1,4,0,1
53,105,11,16,1,4,0,1
41,113,10,17,1,4,0,1
73,81,19,20,1,4,0,1
70,80,19,20,1,4,0,1
88,85,15,16,1,4,0,1
77,95,17,22,1,4,0,1
50,166,8,22,1,4,0,1
314,153,11,29,1,4,0,1
312,124,15,28,1,4,0,1
298,48,11,12,1,4,0,1
297,43,10,9,1,4,0,1
296,39,11,10,1,4,0,1
294,35,9,8,1,4,0,1
387,123,8,30,1,9,0,1
49,235,42,59,1,9,0,1
8,176,6,24,1,6,0,0
4,190,3,11,1,4,0,1
12,144,3,10,1,4,0,1
11,140,4,11,1,4,0,1
10,131,5,13,1,4,0,1
11,128,3,9,1,4,0,1
11,123,4,10,1,4,0,1
21,230,8,17,1,4,0,1
26,243,11,20,1,4,0,1
33,257,16,23,1,4,0,1
23,268,12,18,1,4,0,1
19,250,10,16,1,4,0,1
18,271,10,16,1,4,0,1
20,262,11,17,1,4,0,1
17,255,12,20,1,4,0,1
16,251,9,16,1,4,0,1
14,246,8,17,1,4,0,1
13,242,7,14,1,4,0,1
10,236,7,16,1,4,0,1
8,227,6,15,1,4,0,0
7,221,6,16,1,4,0,1
5,217,5,13,1,4,0,1
15,265,11,18,1,4,0,1
14,262,8,13,1,4,0,1
12,256,7,13,1,4,0,1
11,253,6,12,1,4,0,1
9,248,6,12,1,4,0,1
13,232,8,15,1,4,0,1
23,232,10,21,1,5,0,1
15,238,9,16,1,4,0,0
28,276,11,16,1,4,0,0
20,277,11,15,1,4,0,0
79,248,40,44,1,9,0,1
24,151,1,8,1,1,0,0
25,148,2,6,1,1,0,0
24,149,2,6,1,1,0,0
43,203,2,9,1,1,0,0
90,70,21,17,1,5,0,1
105,53,31,23,1,6,0,1
239,21,15,5,1,4,0,2
241,36,13,8,1,4,0,2
255,36,12,9,1,4,0,2
298,24,6,5,1,4,0,0
283,26,8,5,1,4,0,0
288,25,9,7,1,4,0,2
285,238,7,14,1,2,0,1
283,242,10,12,1,10,0,1
22,109,3,7,1,1,0,0
