22,85,11,16,1,4,0,1
8,118,7,17,1,5,0,1
12,114,6,15,1,5,0,1
50,270,45,46,1,4,0,0
59,153,5,15,1,2,0,0
67,150,8,17,1,2,0,0
83,173,7,18,1,2,0,0
56,205,10,16,1,10,0,0
55,197,11,11,1,10,0,1
69,308,14,13,1,10,0,0
84,322,15,12,1,10,0,0
59,294,12,13,1,10,0,0
89,342,14,10,1,10,0,0
92,346,12,9,1,3,0,0
143,368,10,6,1,10,0,0
145,369,34,18,1,4,1,0
87,67,51,38,1,4,0,0
115,40,48,26,1,4,0,0
120,11,31,14,1,4,0,1
180,9,20,10,1,4,0,0
261,8,34,14,1,4,0,0
260,13,35,14,1,4,0,1
259,16,37,16,1,4,0,0
238,29,52,21,1,4,0,1
243,37,54,25,1,4,0,0
233,51,65,30,1,4,0,0
221,64,75,35,1,4,0,0
204,83,84,39,1,4,0,0
186,113,98,43,1,4,0,1
377,296,17,25,1,8,0,1
399,266,15,30,1,4,0,1
