15,277,67,75,1,5,1,0
1,220,16,39,1,4,1,0
7,175,16,38,1,4,0,0
28,229,60,72,1,4,0,0
95,311,142,53,1,4,0,0
172,254,157,74,1,4,0,0
347,250,48,61,1,4,0,0
362,217,35,54,1,4,0,0
294,292,85,74,1,5,0,0
56,170,12,46,1,1,0,0
2,198,2,12,1,2,0,1
182,188,22,54,1,2,0,1
164,207,71,43,1,3,0,1
1,198,7,19,1,7,0,1
17,126,29,43,1,4,0,2
61,91,82,62,1,4,0,2
168,82,118,59,1,4,0,2
175,126,75,33,1,3,0,2
62,131,31,33,1,3,0,2
3,137,16,39,1,4,0,2
0,141,12,34,1,4,1,2
31,82,26,41,1,4,0,1
43,69,35,44,1,4,0,1
60,62,38,41,1,4,0,1
80,50,49,45,1,4,0,1
110,45,49,39,1,4,0,1
147,44,46,35,1,4,0,1
197,41,47,38,1,4,0,1
239,45,53,44,1,5,0,1
114,67,22,25,1,1,0,1
363,90,23,32,1,4,0,2
355,81,26,32,1,4,0,2
352,76,27,31,1,4,0,2
356,76,23,30,1,4,0,2
357,71,22,28,1,5,0,0
354,68,21,23,1,5,0,2
356,68,18,21,1,5,0,2
353,65,21,24,1,5,0,2
353,63,18,20,1,5,0,2
352,62,18,18,1,4,0,2
373,82,5,10,1,1,0,0
375,85,6,9,1,1,0,0
368,73,10,14,1,5,0,1
369,71,8,11,1,4,0,1
364,67,7,9,1,4,0,1
382,91,8,13,1,4,1,2
387,101,5,11,1,1,0,2
375,75,5,7,1,4,0,0
370,67,5,6,1,4,0,0
364,61,6,7,1,4,0,2
365,62,3,3,1,1,0,0
365,61,2,4,1,1,0,2
360,58,2,4,1,1,0,1
360,59,3,5,1,1,0,0
361,61,5,6,1,1,0,0
359,59,4,4,1,1,0,2
357,57,4,5,1,1,0,0
358,58,4,4,1,1,0,2
359,61,4,4,1,2,0,1
354,53,3,3,1,2,0,1
354,54,3,3,1,3,0,1
360,62,4,5,1,10,0,1
351,56,6,7,1,10,0,0
336,42,25,26,0,0,0,0
341,42,20,21,0,0,0,0
359,57,8,10,0,0,0,0
363,64,6,8,1,4,0,2
356,53,4,5,1,4,0,2
