394,283,6,11,1,10,0,1
396,285,3,6,1,2,0,1
412,238,6,15,1,8,0,0
413,246,5,13,1,8,0,1
417,240,3,10,1,8,1,0
413,231,8,21,1,4,0,1
418,214,5,18,1,4,0,0
420,206,4,18,1,4,0,1
421,188,3,15,1,4,0,0
421,181,3,13,1,5,0,1
421,174,3,12,1,5,0,1
413,167,3,16,1,4,0,0
413,182,3,22,1,4,0,0
398,207,10,26,1,4,0,1
389,189,11,26,1,4,0,1
375,172,10,36,1,4,0,1
361,159,16,39,1,4,0,0
342,144,23,42,1,4,0,0
317,123,32,46,1,4,0,0
286,100,40,50,1,4,0,0
250,86,48,44,1,4,0,0
156,58,51,34,1,5,0,0
136,58,45,30,1,4,0,1
100,58,40,31,1,4,0,1
41,92,8,11,1,7,0,1
43,92,4,7,1,2,0,1
42,72,15,19,1,4,0,1
16,95,19,36,1,6,0,0
36,77,10,13,1,4,0,0
43,74,3,5,1,1,0,0
23,100,3,6,1,1,0,0
37,68,9,10,1,4,0,1
40,64,9,9,1,4,0,1
393,82,6,8,1,4,0,2
407,109,5,11,1,5,0,1
410,120,4,11,1,4,0,1
406,109,3,6,1,10,0,0
