230,6,106,65,1,6,0,0
301,19,32,21,1,4,0,0
314,22,20,13,1,6,0,0
396,87,8,13,1,7,0,0
394,95,10,17,1,7,0,0
395,95,8,13,1,7,0,1
396,95,9,15,1,7,0,1
367,60,6,8,1,10,0,0
397,113,14,30,1,7,0,0
397,126,7,14,1,10,0,0
410,117,4,11,1,1,0,0
418,155,4,20,1,7,0,0
392,234,17,43,1,5,0,0
398,249,4,12,1,1,0,0
89,206,87,96,1,4,0,1
226,296,75,59,1,4,0,1
302,199,68,87,1,4,0,1
363,254,16,26,1,10,0,0
387,214,9,20,1,10,0,0
347,156,34,62,1,5,0,1
368,119,26,52,1,5,0,1
350,108,18,22,1,10,0,0
241,380,6,3,1,1,0,0
32,270,16,27,1,7,0,0
37,259,10,16,1,3,0,0
25,254,10,19,1,10,0,0
47,176,39,82,1,4,0,0
31,166,3,9,1,1,0,0
104,84,75,73,1,5,0,0
4,148,2,6,1,1,0,0
21,283,8,14,1,10,0,0
