120,29,7,7,1,1,0,0
123,27,9,8,1,1,0,0
116,60,13,14,1,1,0,0
80,226,9,20,1,1,0,0
331,307,8,10,1,1,0,0
360,194,4,15,1,1,0,0
368,191,5,17,1,1,0,0
332,94,7,11,1,1,0,0
226,88,18,18,1,1,0,0
219,68,14,11,1,2,0,0
164,65,11,10,1,1,0,0
318,65,11,14,1,1,0,0
305,30,7,7,1,1,0,0
301,25,7,7,1,1,0,0
294,22,6,6,1,1,0,0
284,18,8,6,1,1,0,0
288,19,5,5,1,1,0,0
290,20,7,6,1,1,0,0
243,48,14,10,1,2,0,0
235,45,20,8,1,2,0,0
147,36,9,8,1,2,0,0
148,33,9,7,1,2,0,1
362,84,24,46,1,5,0,0
382,98,14,31,1,4,0,0
375,69,9,13,1,4,1,0
365,260,27,41,1,4,1,0
384,245,15,34,1,4,1,0
400,194,7,35,1,4,1,0
204,18,7,4,1,2,0,1
125,161,15,15,1,2,0,1
124,157,15,15,1,2,0,1
