33,284,13,19,1,4,0,0
13,237,10,17,1,5,0,1
12,222,12,20,1,6,0,0
6,205,4,11,1,4,0,1
1,194,2,5,1,1,0,0
6,230,7,15,1,4,0,1
94,266,34,24,1,4,0,1
85,244,39,26,1,4,0,0
81,222,37,27,1,4,0,0
84,198,35,27,1,4,0,0
86,179,33,22,1,4,0,0
88,155,34,23,1,4,0,2
92,113,39,28,1,4,0,2
93,97,38,24,1,4,0,2
97,80,40,26,1,4,0,1
103,57,39,24,1,5,0,1
109,48,36,21,1,4,0,1
114,40,36,18,1,4,0,1
120,32,35,17,1,4,0,1
129,21,30,13,1,4,0,1
132,16,30,13,1,4,0,1
138,12,26,11,1,4,0,1
152,7,5,3,1,1,0,0
142,2,28,10,1,4,0,1
187,1,12,7,1,4,0,1
191,10,14,10,1,5,0,0
194,39,39,11,1,4,0,0
195,57,41,15,1,4,0,1
188,69,48,17,1,4,0,2
187,85,50,19,1,4,0,2
186,102,52,22,1,4,0,0
185,128,61,28,1,5,0,0
189,160,54,25,1,4,0,1
204,238,43,34,1,4,0,0
238,265,31,33,1,4,0,0
215,305,31,24,1,5,0,1
188,314,28,18,1,4,0,2
