16,281,33,44,1,4,1,0
5,205,15,45,1,4,0,0
11,203,20,53,1,4,0,0
11,167,12,37,1,4,0,0
272,331,67,42,1,4,0,0
286,308,65,50,1,4,0,0
319,229,50,55,1,4,0,0
325,198,45,48,1,4,0,0
335,173,34,37,1,4,0,1
333,143,36,37,1,4,0,1
328,120,37,39,1,4,0,1
316,97,44,40,1,4,0,1
322,87,37,36,1,4,0,1
317,77,34,28,1,4,0,1
312,67,34,28,1,4,0,1
287,49,38,25,1,4,0,1
266,39,43,22,1,4,0,1
268,35,37,20,1,4,0,1
273,33,37,20,1,4,0,1
274,30,37,20,1,4,0,1
257,21,34,15,1,4,0,0
254,17,32,13,1,4,0,1
257,15,27,11,1,4,0,1
253,12,27,10,1,4,0,1
259,7,16,5,1,4,0,1
251,5,10,5,1,4,0,0
47,248,66,59,1,4,0,1
51,215,67,65,1,4,0,0
54,173,56,58,1,4,0,0
61,141,62,51,1,4,0,1
22,147,16,41,1,4,0,0
28,101,24,37,1,4,0,1
35,105,25,39,1,4,0,1
75,106,73,54,1,4,0,1
86,86,77,48,1,4,0,1
99,72,76,41,1,4,0,1
149,44,45,20,1,4,0,1
151,37,63,19,1,4,0,1
161,31,53,15,1,4,0,1
157,24,44,12,1,4,0,0
167,22,40,8,1,4,0,1
172,19,40,8,1,4,0,1
176,17,36,6,1,4,0,1
185,16,40,5,1,4,0,1
181,14,36,5,1,4,0,1
194,8,28,4,1,4,0,0
198,7,26,4,1,4,0,1
205,4,25,4,1,4,0,0
178,2,11,3,1,4,0,0
215,2,16,3,1,4,0,0
216,1,17,3,1,4,0,1
214,1,20,4,1,4,0,1
241,254,21,33,1,1,0,0
274,141,15,36,1,1,0,0
317,187,10,34,1,1,0,0
232,15,7,5,1,1,0,0
229,9,4,3,1,1,0,0
244,11,5,3,1,1,0,0
83,29,8,6,1,10,0,1
345,316,13,15,1,3,0,0
24,213,26,57,1,5,0,1
55,66,34,37,1,5,0,1
123,50,66,35,1,5,0,0
232,9,10,4,0,11,0,0
252,372,14,7,1,1,0,0
84,29,5,5,1,2,0,1
