51,302,79,74,1,5,1,0
239,373,22,10,1,1,0,0
305,271,78,93,1,4,0,0
268,271,101,100,1,4,0,0
238,246,118,108,1,4,0,0
6,239,46,87,1,4,0,0
1,167,5,55,1,4,1,1
7,156,12,69,1,4,0,0
37,217,53,99,1,4,0,1
175,76,21,43,1,1,0,0
195,76,20,34,1,1,0,0
43,89,43,83,1,4,0,0
212,29,92,40,1,4,0,1
206,20,74,27,1,4,0,1
66,45,49,55,1,4,0,1
153,25,12,13,1,1,0,2
179,14,12,8,1,1,0,0
172,12,12,7,1,1,0,1
232,12,16,8,1,10,0,0
15,86,23,39,1,4,0,0
31,61,25,33,1,4,0,1
48,44,24,25,1,4,0,1
63,34,20,16,1,4,0,1
74,28,16,11,1,4,1,1
181,2,8,4,1,1,0,0
185,5,55,8,1,4,0,0
240,9,11,6,1,1,0,0
242,7,8,6,1,1,0,1
189,2,47,6,1,4,0,1
190,0,44,6,1,4,0,1
192,0,37,3,1,4,1,1
