56,288,119,73,1,4,0,0
223,275,124,76,1,4,0,0
365,213,35,60,1,4,0,0
369,168,25,50,1,4,0,0
332,112,50,60,1,4,0,0
128,204,178,87,1,4,0,0
123,113,175,80,1,4,0,0
20,228,59,73,1,4,0,1
34,156,43,65,1,4,0,0
1,188,22,48,1,5,0,0
3,231,22,47,1,5,1,0
22,73,27,35,1,4,0,0
13,79,24,35,1,5,1,1
37,52,34,34,1,4,0,1
80,22,55,32,1,4,0,0
156,9,55,12,1,4,0,0
280,21,48,28,1,4,0,0
251,11,50,22,1,4,0,1
302,25,38,26,1,4,0,1
338,44,27,25,1,4,0,0
359,57,21,25,1,5,0,0
344,66,13,19,1,1,0,1
345,61,14,18,1,1,0,1
268,10,11,8,1,1,0,0
348,64,8,10,1,2,0,0
