21,79,10,15,1,4,1,1
21,89,4,8,1,1,0,0
19,92,4,8,1,1,0,1
19,95,4,7,1,1,0,1
64,45,6,7,1,1,0,0
36,56,11,14,1,5,1,1
39,52,14,15,1,5,0,1
41,53,12,13,1,5,0,1
48,47,14,15,1,5,0,1
31,67,11,13,1,4,0,1
20,96,5,8,1,10,0,1
21,95,4,6,1,2,0,1
82,27,18,15,1,4,0,0
95,25,17,12,1,4,0,0
77,36,25,22,1,4,0,1
18,101,18,32,1,4,0,0
22,192,4,19,1,1,0,1
28,187,4,21,1,1,0,0
141,4,15,6,1,1,1,0
201,0,20,4,1,6,1,0
178,4,11,3,1,8,0,1
108,27,44,29,1,6,0,0
223,1,13,5,1,4,0,0
267,8,4,2,1,1,1,0
270,9,5,3,1,1,1,0
293,17,21,11,1,6,1,0
296,21,24,16,1,5,0,0
295,26,35,24,1,6,0,0
299,34,43,33,1,6,0,0
243,31,12,8,1,1,0,0
212,121,14,31,1,1,0,0
350,118,10,22,1,1,0,0
283,186,78,95,1,6,0,0
288,251,65,62,1,5,0,0
237,286,102,63,1,6,0,0
354,253,9,17,1,1,0,0
220,368,61,19,1,4,1,0
337,307,42,40,1,6,1,0
342,290,45,50,1,6,0,0
356,266,38,53,1,6,0,1
353,303,10,12,1,1,0,0
358,299,9,13,1,1,0,0
358,303,9,13,1,1,0,0
349,312,10,12,1,1,0,0
383,212,15,32,1,4,0,0
399,187,7,21,1,4,0,0
393,246,9,21,1,4,1,0
395,227,10,23,1,4,1,0
395,142,9,21,1,4,0,0
393,132,8,18,1,4,0,1
388,121,11,21,1,4,0,1
383,107,12,22,1,4,0,0
373,88,13,18,1,5,0,0
370,81,13,17,1,4,0,0
347,53,10,10,1,4,0,0
370,73,7,10,1,4,0,0
368,75,12,15,1,4,0,1
364,70,12,13,1,4,0,1
360,65,12,13,1,4,0,1
357,61,13,14,1,4,0,1
351,55,14,13,1,4,0,1
351,54,12,12,1,4,0,1
350,52,9,9,1,4,0,1
343,45,12,10,1,4,0,0
344,45,11,9,1,4,0,1
331,35,12,10,1,4,0,1
331,36,14,12,1,4,0,0
369,67,8,10,1,4,1,0
368,65,8,9,1,4,1,1
364,61,8,9,1,4,0,1
376,78,6,8,1,4,1,1
378,81,7,10,1,5,1,1
382,88,4,7,1,4,1,1
