43,298,54,61,1,4,0,1
111,366,14,7,1,1,0,0
229,380,9,3,1,1,0,0
158,361,12,6,1,1,0,0
219,370,8,5,0,0,0,0
252,318,19,17,1,10,0,1
223,172,19,24,1,1,0,1
256,18,18,9,1,10,0,1
278,41,22,14,1,10,0,1
269,28,12,10,1,1,0,0
268,35,11,9,1,1,0,0
257,29,9,8,1,1,0,0
168,15,55,15,1,5,0,1
135,39,87,27,1,4,0,0
132,64,89,35,1,5,0,0
103,97,17,22,1,1,0,0
58,90,41,76,1,4,0,1
58,257,13,17,1,1,0,0
68,258,7,12,1,1,0,1
33,268,8,13,1,2,0,1
33,266,10,20,1,10,0,1
24,222,9,29,1,10,0,1
18,248,5,9,1,1,0,0
2,205,3,17,1,10,0,0
376,205,21,36,1,5,0,0
399,199,3,8,1,10,0,0
22,143,6,13,1,1,0,0
106,152,12,18,1,1,0,0
23,83,22,33,0,11,0,0
58,51,9,10,1,1,0,0
43,63,10,12,1,1,0,0
