222,55,62,96,1,4,0,0
232,223,61,94,1,4,0,0
295,142,45,141,1,6,0,0
362,99,25,36,1,4,0,0
370,124,22,35,1,4,0,0
377,155,18,34,1,4,0,0
379,190,16,32,1,4,0,0
375,215,20,34,1,4,0,0
369,242,20,33,1,5,0,0
358,266,26,35,1,5,0,1
348,287,29,33,1,4,0,0
346,296,31,33,1,4,0,2
347,51,27,31,1,5,0,1
365,77,25,47,1,4,0,0
374,86,21,42,1,4,0,0
381,92,18,41,1,4,0,1
12,100,18,29,1,4,0,1
26,97,24,54,1,5,0,1
22,149,15,95,1,6,0,1
53,310,38,43,1,5,0,1
101,314,14,17,0,0,0,0
130,335,21,19,0,0,0,0
102,29,11,9,1,2,0,1
141,12,9,5,1,2,0,1
46,66,9,11,1,2,0,1
47,61,8,9,1,2,0,1
31,96,7,11,1,2,0,1
299,355,9,6,1,2,0,1
346,47,6,5,1,2,0,1
364,82,6,9,1,2,0,1
338,72,8,8,1,2,0,1
326,44,9,7,1,2,0,1
45,60,8,8,1,1,0,1
47,56,9,10,1,1,0,1
70,33,11,9,1,1,1,0
68,35,10,9,1,1,1,1
60,52,10,10,1,1,0,0
35,82,9,11,1,1,0,0
40,79,8,9,1,1,0,0
17,153,4,9,1,1,0,1
15,212,3,8,1,1,0,0
11,192,3,6,1,1,0,0
38,72,8,9,1,1,0,0
99,23,22,18,0,11,0,1
140,12,15,5,1,3,0,1
312,51,11,9,1,1,0,1
30,108,8,13,1,1,0,1
36,102,5,8,1,1,0,1
9,149,5,14,0,0,0,0
17,227,4,8,1,1,0,1
10,257,4,8,1,1,0,1
13,264,7,11,1,1,0,0
52,301,10,11,1,1,0,0
7,212,3,6,1,1,0,1
45,302,17,24,1,8,0,1
51,329,6,6,1,1,0,1
88,354,6,5,1,1,0,0
37,272,22,31,1,8,0,1
323,331,31,25,1,4,1,1
367,311,8,11,1,1,0,0
336,39,17,16,1,7,0,1
313,32,25,21,1,7,0,1
341,75,20,28,1,7,0,1
347,77,10,11,1,1,0,1
343,72,9,11,1,1,0,0
316,42,13,12,1,1,0,0
402,149,3,7,1,1,1,0
402,161,5,17,1,4,1,0
403,180,4,19,1,4,1,0
402,199,5,20,1,4,1,0
401,219,5,18,1,4,1,0
386,270,9,17,1,4,1,0
391,253,9,19,1,4,1,0
396,235,8,20,1,4,1,0
