0,168,5,13,1,4,0,0
2,194,6,17,1,4,0,0
17,181,11,19,1,4,0,0
29,169,14,22,1,4,0,0
47,157,24,27,1,4,0,0
136,90,60,28,1,4,0,0
97,82,45,31,1,4,0,0
183,66,60,23,1,4,0,0
305,68,33,28,1,4,0,0
299,140,38,31,1,4,0,0
342,139,22,26,1,4,0,1
348,205,20,47,1,5,0,0
379,246,14,23,1,4,0,0
380,251,14,23,1,4,0,0
376,261,15,21,1,4,0,0
374,271,14,20,1,4,0,0
375,223,14,35,1,4,0,0
384,195,8,29,1,4,0,0
380,199,9,32,1,4,0,1
391,236,9,18,1,4,0,0
391,242,8,17,1,4,0,0
388,254,8,15,1,4,1,0
385,262,8,16,1,4,1,0
374,277,13,17,1,4,1,0
389,213,14,30,1,6,0,0
392,227,9,19,1,5,0,0
372,205,14,40,1,5,0,0
344,192,44,100,1,9,0,0
387,99,8,19,1,4,0,0
331,43,6,6,1,1,0,0
311,29,7,7,1,1,0,0
359,58,4,7,1,1,0,0
360,60,4,6,1,1,0,0
363,81,5,7,1,1,0,0
252,61,48,27,1,4,0,0
217,83,60,31,1,4,0,0
308,87,32,26,1,4,0,1
331,63,48,53,1,9,0,1
344,89,31,35,1,9,0,1
289,78,78,73,1,9,0,1
362,110,22,32,1,9,0,1
200,102,95,52,1,9,0,1
6,159,7,16,1,5,0,1
2,179,5,15,1,5,0,1
8,187,8,17,1,5,0,1
19,157,11,21,1,5,0,1
38,137,22,28,1,5,0,1
42,112,26,31,1,5,0,1
26,132,15,23,1,4,0,1
8,165,9,26,1,9,0,1
80,129,50,43,1,6,0,1
73,109,42,37,1,5,0,1
7,241,8,20,1,4,1,0
363,123,22,37,1,6,0,1
314,39,7,7,1,2,0,0
320,45,6,7,1,2,0,0
309,40,7,7,1,2,0,0
