5,241,13,35,1,4,0,1
308,263,74,64,1,6,0,0
315,260,54,46,1,6,0,1
320,248,51,45,1,6,0,1
322,233,50,48,1,6,0,1
369,234,23,46,1,6,0,1
389,230,15,37,1,6,0,1
324,201,60,64,1,6,0,1
334,151,54,63,1,6,0,1
359,114,32,49,1,6,0,1
389,137,14,44,1,6,0,1
341,83,51,52,1,6,0,0
381,99,11,14,1,4,0,1
370,83,18,22,1,6,0,1
238,41,28,11,1,4,0,0
114,134,65,37,1,4,0,1
198,206,37,50,1,4,0,0
122,101,33,37,1,6,0,1
104,249,17,30,1,10,0,0
357,331,9,10,1,1,0,0
345,328,15,14,1,3,0,0
389,163,5,13,1,10,0,1
393,99,2,4,1,1,0,1
249,21,20,6,1,6,0,1
233,20,8,3,1,5,0,1
134,37,26,13,1,5,0,1
