74,289,98,83,1,4,0,1
113,154,95,129,1,4,0,0
84,77,94,66,1,4,0,0
211,342,74,45,1,4,1,0
251,216,90,120,1,4,0,0
297,270,64,81,1,4,0,0
347,273,47,67,1,5,0,0
365,277,14,24,1,1,0,0
376,208,25,72,1,4,0,0
344,175,27,87,1,4,0,0
389,168,9,50,1,4,0,0
341,112,30,65,1,4,0,0
376,127,18,46,1,4,0,0
248,125,32,56,1,1,0,0
297,77,47,67,1,4,0,0
291,51,41,44,1,4,0,0
324,62,32,42,1,4,0,0
352,72,24,32,1,4,0,1
359,74,23,28,1,4,0,2
348,61,25,26,1,4,0,1
103,59,102,50,1,4,0,1
128,46,72,32,1,4,0,1
190,20,68,17,1,4,0,0
212,13,48,13,1,4,0,0
246,12,26,12,1,4,0,1
287,36,32,29,1,5,0,1
314,49,24,24,1,4,0,1
324,48,12,13,1,1,0,1
308,39,27,23,1,4,0,1
284,27,25,18,1,4,0,1
300,28,22,18,1,4,0,0
286,23,18,13,1,4,0,1
283,19,17,10,1,4,0,1
296,22,16,12,1,4,0,0
342,54,26,25,1,4,0,2
339,50,21,19,1,4,0,2
337,47,21,19,1,4,0,2
323,36,16,14,1,4,0,1
250,9,19,8,1,4,0,1
256,7,15,8,1,4,0,1
279,12,16,9,1,4,0,0
292,17,15,10,1,4,0,0
