263,297,104,74,1,4,0,0
252,255,112,85,1,4,0,0
57,160,34,65,1,4,0,1
225,125,60,65,1,4,0,0
264,225,100,76,1,4,0,1
289,188,72,63,1,4,0,0
276,156,72,62,1,5,0,2
280,137,77,63,1,4,0,2
247,93,45,50,1,5,0,2
7,223,26,51,1,4,0,0
24,162,18,45,1,4,0,1
26,146,6,25,1,1,0,1
34,140,6,20,1,1,0,1
16,140,5,17,1,1,0,1
13,146,5,19,1,1,0,2
59,97,34,43,1,4,0,0
84,77,39,38,1,5,0,1
80,64,33,26,1,4,0,1
68,67,30,27,1,4,0,1
31,88,17,22,1,4,0,1
62,79,38,31,1,4,0,2
26,107,15,20,1,4,0,2
60,72,26,24,1,4,0,2
52,76,25,24,1,4,0,2
46,81,21,23,1,4,0,2
41,86,17,19,1,4,0,2
174,52,42,18,1,4,0,0
171,71,47,27,1,4,0,1
222,48,35,15,1,4,0,1
220,58,50,22,1,4,0,2
235,67,42,23,1,4,0,2
262,61,34,23,1,4,0,2
277,62,27,20,1,4,0,2
249,47,31,16,1,4,0,1
272,50,24,14,1,4,0,1
285,51,23,16,1,4,0,1
306,61,18,17,1,4,0,2
300,55,19,13,1,4,0,2
380,130,9,20,1,4,0,2
370,121,12,22,1,4,0,2
376,114,10,20,1,4,0,2
368,108,13,20,1,4,0,2
360,93,17,21,1,4,0,2
339,69,15,16,0,0,0,0
338,61,9,9,0,0,0,0
330,67,13,13,0,0,0,0
322,59,11,10,1,5,0,1
346,71,8,8,1,4,0,1
54,325,53,42,1,4,1,0
6,247,28,59,1,4,1,0
