41,186,86,82,1,4,0,0
95,18,55,27,1,4,0,0
32,59,15,18,1,4,0,0
193,270,140,74,1,4,0,0
85,24,21,14,1,4,0,0
104,16,45,19,1,4,0,1
113,13,42,16,1,4,0,2
126,8,38,13,1,4,0,1
135,6,30,11,1,4,0,2
144,1,34,10,1,4,0,1
222,7,41,12,1,4,0,1
225,5,34,9,1,4,0,2
220,3,32,8,1,4,0,2
212,1,35,7,1,4,0,1
298,38,48,38,1,4,0,1
342,59,29,31,1,4,0,1
368,102,27,40,1,4,0,1
374,187,24,41,1,4,0,1
58,327,55,43,1,4,1,0
98,349,66,35,1,4,1,0
175,375,59,11,1,4,1,0
264,348,53,32,1,4,1,0
347,300,35,40,1,4,1,0
395,127,9,23,1,4,1,0
382,94,13,23,1,4,1,0
313,38,11,11,1,1,0,0
46,111,16,33,1,1,0,0
41,116,13,29,1,1,0,0
35,120,12,29,1,1,0,0
59,47,10,11,1,1,0,0
56,50,10,11,1,1,0,0
36,112,11,27,1,1,0,1
166,62,223,119,1,9,0,1
111,44,245,83,1,9,0,1
98,15,21,12,1,5,1,0
28,65,12,16,1,4,0,1
