314,300,56,61,1,4,1,0
341,226,45,89,1,4,0,1
179,375,46,12,1,4,1,1
145,165,92,161,1,5,0,1
97,275,55,35,1,10,0,0
80,98,21,29,1,1,0,0
130,212,38,47,1,1,0,0
109,174,18,37,0,11,0,0
358,121,25,108,1,4,0,0
104,48,48,26,1,10,0,0
113,32,40,27,1,10,0,1
85,17,71,36,1,4,0,1
95,26,16,13,1,1,0,1
91,27,15,12,1,1,0,1
88,6,58,28,1,4,1,0
39,73,18,26,1,10,0,0
35,67,20,30,1,10,0,0
19,185,10,22,1,10,0,0
17,167,12,21,1,10,0,1
25,233,12,20,1,1,0,0
17,213,7,18,1,1,0,0
12,224,7,19,1,1,0,0
47,320,22,21,1,10,0,0
53,330,24,21,1,10,0,0
