37,156,12,38,1,6,0,0
57,117,16,31,1,6,0,0
111,86,48,36,1,6,0,0
101,82,15,17,1,6,0,0
84,83,24,31,1,6,0,0
68,96,17,25,1,6,0,0
84,103,4,6,1,1,0,0
87,103,3,5,1,1,0,0
202,168,129,43,1,6,0,0
213,164,65,29,0,11,0,2
214,255,121,59,1,6,0,1
362,114,7,13,1,6,0,1
389,121,4,8,1,6,0,0
380,116,7,13,1,6,0,1
408,166,1,2,1,2,0,0
408,166,1,3,1,2,0,2
408,165,2,6,1,7,0,1
414,169,2,6,1,7,0,2
416,173,2,5,1,4,0,2
417,175,1,5,1,4,0,2
417,175,2,6,1,4,0,2
418,179,2,5,1,5,0,2
419,180,1,4,1,5,0,2
419,178,1,5,1,5,0,2
419,175,1,5,1,5,0,2
417,178,2,5,1,5,0,2
420,178,2,5,1,4,0,1
420,181,1,4,1,4,0,1
420,182,2,5,1,4,0,1
418,183,2,4,1,4,0,1
418,184,2,6,1,5,0,2
419,186,2,6,1,5,0,2
420,187,1,5,1,5,0,2
420,183,1,6,1,6,0,2
420,185,1,6,1,4,0,2
421,187,1,5,1,5,0,2
422,184,1,7,1,6,0,2
422,187,2,9,1,6,0,1
423,188,1,5,1,4,0,0
422,191,2,7,1,6,0,2
421,189,3,7,1,6,0,2
423,195,1,6,1,4,0,1
360,81,6,8,1,6,0,0
61,296,9,10,1,10,0,0
34,270,31,35,1,6,0,2
62,306,14,13,1,7,0,1
71,323,35,35,0,11,0,1
