193,337,50,10,1,4,0,0
311,278,25,35,1,4,0,0
345,227,25,44,1,4,0,0
359,121,13,42,1,4,0,0
281,280,41,26,1,4,0,0
278,248,54,36,1,4,0,0
299,223,37,29,1,4,0,0
299,187,41,27,1,4,0,0
302,151,39,27,1,4,0,0
297,114,41,29,1,4,0,0
296,88,39,31,1,4,0,0
284,66,41,28,1,4,0,0
202,28,52,18,1,4,0,0
258,12,39,19,1,4,0,0
252,6,37,14,1,4,0,0
329,45,21,28,1,5,0,0
283,52,39,25,1,5,0,0
55,38,21,26,1,5,0,0
263,31,54,31,1,6,0,0
194,88,76,34,1,4,0,0
204,133,72,36,1,4,0,0
202,189,74,31,1,4,0,0
202,270,64,26,1,4,0,0
205,298,49,17,1,5,0,0
83,177,54,133,1,9,0,0
43,277,19,29,1,4,0,0
32,244,16,33,1,4,0,0
25,202,12,38,1,4,0,0
26,150,7,37,1,4,0,0
29,102,13,36,1,4,0,0
37,63,23,39,1,6,0,0
58,307,16,18,1,4,1,0
166,13,10,10,1,10,0,2
166,15,10,5,1,2,0,1
317,36,8,8,1,1,0,0
367,217,4,7,1,1,0,0
375,206,3,7,1,1,0,0
315,48,6,6,1,1,0,0
223,353,8,4,1,1,0,0
338,303,6,6,1,1,0,0
375,218,3,7,1,1,0,0
