58,215,6,15,1,5,0,0
43,228,7,13,1,5,0,0
51,223,6,12,1,4,0,0
55,221,6,12,1,4,0,0
61,213,7,17,1,4,0,2
94,328,11,10,1,4,0,0
91,329,11,9,1,4,0,0
83,327,9,8,1,4,0,0
73,317,8,9,1,4,0,0
80,326,8,7,1,4,1,0
77,325,6,5,1,5,1,0
259,335,14,10,1,4,0,0
252,330,15,10,1,4,0,0
245,334,12,8,1,4,0,0
252,339,14,9,1,4,0,0
276,319,12,11,1,4,0,0
305,299,14,14,1,4,0,0
311,295,13,13,1,4,0,0
325,288,9,10,1,4,0,0
298,306,12,12,1,4,0,0
274,329,14,9,1,4,0,0
246,308,16,13,1,5,0,0
255,305,14,13,1,5,0,0
262,301,16,14,1,5,0,0
284,275,15,15,1,5,0,0
303,276,13,15,1,4,0,0
281,291,13,13,1,5,0,0
297,280,13,16,1,5,0,0
266,286,13,12,1,5,0,0
259,291,11,12,1,5,0,0
286,241,13,18,1,5,0,0
245,261,17,19,1,4,0,1
318,265,11,14,1,4,0,0
306,260,13,16,1,4,0,0
313,256,13,15,1,4,0,0
341,257,10,13,1,4,0,1
346,256,9,13,1,4,0,1
381,163,2,10,1,4,0,0
383,170,2,9,1,4,0,0
