31,224,15,36,1,4,0,0
50,243,19,36,1,4,0,0
64,245,24,40,1,4,0,0
78,244,35,51,1,4,0,0
114,252,40,48,1,4,0,0
148,265,41,43,1,4,0,0
195,270,32,36,1,4,0,0
229,270,30,37,1,5,0,0
255,267,27,37,1,5,0,0
361,231,20,33,1,5,0,0
383,215,10,27,1,5,0,0
386,217,9,24,1,5,0,0
7,167,6,11,1,5,0,0
41,152,21,20,1,4,0,0
249,142,57,28,1,4,0,0
317,145,31,25,1,4,0,0
391,160,7,13,1,5,0,0
380,156,10,17,1,4,0,0
378,221,9,24,1,4,0,0
400,155,5,21,1,4,0,1
403,150,4,20,1,4,1,0
402,205,4,20,1,4,1,0
15,212,12,34,1,5,0,0
20,214,17,44,1,6,0,0
128,134,92,35,1,6,0,0
393,221,10,18,1,6,0,0
395,233,4,11,1,10,0,0
351,151,20,23,1,4,0,1
353,230,19,36,1,4,0,0
340,233,22,40,1,4,0,0
327,243,19,37,1,5,0,0
303,241,32,50,1,4,0,0
279,253,33,43,1,4,0,0
73,145,42,27,1,4,0,1
385,271,3,5,1,1,0,0
387,266,3,6,1,1,0,0
389,261,3,5,1,1,0,0
