9,112,4,9,1,9,0,1
9,120,1,3,1,1,0,1
10,122,1,3,1,1,0,0
12,126,1,4,1,1,0,1
13,131,2,4,1,1,0,0
14,130,1,4,1,1,0,0
15,129,1,5,1,1,0,0
16,163,5,18,1,6,0,0
20,178,5,20,1,6,0,1
24,196,8,13,1,4,0,0
33,193,2,7,1,1,0,0
55,244,5,10,1,1,0,0
53,248,4,8,1,1,0,1
48,248,5,11,1,1,0,1
36,225,10,20,1,4,0,0
46,241,14,24,1,5,0,1
58,264,17,26,1,5,0,0
72,292,17,20,1,5,0,0
73,310,19,19,1,5,0,0
92,332,13,9,1,4,1,0
84,311,18,18,1,5,0,0
93,310,7,7,1,1,0,0
31,288,4,6,1,1,0,1
26,277,4,8,1,1,0,1
23,275,3,5,0,11,0,1
24,276,2,4,1,2,0,1
23,274,3,5,1,1,0,1
11,244,2,5,1,1,0,1
12,243,2,5,1,1,0,1
8,233,2,6,1,1,0,0
9,233,2,5,1,1,0,0
2,212,1,6,1,1,0,0
0,199,1,5,1,1,0,1
