99,308,22,19,1,4,0,0
128,318,23,19,1,4,0,0
40,293,16,18,1,4,0,2
64,309,6,8,1,1,0,0
124,332,25,17,1,4,0,0
128,40,9,7,1,4,0,0
123,48,16,17,1,5,0,0
97,113,14,22,1,5,0,0
80,86,24,49,1,9,0,0
62,183,2,9,1,1,0,0
60,182,2,10,1,1,0,0
66,185,4,11,1,1,0,0
63,180,2,10,1,1,0,1
72,296,6,9,1,1,0,1
22,105,5,8,1,4,0,1
119,15,6,4,1,4,0,0
205,22,3,2,1,1,0,0
139,12,2,1,1,1,0,0
143,11,3,2,1,1,0,0
118,15,4,2,1,4,0,0
113,17,4,2,1,4,0,0
115,15,5,3,1,4,0,2
110,17,3,2,1,1,0,0
101,20,6,3,1,5,0,0
106,18,5,3,1,5,0,2
386,232,5,13,1,5,0,1
