10,118,4,7,1,5,1,1
32,79,3,4,1,4,0,0
1,199,0,4,1,1,0,0
412,227,11,34,1,6,1,1
418,158,2,11,1,4,0,0
419,156,3,8,1,4,0,0
414,138,1,5,1,10,0,0
414,139,2,5,1,10,0,1
414,138,2,6,1,10,0,1
415,138,1,5,1,10,0,0
415,138,2,5,1,10,0,1
416,138,1,5,1,10,0,1
275,13,12,5,1,4,0,0
287,18,12,6,1,5,0,1
288,15,21,10,1,6,0,2
302,28,10,6,0,0,0,0
373,92,6,8,1,7,0,1
365,86,6,7,1,10,0,1
381,103,4,6,1,10,0,1
389,118,5,8,1,10,0,1
388,112,3,6,1,10,0,1
389,114,3,6,1,1,0,0
376,102,12,17,1,4,0,0
389,125,8,14,1,4,0,0
399,130,5,9,1,8,0,0
397,127,5,9,1,10,0,1
392,116,6,12,1,7,0,1
394,115,5,9,1,7,0,0
359,78,10,12,1,5,0,2
405,147,2,6,1,10,0,0
404,144,3,7,1,10,0,1
401,139,3,7,1,10,0,1
402,141,3,7,1,10,0,0
421,154,1,5,1,10,0,1
421,155,1,5,1,10,0,0
420,155,1,5,1,10,0,1
419,150,1,6,1,10,0,0
419,150,1,5,1,10,0,1
419,150,1,4,1,10,0,1
418,147,3,8,1,8,0,1
419,143,1,4,1,1,0,0
383,149,10,22,1,4,0,0
376,131,9,20,1,4,0,2
373,107,5,10,1,1,0,1
