191,4,11,5,1,4,0,0
144,324,28,22,1,4,0,0
199,39,18,14,1,4,0,0
253,132,29,50,1,4,0,0
366,252,20,38,1,4,0,0
382,238,14,32,1,4,0,0
375,147,8,25,1,4,0,0
380,110,9,20,1,4,0,0
390,115,6,16,1,4,0,0
394,115,6,17,1,4,0,0
389,93,6,11,1,4,0,0
335,61,15,16,1,4,0,0
322,81,17,23,1,4,0,0
336,50,15,14,1,4,0,0
336,48,13,12,1,4,0,0
386,89,4,7,1,10,0,0
205,6,17,11,1,6,0,0
223,257,51,69,1,6,0,1
193,16,12,8,1,5,0,0
355,121,4,11,1,1,0,0
357,147,3,9,1,1,0,0
359,146,3,10,1,1,0,0
361,147,3,10,1,1,0,0
94,53,7,8,1,1,0,0
88,58,7,8,1,1,0,0
