53,51,4,5,1,1,0,0
52,45,11,10,1,4,0,1
26,95,9,13,1,4,0,1
23,104,8,10,1,4,0,1
19,117,8,14,1,4,0,1
27,124,3,8,1,1,0,0
26,126,2,8,1,1,0,0
1,162,2,12,1,4,0,1
6,237,9,17,1,6,1,0
10,249,7,13,1,4,1,0
26,270,3,4,1,1,0,0
26,280,3,4,1,1,0,0
30,281,4,4,1,1,0,0
32,288,2,3,1,1,0,1
35,290,4,5,1,1,0,0
246,346,27,11,1,4,0,0
235,340,34,12,1,4,0,0
279,326,29,15,1,5,0,0
288,331,24,14,1,4,0,0
314,312,21,16,1,4,0,0
315,318,21,16,1,4,0,0
402,206,2,5,1,1,0,0
360,228,3,5,1,1,0,0
356,226,4,6,1,1,0,0
374,214,2,4,0,0,0,0
393,208,2,6,1,1,0,0
395,206,2,4,1,1,0,0
398,204,1,4,1,1,0,0
396,204,1,3,1,1,0,0
398,202,1,4,1,1,0,0
239,255,6,9,1,1,0,0
271,248,10,10,1,1,0,0
200,199,5,15,1,1,0,0
193,192,6,8,1,1,0,0
186,195,5,7,1,1,0,0
174,227,12,19,1,10,0,0
87,271,25,35,1,5,0,0
99,245,27,42,1,5,0,0
200,168,6,15,1,1,0,0
183,172,8,12,1,1,0,0
189,161,6,11,1,1,0,1
195,161,7,11,1,1,0,1
148,110,5,6,1,2,0,1
147,108,8,14,1,10,0,1
131,18,14,12,1,4,0,0
93,45,40,82,1,6,0,0
74,147,12,37,1,4,0,0
