26,87,12,17,1,4,0,0
32,79,12,16,1,4,0,0
51,55,14,16,1,4,0,0
58,48,15,14,1,4,0,0
76,34,14,12,1,4,0,1
83,30,13,11,1,4,0,2
90,31,23,16,1,5,0,1
65,52,19,17,1,4,0,1
86,34,45,54,1,6,0,0
23,109,12,21,1,5,0,0
35,131,7,13,1,10,0,1
39,135,7,16,1,10,0,1
44,131,9,22,1,7,0,0
189,9,5,3,1,1,0,0
179,8,6,3,1,10,0,1
180,8,4,1,1,2,0,0
213,33,57,19,1,6,0,0
228,67,56,67,1,6,0,0
353,108,27,33,1,4,0,0
248,304,69,37,1,4,0,0
243,330,65,29,1,4,0,0
370,270,22,28,1,4,0,0
375,220,20,31,1,4,0,0
376,201,19,27,1,4,0,1
391,84,9,14,1,4,0,0
399,101,8,16,1,4,0,0
391,80,6,10,1,4,0,0
394,83,6,11,1,5,0,0
399,90,5,10,1,5,0,0
407,111,6,13,1,5,0,1
387,75,7,10,1,4,0,2
398,98,7,12,1,4,0,1
411,118,5,12,1,4,0,1
237,365,55,18,1,4,0,0
63,255,50,80,1,6,0,0
143,110,11,19,1,10,0,1
144,104,12,14,1,2,0,1
