68,331,71,43,1,4,0,0
57,297,76,54,1,4,0,0
251,254,95,70,1,4,0,0
309,125,57,57,1,4,0,0
376,189,20,38,1,4,0,0
372,131,21,40,1,4,0,0
275,31,41,23,1,4,0,0
208,20,55,13,1,4,0,0
94,29,43,24,1,4,0,0
46,57,30,29,1,4,0,0
62,40,30,24,1,4,0,0
125,19,44,17,1,4,0,0
170,5,37,7,1,4,0,0
130,9,31,11,1,4,0,0
103,15,28,15,1,4,0,0
77,26,23,15,1,4,0,0
43,49,17,16,1,4,0,0
32,60,13,15,1,4,0,0
60,38,18,14,1,4,0,1
32,74,27,31,1,4,0,1
58,56,39,33,1,4,0,1
128,27,64,24,1,4,0,1
155,22,51,15,1,4,0,1
110,34,78,37,1,4,0,2
355,77,20,28,1,4,0,1
338,50,18,18,1,4,0,1
298,244,97,108,1,9,0,0
401,159,6,27,1,4,1,0
345,195,9,24,1,1,0,0
211,14,11,4,1,1,0,0
15,93,18,26,1,5,0,0
13,143,5,19,1,1,0,2
37,121,9,18,1,1,0,2
113,16,9,6,1,1,0,1
218,5,6,2,1,1,0,1
243,8,8,5,1,1,0,0
266,14,7,6,1,1,0,0
272,17,8,6,1,1,0,0
273,15,6,5,1,1,0,1
213,7,26,6,1,7,0,0
353,63,7,9,1,1,0,0
358,66,6,10,1,1,0,0
361,66,5,7,1,1,0,0
353,61,7,9,1,1,0,1
356,63,5,7,1,1,0,1
358,65,5,7,1,1,0,1
355,62,5,6,1,1,0,2
365,69,5,7,1,1,0,0
363,67,5,6,1,1,0,0
283,21,17,9,1,3,0,0
372,77,6,9,1,1,0,0
378,84,5,9,1,1,0,0
376,80,5,8,1,1,0,0
375,80,5,7,1,1,0,0
372,76,5,7,1,1,0,1
368,71,4,5,1,1,0,2
369,72,4,7,1,1,0,0
372,73,4,6,1,2,0,2
361,105,11,16,1,2,0,1
362,109,11,16,1,3,0,2
19,77,17,23,1,4,1,0
382,92,3,6,1,2,0,1
386,97,3,5,1,2,0,1
385,95,3,5,1,2,0,1
382,94,5,8,1,3,0,2
386,99,4,7,1,3,0,2
385,96,4,7,1,3,0,2
372,75,5,6,1,3,0,2
372,75,4,5,1,2,0,2
374,77,4,7,1,10,0,2
369,70,4,7,1,1,0,1
368,67,4,6,1,1,0,0
367,67,4,6,1,1,0,2
363,61,5,6,1,4,0,1
363,60,8,9,1,4,0,2
357,55,4,5,1,1,0,2
358,56,4,5,1,1,0,2
365,62,16,22,1,9,1,0
34,123,8,17,1,1,0,1
142,46,11,11,1,1,0,1
141,50,11,14,1,1,0,1
