180,352,74,27,1,4,0,0
128,292,81,51,1,4,0,0
55,311,49,49,1,4,0,0
63,230,38,55,1,4,0,0
53,153,21,38,1,4,0,0
24,236,26,55,1,4,0,0
18,281,30,46,1,4,0,0
4,206,7,27,1,4,0,0
12,231,27,64,1,6,0,0
80,153,44,62,1,6,0,0
396,123,2,4,0,0,0,0
382,96,3,6,1,1,0,0
383,96,3,5,1,1,0,0
380,92,3,5,1,1,0,0
353,227,12,22,1,1,0,0
325,251,12,23,1,1,0,0
299,147,11,29,1,1,0,0
308,164,10,34,1,1,0,0
321,169,6,25,1,1,0,0
326,233,12,28,1,1,0,1
271,211,24,23,1,3,0,1
36,96,24,40,1,6,0,0
36,72,8,12,1,5,0,0
16,95,10,19,1,9,0,1
97,41,28,20,1,5,0,1
93,46,15,11,1,5,0,1
39,79,8,11,1,5,0,0
33,78,4,6,1,4,0,0
36,75,4,6,1,4,0,0
48,73,7,8,1,4,0,0
43,81,9,12,1,4,0,0
55,71,13,14,1,4,0,0
55,67,8,8,1,4,0,0
62,53,5,5,1,4,0,0
49,67,5,7,1,4,0,0
53,60,4,4,1,4,0,0
59,50,4,3,1,4,0,0
51,58,5,6,1,5,0,0
88,44,14,10,1,4,0,1
151,26,16,8,1,4,0,1
173,30,21,7,1,4,0,1
375,77,5,7,1,4,0,1
371,73,5,6,1,4,0,1
360,64,6,5,1,4,0,1
358,63,6,7,1,4,0,1
345,66,11,10,1,4,0,1
376,77,4,4,1,4,1,1
373,73,4,5,1,4,0,1
361,64,6,7,1,4,0,1
365,78,3,5,1,1,0,1
366,79,3,4,1,1,0,1
362,85,4,8,1,1,0,1
339,75,6,8,1,1,0,1
327,56,4,5,1,1,0,0
276,33,14,9,1,5,0,2
300,34,25,18,0,0,0,0
178,25,5,3,1,10,0,0
158,19,17,7,1,5,0,1
136,26,18,9,1,4,0,1
131,27,12,6,1,5,0,2
117,91,10,16,1,1,0,1
173,138,17,19,1,1,0,1
109,81,11,17,1,1,0,0
91,35,21,13,1,5,0,1
87,38,15,10,1,5,0,1
109,29,15,7,1,4,0,1
88,39,11,7,1,4,0,1
88,38,10,8,1,4,0,1
78,45,10,8,1,4,0,1
85,33,21,14,1,5,0,1
81,41,10,8,1,4,0,1
98,30,9,6,1,4,0,1
100,30,7,4,1,4,0,1
44,61,2,3,1,5,0,1
46,45,16,16,0,0,0,0
41,66,1,2,0,0,0,0
53,52,5,4,0,0,0,0
63,41,10,8,0,0,0,0
76,35,16,13,0,0,0,0
24,83,4,5,1,5,0,1
21,88,5,6,1,5,0,1
22,85,5,7,1,4,0,1
26,79,5,7,1,5,0,1
28,82,1,3,1,1,0,0
30,84,2,3,1,10,0,1
58,60,3,3,1,10,0,1
62,59,2,2,1,10,0,1
64,56,3,4,1,10,0,1
67,61,3,4,1,10,0,1
71,71,8,9,1,10,0,1
77,89,8,11,1,10,0,1
85,83,13,17,1,10,0,1
80,74,8,8,1,10,0,1
72,80,9,11,1,10,0,1
75,78,6,8,1,2,0,1
80,86,7,10,1,2,0,1
89,84,9,8,1,2,0,1
89,84,5,10,1,2,0,1
80,71,8,10,1,2,0,1
61,57,4,5,1,2,0,1
64,56,4,3,1,2,0,1
67,60,5,4,1,2,0,1
59,59,2,3,1,2,0,1
30,84,2,3,1,2,0,1
67,68,7,9,1,8,0,0
78,61,8,9,1,1,0,1
