38,64,2,3,1,4,0,0
38,65,2,2,1,4,0,0
38,61,7,8,1,9,0,1
40,60,7,9,1,9,0,1
38,67,1,1,1,1,0,1
43,64,2,3,1,4,0,1
40,66,3,4,1,4,0,1
43,59,10,11,1,9,0,1
48,63,4,4,1,4,0,1
47,52,8,8,1,9,0,1
50,48,9,9,1,9,0,1
49,51,9,9,1,9,0,1
57,43,10,8,1,9,0,0
50,52,4,3,1,5,0,1
44,58,4,4,1,5,0,1
46,54,5,5,1,4,0,1
52,50,3,3,1,4,0,1
56,47,3,3,1,5,0,0
59,48,4,4,1,4,0,1
60,48,3,3,1,4,0,1
64,45,3,3,1,4,0,1
62,47,3,3,1,4,0,1
58,51,3,4,1,4,0,1
58,51,4,4,1,4,0,0
57,50,4,4,1,4,0,0
47,72,5,6,1,4,0,0
47,75,6,7,1,4,0,0
53,74,7,8,1,4,0,0
59,70,8,8,1,4,0,0
72,61,8,7,1,4,0,0
76,60,9,8,1,4,0,0
82,60,9,8,1,4,0,0
88,60,9,8,1,4,0,0
94,61,10,10,1,4,0,0
78,73,11,11,1,4,0,0
53,56,1,1,1,1,0,0
56,54,1,1,1,1,0,0
52,65,1,2,1,1,0,0
47,58,12,12,1,9,0,1
54,60,17,19,1,9,0,0
68,58,3,3,1,1,0,1
64,63,3,4,1,1,0,1
59,50,5,5,1,4,0,0
60,50,4,5,1,4,0,1
59,51,5,5,1,4,0,1
61,52,3,3,1,4,0,1
61,51,5,5,1,4,0,1
62,50,4,4,1,4,0,1
62,50,6,5,1,4,0,1
64,50,5,5,1,4,0,1
66,48,5,6,1,4,0,1
64,51,5,5,1,4,0,1
66,50,5,5,1,4,0,1
66,50,6,6,1,4,0,1
67,51,6,5,1,4,0,1
65,51,7,6,1,4,0,1
68,50,6,5,1,4,0,1
69,51,6,4,1,4,0,1
69,50,6,7,1,4,0,1
70,50,7,6,1,4,0,1
71,50,7,7,1,4,0,1
74,49,9,7,1,4,0,1
81,47,6,5,1,4,0,1
83,46,6,5,1,4,0,1
84,44,9,8,1,4,0,1
84,46,8,7,1,4,0,1
87,46,6,5,1,4,0,1
88,45,8,6,1,4,0,1
91,44,7,6,1,4,0,1
93,44,8,7,1,4,0,1
95,44,8,6,1,4,0,1
97,44,8,5,1,4,0,1
98,44,9,7,1,4,0,1
101,43,11,7,1,4,0,1
105,43,8,5,1,4,0,1
106,44,8,5,1,4,0,1
92,52,9,7,1,4,0,1
86,54,8,6,1,4,0,1
159,25,10,4,1,4,0,1
3,155,1,4,1,1,0,0
5,144,3,9,0,11,0,0
171,21,9,4,1,4,0,0
175,26,6,4,1,4,0,0
181,22,12,3,1,4,0,0
178,29,12,3,1,4,0,0
134,34,11,6,1,4,0,0
148,29,10,5,1,4,0,0
106,45,13,8,1,4,0,0
70,78,7,8,0,11,0,0
47,98,10,12,1,4,0,0
42,113,7,11,1,4,0,0
36,133,7,12,1,4,0,0
67,91,12,14,1,4,0,0
101,61,13,10,1,4,0,0
119,46,4,3,1,1,0,0
106,52,4,3,1,1,0,0
126,42,3,3,1,1,0,0
124,52,2,2,1,1,0,0
127,46,3,3,1,1,0,0
37,129,3,8,1,1,0,0
77,80,12,11,1,5,0,0
99,61,34,26,1,9,0,0
86,93,18,16,1,4,0,0
103,84,17,14,1,4,0,0
118,81,15,12,1,4,0,0
139,69,19,12,1,4,0,0
159,75,19,11,1,4,0,0
139,80,19,12,1,4,0,0
115,62,14,12,1,4,0,1
128,67,15,10,1,4,0,1
128,75,9,7,1,10,0,1
130,76,5,4,1,2,0,1
103,91,28,25,1,6,0,0
43,123,8,13,1,4,0,1
151,49,15,6,1,4,0,1
160,49,11,7,1,4,0,1
164,50,16,8,1,4,0,1
171,52,14,6,1,4,0,1
177,54,14,5,1,4,0,1
191,57,14,7,1,4,0,1
198,59,17,7,1,4,0,1
219,35,13,5,1,4,0,1
220,56,16,7,1,4,0,2
213,48,18,8,1,4,0,1
221,48,16,7,1,4,0,1
226,45,16,8,1,4,0,1
237,33,11,6,1,4,0,1
231,32,10,5,1,4,0,1
212,36,16,6,1,4,0,0
213,13,8,2,1,4,0,0
220,15,7,3,1,5,0,0
225,10,5,2,1,5,0,0
221,12,7,2,1,4,0,0
223,15,7,2,1,4,0,1
227,15,8,2,1,4,0,1
229,15,11,3,1,4,0,1
217,9,8,2,1,4,0,1
233,14,9,3,1,4,0,0
234,9,7,2,1,4,0,0
231,8,4,2,1,4,0,0
238,14,9,3,1,4,0,1
242,14,8,3,1,4,0,1
243,14,10,3,1,4,0,1
244,14,8,2,1,4,0,1
226,8,7,2,1,4,0,1
223,7,8,2,1,4,0,1
220,7,6,1,1,4,0,1
217,6,5,1,1,4,0,1
214,6,6,1,1,4,0,1
211,5,5,1,1,4,0,2
305,30,6,5,1,5,0,0
311,33,6,5,1,5,0,1
313,31,5,4,1,5,0,0
316,32,4,4,1,5,0,1
314,30,5,4,1,5,0,1
310,27,4,3,1,4,0,0
308,31,5,4,1,4,0,1
379,81,2,4,1,4,0,0
394,124,3,5,1,4,0,0
393,115,3,5,1,4,0,0
386,102,4,6,1,5,0,0
385,119,4,9,1,5,0,0
390,121,3,8,1,4,0,0
382,93,2,4,1,4,0,0
382,96,3,5,1,4,0,0
382,101,3,5,1,4,0,0
393,128,3,5,1,4,0,0
388,122,3,8,1,4,0,0
388,141,4,9,1,4,0,0
391,138,3,9,1,4,0,0
391,145,3,10,1,4,0,0
385,127,4,8,1,4,0,0
383,107,4,7,1,4,0,0
380,104,5,8,1,4,0,0
379,130,5,11,1,4,0,0
379,124,5,11,1,4,0,0
380,117,5,9,1,4,0,0
380,111,4,8,1,4,0,1
380,107,5,8,1,4,0,1
383,105,4,6,1,4,0,1
383,99,2,5,1,4,0,1
380,96,3,4,1,4,0,1
379,84,3,4,1,4,0,1
379,92,4,6,1,4,0,1
380,91,3,5,1,4,0,1
378,96,2,3,1,1,0,0
378,94,2,3,1,1,0,0
382,95,1,3,1,1,0,1
378,84,1,3,1,1,0,0
378,83,1,2,1,1,0,0
378,84,5,7,1,5,0,0
379,96,4,6,1,4,0,0
382,103,2,3,1,1,0,0
372,94,9,13,0,0,0,0
373,92,5,8,0,0,0,0
382,112,5,9,1,5,0,0
385,123,2,3,1,1,0,0
384,121,2,4,1,1,0,0
401,155,3,8,1,4,0,1
399,136,5,16,1,5,1,1
358,63,2,3,1,4,0,0
378,118,4,8,1,4,0,1
370,107,8,12,1,4,0,1
367,125,8,12,1,4,0,1
368,118,7,11,1,4,0,1
371,106,6,10,1,4,0,1
371,103,6,10,1,4,0,1
370,108,6,11,1,5,0,1
369,110,7,11,1,5,0,0
375,104,2,4,1,1,0,0
372,138,2,4,1,1,0,0
7,194,1,3,1,1,0,0
9,204,3,10,1,4,0,0
405,169,0,3,0,0,0,0
406,175,1,6,0,0,0,0
406,188,1,3,1,1,0,0
401,228,1,4,1,1,0,0
400,216,1,3,1,1,0,0
396,240,1,2,1,1,0,0
387,256,2,4,1,1,0,0
397,227,4,11,1,4,0,0
406,206,1,7,1,4,1,0
407,190,0,3,1,3,0,0
399,199,1,8,1,4,0,0
401,177,2,8,1,4,0,1
361,150,6,12,1,4,0,0
361,195,8,13,1,4,0,0
350,248,14,15,1,4,0,0
339,283,15,15,1,4,0,0
376,230,6,12,1,4,0,0
387,185,2,12,1,4,0,0
383,179,4,13,1,4,0,0
380,174,4,12,1,4,0,0
387,150,4,9,1,4,0,0
390,153,3,9,1,4,0,0
388,171,3,11,1,4,0,0
386,163,4,11,1,4,0,0
383,154,4,11,1,4,0,0
389,159,4,14,1,5,0,0
382,162,4,12,1,5,0,0
378,207,1,6,1,1,0,0
379,201,0,6,1,1,0,0
385,218,1,3,1,2,0,1
315,297,3,4,1,2,0,1
328,235,3,7,1,2,0,1
313,296,7,8,1,10,0,1
326,237,6,7,1,10,0,1
384,218,2,6,1,10,0,1
368,134,5,8,0,0,0,0
373,170,2,5,1,1,0,0
370,160,2,4,1,1,0,0
367,131,2,5,1,1,0,0
365,141,1,5,1,1,0,0
366,178,2,5,1,1,0,0
366,153,2,5,1,1,0,0
370,185,1,5,1,1,0,0
367,161,2,5,1,1,0,0
339,174,2,8,1,1,0,0
267,317,4,5,1,1,0,0
275,298,9,9,0,0,0,0
255,301,6,5,1,1,0,1
345,163,3,7,1,1,0,1
295,109,4,5,1,1,0,1
367,159,2,4,1,1,0,1
367,188,1,5,1,1,0,1
368,184,1,4,1,1,0,1
376,120,2,4,1,1,0,1
361,183,2,5,1,1,0,0
362,185,2,6,1,1,0,0
364,186,1,6,1,1,0,0
220,328,5,4,1,1,0,0
352,174,8,15,1,8,0,0
342,219,14,20,1,5,0,0
307,248,21,22,1,4,0,0
323,243,17,19,1,4,0,0
332,224,16,22,1,4,0,0
332,206,13,16,1,4,0,0
309,204,18,22,1,4,0,0
295,218,18,24,1,4,0,0
269,215,26,24,1,4,0,0
253,295,5,4,1,1,0,0
335,239,3,5,1,1,0,0
330,239,3,5,1,1,0,0
307,132,17,20,1,4,0,1
142,92,17,13,1,4,0,1
219,128,26,18,1,4,0,1
279,131,18,17,1,4,0,1
326,177,13,12,1,4,0,0
267,174,26,22,1,4,0,0
211,136,24,16,1,4,0,0
202,148,25,21,1,4,0,0
173,154,30,19,1,4,0,0
160,128,27,19,1,4,0,0
177,105,25,16,1,4,0,0
141,133,24,20,1,4,0,0
147,276,29,21,1,4,0,0
90,260,20,23,1,4,0,0
104,291,23,22,1,4,0,0
236,173,30,24,1,4,0,0
180,96,24,13,1,4,0,0
112,114,20,19,1,4,0,0
97,107,15,14,1,4,0,0
124,105,22,20,1,5,0,0
135,97,20,14,1,5,0,0
157,303,25,16,1,5,0,0
257,149,25,22,1,5,0,0
229,189,26,26,1,5,0,0
272,138,21,19,1,5,0,0
288,170,23,24,1,5,0,0
314,190,18,22,1,5,0,0
372,291,1,3,1,2,0,1
354,320,2,4,1,2,0,1
324,334,4,3,1,2,0,1
278,364,4,2,1,2,0,1
381,281,9,15,1,4,0,0
380,279,8,13,1,4,0,0
382,271,8,14,1,4,0,0
385,267,8,14,1,4,0,1
370,290,4,6,1,10,0,1
353,320,3,5,1,10,0,1
323,334,6,4,1,10,0,1
276,363,8,5,1,10,0,1
298,345,12,9,0,0,0,0
275,350,40,27,1,6,1,1
301,314,21,15,1,4,0,0
260,364,15,9,1,4,0,0
226,376,18,8,1,4,0,0
250,364,20,9,1,4,0,0
246,361,20,10,1,4,0,0
231,358,22,10,1,4,0,0
224,353,22,10,1,4,0,0
40,149,8,17,1,5,0,0
208,349,3,2,1,1,0,0
218,355,2,2,1,1,0,0
204,350,3,2,1,1,0,0
78,229,5,8,1,1,0,0
73,260,19,22,1,4,0,0
74,253,8,9,1,10,0,1
70,245,7,10,1,10,0,1
65,234,14,21,1,4,0,1
57,225,14,18,1,4,0,1
54,220,11,17,1,4,0,1
51,213,10,15,1,4,0,1
152,290,6,6,1,1,0,0
139,311,28,19,1,4,0,0
121,324,24,16,1,4,0,0
77,309,20,19,1,4,0,0
98,332,19,14,1,4,0,0
103,330,20,14,1,4,0,0
108,328,21,15,1,4,0,0
115,327,20,14,1,4,0,0
126,320,24,16,1,4,0,0
133,317,24,16,1,4,0,0
71,315,18,16,1,4,0,1
67,320,14,14,1,4,0,1
60,322,15,15,1,4,0,1
56,324,14,15,1,4,0,1
52,315,14,15,1,5,0,0
44,326,3,3,1,1,0,0
59,332,2,2,1,1,0,0
