228,329,67,34,1,4,0,0
273,340,48,36,1,4,0,0
143,301,65,40,1,4,0,0
89,255,60,55,1,4,0,0
57,203,27,38,1,4,0,0
46,177,16,31,1,4,0,0
36,154,14,29,1,4,0,0
32,137,14,27,1,4,0,0
29,130,10,19,1,4,0,0
317,307,41,36,1,4,0,0
348,233,30,44,1,4,0,0
360,207,19,31,1,4,0,0
267,159,53,42,1,4,0,0
215,120,66,46,1,4,0,0
125,81,51,28,1,4,0,0
106,76,42,25,1,4,0,0
94,71,36,25,1,4,0,0
78,69,25,19,1,4,0,0
52,70,14,12,1,4,0,0
51,67,12,11,1,4,0,0
23,97,5,9,1,4,0,0
21,99,4,7,1,4,0,0
27,91,4,6,1,4,0,0
24,93,4,7,1,4,0,0
30,85,6,8,1,4,0,0
64,74,15,17,1,4,0,0
391,228,12,27,1,4,0,0
372,213,14,30,1,4,0,0
28,121,11,18,1,4,0,0
27,117,8,15,1,4,0,0
26,113,8,14,1,4,0,0
26,95,6,9,1,4,0,0
344,299,35,37,1,4,0,1
348,306,30,33,1,4,0,1
367,252,27,43,1,4,0,1
378,242,20,38,1,4,0,1
295,304,51,39,1,4,0,1
284,297,55,37,1,4,0,1
247,291,67,41,1,4,0,1
202,284,85,37,1,4,0,1
156,261,90,37,1,4,0,1
119,210,86,45,1,4,0,1
98,185,71,44,1,4,0,1
261,205,58,50,1,4,0,1
78,170,48,33,1,4,0,1
72,152,38,27,1,4,0,1
54,138,28,28,1,4,0,1
48,129,28,25,1,4,0,1
47,117,24,27,1,4,0,2
44,110,25,28,1,4,0,2
38,111,22,23,1,4,0,2
41,105,22,23,1,4,0,2
36,105,17,22,1,4,0,1
36,101,14,20,1,4,0,1
37,97,13,19,1,4,0,1
34,98,12,18,1,4,0,1
33,97,11,16,1,4,0,1
33,94,10,15,1,4,0,1
32,94,9,13,1,4,0,1
32,91,11,12,1,4,0,1
34,88,9,12,1,4,0,2
31,91,8,12,1,4,0,2
33,87,9,12,1,4,0,2
31,89,9,11,1,4,0,2
31,88,9,11,1,4,0,2
31,86,9,11,1,4,0,2
34,84,6,9,1,4,0,2
31,89,5,7,1,4,0,2
33,82,5,8,1,4,0,2
40,78,4,7,1,4,0,2
37,81,4,6,1,4,0,2
46,72,7,7,1,4,0,2
47,70,9,9,1,4,0,2
47,70,10,9,1,4,0,1
27,94,4,6,1,4,0,1
26,97,6,9,1,4,0,1
27,100,4,8,1,4,0,1
27,100,6,11,1,4,0,1
27,104,6,11,1,4,0,1
26,109,6,11,1,4,0,1
73,67,17,17,1,4,0,1
83,59,20,16,1,4,0,1
78,65,23,19,1,5,0,1
160,94,63,26,1,4,0,1
180,103,54,28,1,4,0,1
195,107,63,37,1,4,0,1
203,175,37,33,1,7,0,0
332,172,6,19,1,3,0,0
71,70,6,8,1,1,0,0
72,68,6,9,1,1,0,2
51,88,4,6,1,2,0,1
49,89,6,8,1,10,0,2
65,62,14,13,0,0,0,0
62,65,6,6,1,3,0,0
65,65,5,6,1,3,0,0
43,82,3,6,1,1,0,2
52,70,11,11,1,4,0,2
22,92,6,8,1,4,0,1
27,90,4,5,1,4,0,1
23,88,5,7,1,4,0,0
18,95,4,5,1,4,0,0
23,88,3,5,1,4,0,0
23,89,3,5,1,4,0,1
22,88,3,5,1,4,1,1
25,85,2,4,1,4,0,0
24,87,3,4,1,4,0,2
24,87,3,4,1,4,0,2
26,87,5,7,1,5,0,2
25,88,6,8,1,6,0,2
30,89,2,4,1,1,0,0
37,74,5,6,1,5,0,1
33,82,2,3,1,2,0,1
32,82,2,4,1,2,0,1
26,75,9,12,0,0,0,0
26,75,7,9,0,0,0,0
33,71,4,5,0,0,0,0
32,69,5,6,0,0,0,0
33,74,3,4,0,0,0,0
307,335,35,29,1,4,1,0
24,299,23,31,1,4,1,0
4,238,8,25,1,4,1,0
1,217,5,24,1,4,1,0
48,212,7,18,1,1,0,0
389,251,11,27,1,4,1,1
