348,288,39,50,1,4,0,0
343,279,43,56,1,4,0,0
339,265,46,63,1,4,0,0
207,320,93,49,1,4,0,2
114,254,110,80,1,4,0,2
62,160,50,81,1,4,0,2
45,123,34,50,1,4,0,2
346,227,38,66,1,5,0,2
340,90,12,20,1,1,0,0
189,136,114,72,1,4,0,0
80,113,17,31,1,1,0,0
73,95,15,24,1,1,0,0
19,97,12,19,1,4,0,0
23,95,24,41,1,6,0,2
237,99,65,50,1,4,0,2
150,115,114,57,1,4,0,2
131,98,101,48,1,4,0,2
185,75,63,31,1,4,0,2
103,79,96,54,1,4,0,2
84,72,74,48,1,4,0,2
81,68,55,42,1,4,0,2
78,60,54,41,1,4,0,2
74,59,48,34,1,4,0,2
79,75,13,20,1,1,0,2
56,67,33,31,1,4,0,1
83,45,45,32,1,4,0,2
77,44,42,33,1,4,0,2
76,46,34,26,1,4,0,2
70,46,34,29,1,4,0,2
63,48,34,28,1,4,0,2
64,51,22,20,1,4,0,2
53,66,23,25,1,5,0,1
82,37,30,22,1,5,0,2
75,40,23,19,1,5,0,2
42,49,37,40,1,6,0,1
64,51,15,14,1,4,0,2
60,47,19,17,1,5,0,2
47,64,10,12,1,4,0,2
49,54,18,17,1,4,0,2
30,84,12,17,1,4,0,0
31,77,13,17,1,4,0,1
38,80,9,14,1,1,0,0
47,74,9,12,1,1,0,0
71,45,10,9,1,1,0,0
47,58,11,11,1,4,0,0
57,50,12,11,1,4,0,1
53,49,15,13,1,4,0,1
51,48,16,14,1,4,0,1
45,59,8,10,1,4,0,1
31,76,10,13,1,4,0,2
33,73,8,11,1,4,0,2
39,65,8,10,1,4,0,2
52,48,14,12,1,4,0,2
48,50,15,13,1,4,0,2
52,48,12,11,1,4,0,2
51,50,10,10,1,4,0,2
50,48,13,12,1,4,0,2
52,48,11,10,1,4,0,2
50,49,11,10,1,4,0,2
49,48,12,11,1,4,0,2
49,49,10,10,1,4,0,2
49,49,10,10,1,4,0,2
47,48,12,12,1,4,0,2
49,47,11,11,1,4,0,2
47,52,6,6,1,4,0,1
51,49,6,5,1,4,0,1
55,46,6,6,1,4,0,1
58,46,4,4,1,1,0,0
43,57,5,5,1,1,0,0
42,58,3,4,1,1,0,2
44,57,3,4,1,1,1,0
37,61,6,6,1,4,1,1
37,63,5,6,1,4,0,2
36,63,6,7,1,4,0,2
36,64,6,8,1,4,0,2
36,65,7,9,1,4,0,2
35,64,9,12,1,5,0,1
34,68,9,11,1,4,0,0
39,62,9,10,1,4,0,1
47,58,5,6,1,1,0,1
44,60,5,6,1,1,0,2
44,61,4,5,1,1,0,2
44,64,5,7,1,1,0,0
44,63,5,7,1,1,0,2
44,63,5,6,1,2,0,2
42,68,3,4,1,2,0,2
42,68,5,6,1,2,0,2
41,71,5,5,1,2,0,2
40,71,5,7,1,10,0,2
41,69,5,7,1,10,0,2
39,68,6,7,1,10,0,2
44,64,4,5,1,10,0,2
