21,94,4,7,0,11,0,0
24,90,4,7,0,11,0,1
179,1,42,7,1,5,0,0
178,6,47,8,1,4,0,0
160,27,64,19,1,4,0,0
255,5,25,15,1,4,0,0
163,19,60,13,1,4,0,1
165,12,53,12,1,4,0,1
284,21,16,9,1,10,0,0
291,32,24,14,1,10,0,1
313,39,17,13,1,10,0,1
174,43,35,13,1,10,0,0
313,67,21,24,1,10,0,0
328,78,30,31,1,8,0,1
328,73,19,16,1,10,0,2
272,30,43,40,1,4,0,0
320,47,36,41,1,4,0,0
132,59,90,36,1,4,0,0
125,90,107,46,1,4,0,0
118,136,110,52,1,4,0,0
122,198,109,53,1,4,0,0
118,248,107,56,1,4,0,0
323,115,20,49,1,7,0,0
354,120,26,72,1,4,0,0
365,92,25,51,1,4,0,0
346,184,20,23,1,10,0,1
292,264,47,69,1,4,0,0
339,242,40,77,1,6,0,1
124,297,77,37,1,5,0,0
131,327,86,30,1,4,0,0
145,352,72,20,1,4,0,0
154,368,60,14,1,4,0,0
166,380,53,9,1,4,1,0
262,359,37,25,1,4,1,0
306,340,34,30,1,4,1,1
400,157,6,18,1,10,0,0
408,192,2,19,1,10,0,0
394,137,7,13,1,10,0,0
394,132,6,9,1,3,0,1
391,125,7,12,1,10,0,1
390,118,7,13,1,10,0,1
388,119,6,11,1,10,0,1
395,121,5,14,1,10,0,0
387,113,7,9,1,3,0,1
386,110,7,9,1,3,0,1
383,105,9,13,1,10,0,1
381,99,8,13,1,10,0,1
377,94,10,12,1,10,0,1
373,87,11,13,1,10,0,1
373,82,10,13,1,10,0,1
369,77,11,13,1,10,0,1
369,75,9,10,1,10,0,1
366,72,9,10,1,10,0,1
362,67,11,11,1,10,0,1
375,78,6,9,1,10,0,1
294,16,28,22,1,5,0,0
