354,261,36,54,1,4,0,0
194,61,88,48,1,4,0,0
143,28,58,25,1,4,0,0
77,38,43,31,1,4,0,0
9,251,19,37,1,4,0,0
1,191,7,42,1,4,0,0
46,55,31,32,1,4,0,0
104,18,34,19,1,4,0,0
151,18,45,16,1,4,0,0
70,32,26,21,1,4,0,0
54,44,26,24,1,4,0,0
77,22,33,23,1,4,0,0
29,71,21,29,1,4,0,0
27,71,16,21,1,4,0,0
35,57,22,25,1,4,0,0
40,51,17,18,1,4,0,0
23,73,13,18,1,4,0,0
29,62,15,18,1,4,0,0
36,54,15,16,1,4,1,0
76,51,54,43,1,5,0,0
11,228,19,41,1,5,0,0
98,98,91,76,1,5,0,0
317,176,46,68,1,5,0,0
366,183,25,56,1,5,0,0
10,262,19,37,1,4,1,0
109,3,55,20,1,9,1,0
284,20,8,7,1,1,0,0
189,375,8,4,1,1,0,0
186,378,11,4,1,1,0,0
107,343,10,7,1,1,0,0
82,332,10,10,1,1,0,0
89,334,13,10,1,1,0,0
100,340,10,8,1,1,0,0
117,357,11,6,1,1,0,0
351,58,9,12,1,1,0,0
384,94,6,12,1,1,0,0
338,44,5,5,1,1,0,0
326,44,8,8,1,1,0,0
334,40,7,7,1,1,0,0
331,36,6,7,1,1,0,0
324,41,9,10,1,1,0,1
319,33,5,4,1,1,0,1
314,30,7,5,1,1,0,1
327,34,9,7,1,1,1,1
293,19,8,5,1,2,0,1
380,97,5,8,1,2,0,1
18,126,5,9,1,2,0,1
18,126,6,14,1,10,0,1
379,96,7,12,1,10,0,1
312,29,24,19,1,8,0,0
228,1,13,3,1,10,1,1
276,11,6,4,1,1,1,0
130,374,17,7,0,0,0,0
215,378,8,3,1,1,0,0
