18,268,11,18,1,3,0,1
61,255,120,94,1,5,0,0
17,219,43,85,1,5,0,1
28,204,47,91,1,4,0,1
42,183,55,97,1,4,0,1
69,142,68,117,1,4,0,1
210,66,101,86,1,4,0,1
184,12,52,14,1,5,0,0
108,114,95,111,1,5,0,1
276,53,71,67,1,4,0,1
303,56,55,58,1,4,0,1
354,100,31,52,1,4,0,0
366,92,25,42,1,4,0,0
373,87,20,34,1,4,0,0
231,7,44,20,1,4,0,0
244,8,43,19,1,4,0,1
352,64,27,34,1,4,0,2
356,64,24,31,1,4,0,2
360,66,21,27,1,4,0,2
368,68,16,22,1,4,1,1
29,70,39,58,1,4,0,0
17,96,29,56,1,4,0,0
9,115,19,49,1,4,0,0
2,128,16,53,1,4,0,0
166,14,16,8,1,3,0,0
135,20,27,14,1,10,0,0
99,24,56,37,1,4,0,0
382,246,7,15,1,2,0,1
380,244,10,22,1,10,0,1
17,284,52,63,1,4,1,0
0,149,7,43,1,4,1,0
383,245,19,41,1,5,1,0
