4,107,17,42,1,6,1,1
1,160,4,13,1,10,0,1
1,167,2,5,1,1,0,1
5,167,3,6,1,1,0,0
7,155,12,47,1,5,0,2
5,207,7,24,1,7,0,0
3,225,13,34,1,4,0,0
7,247,3,6,1,1,0,0
3,234,2,5,1,1,0,1
13,270,5,9,1,1,0,0
19,272,5,8,1,1,0,0
28,294,7,9,1,1,0,0
28,291,5,7,1,1,0,0
13,203,2,9,1,2,0,0
20,223,9,23,1,8,0,2
25,223,4,8,1,1,0,0
18,222,3,6,1,1,0,0
17,215,3,7,1,1,0,0
51,197,6,11,1,2,0,0
34,285,5,8,1,2,0,1
33,284,9,11,1,3,0,1
66,340,16,14,1,8,0,1
65,334,11,11,1,2,0,0
66,335,9,8,0,11,0,2
70,339,14,12,1,8,0,1
77,344,10,8,1,1,0,1
79,347,10,7,1,1,0,0
83,349,8,7,1,1,0,0
93,357,8,7,1,1,0,0
105,364,7,5,1,1,0,0
99,362,9,6,1,1,0,0
144,375,11,5,1,2,0,0
143,374,12,6,1,10,0,1
154,371,35,16,1,6,1,0
93,327,61,33,1,6,0,1
101,176,93,96,1,6,0,0
99,260,66,51,1,5,0,0
206,143,88,94,1,4,0,0
247,58,77,72,1,4,0,1
298,40,50,47,1,4,0,0
327,47,37,40,1,4,0,0
333,37,27,25,1,5,1,0
357,54,16,19,1,5,1,0
369,68,7,9,1,10,0,1
371,69,5,7,1,2,0,0
345,102,48,111,1,6,0,2
400,146,6,25,1,6,1,1
400,160,7,36,1,6,1,1
390,168,10,37,1,5,0,0
356,254,6,9,1,1,0,0
332,303,9,12,1,1,0,0
319,317,9,9,1,1,0,0
280,328,11,9,1,1,0,0
272,339,8,6,1,1,0,0
226,371,6,3,1,2,0,0
