273,256,72,75,1,4,0,0
336,77,26,32,1,4,0,0
150,74,83,28,1,4,0,0
213,46,56,34,1,4,0,0
151,39,53,23,1,4,0,0
59,229,70,79,1,4,0,0
36,234,46,68,1,4,0,0
392,155,8,32,1,4,0,0
398,170,6,31,1,4,0,0
397,149,7,25,1,4,0,0
384,124,15,27,1,4,0,0
259,53,54,44,1,4,0,0
297,44,32,25,1,4,0,0
312,44,24,21,1,4,0,0
321,44,21,20,1,4,0,1
325,44,17,15,1,4,0,1
300,33,24,17,1,4,0,1
278,34,28,18,1,4,0,1
259,35,44,24,1,4,0,1
242,40,53,25,1,4,0,1
191,29,46,16,1,4,0,1
250,20,28,15,1,4,0,1
283,50,33,26,1,4,0,1
19,227,31,61,1,4,0,1
10,213,24,54,1,4,0,1
25,260,44,63,1,5,0,0
55,124,63,81,1,5,0,1
71,155,65,97,1,5,0,1
18,281,44,58,1,4,0,0
13,251,29,54,1,4,0,0
7,205,16,45,1,4,0,2
37,193,21,58,1,5,0,1
35,125,34,49,1,4,0,1
3,236,15,37,1,4,1,1
118,307,88,55,1,5,0,0
339,250,36,54,1,5,0,0
333,40,16,17,1,5,0,1
322,34,16,13,1,5,0,1
279,21,24,15,1,5,0,1
390,115,11,21,1,5,1,1
296,330,50,39,1,4,1,0
363,279,29,47,1,4,1,0
402,189,5,35,1,4,1,0
374,73,5,8,1,4,1,0
388,119,10,24,1,4,0,1
344,277,36,52,1,4,0,1
360,271,31,50,1,4,0,1
327,40,21,19,1,6,0,1
315,32,18,15,1,6,0,1
309,34,19,15,1,4,0,1
69,78,11,17,1,1,0,1
393,125,10,28,1,6,0,0
376,78,8,13,1,4,0,0
292,24,17,11,1,4,0,1
307,26,14,10,1,4,0,2
311,26,15,11,1,5,0,2
339,44,10,10,1,4,0,2
329,36,11,9,1,4,0,1
341,44,11,10,1,4,0,1
342,43,8,8,1,4,0,1
346,46,7,6,1,4,1,0
67,35,12,9,1,4,0,0
292,28,19,13,1,4,0,2
270,23,24,13,1,4,0,2
339,50,9,10,1,7,0,1
334,325,28,25,1,4,1,1
