60,56,2,2,1,1,0,0
47,88,3,3,1,2,0,1
67,86,2,4,1,1,0,0
16,133,1,2,1,1,0,0
16,135,0,2,1,1,0,0
15,134,1,4,1,1,0,0
9,137,2,6,1,5,0,1
8,137,4,11,1,5,0,0
8,142,3,9,1,4,0,0
9,146,5,17,1,6,0,1
1,162,2,7,0,11,0,0
2,165,2,8,1,5,0,0
2,169,2,7,1,4,0,0
4,173,1,9,1,5,0,0
17,195,4,11,1,5,0,1
19,185,4,11,1,5,0,1
15,204,4,11,1,5,0,1
0,190,5,19,1,9,0,0
5,204,1,2,1,1,0,0
5,208,1,2,1,1,0,0
6,218,7,19,1,9,0,0
5,203,8,27,1,9,0,1
3,198,9,26,1,9,0,1
66,269,15,16,1,6,0,1
76,283,15,14,1,4,0,1
92,284,18,16,1,5,0,0
88,293,12,11,0,11,0,0
89,325,13,10,1,5,0,0
112,309,15,11,1,5,0,0
128,325,18,11,1,4,0,0
161,350,13,7,1,5,0,0
231,357,9,3,1,5,1,0
224,355,4,3,1,10,0,1
224,356,4,2,1,2,0,1
323,321,9,10,1,4,0,0
328,302,9,10,1,5,0,0
331,307,10,11,1,5,0,0
384,274,2,2,1,2,0,0
385,273,1,2,1,1,0,0
387,273,2,2,1,1,0,0
389,270,1,2,1,1,1,0
385,275,1,2,0,0,0,0
374,278,3,4,1,10,0,0
381,271,2,3,0,0,0,0
369,281,4,6,1,10,0,0
350,262,11,23,1,9,0,0
355,237,7,16,1,4,0,0
353,55,6,8,1,5,0,0
362,88,6,10,1,4,0,0
367,163,4,15,1,4,0,0
192,317,13,10,1,4,0,0
69,214,12,19,1,4,0,0
87,206,15,21,1,4,0,1
93,216,18,22,1,5,0,1
101,226,19,23,1,5,0,0
130,198,15,18,0,11,0,1
143,181,13,27,1,5,0,1
155,169,13,29,1,5,0,1
166,151,12,30,1,5,0,1
179,141,10,23,1,5,0,1
202,116,12,23,1,5,0,1
191,130,11,21,1,4,0,1
108,128,42,57,1,6,0,0
152,98,36,34,1,6,0,0
190,76,23,19,0,11,0,0
283,26,7,6,1,4,0,1
279,28,11,7,1,4,0,1
271,26,17,13,1,6,0,1
252,25,26,18,1,6,0,1
260,30,24,17,1,6,0,1
271,36,19,16,1,6,0,0
234,49,11,7,0,11,0,0
245,44,10,6,0,11,0,2
266,51,14,9,1,5,0,1
264,54,15,9,1,5,0,1
260,56,17,12,1,4,0,1
256,65,16,9,1,5,0,1
257,72,13,8,1,4,0,1
245,78,18,10,1,5,0,1
241,83,15,10,1,4,0,1
236,89,20,10,1,4,0,2
316,33,7,7,1,4,0,1
327,45,6,6,1,4,0,1
295,38,10,7,1,4,0,1
303,42,9,8,1,5,0,1
300,56,10,10,1,5,0,1
292,54,10,9,1,4,0,1
296,72,13,13,1,5,0,1
287,68,13,11,1,4,0,1
323,64,9,11,1,4,0,1
322,86,16,26,1,6,0,1
289,105,12,16,1,5,0,1
334,83,3,5,0,0,0,0
327,151,7,19,1,4,0,0
288,250,14,20,1,4,0,0
223,265,18,17,1,4,0,0
242,273,19,20,1,5,0,0
255,129,17,21,1,5,0,0
275,137,15,21,1,5,0,0
216,193,19,21,1,5,0,0
260,171,13,18,1,5,0,0
360,293,3,3,1,10,0,0
