140,354,10,7,1,1,0,0
332,93,9,16,1,1,0,0
403,218,2,9,1,1,0,0
364,106,6,12,1,1,0,0
366,105,8,16,1,1,0,0
316,33,8,7,1,1,0,0
175,1,7,3,1,1,0,0
187,11,6,3,1,1,0,0
28,67,11,14,1,4,0,0
8,140,9,31,1,4,0,0
20,138,17,25,1,4,0,0
234,343,45,32,1,4,0,0
395,222,9,30,1,4,0,0
306,191,29,69,1,4,0,0
271,339,45,37,1,4,0,0
253,53,37,33,1,4,0,0
248,21,21,13,1,4,0,0
264,21,22,13,1,4,0,0
286,26,21,15,1,4,0,0
304,46,24,22,1,4,0,0
268,10,12,6,1,4,0,0
261,12,16,9,1,4,0,0
215,0,10,4,1,4,0,0
239,5,18,6,1,4,0,0
233,1,14,4,1,4,1,0
395,149,7,25,1,4,0,1
342,54,39,55,1,6,0,1
112,123,12,18,1,1,0,0
31,82,13,21,1,4,0,0
39,62,20,24,1,4,0,0
71,32,20,14,1,4,0,0
59,43,18,15,1,4,0,0
67,43,23,18,1,4,0,0
24,117,19,28,1,4,0,0
2,208,6,29,1,4,0,1
4,174,5,29,1,4,0,1
5,244,10,29,1,4,1,1
12,101,12,21,1,4,0,1
23,84,12,20,1,5,0,0
39,54,13,13,1,4,0,1
31,62,12,14,1,4,0,1
44,50,15,14,1,4,0,1
53,42,15,13,1,4,0,1
61,38,15,13,1,4,0,1
68,31,17,12,1,4,0,1
31,67,6,8,1,4,1,1
40,56,13,13,1,4,0,0
55,42,17,15,1,5,0,0
76,27,19,13,1,5,0,1
86,20,21,13,1,5,0,1
31,104,18,22,1,5,0,1
47,69,23,23,1,4,0,1
35,91,21,25,1,4,0,1
41,80,22,23,1,4,0,1
51,62,24,22,1,4,0,1
56,53,26,22,1,4,0,1
200,362,32,20,1,4,0,1
198,18,21,9,1,4,0,1
38,74,3,5,1,2,0,1
132,10,5,2,1,2,0,1
199,1,2,1,1,2,0,1
156,8,6,3,1,2,0,1
222,21,6,4,1,2,0,1
349,87,5,9,1,2,0,1
314,35,6,5,1,2,0,1
373,137,4,9,1,2,0,1
252,299,18,12,1,2,0,1
184,307,49,46,1,4,0,1
251,302,18,20,1,3,0,1
404,215,2,10,1,1,0,1
373,139,7,15,1,10,0,1
349,88,7,11,1,10,0,1
222,22,8,5,1,10,0,1
315,36,6,5,1,3,0,1
198,1,4,2,1,10,0,1
153,9,13,4,1,10,0,1
131,10,7,4,1,3,0,1
36,74,7,8,1,10,0,1
122,16,6,4,1,1,0,0
125,17,3,2,1,1,0,1
83,42,6,5,1,1,0,1
84,40,8,7,1,1,0,1
131,22,8,6,1,1,0,1
155,19,6,4,1,1,0,1
165,9,7,3,1,1,0,1
142,21,6,6,1,1,0,0
119,222,14,28,1,1,0,2
112,212,14,20,1,1,0,1
