55,328,16,15,1,1,0,0
19,255,42,57,1,4,0,0
26,158,39,57,1,4,0,0
34,118,53,60,1,4,0,1
42,90,61,58,1,4,0,1
54,63,66,57,1,4,0,1
42,104,11,21,1,1,0,0
76,58,13,16,1,1,0,0
8,216,7,22,1,3,0,0
393,147,11,40,1,5,0,0
297,32,58,71,1,9,0,0
381,92,13,22,1,4,0,0
370,75,14,20,1,4,0,0
362,62,13,18,1,4,0,1
375,77,11,16,1,4,1,1
398,134,8,31,1,4,1,0
379,84,11,20,1,5,1,0
369,78,6,9,1,2,0,1
369,78,8,13,1,10,0,1
252,55,48,50,1,4,0,1
259,32,39,32,1,4,0,1
258,19,35,24,1,5,0,1
262,14,25,16,1,4,0,1
264,10,20,12,1,4,0,1
265,8,17,8,1,4,1,1
275,10,6,4,1,1,1,1
238,8,9,5,1,1,0,0
186,242,88,93,1,4,0,0
230,107,69,120,1,4,0,1
100,193,85,107,1,4,0,1
90,302,82,67,1,4,0,1
147,337,78,45,1,4,0,0
82,49,15,18,1,1,0,0
127,18,12,7,1,10,0,1
100,26,62,32,1,4,0,0
122,21,49,20,1,4,0,1
134,15,53,18,1,4,0,1
144,11,50,14,1,4,0,1
371,142,7,24,1,1,0,0
218,2,7,3,1,2,0,1
191,3,19,2,1,8,0,0
153,1,34,9,0,0,0,0
351,280,39,57,1,4,1,0
