317,244,40,68,1,5,0,0
244,57,50,61,1,4,0,0
70,298,56,61,1,4,0,1
52,220,45,88,1,4,0,1
56,104,37,75,1,4,0,1
83,41,45,47,1,4,0,1
106,23,31,26,1,4,0,1
118,10,28,18,1,4,0,1
132,7,13,5,1,4,1,0
260,9,6,4,1,2,0,1
139,27,9,6,1,2,0,1
260,10,8,4,1,3,0,1
137,28,12,9,1,3,0,1
325,63,9,13,1,1,0,0
361,132,7,14,1,2,0,1
362,134,7,19,1,3,0,1
399,141,5,19,0,0,0,0
334,38,8,7,1,1,1,0
351,56,7,9,1,1,0,0
357,67,8,11,1,1,0,0
363,73,7,11,1,1,0,0
352,65,16,20,0,11,0,1
353,73,23,27,1,5,0,1
361,87,23,29,1,4,0,1
368,101,22,33,1,4,0,1
378,122,17,27,1,4,0,1
385,140,14,25,1,4,0,1
390,159,13,23,1,5,0,1
394,185,10,23,1,4,0,1
393,206,12,30,1,4,0,0
391,225,14,28,1,4,0,1
387,244,15,30,1,4,1,1
380,265,16,28,1,5,1,1
378,287,10,16,1,5,1,1
307,25,29,20,1,5,0,1
302,20,25,16,1,5,1,1
374,73,5,7,0,0,0,0
