7,145,14,28,1,4,0,1
11,125,14,26,1,4,0,1
28,70,26,31,1,4,0,1
20,86,25,33,1,4,0,1
37,56,27,29,1,4,0,1
16,79,17,31,1,4,0,0
58,30,28,22,1,4,1,0
154,1,23,10,1,4,1,0
0,150,6,34,1,4,1,0
6,178,11,24,1,5,0,1
111,32,12,9,1,2,0,1
65,45,10,10,1,1,0,0
109,31,15,14,1,10,0,1
327,35,29,24,1,4,0,1
294,18,28,22,1,4,0,1
278,11,24,15,1,4,1,1
398,141,7,21,1,4,1,0
402,189,5,20,1,4,1,0
386,103,6,11,1,1,0,0
355,94,9,12,1,2,0,1
352,92,13,17,1,3,0,1
383,96,7,12,1,10,0,0
382,93,6,8,1,3,0,1
383,165,4,11,1,2,0,1
381,165,7,12,1,10,0,1
389,115,5,10,1,1,0,0
391,119,3,6,1,2,0,1
274,294,50,58,1,5,0,0
305,350,11,9,1,2,0,1
287,361,12,8,1,2,0,1
304,348,13,12,1,3,0,1
286,359,14,12,1,10,0,1
198,358,13,4,1,1,0,0
51,300,9,11,1,2,0,1
50,299,13,14,1,10,0,1
170,378,26,9,1,4,1,0
7,249,16,27,1,5,0,0
189,1,23,11,1,5,0,0
