343,251,20,34,1,4,0,0
349,277,24,35,1,4,0,0
357,189,10,22,1,4,0,0
339,158,12,22,1,4,0,0
348,147,10,17,1,4,0,0
358,128,12,16,1,4,0,0
322,102,18,16,1,4,0,0
218,65,27,10,1,4,0,0
261,67,20,12,1,4,0,0
278,61,14,9,1,4,0,0
239,51,13,9,1,4,0,0
225,49,13,9,1,4,0,0
251,51,11,7,1,4,0,0
224,43,11,5,1,4,0,0
219,39,10,5,1,4,0,1
245,40,26,16,1,9,0,0
360,117,11,13,1,4,0,1
365,117,10,12,1,4,0,1
348,96,11,12,1,4,0,1
355,100,8,10,1,4,0,1
363,107,8,10,1,4,0,0
362,105,9,11,1,4,0,2
361,103,8,10,1,4,0,2
374,112,7,10,1,4,0,2
375,115,7,9,1,4,0,2
377,117,7,10,1,4,0,1
340,100,5,6,1,10,0,2
327,98,6,5,1,10,0,2
332,95,5,6,1,10,0,2
321,89,6,6,1,10,0,2
317,85,7,7,1,10,0,2
297,79,10,7,1,10,0,2
191,92,8,6,1,10,0,2
145,103,12,7,1,10,0,2
147,99,8,8,1,2,0,2
192,90,6,6,1,2,0,2
299,78,5,7,1,2,0,2
328,96,4,7,1,2,0,2
317,84,5,6,1,2,0,2
322,88,4,5,1,2,0,2
332,94,4,5,1,2,0,2
340,98,4,7,1,2,0,2
346,97,3,6,1,1,0,0
342,93,3,6,1,1,0,0
335,89,5,7,1,1,0,0
345,95,4,7,1,1,0,2
318,79,6,7,1,1,0,0
157,110,8,13,1,1,0,0
143,91,7,10,1,1,0,0
376,157,3,10,1,1,0,0
375,186,1,11,1,1,0,0
376,250,4,6,1,2,0,2
304,264,10,11,1,2,0,2
276,296,11,10,1,2,0,2
212,341,13,8,1,2,0,2
275,298,10,13,1,10,0,2
302,268,11,18,1,10,0,2
375,251,4,9,1,10,0,2
361,153,13,12,0,0,0,0
378,191,3,7,1,2,0,0
390,227,3,8,1,1,0,0
390,224,3,10,1,1,0,1
390,223,3,9,1,1,0,1
176,366,8,5,1,1,0,0
203,340,6,11,1,1,0,0
158,309,11,13,1,1,0,0
160,258,11,20,1,1,0,0
194,252,9,18,1,10,0,0
386,136,6,9,1,4,0,0
399,143,6,13,1,9,1,0
278,79,7,6,0,0,0,0
370,110,5,9,0,0,0,0
385,125,8,9,0,0,0,0
395,134,4,6,0,0,0,0
