44,67,3,4,1,1,0,0
78,28,22,16,1,5,0,0
108,11,22,12,1,5,1,0
7,239,4,11,1,5,1,1
11,237,7,15,1,5,0,1
19,274,6,11,1,5,1,1
24,278,10,14,1,5,0,1
26,267,10,15,1,4,0,1
33,257,12,17,1,4,0,1
34,289,13,16,1,4,0,0
38,290,13,14,1,4,0,1
40,287,26,28,1,6,0,0
48,277,31,33,1,6,0,0
52,288,38,34,1,6,0,1
54,298,42,35,1,6,0,0
109,320,21,12,0,11,0,2
133,323,24,11,0,11,0,0
36,247,45,51,1,9,0,1
28,220,11,20,1,5,0,1
79,282,20,23,1,4,0,0
86,280,22,25,1,4,0,0
94,278,26,28,1,4,0,0
117,272,28,30,1,4,0,0
133,269,21,23,1,4,0,0
186,251,30,34,1,4,0,0
209,241,31,37,1,4,0,0
165,258,31,35,1,5,0,0
58,233,23,28,1,5,0,1
81,241,31,32,1,5,0,1
85,208,32,32,1,4,0,1
130,180,40,32,1,4,0,1
153,142,6,14,1,1,0,0
246,286,53,28,0,11,0,0
123,180,114,71,1,9,0,1
303,248,47,41,1,6,0,0
355,214,29,37,1,6,0,0
272,236,19,12,1,10,0,0
290,226,9,23,1,10,0,0
305,218,11,15,1,10,0,2
305,209,25,40,1,5,0,0
327,200,19,35,1,4,0,0
342,195,15,30,1,5,0,0
354,185,12,31,1,5,0,0
366,177,8,27,1,5,0,0
373,173,6,25,1,5,0,0
381,171,5,17,0,11,0,0
397,199,4,13,1,4,0,0
392,192,5,12,1,4,0,0
391,167,6,12,1,5,0,0
392,178,5,12,1,5,0,1
386,107,3,6,1,10,0,1
386,107,3,5,1,2,0,1
382,90,9,15,1,4,0,0
377,91,10,15,1,4,0,0
367,89,12,17,1,4,0,0
375,98,14,23,1,9,0,0
354,77,15,19,1,4,0,0
346,67,15,18,1,5,0,0
348,85,17,25,1,4,0,0
331,70,21,23,1,4,0,0
349,86,32,48,1,6,0,0
354,52,13,15,1,4,0,0
229,25,28,14,1,5,0,0
177,79,36,22,1,5,0,0
212,120,43,38,1,5,0,0
263,109,37,35,1,5,0,0
281,82,35,33,1,5,0,0
335,92,19,21,1,5,0,0
316,77,23,23,1,5,0,0
309,86,31,34,1,6,0,0
315,132,25,27,1,5,0,0
265,139,38,36,1,5,0,0
