218,352,5,3,1,10,0,1
218,352,4,2,1,2,0,1
218,339,7,5,1,4,0,0
201,341,7,5,1,4,0,0
207,286,8,12,1,5,0,0
159,290,15,19,1,6,0,0
169,271,10,11,1,5,0,0
157,267,11,10,1,4,0,0
154,236,14,26,1,6,0,0
166,236,10,13,1,4,0,0
161,216,10,11,1,4,0,0
185,200,9,12,1,4,0,0
220,188,13,33,1,9,0,1
203,181,8,15,1,5,0,0
219,145,12,33,1,9,0,1
166,191,8,12,1,4,0,0
156,187,8,14,1,5,0,0
157,175,7,12,1,5,0,0
146,174,8,10,1,4,0,0
165,177,9,10,1,4,0,0
166,163,8,11,1,4,0,0
157,159,8,12,1,4,0,0
140,156,7,10,1,4,0,0
149,149,8,10,1,4,0,0
166,151,8,11,1,4,0,0
175,153,8,11,1,4,0,0
185,154,9,11,1,4,0,0
198,129,15,19,1,6,0,1
207,129,14,10,1,4,0,1
130,137,13,10,1,4,0,1
104,134,13,9,1,4,0,1
101,130,12,9,1,4,0,1
88,122,10,8,1,4,0,0
82,116,14,11,1,9,0,1
101,113,12,9,1,4,0,0
119,109,14,9,1,4,0,0
142,107,12,8,1,4,0,0
182,109,15,8,1,4,0,1
256,119,16,10,1,4,0,1
272,113,29,18,1,9,0,1
315,134,9,10,1,4,0,1
325,137,10,11,1,6,0,2
339,139,9,9,1,9,0,2
350,141,7,9,1,4,0,2
315,123,9,9,1,4,0,1
363,132,9,12,1,9,0,1
386,157,2,3,1,4,0,1
384,153,4,6,1,4,0,1
384,149,4,8,1,6,0,1
389,152,5,9,1,9,0,1
373,124,3,5,1,4,0,1
346,97,4,5,1,4,0,0
343,95,4,5,1,4,0,0
343,92,4,5,1,4,0,0
344,91,4,5,1,9,0,0
339,80,5,6,1,5,0,0
342,85,4,5,1,4,0,1
340,79,6,8,1,6,0,1
387,204,3,5,1,4,0,0
387,202,3,4,1,4,0,1
387,200,2,4,1,4,0,1
387,198,2,4,1,4,0,1
387,196,2,4,1,4,0,1
386,194,3,4,1,4,0,1
36,125,5,14,1,9,0,1
40,120,3,7,1,4,0,1
48,101,3,6,1,4,0,0
54,90,3,5,1,4,0,0
21,155,5,9,1,9,0,1
3,159,2,4,1,5,0,0
4,157,1,4,1,4,0,0
6,151,1,5,1,4,0,0
7,146,2,4,1,4,0,0
8,143,2,4,1,4,0,0
9,139,2,4,1,4,0,0
160,97,18,13,1,6,0,0
147,102,13,7,1,4,0,1
176,91,7,6,1,4,0,0
166,86,7,7,1,4,0,0
179,82,6,6,1,4,0,0
166,68,10,16,1,9,0,0
198,80,6,6,1,4,0,0
207,77,6,11,1,9,0,0
205,72,6,6,1,4,0,1
212,71,7,7,1,4,0,0
202,54,8,9,1,6,0,0
201,45,5,2,1,4,0,0
175,43,6,5,1,4,0,0
180,41,5,3,1,4,0,0
177,31,6,8,1,9,0,0
184,24,4,2,1,4,0,0
181,19,4,3,1,9,0,1
181,15,5,3,1,9,0,1
178,14,5,4,1,9,0,0
186,13,4,3,1,9,0,0
180,1,29,13,0,0,0,0
372,88,11,15,0,0,0,0
