313,298,54,46,1,4,0,2
282,297,56,42,1,4,0,2
81,292,70,40,1,4,0,2
108,294,212,52,1,9,0,1
205,328,97,38,1,4,0,1
100,321,92,39,1,4,0,1
36,279,50,48,1,4,0,1
13,252,19,30,1,4,0,1
4,237,16,33,1,5,1,1
5,210,34,58,1,9,0,0
361,271,11,21,1,1,0,0
2,210,1,9,1,1,0,0
3,212,2,11,1,1,0,0
3,211,1,8,1,1,0,2
4,211,2,10,1,1,0,2
0,196,3,6,1,4,0,1
0,187,1,6,1,5,1,0
10,194,4,7,1,4,0,2
9,184,4,7,1,4,0,2
12,180,4,9,1,4,0,2
15,178,3,8,1,4,0,2
10,177,3,8,1,4,0,2
23,161,15,20,0,0,0,0
28,228,7,18,1,4,0,2
32,232,9,19,1,4,0,2
37,233,15,25,1,4,0,2
47,235,24,30,1,4,0,2
71,246,36,36,1,4,0,1
118,261,52,39,1,4,0,0
71,215,28,20,1,4,0,2
76,211,22,18,1,4,0,2
73,207,27,16,1,4,0,2
79,203,22,17,1,4,0,2
82,200,25,19,1,5,0,2
96,201,24,17,1,4,0,2
100,197,23,17,1,5,0,2
94,191,18,10,1,4,0,2
86,189,15,16,1,4,0,2
76,194,15,14,1,4,0,2
64,186,13,14,1,4,0,2
75,181,18,16,1,5,0,2
83,180,17,12,1,4,0,2
92,176,19,18,1,5,0,2
92,231,29,30,1,4,0,1
110,235,34,31,1,4,0,1
138,239,38,32,1,4,0,1
166,243,41,32,1,4,0,1
198,244,39,34,1,4,0,1
293,240,39,35,1,4,0,1
236,244,63,38,1,4,0,1
323,259,24,31,1,4,0,2
328,291,15,17,1,2,0,1
320,294,25,21,1,3,0,2
