87,326,28,28,1,1,0,0
75,330,15,17,1,1,0,0
255,275,23,36,1,1,0,0
305,253,22,40,1,1,0,0
256,237,18,39,1,1,0,0
345,227,12,32,1,1,0,0
363,240,11,28,1,1,0,0
319,224,10,32,1,1,0,0
227,220,16,38,1,1,0,1
369,171,4,18,1,1,0,1
12,193,2,18,1,1,0,0
16,188,2,12,1,3,0,0
18,189,1,12,1,3,0,1
32,184,3,14,1,3,0,1
30,186,3,13,1,3,0,1
29,187,3,12,1,3,0,1
26,189,2,11,1,3,0,1
23,188,3,11,1,3,0,0
32,208,7,13,1,3,0,2
30,213,9,14,1,3,0,2
31,213,9,16,1,3,0,0
39,246,16,23,1,3,0,0
36,240,13,20,1,10,0,1
37,230,12,17,1,3,0,1
39,235,14,21,1,3,0,2
20,188,2,12,1,10,0,1
318,222,6,16,1,2,0,0
311,219,8,17,1,2,0,0
325,216,8,16,1,1,0,1
369,238,7,18,1,2,0,1
372,248,10,17,1,3,0,2
363,185,7,11,1,10,0,0
359,183,7,11,1,3,0,1
356,177,9,15,1,3,0,1
259,107,23,17,1,4,0,1
246,102,25,14,1,4,0,2
236,145,44,40,1,8,0,0
346,300,22,32,1,1,0,0
39,184,9,14,1,3,0,2
25,190,2,9,1,3,0,1
96,210,23,19,1,3,0,1
54,208,12,20,1,3,0,2
52,263,13,22,1,10,0,0
199,147,34,35,0,11,0,1
252,123,33,21,1,4,0,2
341,171,13,12,1,3,0,2
