44,312,60,54,1,4,1,0
118,358,58,28,1,4,1,0
172,372,52,15,1,5,1,0
303,308,67,55,1,4,0,0
313,293,63,58,1,4,0,1
304,281,48,54,1,4,0,1
192,309,66,39,1,4,0,0
120,328,63,43,1,4,0,0
49,267,57,63,1,4,0,0
62,241,46,55,1,4,0,0
159,200,63,66,1,4,0,0
231,215,44,64,1,4,0,0
81,194,40,65,1,5,0,0
88,174,45,38,1,4,0,1
110,132,34,42,1,4,0,1
196,129,46,49,1,4,0,1
248,147,32,52,1,4,0,1
250,120,35,37,1,6,0,1
325,195,24,41,1,4,0,2
344,174,26,32,1,4,0,2
337,162,30,34,1,4,0,2
326,151,37,38,1,4,0,2
334,147,32,31,1,4,0,2
324,134,27,28,1,4,0,1
308,119,25,28,1,4,0,1
326,115,31,33,1,4,0,0
152,85,40,24,1,4,0,0
321,108,30,25,1,4,0,1
318,102,29,25,1,4,0,2
316,92,33,30,1,4,0,2
319,90,27,26,1,4,0,2
309,85,26,21,1,4,0,2
295,73,19,18,1,4,0,1
296,71,15,14,1,4,0,2
233,93,32,26,1,4,0,0
238,85,33,25,1,4,0,2
235,74,25,20,1,4,0,1
260,77,24,18,1,4,0,0
264,72,18,18,1,5,0,2
238,70,26,15,1,4,0,2
246,62,18,16,1,4,0,1
260,55,17,11,1,4,0,1
286,61,14,11,1,4,0,1
293,62,14,10,1,4,0,1
200,61,26,11,1,4,0,0
126,79,48,20,1,4,0,1
129,68,59,24,1,6,0,1
153,65,36,18,1,4,0,2
211,56,19,11,1,4,0,2
212,53,17,9,1,4,0,2
219,53,15,7,1,4,0,2
207,46,23,10,1,5,0,2
275,35,5,3,1,4,0,0
270,34,5,3,1,4,0,0
271,48,10,7,1,4,0,0
274,48,7,5,1,4,0,2
268,45,10,5,1,4,0,1
246,42,7,4,1,4,0,2
248,42,9,5,1,4,0,2
249,41,9,5,1,5,0,2
254,42,6,3,1,4,0,2
256,42,8,3,1,4,0,2
253,39,10,6,1,5,0,1
278,42,12,13,0,0,0,0
259,36,11,8,0,0,0,0
265,34,7,5,0,0,0,0
