27,264,7,16,1,1,0,0
12,249,5,14,1,1,0,0
11,248,4,13,1,1,0,0
18,254,5,13,1,1,0,1
16,253,4,14,1,1,0,1
28,231,4,16,1,1,0,0
174,291,16,22,1,1,0,0
189,298,11,19,1,1,0,0
197,297,9,20,1,1,0,1
398,227,10,20,1,5,0,1
403,219,8,15,1,4,0,1
411,198,5,12,1,4,0,1
414,189,3,9,1,4,0,1
414,185,3,7,1,4,0,1
416,219,5,14,1,4,0,1
415,229,5,13,1,4,0,1
420,204,2,7,1,4,0,1
420,199,3,7,1,4,0,1
421,195,2,6,1,4,0,1
356,206,21,23,1,5,0,1
367,200,15,21,1,5,0,1
339,227,30,29,1,4,0,1
294,249,49,37,1,4,0,1
306,242,40,33,1,4,0,1
383,186,11,16,1,4,0,1
391,176,9,11,1,4,0,1
395,172,7,10,1,4,0,1
372,245,19,26,1,4,0,1
408,227,13,32,1,6,0,1
58,228,6,19,1,1,0,0
66,228,6,19,1,1,0,0
69,220,7,18,1,1,0,1
65,216,6,21,1,1,0,1
50,230,7,19,1,1,0,0
22,278,8,15,1,1,0,0
22,276,7,15,1,1,0,1
20,273,6,13,1,1,0,1
19,270,7,15,1,1,0,1
9,257,4,12,1,1,0,1
8,256,4,11,1,1,0,1
1,185,4,9,0,0,0,0
406,189,5,8,1,4,0,1
408,186,4,8,1,4,0,1
