315,217,56,103,1,4,0,0
179,358,56,29,1,4,1,0
299,71,47,63,1,4,0,1
157,90,100,71,1,4,0,1
19,159,36,39,1,4,0,1
15,226,43,57,1,4,0,1
15,199,38,45,1,4,0,1
22,120,40,49,1,4,0,1
29,92,46,48,1,4,0,1
36,74,47,46,1,4,0,1
46,58,50,40,1,4,0,1
234,38,54,47,1,4,0,0
233,11,43,25,1,5,0,0
385,123,18,47,1,5,0,0
309,35,33,30,1,4,0,0
279,19,25,16,1,4,0,0
234,2,21,6,1,4,1,0
43,44,25,24,1,4,0,1
9,95,16,31,1,4,0,1
14,85,20,35,1,4,0,1
21,77,23,36,1,4,0,0
31,68,25,35,1,4,0,0
42,60,27,34,1,4,0,0
93,36,53,45,1,5,0,1
18,256,52,60,1,4,0,0
26,285,57,57,1,4,0,0
35,309,62,53,1,4,0,0
19,100,18,39,1,4,0,0
3,130,15,47,1,4,0,0
0,140,10,39,1,4,1,1
274,180,19,38,1,2,0,1
269,184,19,57,1,3,0,1
115,17,11,8,1,1,0,0
83,42,11,12,1,1,0,0
78,44,12,13,1,1,0,1
86,38,13,12,1,1,0,1
63,43,29,23,1,8,0,1
179,22,15,9,1,2,0,1
180,22,14,10,1,10,0,1
179,37,14,14,1,1,0,0
185,32,12,10,1,1,0,1
152,29,34,29,1,8,0,1
127,23,32,15,1,8,0,1
141,21,11,7,1,1,0,1
128,22,11,9,1,2,0,1
127,27,11,9,1,1,0,1
126,23,16,8,1,3,0,1
1,222,4,10,1,3,1,0
386,107,9,18,0,0,0,0
343,58,10,13,1,1,0,0
338,52,10,11,1,1,0,0
309,24,9,7,1,1,0,0
355,63,7,9,1,1,0,0
347,56,8,10,1,1,0,1
350,57,7,9,1,1,0,1
353,60,7,9,1,1,0,1
348,58,31,39,1,6,0,1
331,44,10,10,1,2,0,1
361,60,6,8,1,2,0,1
338,42,7,6,1,2,0,1
330,35,6,6,1,2,1,1
321,30,7,6,1,1,1,0
317,28,6,5,1,1,1,0
328,35,9,7,1,10,0,1
336,41,12,10,1,10,0,1
332,45,9,9,1,3,0,1
347,49,7,7,1,3,0,1
360,61,8,9,1,3,0,1
348,48,7,9,1,1,0,1
332,44,15,13,1,8,0,1
335,45,5,5,1,1,0,1
