236,313,50,25,1,4,0,0
232,256,68,36,1,4,0,0
236,222,58,32,1,4,0,0
241,105,66,42,1,4,0,0
225,49,67,31,1,4,0,0
227,29,53,21,1,4,0,0
367,125,12,46,1,4,0,0
363,270,17,29,1,4,0,0
107,69,60,33,1,4,0,0
132,46,61,23,1,4,0,0
115,13,44,19,1,4,0,0
123,5,40,15,1,4,0,0
217,3,46,13,1,4,0,0
78,153,56,36,1,4,0,0
78,193,52,33,1,4,0,0
81,223,59,39,1,4,0,0
92,256,59,35,1,4,0,0
96,280,57,33,1,4,0,0
115,317,49,23,1,4,0,0
184,343,31,16,1,4,0,0
119,330,50,20,1,4,0,0
136,349,38,11,1,4,1,0
378,255,14,28,1,4,0,2
384,126,12,22,1,4,0,1
378,105,15,23,1,4,0,1
381,129,5,11,1,1,0,0
248,147,33,23,1,10,0,0
101,58,12,17,1,10,0,0
85,35,9,9,1,10,0,0
60,180,6,9,1,1,0,0
49,193,6,13,1,1,0,0
71,268,8,11,1,1,0,0
80,252,7,9,1,1,0,0
99,306,17,11,1,10,0,0
230,299,30,9,1,10,0,0
