269,321,61,32,1,9,1,0
268,327,30,17,1,5,0,0
319,315,21,17,1,4,0,0
362,275,14,19,1,4,0,0
351,266,16,23,1,4,0,0
253,214,24,40,1,4,0,0
271,227,24,42,1,4,0,0
288,163,36,106,1,9,0,0
308,165,32,99,1,9,0,1
285,172,18,45,1,4,0,0
270,175,9,21,1,10,0,1
271,176,8,15,1,2,0,1
164,118,9,8,1,2,0,1
164,115,10,17,1,10,0,1
265,100,25,46,1,4,0,1
290,113,20,41,1,4,0,0
322,114,18,42,1,5,0,0
303,81,23,38,1,5,0,0
222,4,15,9,1,4,0,0
45,243,20,23,1,4,0,0
44,228,19,24,1,4,0,0
32,229,14,21,1,4,0,0
29,213,14,22,1,4,0,0
18,199,6,14,1,4,0,0
