305,317,59,48,1,4,1,0
88,323,111,53,1,4,0,0
57,265,81,70,1,4,0,0
6,180,12,34,1,4,0,0
0,186,5,27,1,4,1,0
376,181,2,16,1,1,0,0
88,66,10,14,1,1,0,0
206,33,10,9,1,1,0,0
132,31,9,9,1,1,0,0
102,36,6,5,1,1,0,0
92,37,7,6,1,1,0,1
101,28,6,5,1,1,0,1
88,40,7,6,1,2,0,0
115,26,5,5,1,1,0,0
112,26,6,4,1,1,0,0
118,26,5,5,1,1,0,1
114,30,5,4,1,1,0,2
114,30,5,5,1,1,0,0
121,26,6,5,1,1,0,0
273,58,10,8,1,2,0,1
274,60,12,12,1,10,0,2
361,108,21,34,1,5,0,0
385,145,14,34,1,4,0,1
399,175,7,32,1,4,0,2
392,149,11,27,1,4,0,0
394,144,10,25,1,4,0,1
395,140,10,25,1,4,0,2
378,112,14,25,1,4,0,1
336,69,25,27,1,4,0,0
389,117,11,22,1,4,0,0
60,53,5,6,1,1,0,1
394,122,7,16,1,4,1,1
383,105,12,20,1,4,0,1
369,87,14,20,1,4,0,0
354,72,15,16,1,4,0,0
331,51,19,17,1,4,0,0
344,59,7,8,1,4,0,1
364,73,12,14,1,4,0,2
315,40,19,14,1,4,0,0
300,31,20,13,1,4,0,0
286,24,18,10,1,4,0,0
286,32,25,16,1,4,0,0
261,14,19,8,1,4,0,2
250,10,15,6,1,4,0,2
233,6,14,4,1,4,0,2
0,160,5,22,1,4,1,0
