187,343,27,21,1,4,0,0
184,374,23,13,1,4,0,0
260,332,27,25,1,4,0,0
315,300,24,29,1,4,0,0
198,258,26,41,1,4,0,0
92,234,25,44,1,5,0,0
174,55,16,10,1,4,0,0
260,218,20,32,1,5,0,0
87,305,30,31,1,4,0,1
102,186,23,39,1,4,0,1
139,101,20,23,1,4,0,1
337,227,14,28,1,4,0,1
53,211,3,11,1,1,0,0
101,62,13,11,1,4,0,0
142,29,14,5,1,4,0,0
169,21,12,4,1,4,0,0
167,26,16,4,1,4,0,0
198,31,8,4,1,4,0,0
235,28,8,5,1,4,0,0
241,21,12,4,1,4,0,0
142,20,8,4,1,4,0,0
139,36,7,5,1,4,0,0
113,54,9,7,1,4,0,0
142,32,9,6,1,4,0,1
163,29,13,4,1,4,0,1
160,31,16,5,1,4,0,1
158,33,16,5,1,4,0,1
149,40,17,6,1,4,0,1
150,37,19,6,1,4,0,1
120,46,12,9,1,4,0,1
131,52,20,9,1,4,0,1
134,50,20,9,1,4,0,1
89,77,16,13,1,4,0,1
163,8,2,1,1,1,0,0
167,7,9,3,1,4,0,1
171,10,7,1,1,10,0,1
204,20,4,1,1,10,0,1
212,29,5,3,1,8,0,1
150,25,3,2,1,1,0,0
148,25,2,2,1,1,0,0
210,24,3,2,1,1,0,0
204,24,2,2,1,1,0,1
98,98,7,11,1,1,0,0
117,322,9,11,1,1,0,0
122,324,12,12,1,1,0,0
335,148,12,23,1,4,0,1
268,46,9,7,1,4,0,1
286,42,10,7,1,4,0,1
295,53,8,7,1,4,0,0
318,108,6,10,1,1,0,0
311,100,6,11,1,1,0,0
324,100,4,8,1,1,0,0
320,98,4,7,1,1,0,0
320,99,3,5,1,1,0,0
310,50,3,3,1,1,0,0
308,48,3,4,1,1,0,0
293,26,1,1,1,1,0,0
305,37,3,3,1,1,0,0
289,50,4,5,1,10,0,1
314,80,5,8,1,10,0,1
307,62,7,6,1,4,0,1
315,81,2,4,1,2,0,0
289,50,3,3,1,2,0,0
205,20,3,1,1,2,0,0
172,10,5,1,1,2,0,0
313,48,3,3,1,1,0,0
375,246,4,10,1,1,0,0
214,30,2,1,1,2,0,0
