253,251,17,22,1,4,0,0
269,176,15,23,1,4,0,0
197,211,17,20,1,4,0,0
128,177,10,23,1,4,0,0
106,219,15,24,1,4,0,0
154,282,20,21,1,4,0,0
235,339,15,10,1,4,0,0
214,349,14,9,1,4,0,0
197,291,17,17,1,4,0,0
166,100,15,16,1,4,0,0
211,84,14,13,1,4,0,0
189,78,13,11,1,4,0,0
300,54,8,8,1,4,0,0
136,78,12,13,1,4,0,0
130,55,10,10,1,4,0,0
156,43,10,6,1,4,0,0
157,52,10,7,1,4,0,0
154,36,9,7,1,4,0,0
142,38,9,7,1,4,0,0
140,31,9,6,1,4,0,0
143,44,9,7,1,4,0,0
156,76,12,14,1,4,0,0
154,143,14,28,1,4,0,0
242,309,19,15,1,4,0,0
62,59,6,6,1,4,0,0
62,59,9,8,1,4,0,0
66,58,8,7,1,4,0,0
71,60,11,8,1,4,0,0
72,69,11,9,1,4,0,1
68,72,13,10,1,4,0,1
62,82,13,13,1,4,0,2
58,88,13,12,1,4,0,2
196,333,14,10,1,5,0,0
244,153,16,23,1,5,0,0
165,57,14,15,1,6,0,0
227,190,17,36,1,6,0,0
218,290,26,28,1,6,0,0
194,359,14,3,1,4,1,0
332,36,4,4,1,4,0,0
351,48,3,4,1,4,0,1
317,36,5,5,1,4,0,0
320,40,4,4,1,4,0,0
331,49,4,4,1,4,0,1
348,134,5,11,1,4,0,2
36,106,2,4,1,1,0,0
56,74,4,6,1,1,0,0
62,42,5,4,1,4,0,0
65,41,5,4,1,4,0,0
72,38,5,4,1,4,0,0
70,38,6,4,1,4,0,2
69,39,6,4,1,4,0,2
69,39,5,4,1,4,0,2
60,44,3,4,1,5,0,0
54,48,3,3,1,4,0,1
394,246,2,4,1,1,0,0
396,231,2,4,1,1,0,0
396,229,2,5,1,1,0,0
400,198,1,5,1,1,0,0
387,205,14,47,0,11,0,2
