293,329,11,8,1,1,0,0
301,328,10,8,1,1,0,0
313,289,9,11,1,1,0,0
249,346,9,6,1,3,0,0
258,331,13,11,1,3,0,0
269,319,16,11,1,3,0,1
281,305,19,15,1,3,0,0
314,255,11,16,1,1,0,0
323,237,8,16,1,1,0,0
253,142,14,22,1,1,0,0
274,138,7,22,1,1,0,0
277,131,12,20,1,1,0,0
261,120,9,18,1,1,0,0
204,134,15,26,1,1,0,0
197,127,14,21,1,1,0,1
210,114,12,20,1,1,0,1
321,115,8,15,1,1,0,0
378,115,5,12,1,1,0,0
151,120,14,26,1,1,0,1
143,104,14,20,1,1,0,0
100,95,11,19,1,1,0,0
115,85,11,17,1,1,0,0
96,75,12,17,1,1,0,0
95,60,10,14,1,1,0,1
93,52,10,12,1,1,0,0
89,52,9,12,1,1,0,0
45,41,22,26,1,9,1,0
