212,341,18,12,1,4,0,0
188,261,23,25,1,4,0,0
101,143,14,22,1,4,0,0
151,83,17,15,1,4,0,0
211,36,10,5,1,4,0,0
180,33,8,6,1,4,0,0
184,17,6,2,1,4,0,0
229,63,16,15,1,4,0,0
215,15,7,3,1,4,0,0
217,10,5,3,1,4,0,0
226,14,7,4,1,4,0,0
201,3,4,1,1,4,0,0
229,42,11,9,1,4,0,1
230,29,8,6,1,4,0,1
203,0,4,0,1,4,0,0
218,1,4,1,1,4,0,0
212,2,4,1,1,4,0,0
211,3,3,2,1,4,0,0
219,5,3,2,1,4,0,0
217,8,6,2,1,4,0,0
228,35,8,6,1,4,0,0
163,193,20,35,1,4,0,0
214,303,21,25,1,5,0,0
119,336,25,17,1,5,0,0
235,274,44,65,1,9,0,0
133,82,16,18,1,5,0,0
234,109,17,29,1,5,0,1
195,50,12,11,1,5,0,0
181,5,10,6,1,9,0,0
218,2,5,3,1,9,0,0
225,5,6,2,1,5,0,1
139,10,10,4,1,5,0,1
153,7,9,3,1,5,0,1
