27,90,5,7,1,4,0,0
32,84,4,6,1,5,0,1
25,100,4,7,1,4,0,1
31,92,6,8,1,5,0,0
19,130,4,11,1,5,0,1
36,97,6,9,1,5,0,1
38,93,6,8,1,4,0,1
45,86,9,10,1,5,0,0
69,64,12,10,1,4,0,1
50,76,10,11,1,4,0,1
65,74,10,9,1,4,0,1
53,91,12,12,1,5,0,1
20,140,5,8,1,4,0,1
18,153,4,7,1,4,0,1
20,161,3,9,1,4,0,1
24,170,4,11,1,4,0,1
24,164,1,3,1,1,0,0
25,161,1,4,1,1,0,0
47,129,10,11,1,5,0,1
42,145,7,10,1,4,0,1
41,274,2,4,1,1,0,0
41,277,2,2,1,1,0,0
41,276,1,2,1,1,0,0
39,270,14,20,1,9,0,1
47,269,22,30,1,9,0,1
54,279,21,26,1,9,0,0
68,290,3,5,1,1,0,0
40,276,27,37,1,9,0,0
105,336,4,3,1,1,0,0
106,335,4,3,1,1,0,0
108,335,3,3,1,1,0,0
72,307,32,28,1,9,0,1
69,300,34,31,1,9,0,1
70,295,35,33,1,9,0,1
75,296,28,26,1,9,0,1
82,297,24,22,1,9,0,0
52,249,27,42,1,9,0,0
47,247,9,17,1,5,0,0
59,227,19,33,1,9,0,1
75,235,41,46,1,9,0,1
76,249,34,37,1,9,0,1
67,249,39,43,1,9,0,1
70,261,37,41,1,9,0,1
68,268,40,42,1,9,0,1
69,276,41,40,1,9,0,1
61,164,23,50,1,9,0,1
129,222,14,21,1,4,0,0
123,60,3,5,1,1,0,0
81,75,4,5,0,0,0,0
129,58,3,5,1,1,0,0
140,48,4,4,1,1,0,1
142,49,2,3,1,1,0,1
143,48,3,3,1,1,0,1
130,121,22,64,1,9,0,0
155,135,13,20,1,4,0,0
158,54,24,28,1,9,0,0
252,46,3,3,1,1,0,0
148,5,36,9,1,9,0,1
220,1,5,2,1,4,0,0
219,5,5,2,1,4,0,0
187,11,12,3,1,4,0,0
207,13,6,3,1,4,0,0
201,21,7,4,1,5,0,0
188,33,10,6,1,4,0,0
199,32,9,6,1,4,0,0
198,4,1,1,1,1,0,0
11,254,3,8,1,4,1,0
