258,300,62,55,1,6,0,0
225,342,32,19,1,5,0,0
319,216,29,53,1,4,0,0
256,64,31,36,1,4,0,0
100,47,25,27,1,5,0,0
167,19,18,11,1,4,0,0
142,9,24,17,1,6,0,0
397,224,6,22,1,4,0,1
392,129,7,18,1,4,0,0
394,124,7,15,1,4,0,0
388,114,8,17,1,4,0,0
364,82,10,16,1,4,0,0
350,53,9,10,1,4,0,0
343,45,9,10,1,4,0,0
338,50,18,23,1,9,0,0
322,33,11,10,1,4,0,0
79,319,8,8,1,1,0,0
33,290,6,9,1,1,0,0
18,263,5,8,1,1,0,0
47,289,6,8,1,2,0,0
56,288,4,6,1,1,0,0
53,281,4,6,1,1,0,0
58,276,7,9,1,1,0,0
53,269,4,6,1,1,0,0
46,248,6,11,1,1,0,0
47,261,5,8,1,2,0,0
46,265,6,10,1,1,0,0
43,264,6,11,1,1,0,0
30,258,6,9,1,2,0,0
18,232,4,9,1,1,0,0
17,232,2,7,1,1,0,0
13,229,3,9,1,1,0,0
13,224,2,7,1,1,0,0
16,214,2,9,1,1,0,0
57,206,4,11,1,1,0,0
37,197,4,13,1,1,0,0
31,194,3,7,1,1,0,0
23,191,2,11,1,2,0,0
31,167,1,9,1,2,0,0
17,148,2,9,1,1,0,0
41,134,7,8,1,1,0,0
27,139,3,6,1,2,0,0
50,92,8,9,1,2,0,0
23,115,3,9,1,1,0,0
35,95,4,8,1,1,0,0
46,73,5,8,1,1,0,0
66,67,4,5,1,2,0,0
68,56,7,7,1,2,0,0
78,44,5,6,1,2,0,0
60,54,5,6,1,1,0,0
89,29,6,5,1,1,0,0
65,46,5,6,1,1,0,0
56,55,4,6,1,1,0,0
70,37,5,5,1,1,0,0
80,30,5,5,1,1,0,0
331,42,4,6,1,1,0,0
339,92,7,13,1,1,0,0
58,55,4,4,1,1,0,0
81,42,5,6,1,2,0,0
49,73,3,4,1,1,0,0
36,95,4,8,1,1,0,0
29,137,2,6,1,2,0,0
24,192,2,6,1,2,0,0
32,168,2,9,1,2,0,0
35,194,3,9,1,1,0,0
35,201,3,11,1,1,0,0
31,191,3,5,1,1,0,0
11,217,3,6,1,1,0,0
14,225,2,8,1,1,0,0
30,289,3,5,1,1,0,0
32,291,3,4,1,1,0,0
81,324,7,6,1,1,0,0
50,296,4,5,1,2,0,0
48,294,4,6,1,2,0,0
