331,287,45,49,1,4,0,0
328,272,48,49,1,4,0,0
331,240,47,62,1,4,0,0
349,179,28,47,1,4,0,0
347,156,26,40,1,4,0,1
336,117,36,48,1,4,0,0
384,132,15,33,1,4,0,0
390,156,12,30,1,4,0,0
394,173,11,31,1,4,0,1
401,186,3,15,1,1,0,2
395,214,12,34,1,4,0,0
383,254,21,37,1,4,0,0
379,271,23,36,1,4,0,0
393,235,13,29,1,8,0,0
399,244,6,15,1,10,0,1
412,216,3,15,1,10,0,1
413,208,3,14,1,10,0,2
393,116,5,12,1,1,0,0
391,112,5,11,1,1,0,2
394,118,5,11,1,2,0,1
380,102,14,24,1,8,0,1
358,80,22,28,1,4,0,0
304,47,23,18,1,4,0,0
330,44,24,20,1,4,0,0
323,38,20,15,1,4,0,1
276,20,27,12,1,4,0,0
274,17,24,11,1,4,0,1
367,84,8,11,1,10,0,1
364,81,9,10,1,10,0,1
367,82,8,10,1,10,0,1
374,91,9,12,1,10,0,0
371,87,8,10,1,10,0,1
372,87,8,10,1,10,0,2
344,47,7,6,1,10,0,1
326,33,8,5,1,10,0,1
330,35,7,5,1,10,0,1
335,38,6,5,1,10,0,0
332,36,8,6,1,10,0,2
333,36,5,4,1,10,0,2
329,33,6,5,1,10,0,1
327,31,7,6,1,10,0,2
302,19,8,4,1,10,0,1
297,16,6,3,1,10,0,2
265,10,35,16,0,11,0,0
260,5,20,7,1,4,0,0
259,4,19,6,1,4,0,2
261,5,16,4,1,4,1,2
236,4,4,2,1,2,0,1
236,4,3,2,1,10,0,2
197,2,11,3,1,6,0,1
205,7,4,2,1,2,0,1
205,7,5,2,1,2,0,2
204,7,6,3,1,10,0,2
172,18,19,8,1,4,0,0
166,29,24,14,1,5,0,0
132,97,16,23,1,1,0,1
134,90,16,23,1,1,0,2
268,264,14,26,1,1,0,1
259,321,13,15,1,1,0,2
255,333,12,12,1,1,0,2
151,195,73,115,1,9,0,0
64,337,8,7,1,2,1,0
56,326,23,23,1,7,1,1
25,241,5,14,1,2,0,1
22,225,5,15,1,2,0,1
23,229,5,14,1,3,0,1
26,246,6,16,1,3,0,1
25,229,11,27,1,8,0,1
35,136,6,17,1,1,0,0
35,134,5,16,1,1,0,0
31,163,4,13,1,2,0,1
31,166,4,15,1,10,0,1
22,166,5,13,1,10,0,1
21,173,4,11,1,10,0,2
20,178,4,11,1,10,0,2
19,183,4,10,1,10,0,2
17,185,4,26,1,8,0,0
17,212,3,11,1,10,0,1
14,215,7,15,1,7,0,1
16,241,6,12,1,10,0,1
15,256,5,11,1,2,0,1
15,255,6,16,1,10,0,2
20,274,10,17,1,10,0,1
28,288,3,6,1,2,0,1
15,266,13,27,1,8,0,0
25,289,7,12,1,10,0,0
27,294,10,17,1,10,0,1
103,51,43,32,1,4,0,0
9,212,3,8,1,2,0,0
10,205,2,13,1,1,0,1
11,196,1,13,1,1,0,1
14,170,2,12,1,1,0,1
12,164,3,12,1,1,0,1
15,167,3,13,1,2,0,1
52,86,10,15,1,7,0,1
71,61,8,9,1,1,0,0
54,76,6,9,1,10,0,0
75,60,8,8,1,10,0,1
76,58,10,9,1,3,0,2
87,47,10,7,1,3,0,1
89,44,9,8,1,7,0,2
96,42,6,5,1,2,0,1
103,40,7,6,1,2,0,1
102,40,10,8,1,7,0,1
95,37,11,9,1,7,0,1
99,32,13,9,1,7,0,1
95,36,6,5,1,2,0,1
95,37,5,5,1,10,0,2
92,34,8,6,1,10,0,0
96,31,8,6,1,3,0,1
101,28,6,5,1,10,0,1
115,20,4,3,1,1,0,0
124,17,6,3,1,2,0,2
123,17,7,4,1,10,0,2
133,13,7,4,1,10,0,1
119,17,13,8,1,5,0,1
137,17,6,4,1,2,0,1
137,17,6,4,1,10,0,2
129,20,6,4,1,2,0,2
128,20,9,5,1,7,0,2
123,15,7,4,0,0,0,0
150,9,5,2,1,2,0,1
150,8,5,3,1,2,0,2
150,9,5,3,1,10,0,2
