74,66,17,23,1,5,0,0
142,11,17,10,1,5,0,0
49,246,20,35,1,4,0,0
62,235,24,43,1,4,0,0
73,142,16,37,1,4,0,0
61,117,15,31,1,4,0,0
167,316,36,28,1,4,0,0
137,126,43,60,1,4,0,0
313,135,23,50,1,4,0,0
235,65,32,33,1,4,0,0
315,46,21,24,1,4,0,0
251,12,22,11,1,4,0,0
129,11,13,9,1,4,0,0
85,35,13,11,1,4,0,0
63,303,37,36,1,6,1,0
386,206,11,34,1,6,0,0
389,212,10,32,1,6,0,1
390,218,11,32,1,6,0,1
392,218,12,37,1,6,0,1
400,162,4,35,1,6,0,0
404,173,3,31,1,6,0,0
34,259,7,12,1,1,0,0
366,89,10,17,1,4,0,0
393,145,4,17,1,4,0,0
399,154,3,16,1,4,0,0
387,124,8,17,1,4,0,1
386,118,7,14,1,4,0,1
403,143,3,11,1,5,0,1
404,149,3,12,1,4,1,0
401,159,3,15,1,4,0,1
386,105,5,13,1,4,0,0
389,109,5,12,1,4,0,0
392,114,5,12,1,4,0,0
396,119,4,11,1,4,0,0
399,123,3,12,1,4,0,0
387,102,6,13,1,4,0,0
391,108,5,12,1,4,0,0
395,113,5,12,1,5,0,0
398,119,4,12,1,4,0,0
342,53,9,10,1,4,0,0
341,49,10,11,1,4,0,0
340,56,11,13,1,4,0,0
337,57,13,15,1,4,0,0
330,47,14,14,1,4,0,1
330,40,15,16,1,4,0,1
336,63,14,17,1,4,0,1
317,27,15,14,1,4,0,0
306,22,14,10,1,4,0,0
124,91,26,31,1,4,0,1
209,6,14,5,1,4,0,1
385,133,6,19,1,4,0,1
382,99,6,14,1,4,0,1
381,95,8,14,1,5,0,1
376,228,4,9,1,1,0,0
377,226,3,11,1,1,0,1
102,30,18,16,1,4,0,2
