306,179,31,51,1,4,0,0
255,160,48,63,1,4,0,0
201,154,62,61,1,4,0,0
148,138,64,58,1,4,0,0
110,132,51,53,1,4,0,0
263,97,44,37,1,4,0,0
227,89,44,32,1,4,0,0
186,87,47,26,1,4,0,0
146,86,49,29,1,4,0,0
77,92,38,37,1,4,0,0
386,175,6,26,1,4,0,0
394,176,5,26,1,4,0,0
381,151,8,22,1,4,0,0
395,139,6,14,1,4,0,0
391,124,4,9,1,4,0,0
384,110,5,9,1,4,0,0
59,131,32,39,1,4,0,1
47,200,47,47,1,4,0,1
16,121,11,20,1,4,0,1
21,181,21,36,1,4,0,2
8,175,9,23,1,4,0,2
2,173,6,18,1,4,0,1
387,145,8,20,1,4,0,1
385,133,7,17,1,4,0,1
363,132,16,23,1,4,0,1
380,139,7,20,1,4,0,1
376,123,9,20,1,4,0,1
388,117,4,9,1,4,0,1
401,154,4,13,1,4,0,1
404,167,3,14,1,4,1,0
378,266,10,20,1,1,0,0
162,340,18,17,1,1,0,0
118,314,24,25,1,1,0,0
102,322,20,21,1,1,0,0
22,114,12,21,1,5,0,0
391,156,6,25,1,5,0,1
6,142,9,23,1,4,0,2
3,145,8,21,1,4,0,2
7,142,11,26,1,4,0,2
12,144,11,24,1,4,0,2
16,145,12,23,1,4,0,2
18,145,14,26,1,4,0,2
43,132,26,40,1,4,0,2
29,142,20,35,1,4,0,2
23,143,18,31,1,4,0,2
224,130,19,32,1,1,0,1
358,115,12,20,1,4,0,2
394,134,5,11,1,4,0,1
399,142,5,12,1,4,0,1
398,138,5,11,1,4,0,2
395,132,6,11,1,4,0,2
391,121,6,12,1,4,0,1
388,114,5,10,1,4,0,1
385,108,5,10,1,4,0,1
382,106,5,9,1,4,0,1
383,105,7,11,1,4,0,2
375,94,5,7,1,4,0,0
371,88,5,6,1,4,0,0
368,82,3,5,1,4,0,0
373,91,5,7,1,4,0,2
379,98,4,7,0,0,0,0
375,91,3,5,0,0,0,0
363,76,4,5,1,4,0,0
360,73,4,4,1,4,0,0
358,69,2,2,1,4,0,0
350,61,2,3,1,4,0,0
343,59,3,4,1,4,0,2
