10,131,7,18,1,1,0,0
58,110,13,28,1,1,0,0
46,180,8,28,1,1,0,0
30,184,5,21,1,1,0,0
21,178,6,19,1,1,0,0
14,176,4,20,1,1,0,0
9,176,3,14,1,1,0,0
6,168,3,16,1,1,0,0
1,170,3,16,1,1,0,0
2,211,3,12,1,1,0,0
7,211,4,13,1,1,0,0
18,220,6,16,1,1,0,0
30,236,8,19,1,1,0,0
48,245,14,29,1,1,0,0
28,274,12,19,1,1,0,0
19,261,10,19,1,1,0,0
32,311,11,13,1,1,0,0
137,12,10,6,1,1,0,0
244,64,21,26,1,1,0,0
227,87,16,29,1,1,0,0
226,76,21,21,1,1,0,1
224,67,22,23,1,1,0,1
89,183,21,47,1,1,0,0
356,254,10,21,1,1,0,0
350,254,12,24,1,1,0,0
379,169,6,22,1,1,0,0
384,168,4,19,1,1,0,0
381,159,5,20,1,1,0,1
379,159,5,22,1,1,0,1
310,73,15,21,1,1,0,1
317,77,15,22,1,1,0,1
338,57,10,13,1,1,0,1
300,27,12,11,1,1,0,0
338,59,12,15,1,1,0,0
346,59,10,14,1,1,0,0
393,251,6,15,1,1,0,0
