85,22,22,16,1,4,0,1
85,32,7,6,1,1,0,1
99,23,9,7,1,1,0,0
71,32,23,20,1,4,0,1
55,42,28,29,1,5,0,1
35,64,29,38,1,4,0,1
18,95,25,48,1,4,0,1
40,66,36,50,1,4,0,1
37,106,39,111,1,4,0,0
9,147,12,50,1,4,0,1
2,196,21,69,1,4,0,0
33,313,11,13,1,1,0,0
9,259,39,70,1,4,1,0
173,376,52,11,1,4,1,0
100,331,71,52,1,4,0,0
75,234,73,103,1,4,0,0
142,241,75,99,1,4,0,1
350,322,15,16,1,1,0,0
322,332,24,24,1,10,0,1
289,285,84,71,1,5,0,0
284,293,24,32,1,1,0,1
306,261,70,66,1,4,0,1
309,226,66,70,1,4,0,1
314,178,60,68,1,4,0,1
297,123,73,67,1,5,0,1
270,62,75,61,1,5,0,1
283,89,76,67,1,4,0,1
266,49,73,47,1,4,0,1
222,9,52,16,1,4,0,1
232,11,51,21,1,5,0,1
211,7,7,4,1,1,0,0
265,24,11,7,1,2,0,0
275,25,10,8,1,1,0,0
148,9,23,10,1,4,0,1
157,3,19,8,1,4,0,1
237,65,18,29,1,1,0,0
253,90,22,38,1,1,0,0
208,63,18,28,1,1,0,0
144,84,70,101,1,4,0,1
100,47,52,58,1,4,0,1
81,98,59,115,1,5,0,1
