159,332,17,12,1,4,0,0
142,344,19,12,1,4,0,0
181,263,19,19,1,4,0,0
204,189,20,23,1,4,0,0
255,71,14,15,1,4,0,0
227,53,10,7,1,4,0,0
221,35,7,4,1,4,0,0
262,24,8,5,1,4,0,0
282,29,6,5,1,4,0,0
260,14,6,4,1,4,0,0
232,12,6,2,1,4,0,0
188,1,11,2,1,4,0,1
164,1,10,3,1,4,0,1
150,280,22,20,1,5,0,0
185,167,19,24,1,4,0,0
280,146,27,19,1,4,0,1
230,25,8,5,1,5,0,0
278,22,6,4,1,5,0,0
255,15,6,5,1,5,0,0
236,6,12,4,1,4,0,0
188,82,28,51,1,9,0,0
236,15,11,10,1,9,0,0
239,14,5,3,1,4,0,2
266,49,9,10,1,4,0,1
263,330,5,4,1,1,0,0
257,333,5,4,1,1,0,0
260,330,6,4,1,1,0,1
250,327,8,8,0,0,0,0
209,0,9,1,1,4,1,0
231,1,10,2,1,5,1,0
195,0,9,2,1,4,0,1
178,0,9,2,1,4,1,0
129,8,8,4,1,4,1,0
317,174,2,8,1,1,0,0
382,131,4,9,1,4,0,1
379,124,5,11,1,4,0,1
365,90,4,6,1,4,0,0
362,84,5,8,1,4,0,1
