237,362,55,23,1,4,1,0
257,326,48,38,1,4,0,1
280,280,42,47,1,4,0,0
291,240,33,43,1,4,0,0
306,197,21,37,1,4,0,0
347,240,26,44,1,4,0,0
13,180,8,21,1,4,0,0
42,166,18,31,1,4,0,0
29,159,14,23,1,4,0,0
23,161,8,18,1,4,0,0
128,76,23,15,1,4,0,0
309,170,20,32,1,4,0,1
309,147,24,26,1,4,0,1
385,236,16,34,1,4,0,0
385,220,14,27,1,4,0,0
383,206,14,25,1,4,0,1
380,194,13,22,1,4,0,1
403,182,4,10,1,4,0,1
404,187,3,10,1,4,0,0
382,261,16,28,1,4,1,1
377,278,15,27,1,4,1,0
281,115,23,24,1,4,0,0
309,122,17,22,1,4,0,0
283,104,21,18,1,4,0,1
274,86,16,19,1,4,0,1
304,107,16,18,1,4,0,1
301,98,14,15,1,4,0,1
396,168,7,16,1,4,0,0
353,138,20,24,1,4,0,0
254,51,8,5,1,4,0,0
268,50,7,6,1,4,0,0
259,47,6,4,1,4,0,0
230,31,10,5,1,4,0,0
240,32,9,4,1,4,0,0
340,103,20,25,1,4,0,1
343,114,18,18,1,4,0,1
353,194,14,32,1,4,0,0
354,176,11,22,1,4,0,1
372,130,10,18,1,4,0,0
369,118,9,14,1,4,0,0
363,113,10,12,1,4,0,1
360,107,13,15,1,4,0,1
326,91,19,17,1,4,0,1
336,92,13,12,1,4,0,1
315,71,21,26,0,0,0,0
352,99,12,13,1,4,0,1
344,90,10,10,1,4,0,1
399,201,2,16,1,1,0,0
401,206,2,16,1,1,0,0
74,103,8,12,1,1,0,0
18,166,2,13,1,1,0,0
17,165,2,13,1,1,0,0
382,257,7,18,1,1,0,0
400,176,2,13,1,1,0,0
402,177,1,12,1,1,0,0
394,169,2,13,1,1,0,0
341,229,10,26,1,1,0,0
82,86,7,11,1,1,0,0
309,311,53,52,1,5,1,1
28,142,8,18,1,5,0,1
31,128,20,36,1,6,0,1
100,105,30,25,1,4,0,1
93,74,36,33,1,9,0,0
139,62,18,11,1,4,0,0
22,138,11,15,1,4,0,2
46,113,12,17,1,4,0,0
179,45,8,3,1,4,0,0
181,39,21,8,1,9,0,1
105,70,7,9,1,1,0,0
54,87,11,10,1,4,0,1
133,59,4,6,1,1,0,0
205,42,10,4,1,4,0,0
215,49,12,5,1,4,0,0
254,76,6,7,1,1,0,0
267,78,7,8,1,1,0,0
261,44,6,4,1,4,0,0
268,45,5,3,1,4,0,1
264,33,8,4,0,0,0,0
262,39,5,3,0,0,0,0
269,39,5,3,0,0,0,0
341,261,12,29,1,1,0,1
346,259,9,26,1,1,0,1
395,164,8,16,1,4,0,1
396,173,1,9,1,1,0,0
362,114,4,9,1,1,0,0
375,116,3,7,1,1,0,1
376,117,3,6,1,1,0,1
390,152,7,13,1,4,0,2
378,126,5,11,0,0,0,0
383,136,5,11,0,0,0,0
387,144,4,10,0,0,0,0
390,146,3,8,0,0,0,0
334,125,15,24,1,5,0,1
296,88,15,15,1,5,0,1
282,74,12,12,1,5,0,1
280,80,14,11,1,4,0,0
296,81,10,10,1,4,0,1
291,75,12,10,1,4,0,2
