311,344,30,19,1,4,0,2
372,233,16,22,1,4,0,1
374,224,14,18,1,4,0,1
378,197,12,18,1,4,0,1
380,191,11,13,1,4,0,1
386,156,7,14,1,4,0,2
349,110,21,22,1,5,0,1
298,90,31,19,1,4,0,1
364,78,3,4,1,1,0,0
369,81,8,10,1,4,0,0
362,72,9,10,1,4,0,0
348,55,19,20,0,0,0,0
297,43,17,9,1,4,0,1
292,35,16,9,1,4,0,1
280,23,13,7,1,4,0,1
269,19,3,2,1,1,0,0
267,19,3,2,1,1,0,0
257,26,8,4,1,4,0,0
125,31,13,6,1,4,0,1
64,92,26,21,0,0,0,0
69,95,6,7,1,10,0,0
48,112,12,15,1,5,0,1
48,103,18,18,0,0,0,0
70,57,8,8,1,4,0,1
64,61,8,8,1,4,0,0
58,72,6,7,1,4,0,0
48,82,7,9,1,4,0,0
45,87,5,8,1,8,0,1
65,57,7,6,1,4,0,1
70,52,8,6,1,4,0,0
72,51,6,5,1,4,0,1
74,48,7,6,1,4,0,1
78,44,8,7,1,4,0,0
60,63,6,5,0,0,0,0
397,105,4,7,1,4,0,1
396,103,4,7,1,4,0,1
395,102,4,6,1,4,0,1
400,110,4,7,1,4,0,1
401,113,4,6,1,4,0,1
404,118,4,8,1,4,0,1
406,122,4,7,1,4,0,1
416,139,3,6,1,4,0,1
406,114,4,7,1,4,0,2
414,245,5,13,1,4,0,0
416,229,5,12,1,4,0,1
418,204,3,9,1,4,0,0
419,177,3,7,1,4,0,1
419,158,4,13,1,9,0,2
116,83,5,7,1,2,0,1
113,84,12,8,1,10,0,1
124,66,7,8,1,10,0,0
77,338,26,20,1,4,0,1
