46,57,2,3,1,1,0,0
48,58,1,2,1,1,0,0
73,62,9,12,1,4,0,0
68,63,9,10,1,4,0,0
64,64,8,12,1,4,0,0
60,65,8,11,1,4,0,1
57,67,7,10,1,4,0,1
54,67,7,9,1,4,0,1
50,66,8,12,1,5,0,2
33,103,5,10,1,5,0,2
38,105,5,10,1,4,0,0
41,104,6,10,1,4,0,0
44,103,6,11,1,4,0,1
50,105,7,12,1,4,0,1
54,105,8,14,1,4,0,1
59,106,7,13,1,4,0,0
10,141,3,7,1,5,0,0
48,189,5,15,1,5,0,1
12,253,5,10,1,6,0,0
41,277,7,9,1,4,0,0
59,309,9,9,1,5,0,0
68,319,10,8,1,4,0,0
43,294,9,9,1,4,0,0
43,292,7,8,1,4,0,0
46,301,7,7,1,4,0,0
42,288,8,10,1,5,0,0
41,284,8,10,1,5,0,0
41,280,7,9,1,5,0,1
47,303,8,9,1,4,0,0
69,321,8,6,1,4,1,0
134,338,13,6,1,4,0,0
169,348,16,5,1,4,0,0
189,349,16,4,1,4,0,0
171,346,17,4,1,4,0,0
176,336,17,6,1,4,0,0
196,344,14,3,1,4,0,0
192,346,14,4,1,4,0,0
198,340,16,4,1,4,0,0
199,336,16,4,1,4,0,0
207,328,17,6,1,4,0,0
184,325,16,5,1,4,0,0
188,307,21,7,1,4,0,0
193,302,18,6,1,4,0,0
117,274,19,12,1,4,0,0
86,273,12,11,1,4,0,0
87,299,15,11,1,4,0,0
84,292,16,12,1,4,0,0
116,329,15,8,1,4,0,0
115,325,15,8,1,4,0,0
115,321,16,9,1,4,0,0
132,322,17,9,1,4,0,0
135,314,15,7,1,4,0,0
136,303,18,10,1,4,0,0
136,298,20,11,1,4,0,0
136,291,21,11,1,4,0,0
116,281,20,13,1,4,0,0
116,299,18,11,1,5,0,0
116,314,16,10,1,5,0,0
116,309,15,10,1,5,0,0
116,305,17,11,1,5,0,0
88,307,14,11,1,5,0,0
139,283,22,13,1,5,0,0
188,314,20,7,1,5,0,0
186,319,18,7,1,5,0,0
207,323,18,6,1,5,0,0
84,60,9,10,1,4,0,1
64,105,7,13,1,4,0,1
107,113,13,19,1,4,0,1
147,123,16,24,1,4,0,1
74,107,11,17,1,4,0,1
111,58,12,13,1,4,0,1
90,59,9,11,1,4,0,1
95,58,12,14,1,4,0,1
153,61,15,13,1,4,0,0
165,62,15,12,1,4,0,0
180,63,12,14,1,4,0,0
193,66,15,15,1,4,0,0
146,36,3,3,1,1,0,0
232,48,5,3,1,1,0,0
319,98,12,11,1,4,0,0
83,213,12,21,1,4,0,1
94,219,12,18,1,4,0,1
110,227,13,19,1,4,0,0
129,235,15,23,1,4,0,0
153,245,16,20,1,4,0,0
175,256,16,20,1,4,0,0
191,258,11,15,1,4,0,0
210,263,18,20,1,4,0,0
264,272,13,16,1,4,0,0
286,273,15,18,1,4,0,0
280,273,13,16,1,4,0,0
272,271,14,19,1,4,0,0
302,273,11,16,1,4,0,1
308,273,11,15,1,4,0,0
314,273,10,15,1,4,0,1
320,272,9,13,1,4,0,1
295,273,12,16,1,5,0,0
254,269,17,19,1,5,0,0
244,269,15,18,1,5,0,0
235,265,15,19,1,5,0,0
375,78,1,3,1,1,0,0
370,79,1,2,1,1,0,0
374,79,2,2,1,1,0,0
373,73,2,1,1,1,0,0
373,71,1,2,1,1,0,0
374,72,1,2,1,1,0,0
372,71,2,2,1,1,0,0
378,72,2,2,0,0,0,0
