15,278,7,13,1,4,1,0
5,237,6,16,1,4,0,0
3,221,6,15,1,4,0,0
5,173,3,11,1,4,0,1
5,166,5,11,1,4,0,1
7,156,5,13,1,5,0,1
10,142,5,12,1,4,0,0
12,137,5,10,1,4,0,1
16,121,6,13,1,4,0,1
20,110,7,12,1,4,0,1
39,70,7,8,1,4,0,1
46,63,8,7,1,4,0,1
117,24,3,2,1,2,0,1
115,24,6,3,1,10,0,1
142,9,3,2,1,1,0,0
96,37,21,14,1,4,0,0
117,33,15,11,1,4,0,1
125,34,17,13,1,4,0,1
122,48,19,17,1,4,0,1
118,98,32,42,1,4,0,1
143,207,37,54,1,4,0,1
56,222,6,21,1,10,0,0
214,337,37,25,1,5,0,1
359,223,48,93,1,6,0,0
298,73,62,93,1,6,0,0
263,14,13,6,1,4,0,0
275,16,13,6,1,4,0,0
321,26,3,3,1,1,0,0
323,26,25,18,0,11,0,1
379,69,11,15,1,6,0,0
381,71,13,17,0,11,0,1
378,65,9,10,1,6,1,0
388,77,7,10,0,11,0,1
