12,109,6,11,1,6,0,1
51,50,12,13,1,5,0,0
36,67,11,13,1,4,0,0
77,44,18,14,1,5,0,0
72,53,16,13,1,4,0,0
56,63,14,12,1,4,0,0
45,67,12,12,1,4,0,0
16,95,14,21,1,6,0,0
32,84,10,13,1,4,0,1
38,91,11,14,1,4,0,1
52,76,12,13,1,4,0,1
66,71,20,18,1,4,0,1
70,63,17,15,1,4,0,1
60,66,13,13,1,4,0,1
57,52,21,19,1,9,0,1
39,85,12,13,1,5,0,1
28,99,9,13,1,5,0,1
27,93,10,13,1,5,0,1
21,106,8,10,1,4,0,0
43,76,12,14,1,4,0,0
92,27,5,4,1,1,0,0
97,29,5,4,1,1,0,0
114,23,4,3,1,1,0,0
115,24,4,3,1,1,0,0
113,21,5,4,1,1,0,0
119,20,4,3,1,1,0,0
106,25,4,2,1,1,0,0
118,20,3,3,1,1,0,1
120,19,3,2,1,1,0,1
117,38,15,14,1,4,0,0
137,24,21,21,1,9,0,0
131,7,11,7,1,5,1,0
144,8,11,7,1,4,0,0
193,0,9,3,1,4,1,0
181,0,9,3,1,4,1,0
97,115,17,28,1,4,0,0
121,167,17,29,1,4,0,0
126,336,18,15,1,4,0,0
131,311,20,19,1,5,0,0
278,325,4,3,1,1,0,1
265,324,5,3,1,1,0,1
267,322,4,3,1,1,0,1
351,223,3,5,1,1,0,0
363,238,2,5,1,1,0,0
221,2,4,1,1,1,0,1
326,40,10,11,1,4,0,1
337,47,8,9,1,4,0,1
341,50,9,9,1,4,0,1
328,78,24,22,1,9,0,1
365,101,13,17,1,9,0,1
331,86,39,37,1,9,0,1
366,105,23,30,1,9,0,1
348,109,22,23,1,9,0,0
324,102,20,16,1,4,0,0
312,86,22,18,1,4,0,0
371,124,9,13,1,4,0,0
383,132,6,12,1,4,0,0
397,143,4,7,1,4,0,0
394,133,4,8,1,4,0,1
389,135,8,13,1,9,0,1
310,78,11,8,1,10,0,1
312,78,7,7,1,2,0,1
315,237,8,8,1,10,0,1
321,226,8,6,1,10,0,1
324,226,5,5,1,2,0,1
318,237,4,7,1,2,0,1
346,203,2,6,1,1,0,0
385,228,2,4,1,1,0,1
395,220,1,3,1,1,0,0
399,218,1,4,1,1,0,0
387,221,1,3,1,1,0,0
391,104,5,10,1,4,0,0
371,72,7,11,1,4,0,1
377,78,5,10,1,4,0,1
382,83,6,10,1,9,0,1
377,80,1,3,1,1,0,1
364,74,3,4,1,1,0,0
