2,143,4,15,1,6,0,0
247,339,21,15,1,4,0,0
203,293,18,21,1,4,0,0
260,252,25,30,1,4,0,0
305,301,4,6,1,1,0,0
327,277,6,9,1,1,0,0
303,284,8,10,1,1,0,0
266,161,16,26,1,4,0,0
158,198,19,28,1,5,0,0
249,113,16,21,1,4,0,0
234,78,16,20,1,4,0,0
252,75,14,16,1,4,0,0
233,58,11,10,1,4,0,0
165,58,13,10,1,5,0,0
224,34,12,10,1,6,0,0
244,52,12,9,1,4,0,0
215,30,8,5,1,4,0,0
238,31,9,6,1,4,0,0
196,24,8,3,1,4,0,0
187,20,7,4,1,5,0,0
177,20,7,3,1,4,0,0
190,14,6,2,1,4,0,0
201,12,5,1,1,4,0,0
221,10,8,6,1,9,0,0
221,7,5,2,1,4,0,0
220,4,4,2,1,5,0,0
214,3,4,1,1,4,0,1
226,2,4,2,1,5,0,1
220,1,3,2,1,4,0,0
214,1,4,2,1,4,0,0
214,0,3,2,1,4,0,1
219,0,4,2,1,4,0,1
