32,70,2,2,0,0,0,0
34,68,1,2,0,0,0,0
31,72,1,3,0,0,0,0
30,74,2,3,0,0,0,0
32,71,1,2,0,0,0,0
45,73,2,3,1,1,0,0
32,90,2,4,1,1,0,0
28,104,2,5,0,0,0,0
50,81,3,4,1,1,0,0
53,77,2,4,1,1,0,0
55,72,2,4,1,1,0,0
54,80,2,4,1,1,0,0
55,76,3,4,1,1,0,0
56,72,3,4,1,1,0,0
60,71,2,3,1,1,0,0
60,72,3,4,1,1,0,0
26,123,2,5,1,10,0,2
27,126,2,4,1,10,0,1
31,131,2,4,1,10,0,0
175,16,2,1,1,1,0,0
178,14,2,1,1,1,0,0
168,25,3,2,1,1,0,0
165,27,3,3,1,1,0,0
166,26,3,3,1,1,0,1
180,11,12,6,1,9,0,0
201,8,14,6,1,9,0,1
210,9,11,7,1,9,0,0
220,11,2,2,1,1,0,0
201,20,1,1,1,1,0,0
217,0,8,4,1,9,1,0
223,0,9,5,1,9,0,0
234,1,27,10,1,9,0,1
238,3,20,9,1,9,0,1
230,3,26,9,1,9,0,1
230,4,27,10,1,9,0,1
233,6,26,11,1,9,0,1
226,7,29,9,1,9,0,1
240,12,18,8,1,9,0,1
234,12,22,9,1,9,0,1
226,12,32,12,1,9,0,1
224,13,32,12,1,9,0,1
226,16,31,12,1,9,0,1
289,18,19,15,1,9,0,1
269,9,7,3,1,4,0,0
273,13,8,4,1,4,0,0
288,24,8,5,1,5,0,0
313,43,9,9,1,5,0,0
290,41,13,8,1,4,0,0
370,82,6,8,1,4,0,1
330,59,9,10,1,4,0,0
327,65,10,11,1,4,0,0
360,106,8,14,1,4,0,0
357,115,7,14,1,4,0,0
385,164,4,7,1,4,0,0
380,158,7,43,1,9,0,0
402,164,3,6,1,5,0,0
401,132,1,3,1,1,0,0
402,134,0,2,0,0,0,0
402,134,1,3,0,0,0,0
398,127,1,4,0,0,0,0
396,125,1,2,0,0,0,0
392,113,3,6,1,4,0,1
387,103,4,7,1,5,0,0
389,255,1,4,1,1,0,0
378,253,8,16,1,5,0,0
362,173,12,18,1,9,0,1
348,185,10,13,1,5,0,0
255,117,25,17,1,5,0,0
325,194,15,14,1,4,0,0
130,168,24,18,1,4,0,0
75,208,18,19,1,5,0,0
162,248,75,37,1,9,0,0
140,296,27,15,1,4,0,0
198,282,28,14,1,5,0,0
94,283,22,18,1,5,0,0
39,253,10,13,1,5,0,0
59,294,14,15,1,4,0,0
192,358,19,3,1,4,0,0
191,351,13,6,0,11,0,0
167,351,13,7,1,5,0,0
72,312,25,19,1,6,0,0
50,296,13,14,1,4,0,0
45,303,8,8,1,4,1,0
32,290,7,9,1,4,1,0
25,260,7,12,1,5,0,0
18,271,14,21,1,6,0,1
24,163,1,4,1,1,0,0
15,187,10,23,1,9,0,1
21,179,4,9,1,4,0,0
28,167,5,11,1,4,0,0
35,154,6,12,1,4,0,0
43,138,9,13,1,4,0,0
71,102,12,14,1,4,0,0
88,82,15,15,1,4,0,0
56,118,12,17,1,5,0,0
104,51,37,31,1,9,0,0
356,255,10,12,1,4,0,0
