168,328,17,13,1,4,0,0
223,324,37,13,1,4,0,0
235,345,19,13,1,4,0,0
222,335,36,13,1,4,0,0
285,319,28,17,1,4,0,0
286,330,26,15,1,4,0,0
306,263,26,20,1,4,0,0
230,176,39,18,1,4,0,0
307,221,25,19,1,4,0,0
283,100,13,17,1,4,0,0
298,103,12,18,1,4,0,0
266,80,24,14,1,4,0,0
212,98,11,17,1,4,0,0
195,67,13,9,1,4,0,0
177,63,11,10,1,4,0,0
189,38,9,6,1,4,0,0
12,107,3,5,1,4,0,1
14,103,3,6,1,4,0,1
16,101,3,5,1,4,0,1
17,98,3,6,1,4,0,2
18,97,3,5,1,4,0,2
20,93,3,6,1,4,0,1
207,0,4,1,1,4,0,0
219,1,3,1,1,4,0,0
208,2,3,1,1,4,0,0
206,4,4,1,1,4,0,0
206,3,4,1,1,4,0,1
194,4,4,1,1,4,0,0
199,9,6,2,1,4,0,0
189,9,5,2,1,4,0,0
208,8,9,2,1,4,0,0
167,16,11,3,1,4,0,1
177,7,9,2,1,4,0,2
162,20,12,4,1,4,0,2
162,18,12,4,1,4,0,2
153,24,14,5,1,4,0,2
154,26,13,5,1,4,0,2
151,32,8,5,1,4,0,2
131,52,18,9,1,4,0,1
134,48,16,9,1,4,0,2
137,45,17,9,1,4,0,2
120,67,18,11,1,4,0,1
115,80,24,14,1,4,0,1
107,88,22,15,1,4,0,2
95,102,24,17,1,4,0,2
87,126,24,15,1,4,0,1
121,98,18,19,1,4,0,0
196,27,7,4,1,5,0,0
222,18,14,4,1,4,0,0
220,17,13,3,1,4,0,1
221,16,11,2,1,4,0,2
222,15,11,3,1,4,0,2
223,14,10,3,1,4,0,2
220,10,10,2,1,4,0,2
220,8,10,2,1,4,0,2
222,11,11,3,1,4,0,0
220,7,10,2,1,4,0,1
236,13,5,2,1,4,0,0
242,13,3,2,1,4,0,0
263,18,6,3,1,4,0,0
248,13,11,4,1,4,0,0
265,15,6,3,1,4,0,0
243,31,11,5,1,4,0,0
224,28,15,4,1,4,0,0
256,49,19,9,1,4,0,1
244,74,25,11,1,4,0,1
261,62,16,8,1,4,0,1
277,63,19,10,1,4,0,1
277,59,17,10,1,4,0,1
280,67,19,11,1,4,0,1
308,106,12,18,1,4,0,0
246,11,9,3,1,4,0,0
246,11,9,2,1,4,0,2
246,10,8,3,1,4,0,2
241,9,9,2,1,4,0,2
246,16,10,3,1,4,0,2
247,17,10,3,1,4,0,2
247,18,12,3,1,4,0,2
248,19,11,3,1,4,0,2
266,44,18,10,1,4,0,0
265,41,17,8,1,4,0,1
262,38,16,7,1,4,0,1
262,39,16,8,1,4,0,2
259,35,16,7,1,4,0,1
257,33,14,6,1,5,0,1
259,34,16,8,1,5,0,2
253,30,15,6,1,4,0,2
254,28,15,6,1,4,0,2
254,27,14,6,1,4,0,2
250,24,13,5,1,4,0,1
254,25,14,5,1,4,0,1
252,22,11,4,1,5,0,1
251,21,12,4,1,4,0,2
250,20,12,5,1,4,0,2
262,48,18,9,1,4,0,1
261,65,16,10,1,5,0,1
223,31,15,5,1,4,0,0
224,26,14,5,1,4,0,1
223,34,20,6,1,4,0,1
228,37,15,5,1,4,0,1
224,39,20,5,1,4,0,1
223,41,21,6,1,4,0,1
226,43,20,6,1,4,0,1
225,45,21,7,1,4,0,1
227,48,21,7,1,4,0,1
227,51,23,8,1,4,0,1
220,55,37,16,1,6,0,1
233,63,35,15,1,6,0,1
249,88,27,14,1,4,0,1
253,97,29,13,1,4,0,1
252,119,30,13,1,4,0,1
253,125,30,13,1,4,0,1
253,133,32,17,1,4,0,1
232,142,35,16,1,4,0,1
230,152,36,17,1,4,0,1
233,163,38,17,1,4,0,1
258,106,26,18,1,5,0,1
291,156,27,15,1,4,0,1
303,149,23,15,1,4,0,1
298,139,24,15,1,4,0,1
297,134,24,14,1,4,0,1
303,166,22,14,1,4,0,1
305,174,22,16,1,4,0,1
308,184,20,17,1,4,0,1
302,194,25,18,1,4,0,1
302,204,26,19,1,4,0,1
303,214,26,19,1,4,0,1
304,235,30,23,1,5,0,1
283,237,18,23,1,5,0,0
302,255,26,22,1,5,0,1
308,248,24,19,1,4,0,2
287,297,28,18,1,5,0,1
69,211,14,25,1,4,0,1
227,222,5,13,1,1,0,0
233,220,6,14,1,1,0,0
319,322,6,7,1,1,0,0
325,316,6,6,1,1,0,0
329,302,7,9,1,1,0,0
326,299,6,8,1,1,0,0
330,279,7,9,1,1,0,0
338,276,5,9,1,1,0,0
337,270,6,9,1,1,0,0
332,298,7,9,1,1,0,1
325,309,4,4,1,1,0,0
340,247,4,9,1,1,0,0
342,246,4,7,1,1,0,0
343,171,2,9,1,1,0,0
341,173,2,11,1,1,0,0
337,173,3,11,1,1,0,0
329,165,3,12,1,1,0,0
335,145,3,9,1,1,0,0
332,126,3,9,1,1,0,0
321,108,4,9,1,1,0,0
235,91,5,12,1,1,0,0
220,163,7,17,1,1,0,0
244,87,6,10,1,1,0,0
314,90,4,8,1,1,0,0
310,89,5,9,1,1,0,0
304,73,4,7,1,1,0,0
300,75,6,8,1,1,0,0
296,65,5,6,1,1,0,0
298,61,4,5,1,1,0,0
292,57,6,7,1,1,0,0
289,48,4,5,1,1,0,0
285,44,3,4,1,1,0,0
273,27,3,3,1,1,0,0
271,26,2,3,1,1,0,0
263,23,4,3,1,1,0,0
218,23,2,2,1,1,0,0
220,26,3,3,1,1,0,0
220,32,3,4,1,1,0,0
266,21,3,3,1,1,0,0
272,21,3,3,1,1,0,0
260,14,2,2,1,1,0,0
255,11,3,2,1,1,0,0
257,14,3,2,1,1,0,0
257,14,2,2,1,1,0,1
268,19,3,2,1,1,0,1
270,19,3,3,1,1,0,1
269,24,3,3,1,1,0,1
279,34,3,3,1,10,0,0
283,56,5,6,1,10,0,0
307,88,4,8,1,1,0,0
304,86,5,7,1,1,0,1
294,83,15,12,1,7,0,2
310,102,5,10,1,1,0,2
337,118,4,9,1,1,0,0
334,118,4,9,1,1,0,0
335,115,4,9,1,1,0,2
260,13,2,1,1,1,0,0
259,12,2,2,1,1,0,0
258,10,9,3,1,6,0,0
267,13,4,3,1,4,0,1
329,104,4,8,1,1,0,1
301,72,5,7,1,1,0,1
224,24,5,3,1,10,0,0
346,247,4,9,1,10,0,0
327,273,5,9,1,3,0,0
318,283,8,9,1,10,0,2
316,302,10,9,1,10,0,0
336,288,6,7,1,10,0,0
337,290,6,8,1,10,0,0
311,318,11,9,1,10,0,0
312,321,9,9,1,10,0,0
311,331,7,6,1,10,0,0
327,317,7,7,1,10,0,0
325,297,7,10,1,10,0,0
341,291,5,7,1,1,0,0
341,289,5,7,1,1,0,0
223,354,6,5,1,1,0,0
228,354,6,4,1,1,0,0
96,327,8,6,1,1,0,0
91,322,9,9,1,1,0,0
