36,292,4,5,1,1,0,0
34,280,4,6,1,1,0,0
36,280,4,6,1,1,0,0
107,318,21,17,1,5,0,0
307,327,17,12,1,9,1,0
365,261,24,41,1,9,1,0
368,260,19,33,1,9,0,0
368,258,17,30,1,9,0,0
362,257,20,33,1,9,0,1
359,256,20,34,1,9,0,0
355,252,22,36,1,9,0,0
331,285,28,34,1,9,0,0
336,287,26,32,1,9,0,0
344,283,25,33,1,9,0,0
27,78,5,7,1,5,0,1
30,74,6,7,1,5,0,1
34,61,18,22,1,6,0,0
49,46,25,26,0,11,0,1
88,38,3,3,1,1,0,0
49,229,17,20,1,4,0,1
77,238,23,29,1,5,0,1
62,243,22,30,1,5,0,1
71,254,24,29,1,5,0,1
119,143,9,17,1,10,0,1
120,146,7,12,1,2,0,1
120,144,8,11,1,2,0,1
62,106,5,9,1,1,0,1
91,45,3,5,1,1,0,0
126,28,4,4,1,1,0,0
111,43,3,4,1,1,0,0
119,40,5,5,1,1,0,1
119,39,6,5,1,1,0,1
176,1,2,1,1,1,1,0
173,1,2,1,1,1,1,0
157,86,6,10,1,2,0,1
164,87,6,10,1,2,0,1
167,80,4,7,1,2,0,1
170,73,5,6,1,2,0,1
173,67,5,6,1,2,0,1
174,62,5,7,1,2,0,1
174,63,5,7,1,3,0,1
172,68,6,7,1,3,0,1
169,74,7,9,1,3,0,1
166,81,7,8,1,3,0,1
158,88,5,10,1,3,0,1
165,88,5,12,1,3,0,1
266,95,8,7,1,2,0,1
268,112,8,8,1,2,0,0
332,82,28,28,1,6,0,2
323,81,33,35,1,6,0,1
312,80,33,33,1,6,0,1
290,71,34,32,1,6,0,1
322,95,30,33,1,6,0,1
375,163,12,23,1,6,0,1
353,50,18,25,0,11,1,1
365,68,16,27,0,11,0,1
369,70,3,5,0,11,0,1
368,69,5,7,0,11,0,1
369,69,3,4,0,11,0,1
398,134,3,11,0,11,0,0
399,150,5,23,1,6,0,1
385,144,8,20,1,6,0,1
