260,203,27,42,1,4,0,0
99,199,24,38,1,4,0,0
18,254,26,41,1,4,0,0
10,249,22,41,1,4,0,0
33,200,22,40,1,4,0,0
31,172,17,36,1,4,0,0
92,75,37,39,1,4,0,0
69,79,21,22,1,4,0,0
160,28,22,14,1,4,0,0
125,38,29,19,1,4,0,0
131,24,16,10,1,4,0,0
171,8,15,6,1,4,0,0
193,1,9,4,1,4,0,0
155,7,10,5,1,4,0,0
177,0,9,4,1,4,0,0
148,5,10,4,1,4,0,0
160,3,9,3,1,4,0,0
312,47,12,10,1,4,0,0
336,49,10,10,1,4,0,0
359,65,7,8,1,4,0,0
353,58,7,7,1,4,0,0
366,72,6,6,1,4,0,1
363,68,5,6,1,4,0,1
360,63,6,7,1,4,0,1
355,57,8,10,1,5,0,1
333,42,7,7,1,4,0,0
328,41,10,9,1,4,0,0
320,39,13,11,1,4,0,0
316,40,13,10,1,4,0,0
317,39,13,11,1,4,0,1
282,18,11,5,1,4,0,1
259,13,13,7,1,4,0,1
257,10,10,5,1,4,0,0
115,17,8,5,1,4,0,0
14,108,9,20,1,9,0,0
14,131,11,24,1,6,0,1
16,135,10,26,1,6,0,0
14,131,9,21,1,6,0,1
13,127,9,23,1,6,0,1
11,124,10,26,1,6,0,1
10,124,10,24,1,6,0,1
8,123,9,21,1,6,0,0
2,162,7,20,1,6,0,0
1,157,5,20,1,6,0,1
0,155,5,18,1,6,0,1
0,148,4,15,1,6,0,1
8,120,5,11,1,6,0,1
216,8,10,4,1,4,0,0
197,41,19,14,1,4,0,0
224,18,11,8,1,4,0,0
0,183,3,14,1,4,0,1
0,180,3,15,1,4,0,1
33,273,19,28,1,4,0,1
60,281,8,10,1,1,0,0
75,309,8,9,1,1,0,0
88,321,8,8,1,1,0,0
87,323,6,5,1,1,0,0
82,318,9,8,1,1,0,0
71,319,9,9,1,1,0,0
384,84,9,17,1,6,0,0
25,83,7,9,1,4,0,1
25,81,7,10,1,4,0,1
23,87,5,8,1,4,0,1
19,91,7,11,1,4,0,1
18,90,5,8,1,4,0,1
17,89,6,10,1,4,0,1
26,79,6,8,1,4,0,1
31,74,6,8,1,4,0,1
30,74,6,8,1,4,0,1
38,64,7,8,1,5,0,1
36,64,8,10,1,5,0,1
