218,309,19,16,1,4,0,0
297,278,20,25,1,4,0,0
317,107,9,12,1,4,0,0
287,128,11,15,1,4,0,0
305,141,9,15,1,4,0,0
253,198,14,17,1,4,0,0
232,73,8,6,1,4,0,0
235,59,9,7,1,4,0,0
263,63,9,8,1,4,0,0
271,44,5,4,1,4,0,0
239,48,6,5,1,4,0,0
252,23,4,3,1,4,0,0
264,25,3,2,1,4,0,0
245,14,3,1,1,4,0,0
246,35,3,2,1,4,0,0
273,51,6,6,1,4,0,0
262,97,10,11,1,5,0,0
225,82,11,10,1,5,0,0
192,182,16,19,1,5,0,0
243,250,18,22,1,5,0,0
260,41,5,3,1,5,0,0
259,35,5,4,1,5,0,0
251,29,8,6,1,9,0,0
214,100,20,42,1,9,0,0
147,281,47,52,1,9,0,0
153,348,22,12,1,5,0,0
299,197,12,17,1,4,0,1
322,202,10,19,1,4,0,2
234,170,17,19,1,4,0,2
239,32,5,3,1,4,0,2
235,35,10,9,1,9,0,0
225,47,12,11,1,9,0,0
211,67,2,4,1,1,0,0
210,64,2,3,1,1,0,0
214,60,3,4,1,1,0,0
220,50,3,3,1,1,0,0
218,49,3,4,1,1,0,0
216,53,3,3,1,1,0,0
224,43,2,1,1,1,0,0
248,26,3,2,1,4,0,0
222,74,2,5,1,1,0,2
222,77,3,4,1,10,0,2
221,44,3,2,1,1,0,0
