347,306,11,10,1,4,1,0
291,329,19,11,1,4,0,0
73,322,14,11,1,4,1,0
25,283,10,12,1,5,1,0
204,314,12,13,1,4,0,0
182,194,18,26,1,4,0,0
121,125,12,17,1,4,0,0
104,120,13,19,1,4,0,0
114,105,14,17,1,4,0,0
108,76,23,29,1,6,0,0
94,88,22,29,1,6,0,0
96,81,15,14,1,4,0,1
109,74,11,12,1,4,0,1
98,70,12,14,1,4,0,0
107,67,10,10,1,4,0,0
96,62,13,12,1,5,0,0
104,56,13,11,1,5,0,0
122,49,11,10,1,4,0,0
96,55,10,10,1,4,0,0
104,47,9,8,1,4,0,0
96,47,10,8,1,4,0,0
102,37,12,11,1,6,0,0
107,32,9,7,1,5,0,1
96,36,10,9,1,5,0,0
62,45,22,19,1,9,0,1
70,44,13,11,1,6,0,2
65,52,6,6,1,4,0,1
66,48,6,7,1,4,0,0
113,20,8,5,1,4,0,0
160,16,13,5,1,5,0,0
151,16,13,5,1,4,0,1
165,11,17,6,1,9,0,0
222,217,13,17,0,0,0,0
392,171,1,3,1,1,0,0
