155,10,32,21,1,5,0,0
119,42,60,64,1,4,0,0
140,15,10,7,1,1,0,0
213,0,22,6,1,4,1,0
219,7,24,12,1,4,0,0
222,18,38,24,1,4,0,0
55,189,12,37,1,1,0,1
69,184,91,128,1,4,0,0
262,7,39,16,1,4,1,0
276,14,44,24,1,4,0,0
311,68,44,72,1,5,0,0
346,88,32,60,1,4,0,1
347,76,13,18,1,1,0,1
352,56,24,26,1,4,1,0
369,78,22,30,1,4,0,1
379,92,7,13,1,1,0,0
367,99,23,50,1,4,0,1
380,109,19,45,1,4,0,1
388,115,17,46,1,4,0,1
364,185,8,25,1,1,0,0
395,121,9,31,1,4,1,0
349,250,20,29,1,3,0,1
357,248,10,23,1,2,0,1
380,220,21,41,1,4,0,0
378,264,12,19,1,3,0,1
385,262,4,10,1,2,0,1
6,200,21,43,1,4,0,0
2,210,5,22,1,3,0,1
