388,186,5,29,1,1,0,0
369,252,13,27,1,2,0,1
282,273,31,37,1,2,0,1
293,206,18,41,1,2,0,1
13,188,1,15,1,2,0,1
319,52,8,8,1,2,0,1
290,34,9,6,1,2,0,1
18,100,4,7,1,7,0,2
11,118,3,8,1,1,0,0
9,127,4,11,1,8,0,0
10,129,2,5,1,2,0,2
1,139,9,36,1,6,0,2
13,190,2,17,1,7,0,1
12,213,9,33,1,8,0,1
7,219,82,137,1,6,1,0
367,256,14,28,1,10,0,2
283,280,26,36,1,10,0,2
290,214,21,45,1,10,0,2
325,126,17,31,1,2,0,2
318,107,29,59,1,7,0,2
285,106,33,63,1,8,0,0
319,53,11,11,1,10,0,2
292,35,9,8,1,10,0,2
284,27,7,6,1,3,0,1
283,27,8,5,1,2,0,1
282,24,6,4,1,2,0,2
282,24,7,5,1,10,0,2
245,33,15,12,1,1,0,0
291,28,7,5,1,2,0,2
302,31,5,4,1,2,0,1
303,28,6,5,1,2,0,2
298,24,5,4,1,2,0,1
291,28,9,6,1,7,0,1
302,32,7,5,1,10,0,2
303,29,7,5,1,10,0,2
299,25,5,4,1,10,0,2
292,20,5,3,1,10,0,2
292,19,4,3,1,2,0,2
305,27,5,4,1,1,0,2
337,44,6,6,1,1,0,0
323,35,6,5,1,10,0,1
304,27,20,13,1,5,0,1
261,11,16,7,1,6,0,0
260,10,10,4,1,5,0,2
285,16,8,4,1,8,0,0
285,14,5,3,1,2,0,2
285,14,8,4,1,7,0,2
277,10,7,4,1,7,0,0
274,9,7,3,1,6,0,1
269,7,3,2,1,2,0,2
280,10,3,2,1,2,0,1
282,10,3,2,1,2,0,1
269,8,4,1,1,10,0,2
280,10,3,2,1,10,0,2
282,11,3,2,1,10,0,2
270,7,4,2,1,8,0,1
274,8,11,4,0,0,0,0
238,7,12,5,1,4,0,2
240,6,10,4,1,4,0,2
224,6,15,4,1,4,0,2
312,36,32,30,0,11,0,0
383,85,13,17,1,4,0,1
389,96,5,8,1,2,0,2
390,98,5,7,1,10,0,2
398,107,4,8,1,2,0,1
398,108,5,9,1,7,0,1
414,132,2,8,1,2,0,1
414,134,2,7,1,10,0,1
140,12,4,2,1,1,0,0
121,13,13,7,0,0,0,0
263,7,6,3,1,4,0,2
264,6,5,3,1,4,0,2
