27,254,44,70,1,1,0,0
36,262,36,59,1,1,0,1
64,212,35,78,1,1,0,1
88,236,33,73,1,1,0,0
90,205,37,92,1,1,0,1
248,278,50,64,1,1,0,1
371,266,25,44,1,1,0,0
178,74,22,57,1,1,0,0
301,106,26,64,1,1,0,0
323,118,20,60,1,1,0,0
325,89,20,31,0,11,0,1
164,54,24,28,1,10,0,0
193,38,24,11,1,10,0,1
205,24,49,24,1,8,0,1
237,32,14,15,1,1,0,2
244,32,14,16,1,1,0,1
262,16,32,16,0,11,0,1
245,9,18,7,1,6,0,1
259,12,18,8,1,6,0,1
282,19,27,13,1,6,0,1
349,139,20,50,0,11,0,1
370,140,14,52,1,3,0,1
391,127,7,20,1,1,0,1
393,127,7,21,1,1,0,1
394,120,5,16,1,1,0,1
393,116,5,14,1,1,0,1
391,112,5,13,1,1,0,1
384,105,6,14,1,1,0,1
384,102,7,14,1,1,0,1
388,106,5,12,1,1,0,0
380,91,5,8,1,1,0,0
382,93,4,8,1,1,0,0
382,90,5,8,1,4,0,1
368,82,6,9,1,10,0,1
366,83,8,10,1,10,0,1
364,86,9,11,1,10,0,1
363,90,10,14,0,0,0,0
357,85,12,15,0,0,0,0
324,64,21,20,1,3,0,1
376,86,5,9,1,1,0,1
338,55,7,7,0,0,0,0
389,103,3,6,1,1,0,0
198,9,2,2,1,1,0,0
370,141,14,45,1,2,0,1
