29,305,8,11,1,5,0,0
52,320,14,15,1,4,0,1
7,251,3,9,1,4,1,0
21,151,7,11,1,4,0,1
52,204,14,14,1,5,0,0
90,232,36,24,1,5,0,1
253,39,13,13,1,5,0,0
208,20,10,8,1,4,0,0
228,4,8,3,1,4,0,0
270,125,17,33,1,4,0,0
95,154,32,22,1,4,0,1
151,38,25,11,1,4,0,1
293,59,22,15,1,4,0,1
317,183,20,30,1,4,0,1
309,228,25,24,1,4,0,1
297,283,20,28,1,4,0,1
121,364,22,9,1,4,0,1
237,375,5,3,1,1,0,0
253,192,6,9,1,1,0,0
181,53,6,7,1,1,0,1
286,63,6,6,1,1,0,0
367,108,9,13,1,4,0,1
353,73,10,13,1,4,0,1
312,319,20,17,1,4,0,0
361,277,12,20,1,4,0,0
367,272,11,19,1,4,0,0
372,268,10,19,1,4,0,0
376,267,8,17,1,4,0,0
379,263,8,20,1,4,0,0
384,257,7,17,1,4,0,0
384,263,7,17,1,4,0,0
388,257,7,18,1,4,0,0
390,256,7,16,1,4,0,0
392,256,6,15,1,4,0,0
358,276,13,20,1,4,0,0
363,258,13,22,1,4,0,0
327,284,19,24,1,4,0,0
335,287,17,23,1,4,0,0
286,277,20,28,1,4,0,0
319,284,18,23,1,4,0,0
273,358,23,12,1,4,0,0
262,367,21,9,1,4,0,1
322,141,13,31,1,4,0,1
313,107,16,30,1,4,0,1
313,264,23,22,1,4,0,1
344,282,16,24,1,4,0,0
352,282,13,19,1,5,0,0
277,307,19,22,1,5,0,0
286,317,25,18,1,5,0,1
305,288,19,27,1,5,0,1
281,344,18,15,1,5,0,1
252,350,18,15,1,6,0,0
347,265,20,23,1,6,0,0
372,284,11,15,1,6,0,1
383,275,8,12,1,5,0,0
272,355,22,11,1,4,0,1
264,370,22,9,1,4,0,1
150,365,6,5,1,10,0,0
154,367,6,5,1,10,0,0
