76,32,5,4,1,10,0,1
77,33,3,3,1,2,0,1
103,25,4,4,1,1,0,0
174,0,8,5,1,4,1,0
150,20,11,9,1,4,0,0
213,23,14,13,1,4,0,0
206,60,16,22,1,4,0,0
156,27,18,24,1,9,0,0
211,121,19,49,1,5,0,0
118,82,18,29,1,4,0,0
133,133,18,36,1,4,0,0
139,292,20,25,1,4,0,0
136,339,18,14,1,4,0,0
182,349,15,11,1,4,0,0
227,339,16,14,1,4,0,0
204,299,22,34,1,6,0,0
243,339,4,3,1,1,0,0
238,351,4,2,1,1,0,0
238,356,3,1,1,1,0,0
268,342,5,2,1,1,0,0
273,340,5,2,1,1,0,0
273,345,3,3,1,1,0,0
276,344,5,2,1,1,0,0
301,284,5,7,1,1,0,0
272,46,6,7,1,1,0,0
305,121,6,10,1,1,0,0
301,91,5,8,1,1,0,0
269,23,5,4,1,1,0,0
300,25,3,3,1,1,0,0
367,69,3,3,1,1,0,0
352,57,3,3,1,1,0,0
351,57,3,4,1,1,0,1
319,32,3,2,1,1,0,1
330,39,2,1,1,2,0,1
323,35,4,3,1,2,0,1
322,35,5,4,1,10,0,1
328,38,5,4,1,10,0,1
383,81,1,2,1,1,0,1
