13,195,15,57,1,4,0,0
29,74,28,47,1,5,0,0
52,42,30,33,1,5,0,0
17,144,13,47,1,5,0,1
62,30,24,18,1,4,1,0
32,76,9,13,1,10,0,0
21,129,9,23,0,11,0,1
297,340,41,28,1,5,1,1
228,364,35,22,1,4,1,0
197,334,48,43,1,6,0,0
209,209,56,101,1,5,0,0
262,212,44,81,1,5,0,0
241,319,46,44,1,4,0,1
351,239,29,57,1,5,0,0
379,205,5,21,1,3,0,0
344,296,14,15,1,10,0,0
261,375,10,5,1,1,0,1
278,364,9,5,1,1,0,1
268,367,10,5,1,1,0,1
309,340,10,9,1,1,0,0
248,131,17,25,1,1,0,0
190,118,14,13,1,2,0,1
189,106,16,38,1,10,0,1
247,34,42,41,1,4,0,1
309,53,37,52,1,6,0,2
230,2,23,12,1,4,0,1
259,95,58,92,1,4,0,1
50,316,44,45,1,5,0,0
33,301,36,45,1,4,0,0
139,341,15,9,1,2,0,1
140,339,14,15,1,3,0,1
33,312,8,10,1,1,0,0
29,309,8,9,1,1,0,1
345,194,33,46,1,4,0,1
