95,19,19,12,1,4,0,1
100,17,16,10,1,4,0,1
103,15,17,9,1,4,0,1
166,19,14,9,1,4,0,0
171,28,16,13,1,4,0,0
111,75,30,19,1,4,0,1
105,84,32,20,1,4,0,1
99,96,39,22,1,4,0,1
130,104,10,12,1,1,0,0
166,95,20,30,1,4,0,1
97,137,32,22,1,4,0,1
98,153,30,22,1,4,0,1
94,171,31,22,1,4,0,2
93,205,33,23,1,4,0,1
92,222,34,23,1,4,0,1
92,236,32,23,1,4,0,1
91,248,37,27,1,5,0,1
100,277,36,22,1,4,0,1
103,288,33,20,1,4,0,1
107,299,35,20,1,4,0,2
112,317,33,16,1,4,0,2
114,325,32,15,1,4,0,1
119,333,28,13,1,4,0,0
118,338,29,13,1,4,0,1
123,345,28,11,1,4,1,0
199,353,26,8,1,4,0,0
188,335,36,7,1,4,0,2
185,323,43,10,1,5,0,0
184,312,40,10,1,4,0,0
182,299,44,13,1,4,0,2
180,286,47,14,1,4,0,2
186,270,45,17,1,4,0,1
183,238,49,20,1,4,0,0
173,137,22,42,1,5,0,0
327,32,9,8,1,4,1,1
333,36,7,6,1,4,1,1
337,39,9,8,1,4,1,0
344,50,11,12,1,4,0,1
348,52,8,9,1,4,0,1
349,46,9,11,1,4,0,1
24,280,9,13,1,4,0,1
