124,234,17,22,1,4,0,0
193,302,15,16,1,4,0,0
119,322,17,14,1,4,0,0
185,183,18,30,1,4,0,0
127,93,11,13,1,4,0,0
157,85,10,11,1,4,0,0
169,52,8,7,1,4,0,0
145,51,8,7,1,4,0,0
190,49,8,7,1,4,0,0
172,42,7,5,1,4,0,0
174,16,4,2,1,4,0,0
169,14,4,2,1,4,0,0
164,20,5,2,1,4,0,0
180,21,5,3,1,4,0,0
192,28,6,4,1,4,0,0
211,27,5,4,1,4,0,0
199,14,6,2,1,4,0,0
198,8,4,1,1,4,0,0
179,7,4,1,1,4,0,0
197,0,3,1,1,4,0,0
182,1,4,1,1,4,0,0
112,157,10,24,1,4,0,1
216,347,14,9,1,4,0,1
144,348,16,10,1,4,1,0
179,11,4,3,1,5,0,0
184,6,4,2,1,5,0,0
202,23,6,3,1,5,0,0
201,37,8,6,1,5,0,0
160,24,7,5,1,4,0,0
136,119,13,19,1,5,0,0
217,262,22,26,1,5,0,0
154,284,25,21,1,5,0,0
333,211,3,10,1,1,0,0
272,222,6,11,1,1,0,0
164,33,8,7,1,4,0,2
36,194,2,11,1,1,0,0
