93,342,70,42,1,4,1,0
223,368,17,8,1,1,0,0
246,363,20,11,1,1,0,0
263,308,31,31,1,1,0,1
275,275,25,40,1,1,0,1
308,251,23,42,1,1,0,1
325,247,20,38,1,1,0,0
316,255,72,79,1,4,0,1
333,219,57,74,1,4,0,0
81,249,99,112,1,4,0,1
369,137,13,30,1,10,0,1
132,75,76,103,1,5,0,2
305,61,65,63,1,4,0,0
303,51,58,48,1,4,0,1
296,40,56,41,1,4,0,1
293,32,49,33,1,4,0,1
4,172,18,74,1,4,0,0
13,106,31,68,1,4,0,0
37,61,41,53,1,4,0,0
68,36,36,31,1,4,0,0
93,19,34,23,1,4,0,1
119,8,27,14,1,4,0,1
136,4,20,8,1,4,1,1
219,0,17,5,1,4,1,0
211,5,23,10,1,5,0,1
294,20,16,10,1,10,0,0
255,7,8,6,1,1,0,0
284,22,13,10,1,1,0,0
298,27,13,11,1,2,0,1
298,27,13,12,1,10,0,1
