206,322,17,19,1,4,0,0
69,276,24,20,1,4,0,0
76,289,23,18,1,4,0,0
156,105,21,38,1,4,0,0
207,37,14,13,1,4,0,0
108,65,20,25,1,4,0,0
63,126,20,19,1,4,0,0
60,142,21,22,1,4,0,0
55,163,16,29,1,4,0,0
98,161,14,41,1,5,0,0
101,204,17,44,1,5,0,0
87,208,15,38,1,4,0,1
85,166,12,37,1,4,0,1
74,193,12,39,1,4,0,1
80,244,29,23,1,4,0,1
59,236,22,21,1,4,0,0
131,25,14,11,1,4,0,1
118,27,16,13,1,4,0,1
109,42,16,16,1,4,0,1
96,51,18,18,1,4,0,1
236,39,17,14,1,4,0,2
233,28,15,13,1,4,0,1
58,114,20,18,1,4,0,0
61,102,18,18,1,5,0,0
117,51,16,16,1,5,0,0
122,33,19,18,1,6,0,0
98,70,16,20,1,5,0,1
105,56,15,16,1,4,0,1
56,215,21,20,1,4,0,0
56,188,16,24,1,4,0,0
112,366,19,9,1,4,0,1
130,364,16,10,1,4,0,0
121,356,22,11,1,4,0,1
114,344,24,13,1,4,0,1
107,327,26,15,1,4,0,1
99,331,28,16,1,4,0,1
110,349,24,12,1,4,0,1
283,335,23,13,1,4,0,1
352,300,13,16,1,4,0,1
386,265,6,11,1,5,0,0
401,196,3,7,1,4,0,0
389,139,6,11,1,4,0,0
397,197,4,8,1,4,0,1
393,198,4,9,1,4,0,1
387,200,5,9,1,4,0,1
380,201,7,11,1,5,0,1
362,65,11,14,1,9,0,1
307,32,17,11,1,4,0,1
278,22,32,15,1,5,0,0
139,6,8,4,1,4,1,1
112,14,17,8,1,4,0,0
256,23,14,8,1,8,0,1
242,21,15,8,1,8,0,1
235,4,3,2,1,1,0,1
219,3,9,5,1,4,0,0
218,0,8,3,1,4,1,1
258,92,20,30,1,4,0,1
263,121,20,35,1,5,0,1
324,242,5,5,1,1,0,0
314,245,5,7,1,1,0,1
336,247,4,6,1,1,0,1
241,379,11,5,1,4,1,2
259,359,7,6,1,10,0,0
256,358,6,6,1,10,0,0
263,355,8,3,1,3,0,0
279,357,10,6,1,10,0,0
281,353,10,5,1,10,0,0
158,371,14,9,1,6,0,0
11,265,6,11,1,4,0,1
9,231,6,12,1,4,0,0
16,235,7,12,1,4,0,1
3,236,5,10,1,4,1,1
22,109,9,13,1,4,0,1
9,156,5,11,1,4,0,1
