59,266,132,116,1,6,0,1
233,232,70,74,1,4,0,0
326,232,37,53,1,4,0,0
199,25,30,9,1,4,0,0
26,159,12,42,1,4,0,0
34,94,19,31,1,4,0,0
94,24,15,11,1,4,0,0
171,17,25,9,1,4,0,0
152,14,21,8,1,4,0,0
136,13,17,7,1,4,0,0
126,10,22,10,1,6,0,0
118,11,13,7,1,4,0,0
112,13,12,6,1,4,1,0
38,64,9,12,1,4,1,0
351,71,16,19,1,4,1,0
367,89,14,21,1,4,1,0
24,79,23,39,1,9,0,1
26,125,5,13,1,1,0,0
30,116,6,14,1,1,0,0
28,69,9,11,1,4,1,0
35,64,7,8,1,4,0,1
42,55,7,8,1,4,1,0
40,58,8,9,1,4,0,1
38,58,12,13,1,4,0,1
51,48,8,8,1,4,0,1
42,64,3,5,1,1,0,0
44,64,6,7,1,1,0,1
46,63,4,6,1,1,0,1
61,51,4,6,1,10,0,1
61,51,5,4,1,2,0,1
234,381,7,4,1,1,0,0
208,382,7,3,1,1,0,0
297,62,11,12,1,1,0,0
292,65,9,11,1,1,0,0
101,170,8,15,1,2,0,1
100,176,13,24,1,3,0,1
182,6,20,4,1,5,0,1
234,6,20,5,1,4,0,1
264,12,18,8,1,5,0,1
313,324,42,37,1,5,1,0
335,56,14,13,1,4,0,1
354,83,15,19,1,4,0,1
364,95,13,19,1,4,0,1
371,105,13,20,1,4,0,0
379,118,10,18,1,4,0,0
385,127,9,20,1,4,0,0
391,139,8,18,1,4,0,0
396,150,6,17,1,4,0,0
400,159,5,17,1,4,0,1
398,141,7,20,1,4,1,0
391,264,4,8,1,2,0,1
388,262,7,16,1,3,0,1
354,288,34,45,1,4,0,0
