119,366,66,21,1,4,1,0
57,335,39,27,1,5,1,0
11,231,30,54,1,4,0,0
25,97,34,77,1,4,0,1
86,25,65,54,1,5,0,1
267,42,73,84,1,4,0,1
313,65,54,86,1,4,0,0
346,93,37,78,1,4,0,0
322,42,46,43,1,4,0,0
184,2,61,13,1,4,0,0
395,146,11,57,1,4,0,0
390,162,5,14,1,1,0,0
302,189,17,24,1,1,0,0
307,35,15,13,1,1,0,0
344,51,11,12,1,1,0,0
310,52,26,24,1,10,0,1
344,80,17,21,1,3,0,1
363,99,14,20,1,3,0,1
191,28,59,37,1,4,0,1
135,23,66,46,1,4,0,1
338,224,12,16,1,1,0,1
396,130,6,17,1,10,0,0
15,135,6,12,1,2,0,1
19,111,8,15,1,1,0,0
3,147,5,11,1,2,0,1
15,133,9,15,1,3,0,1
2,146,6,17,1,3,0,1
