41,50,14,17,1,5,1,0
32,61,16,20,1,4,0,1
23,74,16,24,1,4,0,1
14,89,16,31,1,5,0,1
4,116,14,36,1,4,0,1
8,114,17,45,1,4,0,0
32,72,27,43,1,4,0,0
49,73,15,24,1,1,0,0
70,42,13,12,1,1,0,0
76,38,12,11,1,1,0,0
0,155,7,43,1,4,1,1
102,13,23,12,1,9,1,0
89,30,36,29,1,4,0,0
139,4,30,12,1,5,0,1
150,8,28,12,1,4,0,0
174,6,25,8,1,4,0,0
205,0,37,7,1,4,0,1
221,3,39,11,1,4,0,1
206,44,70,50,1,4,0,1
144,92,75,102,1,4,0,1
289,82,58,75,1,4,0,1
301,61,54,66,1,4,0,1
235,84,76,84,1,5,0,1
248,40,61,55,1,5,0,1
268,19,27,16,1,10,0,1
276,27,48,29,1,4,0,1
296,40,45,33,1,4,0,1
383,164,16,70,1,4,0,1
292,271,78,86,1,4,0,0
235,258,87,90,1,4,0,0
280,176,81,135,1,6,0,1
246,348,22,15,1,1,0,0
0,201,8,40,1,4,1,1
4,237,19,55,1,4,1,1
22,294,17,29,1,4,1,1
328,250,65,93,1,5,0,1
380,250,13,28,1,10,0,1
386,249,7,15,1,1,0,1
270,342,58,36,1,4,1,0
315,333,35,27,1,4,1,0
