80,28,11,10,1,1,0,0
88,30,12,11,1,1,0,0
73,52,10,11,1,1,0,0
10,151,5,20,1,1,0,0
8,149,5,18,1,1,0,0
6,143,5,20,1,1,0,0
5,141,5,18,1,1,0,0
48,85,13,21,1,1,0,0
69,56,17,20,1,1,0,0
68,53,11,13,1,1,0,0
57,65,13,18,1,1,0,0
116,37,20,17,1,1,0,0
295,35,15,14,1,1,0,0
319,46,12,15,1,1,0,0
376,81,7,11,1,1,0,0
375,80,7,11,1,1,0,1
370,69,6,9,1,1,0,0
362,60,8,10,1,1,0,0
245,13,9,7,1,1,0,0
235,10,10,6,1,1,0,0
220,8,9,6,1,1,0,0
171,9,9,7,1,1,0,0
179,10,9,5,1,1,0,0
364,60,5,6,1,1,1,0
63,319,18,20,1,1,0,0
149,355,20,10,1,1,0,0
133,372,19,8,1,1,0,0
23,297,12,16,1,1,1,0
