1,155,3,39,1,9,0,1
28,139,8,37,1,6,0,2
34,60,10,12,1,4,0,0
31,71,11,12,1,4,0,0
68,64,13,19,1,4,0,1
85,24,20,12,1,4,0,0
71,40,20,15,1,4,0,1
32,217,11,27,1,5,0,0
82,229,19,36,1,5,0,0
111,227,23,43,1,4,0,0
83,283,22,26,1,4,0,0
181,4,29,6,1,5,0,0
167,9,38,9,1,9,0,0
166,17,32,8,1,4,0,0
269,15,24,12,1,4,0,0
271,28,29,15,1,5,0,0
179,86,23,40,1,4,0,0
267,212,20,39,1,5,0,0
349,106,10,24,1,4,0,0
351,208,13,40,1,9,0,0
321,246,25,45,1,6,0,0
339,309,11,12,1,4,1,1
327,316,14,13,0,11,1,0
195,358,12,4,1,5,1,0
346,62,15,16,1,4,0,0
357,61,12,14,1,4,0,0
375,77,8,11,1,5,0,0
379,85,9,14,1,4,0,1
384,95,8,14,1,4,0,1
