54,56,8,8,1,1,0,0
63,52,9,9,1,1,0,0
89,40,11,10,1,1,0,0
61,69,10,11,1,1,0,1
70,56,7,8,1,1,0,0
70,57,6,6,1,1,0,1
24,125,6,16,1,3,0,0
39,226,5,8,1,1,0,0
21,248,4,9,1,1,0,0
52,318,36,30,1,4,0,0
67,300,41,48,1,4,0,1
34,281,10,15,1,3,0,0
38,272,6,9,1,1,0,0
53,286,7,9,1,1,0,0
49,282,6,9,1,1,0,0
30,253,6,9,1,1,0,0
31,253,7,16,1,3,0,1
22,241,7,16,1,10,0,1
145,376,39,11,1,4,1,0
226,380,22,6,1,4,1,0
235,337,32,27,1,5,0,0
238,337,7,5,1,1,0,0
237,330,8,6,1,1,0,0
149,325,43,38,1,4,0,0
234,243,49,76,1,4,0,0
69,261,55,81,1,6,0,0
248,124,44,102,1,4,0,1
39,139,19,67,1,4,0,1
71,81,41,74,1,4,0,1
52,72,35,57,1,5,0,1
225,33,36,35,1,5,0,1
201,7,21,12,1,5,0,0
94,36,44,46,1,4,0,1
225,11,27,19,1,4,0,0
215,0,19,6,1,5,1,0
127,4,32,17,1,6,1,0
196,38,7,7,1,1,0,1
201,38,4,3,1,1,0,0
179,28,13,7,1,1,0,0
77,45,26,29,1,8,0,1
78,58,10,10,1,1,0,1
82,51,9,9,1,1,0,1
125,24,8,6,1,1,0,0
100,25,25,13,1,8,0,1
106,22,18,9,1,10,0,1
