0.0 0.971830985915493 0.6012820512820513 0.009389671361502348 0.04358974358974359
0.0 0.9565727699530516 0.6705128205128205 0.01643192488262911 0.05384615384615385
3.0 0.9577464788732394 0.5923076923076923 0.018779342723004695 0.06153846153846154
0.0 0.9495305164319249 0.6641025641025641 0.011737089201877934 0.02564102564102564
0.0 0.9589201877934272 0.65 0.007042253521126761 0.023076923076923078
0.0 0.9647887323943662 0.6410256410256411 0.009389671361502348 0.035897435897435895
3.0 0.960093896713615 0.6820512820512821 0.04225352112676056 0.10256410256410256
6.0 0.9483568075117371 0.6846153846153846 0.028169014084507043 0.06666666666666667
6.0 0.965962441314554 0.5961538461538461 0.011737089201877934 0.05384615384615385
9.0 0.960093896713615 0.6294871794871795 0.018779342723004695 0.04358974358974359
3.0 0.8532863849765259 0.8448717948717949 0.12910798122065728 0.13076923076923078
2.0 0.9307511737089202 0.6756410256410257 0.01643192488262911 0.04871794871794872
