3.0 0.7487745098039216 0.8888888888888888 0.17401960784313725 0.15555555555555556
0.0 0.7512254901960784 0.7569444444444444 0.04656862745098039 0.08611111111111111
3.0 0.8002450980392157 0.7527777777777778 0.13480392156862744 0.2111111111111111
0.0 0.7401960784313726 0.5833333333333334 0.03431372549019608 0.11666666666666667
3.0 0.8075980392156863 0.5166666666666667 0.07107843137254902 0.15555555555555556
3.0 0.5808823529411765 0.275 0.11764705882352941 0.13333333333333333
3.0 0.4497549019607843 0.2152777777777778 0.1053921568627451 0.11388888888888889
3.0 0.7450980392156863 0.20694444444444443 0.0784313725490196 0.09166666666666666
0.0 0.6568627450980392 0.08472222222222223 0.024509803921568627 0.025
9.0 0.6151960784313726 0.08888888888888889 0.0196078431372549 0.022222222222222223
1.0 0.6115196078431373 0.08333333333333333 0.022058823529411766 0.022222222222222223
3.0 0.8933823529411765 0.21805555555555556 0.03676470588235294 0.05277777777777778
3.0 0.8725490196078431 0.18611111111111112 0.0392156862745098 0.05
3.0 0.866421568627451 0.1986111111111111 0.04656862745098039 0.06388888888888888
3.0 0.8468137254901961 0.16527777777777777 0.04656862745098039 0.05277777777777778
3.0 0.8259803921568627 0.1527777777777778 0.04411764705882353 0.05
3.0 0.8370098039215687 0.17777777777777778 0.04656862745098039 0.05555555555555555
3.0 0.7892156862745098 0.12777777777777777 0.049019607843137254 0.05
4.0 0.7977941176470589 0.15 0.051470588235294115 0.05555555555555555
3.0 0.7450980392156863 0.10555555555555556 0.049019607843137254 0.044444444444444446
3.0 0.6838235294117647 0.04583333333333333 0.0392156862745098 0.025
4.0 0.6642156862745098 0.029166666666666667 0.03431372549019608 0.019444444444444445
3.0 0.7034313725490197 0.04583333333333333 0.0392156862745098 0.025
3.0 0.7230392156862745 0.0625 0.03431372549019608 0.025
3.0 0.7573529411764706 0.0763888888888889 0.03431372549019608 0.030555555555555555
3.0 0.7843137254901961 0.09305555555555556 0.03431372549019608 0.030555555555555555
3.0 0.8112745098039216 0.10972222222222222 0.03431372549019608 0.030555555555555555
5.0 0.8308823529411765 0.12222222222222222 0.029411764705882353 0.03333333333333333
3.0 0.8112745098039216 0.10138888888888889 0.029411764705882353 0.030555555555555555
3.0 0.7879901960784313 0.0875 0.03676470588235294 0.030555555555555555
3.0 0.7622549019607843 0.07222222222222222 0.03431372549019608 0.027777777777777776
3.0 0.30269607843137253 0.26666666666666666 0.11029411764705882 0.14444444444444443
3.0 0.14338235294117646 0.4736111111111111 0.056372549019607844 0.13055555555555556
3.0 0.27450980392156865 0.8277777777777777 0.16666666666666666 0.2
3.0 0.27328431372549017 0.8263888888888888 0.1642156862745098 0.19722222222222222
3.0 0.14583333333333334 0.8194444444444444 0.125 0.17222222222222222
3.0 0.23284313725490197 0.24583333333333332 0.09803921568627451 0.1361111111111111
9.0 0.0661764705882353 0.31805555555555554 0.0196078431372549 0.041666666666666664
9.0 0.07230392156862746 0.30972222222222223 0.01715686274509804 0.03611111111111111
3.0 0.17892156862745098 0.22361111111111112 0.09803921568627451 0.09722222222222222
3.0 0.14460784313725492 0.2833333333333333 0.07352941176470588 0.1
3.0 0.09191176470588236 0.3625 0.07107843137254902 0.09722222222222222
3.0 0.11519607843137254 0.4111111111111111 0.05392156862745098 0.12777777777777777
3.0 0.07598039215686274 0.4 0.049019607843137254 0.07222222222222222
3.0 0.0661764705882353 0.44166666666666665 0.05392156862745098 0.08888888888888889
3.0 0.06862745098039216 0.4847222222222222 0.04411764705882353 0.09166666666666666
4.0 0.056372549019607844 0.5444444444444444 0.04411764705882353 0.1
3.0 0.0661764705882353 0.6680555555555555 0.06372549019607843 0.11388888888888889
3.0 0.07475490196078431 0.7291666666666666 0.08088235294117647 0.1361111111111111
3.0 0.0821078431372549 0.7930555555555555 0.08088235294117647 0.11388888888888889
9.0 0.21323529411764705 0.15 0.03431372549019608 0.03333333333333333
9.0 0.2267156862745098 0.14027777777777778 0.041666666666666664 0.03611111111111111
3.0 0.24509803921568626 0.12083333333333333 0.09803921568627451 0.06944444444444445
3.0 0.27328431372549017 0.09166666666666666 0.0857843137254902 0.05555555555555555
3.0 0.3333333333333333 0.043055555555555555 0.07352941176470588 0.03611111111111111
3.0 0.34068627450980393 0.03611111111111111 0.0784313725490196 0.03333333333333333
9.0 0.18872549019607843 0.1375 0.029411764705882353 0.025
2.0 0.2107843137254902 0.10277777777777777 0.014705882352941176 0.016666666666666666
2.0 0.1948529411764706 0.12222222222222222 0.02696078431372549 0.022222222222222223
9.0 0.24019607843137256 0.07916666666666666 0.024509803921568627 0.019444444444444445
