0.0 0.38219895287958117 0.546875 0.06282722513089005 0.15625
0.0 0.9397905759162304 0.7078125 0.031413612565445025 0.065625
0.0 0.8756544502617801 0.428125 0.028795811518324606 0.08125
0.0 0.8965968586387435 0.3578125 0.028795811518324606 0.071875
0.0 0.6007853403141361 0.2984375 0.0549738219895288 0.103125
0.0 0.6308900523560209 0.3109375 0.05235602094240838 0.103125
0.0 0.07984293193717278 0.503125 0.01832460732984293 0.075
0.0 0.18848167539267016 0.390625 0.041884816753926704 0.1
0.0 0.17670157068062828 0.3875 0.034031413612565446 0.0875
0.0 0.12172774869109948 0.5640625 0.028795811518324606 0.096875
0.0 0.14659685863874344 0.5921875 0.031413612565445025 0.096875
0.0 0.051047120418848166 0.74375 0.028795811518324606 0.0625
0.0 0.04057591623036649 0.3609375 0.01832460732984293 0.059375
0.0 0.04712041884816754 0.3421875 0.020942408376963352 0.059375
0.0 0.6321989528795812 0.8921875 0.0549738219895288 0.065625
0.0 0.5274869109947644 0.1890625 0.0549738219895288 0.078125
0.0 0.3403141361256545 0.11875 0.05235602094240838 0.06875
0.0 0.5510471204188482 0.103125 0.034031413612565446 0.05625
0.0 0.5405759162303665 0.0546875 0.028795811518324606 0.034375
0.0 0.6976439790575916 0.0984375 0.04450261780104712 0.059375
0.0 0.7879581151832461 0.1765625 0.041884816753926704 0.071875
0.0 0.7526178010471204 0.1265625 0.04450261780104712 0.065625
1.0 0.7971204188481675 0.3015625 0.03926701570680628 0.078125
2.0 0.7931937172774869 0.3203125 0.07853403141361257 0.084375
0.0 0.9397905759162304 0.3484375 0.020942408376963352 0.071875
0.0 0.9607329842931938 0.396875 0.020942408376963352 0.075
0.0 0.06544502617801047 0.3640625 0.02617801047120419 0.078125
0.0 0.8206806282722513 0.1265625 0.034031413612565446 0.053125
0.0 0.831151832460733 0.134375 0.028795811518324606 0.05
1.0 0.912303664921466 0.2296875 0.02356020942408377 0.046875
1.0 0.9240837696335078 0.2484375 0.020942408376963352 0.040625
0.0 0.9515706806282722 0.3125 0.01832460732984293 0.05625
0.0 0.9554973821989529 0.325 0.020942408376963352 0.05625
0.0 0.9633507853403142 0.321875 0.020942408376963352 0.05625
0.0 0.9554973821989529 0.2625 0.020942408376963352 0.05
0.0 0.0824607329842932 0.375 0.028795811518324606 0.08125
0.0 0.08115183246073299 0.3890625 0.02617801047120419 0.078125
0.0 0.041884816753926704 0.25 0.020942408376963352 0.05
0.0 0.17146596858638743 0.140625 0.03926701570680628 0.05625
0.0 0.225130890052356 0.0828125 0.031413612565445025 0.040625
0.0 0.24214659685863874 0.075 0.034031413612565446 0.04375
0.0 0.31544502617801046 0.0625 0.04450261780104712 0.05
0.0 0.25654450261780104 0.1078125 0.03664921465968586 0.046875
0.0 0.2643979057591623 0.1109375 0.03664921465968586 0.046875
0.0 0.2696335078534031 0.140625 0.041884816753926704 0.0625
0.0 0.3036649214659686 0.1171875 0.03664921465968586 0.053125
0.0 0.18193717277486912 0.2 0.03926701570680628 0.06875
0.0 0.17015706806282724 0.215625 0.03664921465968586 0.06875
0.0 0.1662303664921466 0.1734375 0.03926701570680628 0.059375
0.0 0.1793193717277487 0.10625 0.028795811518324606 0.0375
1.0 0.7643979057591623 0.1046875 0.02617801047120419 0.028125
0.0 0.7879581151832461 0.0859375 0.020942408376963352 0.034375
0.0 0.9332460732984293 0.19375 0.01832460732984293 0.0375
0.0 0.9358638743455497 0.2078125 0.02356020942408377 0.046875
0.0 0.9764397905759162 0.35625 0.015706806282722512 0.04375
0.0 0.9803664921465969 0.3875 0.013089005235602094 0.04375
0.0 0.9842931937172775 0.4484375 0.015706806282722512 0.059375
0.0 0.8141361256544503 0.25625 0.031413612565445025 0.06875
0.0 0.47774869109947643 0.0171875 0.02356020942408377 0.034375
0.0 0.49607329842931935 0.0265625 0.02356020942408377 0.034375
0.0 0.5117801047120419 0.021875 0.013089005235602094 0.025
0.0 0.08900523560209424 0.1859375 0.02617801047120419 0.046875
0.0 0.07198952879581152 0.196875 0.028795811518324606 0.05
0.0 0.05759162303664921 0.2125 0.02617801047120419 0.04375
0.0 0.08638743455497382 0.175 0.020942408376963352 0.0375
0.0 0.07853403141361257 0.1828125 0.020942408376963352 0.040625
1.0 0.21858638743455497 0.1046875 0.02356020942408377 0.028125
