5.0 0.024509803921568627 0.5347222222222222 0.04411764705882353 0.15833333333333333
5.0 0.08823529411764706 0.4888888888888889 0.06372549019607843 0.14444444444444443
5.0 0.17034313725490197 0.4375 0.22303921568627452 0.275
5.0 0.23284313725490197 0.39166666666666666 0.28431372549019607 0.2611111111111111
5.0 0.7107843137254902 0.2375 0.25980392156862747 0.19722222222222222
5.0 0.7916666666666666 0.2013888888888889 0.09313725490196079 0.08611111111111111
5.0 0.8762254901960784 0.2375 0.1053921568627451 0.125
5.0 0.8884803921568627 0.2388888888888889 0.0857843137254902 0.1111111111111111
5.0 0.3014705882352941 0.30277777777777776 0.30392156862745096 0.22777777777777777
5.0 0.3762254901960784 0.2847222222222222 0.3553921568627451 0.21944444444444444
5.0 0.5281862745098039 0.23055555555555557 0.3946078431372549 0.16666666666666666
3.0 0.7218137254901961 0.2791666666666667 0.061274509803921566 0.06388888888888888
5.0 0.6446078431372549 0.23194444444444445 0.3284313725490196 0.20833333333333334
5.0 0.8431372549019608 0.7444444444444445 0.2647058823529412 0.40555555555555556
5.0 0.8075980392156863 0.7777777777777778 0.3112745098039216 0.39444444444444443
5.0 0.7720588235294118 0.8138888888888889 0.3235294117647059 0.34444444444444444
3.0 0.9473039215686274 0.2625 0.007352941176470588 0.013888888888888888
4.0 0.9546568627450981 0.2916666666666667 0.007352941176470588 0.016666666666666666
3.0 0.9595588235294118 0.2972222222222222 0.007352941176470588 0.016666666666666666
5.0 0.9607843137254902 0.2916666666666667 0.024509803921568627 0.044444444444444446
5.0 0.9693627450980392 0.325 0.022058823529411766 0.044444444444444446
5.0 0.9669117647058824 0.31527777777777777 0.02696078431372549 0.05277777777777778
5.0 0.9534313725490197 0.2652777777777778 0.00980392156862745 0.019444444444444445
5.0 0.10294117647058823 0.775 0.1715686274509804 0.25555555555555554
5.0 0.14460784313725492 0.8138888888888889 0.22058823529411764 0.25
5.0 0.9901960784313726 0.45 0.00980392156862745 0.05
5.0 0.8100490196078431 0.20972222222222223 0.13480392156862744 0.125
