5.0 0.10863874345549739 0.6875 0.08115183246073299 0.13125
5.0 0.20026178010471204 0.5578125 0.18586387434554974 0.228125
5.0 0.11518324607329843 0.584375 0.13612565445026178 0.2
3.0 0.13612565445026178 0.4859375 0.041884816753926704 0.040625
4.0 0.6976439790575916 0.7625 0.060209424083769635 0.1125
7.0 0.8089005235602095 0.7015625 0.05759162303664921 0.078125
3.0 0.3206806282722513 0.5703125 0.08638743455497382 0.059375
3.0 0.5157068062827225 0.44375 0.07853403141361257 0.05625
3.0 0.5536649214659686 0.3453125 0.07068062827225131 0.040625
3.0 0.524869109947644 0.2828125 0.060209424083769635 0.040625
3.0 0.6636125654450262 0.3078125 0.04450261780104712 0.034375
5.0 0.3494764397905759 0.36875 0.07068062827225131 0.0625
5.0 0.7107329842931938 0.346875 0.06544502617801047 0.075
3.0 0.7356020942408377 0.3109375 0.041884816753926704 0.034375
3.0 0.6649214659685864 0.2703125 0.05235602094240838 0.040625
5.0 0.6609947643979057 0.2375 0.07068062827225131 0.0625
3.0 0.7958115183246073 0.290625 0.031413612565445025 0.03125
3.0 0.8808900523560209 0.365625 0.01832460732984293 0.025
7.0 0.9450261780104712 0.5125 0.015706806282722512 0.0375
7.0 0.9882198952879581 0.5765625 0.013089005235602094 0.034375
6.0 0.9410994764397905 0.6828125 0.02356020942408377 0.040625
3.0 0.9541884816753927 0.3140625 0.007853403141361256 0.015625
3.0 0.1400523560209424 0.746875 0.03926701570680628 0.05
0.0 0.5026178010471204 0.7640625 0.015706806282722512 0.040625
1.0 0.6583769633507853 0.771875 0.01832460732984293 0.025
1.0 0.8141361256544503 0.721875 0.010471204188481676 0.025
1.0 0.9869109947643979 0.575 0.005235602094240838 0.0125
1.0 0.9908376963350786 0.5765625 0.002617801047120419 0.015625
1.0 0.9594240837696335 0.521875 0.002617801047120419 0.01875
1.0 0.9620418848167539 0.5296875 0.002617801047120419 0.015625
1.0 0.9096858638743456 0.553125 0.002617801047120419 0.01875
1.0 0.912303664921466 0.553125 0.002617801047120419 0.01875
1.0 0.9044502617801047 0.509375 0.002617801047120419 0.01875
1.0 0.9109947643979057 0.4984375 0.005235602094240838 0.021875
9.0 0.9031413612565445 0.5171875 0.010471204188481676 0.028125
9.0 0.9109947643979057 0.5078125 0.010471204188481676 0.021875
9.0 0.9096858638743456 0.5578125 0.01832460732984293 0.028125
9.0 0.6897905759162304 0.4609375 0.02356020942408377 0.021875
9.0 0.7460732984293194 0.4015625 0.015706806282722512 0.040625
9.0 0.8900523560209425 0.3171875 0.005235602094240838 0.009375
9.0 0.9476439790575916 0.3234375 0.005235602094240838 0.015625
1.0 0.68717277486911 0.4515625 0.013089005235602094 0.028125
1.0 0.7486910994764397 0.4 0.010471204188481676 0.025
1.0 0.8900523560209425 0.3125 0.005235602094240838 0.0125
1.0 0.9489528795811518 0.325 0.002617801047120419 0.00625
3.0 0.9463350785340314 0.2609375 0.007853403141361256 0.009375
3.0 0.8651832460732984 0.29375 0.01832460732984293 0.025
5.0 0.28534031413612565 0.3390625 0.18324607329842932 0.165625
3.0 0.12172774869109948 0.415625 0.034031413612565446 0.0375
4.0 0.14136125654450263 0.3796875 0.031413612565445025 0.046875
9.0 0.08115183246073299 0.475 0.010471204188481676 0.01875
1.0 0.08115183246073299 0.471875 0.005235602094240838 0.01875
0.0 0.2591623036649215 0.19375 0.010471204188481676 0.01875
0.0 0.024869109947643978 0.434375 0.002617801047120419 0.01875
0.0 0.01963350785340314 0.4390625 0.002617801047120419 0.021875
