0.0 0.03799019607843137 0.7013888888888888 0.012254901960784314 0.03611111111111111
3.0 0.02696078431372549 0.6791666666666667 0.0196078431372549 0.04722222222222222
3.0 0.02696078431372549 0.6638888888888889 0.024509803921568627 0.05555555555555555
3.0 0.03308823529411765 0.6555555555555556 0.02696078431372549 0.05
3.0 0.03799019607843137 0.6472222222222223 0.02696078431372549 0.05
9.0 0.029411764705882353 0.625 0.004901960784313725 0.022222222222222223
3.0 0.0392156862745098 0.6111111111111112 0.0196078431372549 0.05
9.0 0.04779411764705882 0.5763888888888888 0.007352941176470588 0.019444444444444445
3.0 0.0857843137254902 0.5986111111111111 0.0196078431372549 0.04722222222222222
0.0 0.04656862745098039 0.5430555555555555 0.004901960784313725 0.025
3.0 0.10661764705882353 0.5569444444444445 0.01715686274509804 0.04722222222222222
3.0 0.125 0.5180555555555556 0.0196078431372549 0.041666666666666664
3.0 0.1409313725490196 0.4888888888888889 0.031862745098039214 0.03333333333333333
3.0 0.13725490196078433 0.4722222222222222 0.014705882352941176 0.027777777777777776
4.0 0.16176470588235295 0.45 0.0196078431372549 0.03888888888888889
4.0 0.16544117647058823 0.4375 0.01715686274509804 0.03611111111111111
3.0 0.23897058823529413 0.43472222222222223 0.02696078431372549 0.03611111111111111
0.0 0.1801470588235294 0.5263888888888889 0.007352941176470588 0.03611111111111111
0.0 0.21200980392156862 0.4930555555555556 0.012254901960784314 0.041666666666666664
0.0 0.14583333333333334 0.6361111111111111 0.012254901960784314 0.044444444444444446
0.0 0.15441176470588236 0.6416666666666667 0.014705882352941176 0.044444444444444446
0.0 0.16789215686274508 0.6472222222222223 0.01715686274509804 0.044444444444444446
0.0 0.15318627450980393 0.6208333333333333 0.01715686274509804 0.05277777777777778
6.0 0.0821078431372549 0.5027777777777778 0.007352941176470588 0.027777777777777776
9.0 0.7291666666666666 0.8638888888888889 0.02696078431372549 0.03333333333333333
1.0 0.7303921568627451 0.8597222222222223 0.029411764705882353 0.03611111111111111
3.0 0.8639705882352942 0.775 0.04656862745098039 0.06666666666666667
4.0 0.8553921568627451 0.6805555555555556 0.0392156862745098 0.06666666666666667
3.0 0.9191176470588235 0.7 0.029411764705882353 0.05
0.0 0.9325980392156863 0.5958333333333333 0.007352941176470588 0.025
0.0 0.9276960784313726 0.5972222222222222 0.007352941176470588 0.03333333333333333
4.0 0.9068627450980392 0.5847222222222223 0.0196078431372549 0.05277777777777778
5.0 0.8370098039215687 0.5819444444444445 0.061274509803921566 0.1361111111111111
0.0 0.8247549019607843 0.6527777777777778 0.01715686274509804 0.03888888888888889
3.0 0.41911764705882354 0.8527777777777777 0.06862745098039216 0.06111111111111111
4.0 0.3786764705882353 0.7652777777777777 0.08088235294117647 0.09722222222222222
6.0 0.3235294117647059 0.6722222222222223 0.03431372549019608 0.07222222222222222
1.0 0.3235294117647059 0.675 0.029411764705882353 0.044444444444444446
3.0 0.39215686274509803 0.6430555555555556 0.058823529411764705 0.06388888888888888
1.0 0.3125 0.5430555555555555 0.01715686274509804 0.041666666666666664
2.0 0.3137254901960784 0.5527777777777778 0.0196078431372549 0.03888888888888889
9.0 0.6740196078431373 0.6 0.0196078431372549 0.03888888888888889
1.0 0.6752450980392157 0.5875 0.01715686274509804 0.03611111111111111
3.0 0.6053921568627451 0.55 0.04411764705882353 0.05
3.0 0.5269607843137255 0.525 0.04411764705882353 0.05
3.0 0.42892156862745096 0.5388888888888889 0.05392156862745098 0.05555555555555555
3.0 0.6274509803921569 0.44305555555555554 0.03431372549019608 0.041666666666666664
3.0 0.7230392156862745 0.40694444444444444 0.029411764705882353 0.03611111111111111
0.0 0.7977941176470589 0.5111111111111111 0.012254901960784314 0.03888888888888889
5.0 0.7671568627450981 0.44166666666666665 0.04411764705882353 0.07777777777777778
3.0 0.15441176470588236 0.3875 0.014705882352941176 0.025
4.0 0.6151960784313726 0.40694444444444444 0.029411764705882353 0.03611111111111111
4.0 0.46568627450980393 0.2763888888888889 0.024509803921568627 0.019444444444444445
3.0 0.5306372549019608 0.32222222222222224 0.02696078431372549 0.022222222222222223
4.0 0.5049019607843137 0.30694444444444446 0.024509803921568627 0.025
3.0 0.5012254901960784 0.27361111111111114 0.022058823529411766 0.013888888888888888
4.0 0.47058823529411764 0.2611111111111111 0.0196078431372549 0.016666666666666666
3.0 0.2696078431372549 0.37777777777777777 0.024509803921568627 0.027777777777777776
