0.0 0.9424019607843137 0.7486111111111111 0.03676470588235294 0.08055555555555556
0.0 0.2818627450980392 0.08055555555555556 0.024509803921568627 0.027777777777777776
1.0 0.6348039215686274 0.04722222222222222 0.024509803921568627 0.022222222222222223
1.0 0.6053921568627451 0.034722222222222224 0.024509803921568627 0.013888888888888888
1.0 0.5686274509803921 0.02638888888888889 0.0196078431372549 0.013888888888888888
1.0 0.5526960784313726 0.15555555555555556 0.02696078431372549 0.03333333333333333
1.0 0.5404411764705882 0.14444444444444443 0.04656862745098039 0.05
1.0 0.16053921568627452 0.6111111111111112 0.041666666666666664 0.1111111111111111
1.0 0.07352941176470588 0.275 0.014705882352941176 0.03333333333333333
1.0 0.07352941176470588 0.27361111111111114 0.014705882352941176 0.03611111111111111
1.0 0.9325980392156863 0.7805555555555556 0.031862745098039214 0.05555555555555555
1.0 0.07107843137254902 0.21944444444444444 0.00980392156862745 0.022222222222222223
3.0 0.29044117647058826 0.1986111111111111 0.14460784313725492 0.11944444444444445
3.0 0.11274509803921569 0.19722222222222222 0.0392156862745098 0.05555555555555555
3.0 0.03676470588235294 0.30833333333333335 0.0392156862745098 0.07222222222222222
3.0 0.9387254901960784 0.43194444444444446 0.03431372549019608 0.11944444444444445
3.0 0.6372549019607843 0.3486111111111111 0.24509803921568626 0.20277777777777778
3.0 0.3394607843137255 0.0625 0.11029411764705882 0.05277777777777778
3.0 0.30392156862745096 0.05694444444444444 0.07352941176470588 0.041666666666666664
4.0 0.4338235294117647 0.03333333333333333 0.06372549019607843 0.03333333333333333
4.0 0.3737745098039216 0.027777777777777776 0.04656862745098039 0.027777777777777776
4.0 0.27818627450980393 0.06111111111111111 0.0857843137254902 0.05
9.0 0.6544117647058824 0.059722222222222225 0.04411764705882353 0.025
9.0 0.6286764705882353 0.04583333333333333 0.031862745098039214 0.019444444444444445
9.0 0.5392156862745098 0.025 0.04411764705882353 0.011111111111111112
9.0 0.4742647058823529 0.013888888888888888 0.031862745098039214 0.011111111111111112
6.0 0.4583333333333333 0.018055555555555554 0.0392156862745098 0.013888888888888888
2.0 0.5661764705882353 0.03194444444444444 0.029411764705882353 0.013888888888888888
2.0 0.6090686274509803 0.041666666666666664 0.01715686274509804 0.016666666666666666
2.0 0.5723039215686274 0.029166666666666667 0.03676470588235294 0.013888888888888888
9.0 0.5404411764705882 0.15694444444444444 0.04656862745098039 0.04722222222222222
9.0 0.15931372549019607 0.625 0.05392156862745098 0.12222222222222222
9.0 0.07230392156862746 0.2791666666666667 0.01715686274509804 0.03611111111111111
7.0 0.12009803921568628 0.2263888888888889 0.049019607843137254 0.08055555555555556
6.0 0.1213235294117647 0.1625 0.02696078431372549 0.03611111111111111
1.0 0.12009803921568628 0.1625 0.014705882352941176 0.025
