3.0 0.26570680628272253 0.896875 0.08638743455497382 0.1
9.0 0.3403141361256545 0.734375 0.03664921465968586 0.06875
1.0 0.3403141361256545 0.7375 0.02617801047120419 0.0375
1.0 0.32722513089005234 0.6640625 0.020942408376963352 0.040625
9.0 0.3285340314136126 0.678125 0.01832460732984293 0.0375
9.0 0.35340314136125656 0.6546875 0.015706806282722512 0.034375
1.0 0.35209424083769636 0.640625 0.01832460732984293 0.04375
9.0 0.32591623036649214 0.6109375 0.013089005235602094 0.034375
1.0 0.32591623036649214 0.5953125 0.013089005235602094 0.034375
9.0 0.3494764397905759 0.596875 0.01832460732984293 0.025
1.0 0.3494764397905759 0.5796875 0.01832460732984293 0.040625
9.0 0.31675392670157065 0.5265625 0.015706806282722512 0.046875
1.0 0.3180628272251309 0.5265625 0.013089005235602094 0.028125
5.0 0.2696335078534031 0.553125 0.06282722513089005 0.16875
2.0 0.33507853403141363 0.4703125 0.010471204188481676 0.028125
1.0 0.33507853403141363 0.4609375 0.010471204188481676 0.028125
3.0 0.3599476439790576 0.403125 0.034031413612565446 0.0375
3.0 0.1544502617801047 0.39375 0.020942408376963352 0.025
3.0 0.3586387434554974 0.3546875 0.031413612565445025 0.034375
1.0 0.4698952879581152 0.4609375 0.013089005235602094 0.028125
9.0 0.468586387434555 0.46875 0.015706806282722512 0.025
3.0 0.42408376963350786 0.55 0.04712041884816754 0.05
1.0 0.4986910994764398 0.565625 0.007853403141361256 0.03125
2.0 0.4973821989528796 0.575 0.010471204188481676 0.0375
0.0 0.5235602094240838 0.58125 0.010471204188481676 0.025
0.0 0.5340314136125655 0.5734375 0.010471204188481676 0.046875
3.0 0.5536649214659686 0.4296875 0.06544502617801047 0.040625
3.0 0.5484293193717278 0.3609375 0.049738219895287955 0.034375
9.0 0.6099476439790575 0.890625 0.031413612565445025 0.0375
1.0 0.612565445026178 0.88125 0.031413612565445025 0.03125
1.0 0.6112565445026178 0.8875 0.03926701570680628 0.03125
0.0 0.6950261780104712 0.8890625 0.02356020942408377 0.046875
0.0 0.7185863874345549 0.8734375 0.02356020942408377 0.040625
1.0 0.4005235602094241 0.33125 0.010471204188481676 0.01875
1.0 0.4293193717277487 0.33125 0.005235602094240838 0.0125
1.0 0.3992146596858639 0.315625 0.007853403141361256 0.0125
1.0 0.40445026178010474 0.3015625 0.007853403141361256 0.015625
1.0 0.3403141361256545 0.334375 0.005235602094240838 0.0125
1.0 0.3324607329842932 0.3265625 0.010471204188481676 0.015625
1.0 0.3403141361256545 0.3234375 0.005235602094240838 0.015625
2.0 0.3992146596858639 0.3359375 0.013089005235602094 0.009375
2.0 0.4293193717277487 0.3359375 0.005235602094240838 0.009375
2.0 0.40445026178010474 0.30625 0.007853403141361256 0.00625
2.0 0.3390052356020942 0.3453125 0.007853403141361256 0.009375
9.0 0.331151832460733 0.3328125 0.007853403141361256 0.009375
9.0 0.39659685863874344 0.321875 0.007853403141361256 0.0125
3.0 0.3730366492146597 0.271875 0.01832460732984293 0.01875
3.0 0.35602094240837695 0.25625 0.015706806282722512 0.0125
3.0 0.38219895287958117 0.2578125 0.015706806282722512 0.015625
4.0 0.38089005235602097 0.2453125 0.013089005235602094 0.015625
9.0 0.39528795811518325 0.2734375 0.010471204188481676 0.021875
1.0 0.39528795811518325 0.2671875 0.010471204188481676 0.009375
5.0 0.42670157068062825 0.275 0.02617801047120419 0.03125
