3.0 0.9840686274509803 0.3875 0.012254901960784314 0.041666666666666664
4.0 0.9632352941176471 0.4083333333333333 0.0196078431372549 0.05555555555555555
0.0 0.9669117647058824 0.4375 0.007352941176470588 0.03611111111111111
0.0 0.9620098039215687 0.43472222222222223 0.007352941176470588 0.041666666666666664
4.0 0.9215686274509803 0.43333333333333335 0.0392156862745098 0.07777777777777778
4.0 0.8774509803921569 0.45416666666666666 0.058823529411764705 0.08055555555555556
1.0 0.8848039215686274 0.49027777777777776 0.00980392156862745 0.058333333333333334
1.0 0.8762254901960784 0.4888888888888889 0.007352941176470588 0.03888888888888889
0.0 0.8762254901960784 0.5097222222222222 0.012254901960784314 0.06388888888888888
9.0 0.8848039215686274 0.5097222222222222 0.029411764705882353 0.041666666666666664
3.0 0.8946078431372549 0.7027777777777777 0.08823529411764706 0.1388888888888889
4.0 0.9117647058823529 0.7208333333333333 0.0784313725490196 0.1361111111111111
3.0 0.9105392156862745 0.7569444444444444 0.08088235294117647 0.125
3.0 0.9203431372549019 0.7833333333333333 0.07598039215686274 0.11666666666666667
3.0 0.8333333333333334 0.8569444444444444 0.12745098039215685 0.1361111111111111
3.0 0.7916666666666666 0.8111111111111111 0.16666666666666666 0.2
3.0 0.6973039215686274 0.7305555555555555 0.17401960784313725 0.17222222222222222
3.0 0.7843137254901961 0.5041666666666667 0.06862745098039216 0.125
0.0 0.821078431372549 0.4263888888888889 0.0196078431372549 0.075
1.0 0.8223039215686274 0.4152777777777778 0.012254901960784314 0.019444444444444445
1.0 0.821078431372549 0.37916666666666665 0.0196078431372549 0.041666666666666664
0.0 0.8014705882352942 0.4125 0.024509803921568627 0.08055555555555556
9.0 0.6997549019607843 0.4222222222222222 0.07107843137254902 0.05555555555555555
9.0 0.6862745098039216 0.2791666666666667 0.04411764705882353 0.05277777777777778
0.0 0.75 0.2916666666666667 0.024509803921568627 0.05555555555555555
3.0 0.47549019607843135 0.3819444444444444 0.12745098039215685 0.10833333333333334
3.0 0.4681372549019608 0.29583333333333334 0.1715686274509804 0.08611111111111111
4.0 0.39950980392156865 0.5819444444444445 0.29901960784313725 0.15833333333333333
4.0 0.34191176470588236 0.20416666666666666 0.07107843137254902 0.075
1.0 0.34558823529411764 0.3972222222222222 0.029411764705882353 0.05555555555555555
2.0 0.3431372549019608 0.43194444444444446 0.029411764705882353 0.075
0.0 0.30392156862745096 0.3375 0.029411764705882353 0.06944444444444445
1.0 0.39705882352941174 0.17222222222222222 0.024509803921568627 0.027777777777777776
9.0 0.3639705882352941 0.15694444444444444 0.051470588235294115 0.030555555555555555
9.0 0.34558823529411764 0.12361111111111112 0.029411764705882353 0.019444444444444445
3.0 0.32965686274509803 0.15416666666666667 0.08088235294117647 0.05277777777777778
3.0 0.2867647058823529 0.15694444444444444 0.049019607843137254 0.041666666666666664
9.0 0.3137254901960784 0.11666666666666667 0.03431372549019608 0.022222222222222223
3.0 0.2757352941176471 0.13333333333333333 0.051470588235294115 0.03888888888888889
4.0 0.27328431372549017 0.11805555555555555 0.031862745098039214 0.030555555555555555
4.0 0.2769607843137255 0.1111111111111111 0.04411764705882353 0.03333333333333333
2.0 0.2928921568627451 0.10833333333333334 0.012254901960784314 0.011111111111111112
3.0 0.25857843137254904 0.11388888888888889 0.031862745098039214 0.027777777777777776
0.0 0.2512254901960784 0.12638888888888888 0.01715686274509804 0.025
4.0 0.2549019607843137 0.09166666666666666 0.029411764705882353 0.022222222222222223
3.0 0.24142156862745098 0.09722222222222222 0.01715686274509804 0.016666666666666666
3.0 0.23651960784313725 0.09861111111111111 0.02696078431372549 0.019444444444444445
3.0 0.2426470588235294 0.09166666666666666 0.024509803921568627 0.016666666666666666
0.0 0.2267156862745098 0.09861111111111111 0.012254901960784314 0.013888888888888888
0.0 0.23039215686274508 0.1125 0.03431372549019608 0.025
3.0 0.22916666666666666 0.08888888888888889 0.012254901960784314 0.011111111111111112
3.0 0.2267156862745098 0.08888888888888889 0.012254901960784314 0.011111111111111112
4.0 0.22916666666666666 0.08611111111111111 0.012254901960784314 0.011111111111111112
4.0 0.23284313725490197 0.08194444444444444 0.0196078431372549 0.013888888888888888
3.0 0.04044117647058824 0.3055555555555556 0.012254901960784314 0.027777777777777776
3.0 0.051470588235294115 0.2777777777777778 0.014705882352941176 0.027777777777777776
3.0 0.05024509803921569 0.2708333333333333 0.01715686274509804 0.030555555555555555
3.0 0.06985294117647059 0.2388888888888889 0.012254901960784314 0.022222222222222223
3.0 0.06495098039215687 0.24305555555555555 0.012254901960784314 0.019444444444444445
3.0 0.09436274509803921 0.20416666666666666 0.012254901960784314 0.019444444444444445
3.0 0.09436274509803921 0.19722222222222222 0.007352941176470588 0.011111111111111112
3.0 0.1053921568627451 0.18472222222222223 0.00980392156862745 0.013888888888888888
4.0 0.1053921568627451 0.18194444444444444 0.00980392156862745 0.013888888888888888
0.0 0.10294117647058823 0.18333333333333332 0.004901960784313725 0.011111111111111112
0.0 0.10049019607843138 0.18472222222222223 0.004901960784313725 0.008333333333333333
3.0 0.12867647058823528 0.15138888888888888 0.007352941176470588 0.008333333333333333
4.0 0.13602941176470587 0.14027777777777778 0.007352941176470588 0.008333333333333333
3.0 0.3639705882352941 0.8652777777777778 0.14460784313725492 0.13055555555555556
1.0 0.26348039215686275 0.8763888888888889 0.04656862745098039 0.05277777777777778
9.0 0.2696078431372549 0.8888888888888888 0.049019607843137254 0.05555555555555555
3.0 0.1213235294117647 0.7305555555555555 0.07598039215686274 0.1388888888888889
1.0 0.15931372549019607 0.6513888888888889 0.029411764705882353 0.06388888888888888
9.0 0.1642156862745098 0.6736111111111112 0.03431372549019608 0.08055555555555556
1.0 0.12990196078431374 0.4361111111111111 0.014705882352941176 0.044444444444444446
9.0 0.12867647058823528 0.4638888888888889 0.007352941176470588 0.03888888888888889
1.0 0.15073529411764705 0.3625 0.01715686274509804 0.041666666666666664
9.0 0.14705882352941177 0.38472222222222224 0.014705882352941176 0.041666666666666664
0.0 0.18259803921568626 0.24166666666666667 0.022058823529411766 0.044444444444444446
3.0 0.17769607843137256 0.21944444444444444 0.03676470588235294 0.05
3.0 0.17892156862745098 0.175 0.029411764705882353 0.03333333333333333
3.0 0.04044117647058824 0.3763888888888889 0.01715686274509804 0.05277777777777778
1.0 0.0392156862745098 0.35 0.004901960784313725 0.011111111111111112
1.0 0.0392156862745098 0.35 0.004901960784313725 0.016666666666666666
9.0 0.03799019607843137 0.3597222222222222 0.007352941176470588 0.019444444444444445
3.0 0.06862745098039216 0.30972222222222223 0.0196078431372549 0.04722222222222222
3.0 0.09803921568627451 0.25833333333333336 0.0196078431372549 0.03888888888888889
3.0 0.18872549019607843 0.14444444444444443 0.024509803921568627 0.027777777777777776
3.0 0.14460784313725492 0.18333333333333332 0.0196078431372549 0.027777777777777776
4.0 0.14705882352941177 0.17083333333333334 0.0196078431372549 0.025
0.0 0.07352941176470588 0.2638888888888889 0.00980392156862745 0.022222222222222223
9.0 0.07475490196078431 0.2638888888888889 0.007352941176470588 0.016666666666666666
1.0 0.11642156862745098 0.19166666666666668 0.007352941176470588 0.011111111111111112
9.0 0.11397058823529412 0.1986111111111111 0.007352941176470588 0.013888888888888888
0.0 0.11151960784313726 0.19444444444444445 0.007352941176470588 0.016666666666666666
0.0 0.10784313725490197 0.19722222222222222 0.00980392156862745 0.016666666666666666
3.0 0.10049019607843138 0.2111111111111111 0.014705882352941176 0.022222222222222223
3.0 0.1053921568627451 0.2013888888888889 0.014705882352941176 0.025
3.0 0.13357843137254902 0.175 0.01715686274509804 0.022222222222222223
3.0 0.1409313725490196 0.15555555555555556 0.012254901960784314 0.016666666666666666
4.0 0.1556372549019608 0.15138888888888888 0.01715686274509804 0.019444444444444445
3.0 0.18627450980392157 0.1388888888888889 0.03431372549019608 0.03333333333333333
3.0 0.18382352941176472 0.1375 0.029411764705882353 0.030555555555555555
3.0 0.1875 0.13055555555555556 0.01715686274509804 0.016666666666666666
3.0 0.18872549019607843 0.125 0.014705882352941176 0.016666666666666666
3.0 0.16176470588235295 0.14444444444444443 0.014705882352941176 0.016666666666666666
1.0 0.1801470588235294 0.12916666666666668 0.007352941176470588 0.008333333333333333
9.0 0.17769607843137256 0.13333333333333333 0.007352941176470588 0.011111111111111112
3.0 0.1556372549019608 0.14305555555555555 0.012254901960784314 0.013888888888888888
3.0 0.1482843137254902 0.14583333333333334 0.012254901960784314 0.013888888888888888
3.0 0.14215686274509803 0.14305555555555555 0.00980392156862745 0.013888888888888888
3.0 0.16053921568627452 0.12083333333333333 0.007352941176470588 0.008333333333333333
1.0 0.16299019607843138 0.125 0.0024509803921568627 0.005555555555555556
9.0 0.16299019607843138 0.12638888888888888 0.0024509803921568627 0.002777777777777778
0.0 0.1875 0.1125 0.007352941176470588 0.008333333333333333
0.0 0.18995098039215685 0.10972222222222222 0.007352941176470588 0.008333333333333333
3.0 0.17034313725490197 0.12638888888888888 0.012254901960784314 0.013888888888888888
3.0 0.17769607843137256 0.11666666666666667 0.012254901960784314 0.011111111111111112
3.0 0.1801470588235294 0.1125 0.007352941176470588 0.008333333333333333
3.0 0.17769607843137256 0.1125 0.007352941176470588 0.008333333333333333
3.0 0.17647058823529413 0.1125 0.004901960784313725 0.008333333333333333
3.0 0.17892156862745098 0.10972222222222222 0.004901960784313725 0.008333333333333333
3.0 0.18137254901960784 0.10555555555555556 0.004901960784313725 0.005555555555555556
3.0 0.18259803921568626 0.10277777777777777 0.007352941176470588 0.005555555555555556
3.0 0.18382352941176472 0.1 0.004901960784313725 0.005555555555555556
3.0 0.18504901960784315 0.1 0.007352941176470588 0.005555555555555556
1.0 0.19362745098039216 0.09861111111111111 0.004901960784313725 0.002777777777777778
2.0 0.19362745098039216 0.1 0.004901960784313725 0.005555555555555556
0.0 0.19117647058823528 0.09722222222222222 0.004901960784313725 0.005555555555555556
4.0 0.19240196078431374 0.09583333333333334 0.007352941176470588 0.008333333333333333
0.0 0.18995098039215685 0.09722222222222222 0.0024509803921568627 0.005555555555555556
