3.0 0.20422535211267606 0.7487179487179487 0.09389671361502347 0.11282051282051282
3.0 0.12089201877934272 0.6576923076923077 0.0539906103286385 0.09487179487179487
3.0 0.11737089201877934 0.5641025641025641 0.046948356807511735 0.06666666666666667
3.0 0.7535211267605634 0.6974358974358974 0.14084507042253522 0.11794871794871795
3.0 0.5504694835680751 0.6858974358974359 0.17136150234741784 0.1
3.0 0.3826291079812207 0.6525641025641026 0.1596244131455399 0.1
3.0 0.27230046948356806 0.6115384615384616 0.11737089201877934 0.11025641025641025
3.0 0.05516431924882629 0.5807692307692308 0.02112676056338028 0.05897435897435897
5.0 0.02464788732394366 0.5397435897435897 0.011737089201877934 0.04358974358974359
0.0 0.03051643192488263 0.558974358974359 0.004694835680751174 0.03076923076923077
0.0 0.03403755868544601 0.5666666666666667 0.007042253521126761 0.035897435897435895
0.0 0.03286384976525822 0.5461538461538461 0.004694835680751174 0.035897435897435895
0.0 0.03051643192488263 0.5448717948717948 0.004694835680751174 0.03333333333333333
0.0 0.028169014084507043 0.541025641025641 0.004694835680751174 0.03076923076923077
0.0 0.06924882629107981 0.6115384615384616 0.011737089201877934 0.04358974358974359
1.0 0.06338028169014084 0.6230769230769231 0.009389671361502348 0.03076923076923077
1.0 0.056338028169014086 0.617948717948718 0.009389671361502348 0.03076923076923077
1.0 0.05868544600938967 0.6153846153846154 0.009389671361502348 0.03076923076923077
6.0 0.07746478873239436 0.6448717948717949 0.03286384976525822 0.06923076923076923
5.0 0.0715962441314554 0.5384615384615384 0.03990610328638498 0.09230769230769231
