3.0 0.5258215962441315 0.985897435897436 0.09859154929577464 0.023076923076923078
3.0 0.3051643192488263 0.8794871794871795 0.10328638497652583 0.08717948717948718
3.0 0.11971830985915492 0.782051282051282 0.07042253521126761 0.11282051282051282
3.0 0.0880281690140845 0.7538461538461538 0.0539906103286385 0.09743589743589744
3.0 0.06455399061032864 0.7282051282051282 0.04460093896713615 0.09230769230769231
3.0 0.09741784037558686 0.6987179487179487 0.0539906103286385 0.12051282051282051
3.0 0.2511737089201878 0.517948717948718 0.06572769953051644 0.1282051282051282
3.0 0.06807511737089202 0.43205128205128207 0.018779342723004695 0.0641025641025641
3.0 0.05985915492957746 0.4064102564102564 0.02112676056338028 0.0641025641025641
3.0 0.07394366197183098 0.35 0.02112676056338028 0.05384615384615385
3.0 0.09272300469483569 0.34102564102564104 0.03051643192488263 0.06666666666666667
3.0 0.09272300469483569 0.30256410256410254 0.03051643192488263 0.05641025641025641
3.0 0.11737089201877934 0.24615384615384617 0.028169014084507043 0.046153846153846156
3.0 0.142018779342723 0.20512820512820512 0.025821596244131457 0.035897435897435895
3.0 0.13497652582159625 0.2423076923076923 0.03051643192488263 0.04871794871794872
3.0 0.16549295774647887 0.2205128205128205 0.035211267605633804 0.05128205128205128
3.0 0.3415492957746479 0.03333333333333333 0.01643192488262911 0.010256410256410256
3.0 0.29225352112676056 0.1564102564102564 0.04929577464788732 0.041025641025641026
3.0 0.31690140845070425 0.18974358974358974 0.06103286384976526 0.05641025641025641
3.0 0.04812206572769953 0.6474358974358975 0.03051643192488263 0.08461538461538462
3.0 0.08450704225352113 0.5987179487179487 0.03286384976525822 0.1
3.0 0.04225352112676056 0.5717948717948718 0.018779342723004695 0.07179487179487179
3.0 0.04460093896713615 0.491025641025641 0.014084507042253521 0.06923076923076923
3.0 0.10328638497652583 0.37564102564102564 0.03286384976525822 0.07948717948717948
3.0 0.12323943661971831 0.3128205128205128 0.035211267605633804 0.06666666666666667
3.0 0.14084507042253522 0.2653846153846154 0.03286384976525822 0.05384615384615385
3.0 0.11150234741784038 0.2935897435897436 0.03051643192488263 0.05897435897435897
3.0 0.15375586854460094 0.20897435897435898 0.03051643192488263 0.038461538461538464
3.0 0.18427230046948356 0.18717948717948718 0.035211267605633804 0.041025641025641026
3.0 0.21830985915492956 0.13846153846153847 0.03286384976525822 0.03076923076923077
3.0 0.2312206572769953 0.12179487179487179 0.03051643192488263 0.028205128205128206
3.0 0.19014084507042253 0.13974358974358975 0.028169014084507043 0.028205128205128206
3.0 0.3626760563380282 0.07179487179487179 0.035211267605633804 0.020512820512820513
3.0 0.3884976525821596 0.026923076923076925 0.02112676056338028 0.007692307692307693
3.0 0.29694835680751175 0.03974358974358974 0.011737089201877934 0.007692307692307693
4.0 0.2476525821596244 0.10256410256410256 0.03051643192488263 0.02564102564102564
4.0 0.20187793427230047 0.15897435897435896 0.03755868544600939 0.041025641025641026
4.0 0.0892018779342723 0.4512820512820513 0.023474178403755867 0.09230769230769231
4.0 0.05868544600938967 0.5076923076923077 0.014084507042253521 0.07179487179487179
5.0 0.06338028169014084 0.6012820512820513 0.06103286384976526 0.23333333333333334
1.0 0.4694835680751174 0.1794871794871795 0.018779342723004695 0.03076923076923077
1.0 0.49295774647887325 0.11025641025641025 0.014084507042253521 0.015384615384615385
1.0 0.45774647887323944 0.11025641025641025 0.018779342723004695 0.010256410256410256
6.0 0.45774647887323944 0.11794871794871795 0.028169014084507043 0.020512820512820513
2.0 0.49295774647887325 0.11538461538461539 0.014084507042253521 0.015384615384615385
2.0 0.4706572769953052 0.18717948717948718 0.01643192488262911 0.03076923076923077
