3.0 0.0821078431372549 0.7291666666666666 0.061274509803921566 0.125
3.0 0.08333333333333333 0.5958333333333333 0.0392156862745098 0.10277777777777777
3.0 0.058823529411764705 0.5791666666666667 0.029411764705882353 0.08611111111111111
3.0 0.1017156862745098 0.36944444444444446 0.02696078431372549 0.06111111111111111
3.0 0.07965686274509803 0.36666666666666664 0.022058823529411766 0.05
9.0 0.04044117647058824 0.5375 0.007352941176470588 0.041666666666666664
1.0 0.04044117647058824 0.5347222222222222 0.007352941176470588 0.04722222222222222
1.0 0.04044117647058824 0.5305555555555556 0.007352941176470588 0.03888888888888889
3.0 0.9852941176470589 0.5736111111111111 0.0196078431372549 0.058333333333333334
3.0 0.6519607843137255 0.5944444444444444 0.19607843137254902 0.12777777777777777
6.0 0.5441176470588235 0.45555555555555555 0.1715686274509804 0.1111111111111111
1.0 0.5098039215686274 0.45 0.04411764705882353 0.08333333333333333
4.0 0.9534313725490197 0.5236111111111111 0.024509803921568627 0.06388888888888888
0.0 0.9852941176470589 0.3902777777777778 0.004901960784313725 0.019444444444444445
4.0 0.9828431372549019 0.36944444444444446 0.00980392156862745 0.027777777777777776
0.0 0.9828431372549019 0.4166666666666667 0.004901960784313725 0.027777777777777776
5.0 0.9754901960784313 0.39861111111111114 0.03431372549019608 0.08055555555555556
5.0 0.9681372549019608 0.38055555555555554 0.03431372549019608 0.07777777777777778
0.0 0.9276960784313726 0.3055555555555556 0.007352941176470588 0.022222222222222223
0.0 0.9166666666666666 0.3263888888888889 0.00980392156862745 0.025
6.0 0.9203431372549019 0.32083333333333336 0.01715686274509804 0.030555555555555555
3.0 0.9166666666666666 0.3111111111111111 0.024509803921568627 0.03888888888888889
4.0 0.9142156862745098 0.28055555555555556 0.0196078431372549 0.03333333333333333
5.0 0.9080882352941176 0.2875 0.041666666666666664 0.06388888888888888
4.0 0.8909313725490197 0.2777777777777778 0.031862745098039214 0.044444444444444446
3.0 0.8688725490196079 0.25416666666666665 0.031862745098039214 0.041666666666666664
3.0 0.8517156862745098 0.2375 0.03676470588235294 0.041666666666666664
4.0 0.8223039215686274 0.18194444444444444 0.03676470588235294 0.041666666666666664
3.0 0.821078431372549 0.20555555555555555 0.0392156862745098 0.03888888888888889
3.0 0.7990196078431373 0.18888888888888888 0.04411764705882353 0.03888888888888889
4.0 0.7830882352941176 0.1763888888888889 0.041666666666666664 0.03611111111111111
3.0 0.5919117647058824 0.07777777777777778 0.04656862745098039 0.016666666666666666
3.0 0.6262254901960784 0.08611111111111111 0.041666666666666664 0.022222222222222223
6.0 0.5465686274509803 0.08888888888888889 0.024509803921568627 0.011111111111111112
1.0 0.5392156862745098 0.08472222222222223 0.00980392156862745 0.008333333333333333
3.0 0.4068627450980392 0.07777777777777778 0.03431372549019608 0.016666666666666666
3.0 0.20710784313725492 0.17777777777777778 0.02696078431372549 0.03333333333333333
3.0 0.21568627450980393 0.14166666666666666 0.0196078431372549 0.022222222222222223
3.0 0.23529411764705882 0.1111111111111111 0.014705882352941176 0.011111111111111112
3.0 0.27328431372549017 0.09166666666666666 0.022058823529411766 0.016666666666666666
0.0 0.17892156862745098 0.16944444444444445 0.00980392156862745 0.016666666666666666
5.0 0.4056372549019608 0.05277777777777778 0.09068627450980392 0.027777777777777776
4.0 0.35294117647058826 0.06388888888888888 0.0196078431372549 0.011111111111111112
0.0 0.32598039215686275 0.06944444444444445 0.004901960784313725 0.005555555555555556
3.0 0.3284313725490196 0.06666666666666667 0.0196078431372549 0.011111111111111112
4.0 0.29411764705882354 0.06805555555555555 0.014705882352941176 0.008333333333333333
4.0 0.30514705882352944 0.05694444444444444 0.01715686274509804 0.008333333333333333
6.0 0.18504901960784315 0.18055555555555555 0.01715686274509804 0.022222222222222223
1.0 0.18382352941176472 0.17916666666666667 0.00980392156862745 0.013888888888888888
3.0 0.2622549019607843 0.07916666666666666 0.00980392156862745 0.008333333333333333
3.0 0.25 0.07777777777777778 0.00980392156862745 0.005555555555555556
4.0 0.2610294117647059 0.075 0.012254901960784314 0.011111111111111112
3.0 0.26715686274509803 0.07361111111111111 0.014705882352941176 0.008333333333333333
3.0 0.24142156862745098 0.08611111111111111 0.007352941176470588 0.005555555555555556
3.0 0.23161764705882354 0.0875 0.007352941176470588 0.008333333333333333
3.0 0.23039215686274508 0.09166666666666666 0.00980392156862745 0.005555555555555556
3.0 0.23284313725490197 0.09166666666666666 0.00980392156862745 0.005555555555555556
3.0 0.24019607843137256 0.09027777777777778 0.00980392156862745 0.008333333333333333
