0.0 0.9865196078431373 0.5305555555555556 0.0024509803921568627 0.027777777777777776
9.0 0.8762254901960784 0.8236111111111111 0.02696078431372549 0.041666666666666664
9.0 0.9056372549019608 0.7930555555555555 0.022058823529411766 0.03611111111111111
2.0 0.9546568627450981 0.6888888888888889 0.012254901960784314 0.03333333333333333
1.0 0.8799019607843137 0.8194444444444444 0.024509803921568627 0.03888888888888889
1.0 0.9093137254901961 0.7861111111111111 0.0196078431372549 0.03333333333333333
0.0 0.9595588235294118 0.6791666666666667 0.012254901960784314 0.030555555555555555
9.0 0.9583333333333334 0.7041666666666667 0.014705882352941176 0.03611111111111111
1.0 0.9583333333333334 0.7 0.014705882352941176 0.03888888888888889
1.0 0.9620098039215687 0.6944444444444444 0.012254901960784314 0.03333333333333333
3.0 0.8455882352941176 0.5611111111111111 0.08823529411764706 0.12777777777777777
3.0 0.7316176470588235 0.4583333333333333 0.15441176470588236 0.15
3.0 0.7867647058823529 0.3736111111111111 0.06862745098039216 0.11944444444444445
3.0 0.6776960784313726 0.2861111111111111 0.12009803921568628 0.11666666666666667
3.0 0.7120098039215687 0.059722222222222225 0.051470588235294115 0.030555555555555555
3.0 0.7181372549019608 0.1388888888888889 0.0784313725490196 0.05555555555555555
0.0 0.5821078431372549 0.022222222222222223 0.012254901960784314 0.011111111111111112
3.0 0.5379901960784313 0.03194444444444444 0.07107843137254902 0.019444444444444445
4.0 0.6862745098039216 0.043055555555555555 0.049019607843137254 0.030555555555555555
4.0 0.6580882352941176 0.029166666666666667 0.04656862745098039 0.025
3.0 0.6200980392156863 0.016666666666666666 0.049019607843137254 0.016666666666666666
2.0 0.6580882352941176 0.12222222222222222 0.02696078431372549 0.027777777777777776
2.0 0.6397058823529411 0.11805555555555555 0.0196078431372549 0.025
3.0 0.44730392156862747 0.1763888888888889 0.12990196078431374 0.075
3.0 0.37745098039215685 0.16666666666666666 0.08333333333333333 0.07222222222222222
3.0 0.5674019607843137 0.9611111111111111 0.1642156862745098 0.07222222222222222
6.0 0.2610294117647059 0.925 0.07107843137254902 0.05555555555555555
1.0 0.26348039215686275 0.9263888888888889 0.02696078431372549 0.025
1.0 0.2426470588235294 0.9097222222222222 0.029411764705882353 0.025
3.0 0.34191176470588236 0.8833333333333333 0.18382352941176472 0.12777777777777777
4.0 0.13357843137254902 0.6833333333333333 0.08088235294117647 0.14444444444444443
0.0 0.26715686274509803 0.14583333333333334 0.0196078431372549 0.030555555555555555
3.0 0.01838235294117647 0.39166666666666666 0.01715686274509804 0.05555555555555555
3.0 0.16666666666666666 0.19583333333333333 0.04411764705882353 0.058333333333333334
3.0 0.11274509803921569 0.1597222222222222 0.024509803921568627 0.030555555555555555
3.0 0.08333333333333333 0.20833333333333334 0.024509803921568627 0.03888888888888889
7.0 0.08946078431372549 0.20833333333333334 0.022058823529411766 0.03333333333333333
3.0 0.1053921568627451 0.20694444444444443 0.03431372549019608 0.04722222222222222
3.0 0.12377450980392157 0.20555555555555555 0.051470588235294115 0.06111111111111111
4.0 0.13970588235294118 0.20694444444444443 0.049019607843137254 0.06388888888888888
2.0 0.16299019607843138 0.17222222222222222 0.01715686274509804 0.022222222222222223
3.0 0.06372549019607843 0.2125 0.014705882352941176 0.025
