4.0 0.06985294117647059 0.7069444444444445 0.0857843137254902 0.175
3.0 0.28921568627450983 0.925 0.19607843137254902 0.12222222222222222
3.0 0.2806372549019608 0.7597222222222222 0.17401960784313725 0.1638888888888889
3.0 0.49387254901960786 0.8652777777777778 0.23774509803921567 0.10833333333333334
3.0 0.5318627450980392 0.7333333333333333 0.27450980392156865 0.17222222222222222
1.0 0.38848039215686275 0.5 0.051470588235294115 0.08888888888888889
2.0 0.3909313725490196 0.5513888888888889 0.0661764705882353 0.06944444444444445
3.0 0.2855392156862745 0.3819444444444444 0.14460784313725492 0.14722222222222223
5.0 0.7708333333333334 0.5194444444444445 0.15931372549019607 0.29444444444444445
5.0 0.8651960784313726 0.37777777777777777 0.07352941176470588 0.15
3.0 0.8897058823529411 0.3236111111111111 0.0392156862745098 0.06944444444444445
3.0 0.8553921568627451 0.2513888888888889 0.04411764705882353 0.05277777777777778
3.0 0.8970588235294118 0.2875 0.03431372549019608 0.058333333333333334
3.0 0.9264705882352942 0.3111111111111111 0.024509803921568627 0.05
3.0 0.9031862745098039 0.2611111111111111 0.022058823529411766 0.03888888888888889
3.0 0.9227941176470589 0.26944444444444443 0.022058823529411766 0.03888888888888889
3.0 0.9068627450980392 0.25 0.0196078431372549 0.03333333333333333
3.0 0.8848039215686274 0.16805555555555557 0.00980392156862745 0.013888888888888888
9.0 0.8688725490196079 0.15138888888888888 0.007352941176470588 0.008333333333333333
1.0 0.8688725490196079 0.1486111111111111 0.0024509803921568627 0.008333333333333333
3.0 0.9068627450980392 0.23472222222222222 0.0196078431372549 0.030555555555555555
3.0 0.9227941176470589 0.25416666666666665 0.01715686274509804 0.030555555555555555
4.0 0.9215686274509803 0.2375 0.014705882352941176 0.030555555555555555
3.0 0.9068627450980392 0.2263888888888889 0.014705882352941176 0.025
3.0 0.8884803921568627 0.20416666666666666 0.01715686274509804 0.025
3.0 0.8921568627450981 0.2 0.014705882352941176 0.022222222222222223
3.0 0.8933823529411765 0.19583333333333333 0.012254901960784314 0.019444444444444445
3.0 0.9227941176470589 0.23194444444444445 0.012254901960784314 0.019444444444444445
3.0 0.9080882352941176 0.21944444444444444 0.012254901960784314 0.022222222222222223
3.0 0.9080882352941176 0.2152777777777778 0.012254901960784314 0.019444444444444445
3.0 0.9129901960784313 0.21388888888888888 0.012254901960784314 0.016666666666666666
3.0 0.9056372549019608 0.20416666666666666 0.012254901960784314 0.019444444444444445
3.0 0.9093137254901961 0.20694444444444443 0.00980392156862745 0.013888888888888888
3.0 0.9215686274509803 0.21805555555555556 0.00980392156862745 0.019444444444444445
4.0 0.9215686274509803 0.2125 0.00980392156862745 0.013888888888888888
3.0 0.9191176470588235 0.20416666666666666 0.004901960784313725 0.008333333333333333
3.0 0.9215686274509803 0.20416666666666666 0.004901960784313725 0.008333333333333333
3.0 0.9117647058823529 0.20694444444444443 0.00980392156862745 0.013888888888888888
3.0 0.8995098039215687 0.19166666666666668 0.00980392156862745 0.016666666666666666
4.0 0.8995098039215687 0.1875 0.00980392156862745 0.013888888888888888
4.0 0.9080882352941176 0.19722222222222222 0.007352941176470588 0.016666666666666666
3.0 0.9007352941176471 0.18611111111111112 0.007352941176470588 0.011111111111111112
3.0 0.9031862745098039 0.18611111111111112 0.007352941176470588 0.011111111111111112
3.0 0.9056372549019608 0.18611111111111112 0.007352941176470588 0.011111111111111112
4.0 0.9142156862745098 0.20555555555555555 0.00980392156862745 0.016666666666666666
5.0 0.9117647058823529 0.1986111111111111 0.00980392156862745 0.019444444444444445
3.0 0.9129901960784313 0.1986111111111111 0.007352941176470588 0.013888888888888888
3.0 0.9129901960784313 0.19722222222222222 0.007352941176470588 0.011111111111111112
3.0 0.8872549019607843 0.16111111111111112 0.004901960784313725 0.005555555555555556
3.0 0.8811274509803921 0.15555555555555556 0.007352941176470588 0.011111111111111112
3.0 0.8725490196078431 0.14722222222222223 0.004901960784313725 0.005555555555555556
