3.0 0.09068627450980392 0.5611111111111111 0.09313725490196079 0.15555555555555556
3.0 0.06495098039215687 0.6375 0.0857843137254902 0.16944444444444445
3.0 0.049019607843137254 0.6875 0.08333333333333333 0.175
3.0 0.8186274509803921 0.6638888888888889 0.20588235294117646 0.23333333333333334
4.0 0.6151960784313726 0.9263888888888889 0.3333333333333333 0.1361111111111111
3.0 0.8811274509803921 0.48055555555555557 0.11029411764705882 0.17222222222222222
3.0 0.8946078431372549 0.4166666666666667 0.08823529411764706 0.12777777777777777
3.0 0.014705882352941176 0.5361111111111111 0.024509803921568627 0.13333333333333333
3.0 0.04779411764705882 0.4263888888888889 0.051470588235294115 0.13055555555555556
3.0 0.4840686274509804 0.15833333333333333 0.23284313725490197 0.08888888888888889
3.0 0.5330882352941176 0.12916666666666668 0.18382352941176472 0.06944444444444445
3.0 0.5821078431372549 0.11944444444444445 0.17892156862745098 0.07222222222222222
3.0 0.6139705882352942 0.10555555555555556 0.15931372549019607 0.07222222222222222
3.0 0.6433823529411765 0.09861111111111111 0.14460784313725492 0.06944444444444445
3.0 0.6666666666666666 0.09305555555555556 0.12254901960784313 0.06944444444444445
3.0 0.6801470588235294 0.08611111111111111 0.13480392156862744 0.07222222222222222
5.0 0.9522058823529411 0.30416666666666664 0.0661764705882353 0.1361111111111111
3.0 0.8982843137254902 0.3763888888888889 0.09068627450980392 0.13055555555555556
3.0 0.8946078431372549 0.3277777777777778 0.09313725490196079 0.12222222222222222
3.0 0.8933823529411765 0.2986111111111111 0.09068627450980392 0.11944444444444445
3.0 0.8860294117647058 0.26805555555555555 0.08088235294117647 0.10277777777777777
3.0 0.8921568627450981 0.25972222222222224 0.06862745098039216 0.09166666666666666
3.0 0.8811274509803921 0.23194444444444445 0.07598039215686274 0.09166666666666666
3.0 0.8884803921568627 0.225 0.0661764705882353 0.08888888888888889
3.0 0.8872549019607843 0.2152777777777778 0.06372549019607843 0.08055555555555556
3.0 0.8823529411764706 0.2 0.058823529411764705 0.06666666666666667
3.0 0.8799019607843137 0.19166666666666668 0.05392156862745098 0.06111111111111111
3.0 0.8811274509803921 0.18888888888888888 0.051470588235294115 0.06111111111111111
3.0 0.8823529411764706 0.1875 0.05392156862745098 0.06388888888888888
4.0 0.8786764705882353 0.1763888888888889 0.04656862745098039 0.05277777777777778
3.0 0.875 0.17222222222222222 0.049019607843137254 0.05555555555555555
3.0 0.8774509803921569 0.16944444444444445 0.04411764705882353 0.05
3.0 0.875 0.16527777777777777 0.04411764705882353 0.04722222222222222
3.0 0.8762254901960784 0.16527777777777777 0.041666666666666664 0.04722222222222222
3.0 0.8762254901960784 0.16111111111111112 0.03676470588235294 0.044444444444444446
3.0 0.7156862745098039 0.07916666666666666 0.09803921568627451 0.06388888888888888
3.0 0.75 0.08611111111111111 0.08333333333333333 0.06111111111111111
4.0 0.75 0.075 0.06862745098039216 0.05
3.0 0.7561274509803921 0.0763888888888889 0.061274509803921566 0.041666666666666664
5.0 0.7696078431372549 0.0763888888888889 0.03431372549019608 0.025
4.0 0.8762254901960784 0.15694444444444444 0.031862745098039214 0.03611111111111111
3.0 0.11397058823529412 0.2916666666666667 0.0661764705882353 0.09444444444444444
5.0 0.8786764705882353 0.1597222222222222 0.04656862745098039 0.058333333333333334
3.0 0.24019607843137256 0.14305555555555555 0.0784313725490196 0.06944444444444445
3.0 0.33700980392156865 0.11527777777777778 0.10049019607843138 0.06388888888888888
