3.0 0.18259803921568626 0.7611111111111111 0.12009803921568628 0.2
3.0 0.45588235294117646 0.8291666666666667 0.1568627450980392 0.1638888888888889
3.0 0.4803921568627451 0.9708333333333333 0.1323529411764706 0.04722222222222222
3.0 0.4963235294117647 0.4888888888888889 0.14460784313725492 0.2111111111111111
3.0 0.6997549019607843 0.4222222222222222 0.1053921568627451 0.16666666666666666
9.0 0.6299019607843137 0.4861111111111111 0.04411764705882353 0.11666666666666667
1.0 0.6262254901960784 0.4638888888888889 0.04656862745098039 0.1
0.0 0.9583333333333334 0.43194444444444446 0.004901960784313725 0.03611111111111111
9.0 0.9669117647058824 0.4527777777777778 0.007352941176470588 0.044444444444444446
0.0 0.9644607843137255 0.44722222222222224 0.007352941176470588 0.044444444444444446
5.0 0.9387254901960784 0.29305555555555557 0.049019607843137254 0.09722222222222222
3.0 0.9436274509803921 0.24861111111111112 0.024509803921568627 0.041666666666666664
0.0 0.9313725490196079 0.22916666666666666 0.00980392156862745 0.019444444444444445
0.0 0.9240196078431373 0.22361111111111112 0.00980392156862745 0.019444444444444445
0.0 0.8995098039215687 0.19166666666666668 0.00980392156862745 0.016666666666666666
3.0 0.8786764705882353 0.18472222222222223 0.04656862745098039 0.05277777777777778
3.0 0.8799019607843137 0.17916666666666667 0.0392156862745098 0.04722222222222222
9.0 0.8308823529411765 0.12777777777777777 0.0196078431372549 0.022222222222222223
9.0 0.8443627450980392 0.1388888888888889 0.012254901960784314 0.016666666666666666
9.0 0.8529411764705882 0.14583333333333334 0.00980392156862745 0.013888888888888888
9.0 0.8590686274509803 0.15138888888888888 0.007352941176470588 0.013888888888888888
9.0 0.8639705882352942 0.15555555555555556 0.007352941176470588 0.011111111111111112
3.0 0.7916666666666666 0.11527777777777778 0.049019607843137254 0.041666666666666664
3.0 0.6678921568627451 0.05694444444444444 0.061274509803921566 0.030555555555555555
9.0 0.7977941176470589 0.10138888888888889 0.012254901960784314 0.013888888888888888
0.0 0.8051470588235294 0.11527777777777778 0.012254901960784314 0.013888888888888888
0.0 0.8112745098039216 0.11666666666666667 0.00980392156862745 0.011111111111111112
3.0 0.821078431372549 0.13333333333333333 0.0392156862745098 0.03888888888888889
3.0 0.7965686274509803 0.1125 0.0392156862745098 0.03611111111111111
3.0 0.7757352941176471 0.09722222222222222 0.051470588235294115 0.03888888888888889
3.0 0.7549019607843137 0.08194444444444444 0.05392156862745098 0.03611111111111111
3.0 0.7279411764705882 0.06388888888888888 0.049019607843137254 0.03333333333333333
3.0 0.7120098039215687 0.05416666666666667 0.04656862745098039 0.025
4.0 0.6948529411764706 0.044444444444444446 0.04656862745098039 0.027777777777777776
3.0 0.6703431372549019 0.03333333333333333 0.02696078431372549 0.016666666666666666
3.0 0.7058823529411765 0.044444444444444446 0.04411764705882353 0.022222222222222223
3.0 0.5294117647058824 0.02361111111111111 0.03431372549019608 0.013888888888888888
3.0 0.5024509803921569 0.002777777777777778 0.024509803921568627 0.005555555555555556
3.0 0.4375 0.018055555555555554 0.031862745098039214 0.013888888888888888
3.0 0.3946078431372549 0.020833333333333332 0.029411764705882353 0.013888888888888888
0.0 0.3492647058823529 0.03194444444444444 0.012254901960784314 0.013888888888888888
0.0 0.3553921568627451 0.030555555555555555 0.00980392156862745 0.011111111111111112
9.0 0.34068627450980393 0.05555555555555555 0.029411764705882353 0.016666666666666666
1.0 0.3431372549019608 0.05138888888888889 0.014705882352941176 0.013888888888888888
1.0 0.3480392156862745 0.05138888888888889 0.014705882352941176 0.013888888888888888
3.0 0.022058823529411766 0.4930555555555556 0.0196078431372549 0.09166666666666666
3.0 0.011029411764705883 0.4305555555555556 0.01715686274509804 0.06111111111111111
3.0 0.003676470588235294 0.4986111111111111 0.0024509803921568627 0.08055555555555556
3.0 0.012254901960784314 0.5611111111111111 0.0196078431372549 0.08888888888888889
9.0 0.04534313725490196 0.25277777777777777 0.007352941176470588 0.016666666666666666
1.0 0.04656862745098039 0.24861111111111112 0.00980392156862745 0.019444444444444445
0.0 0.06862745098039216 0.2111111111111111 0.00980392156862745 0.016666666666666666
4.0 0.051470588235294115 0.24027777777777778 0.0196078431372549 0.03611111111111111
3.0 0.07230392156862746 0.21805555555555556 0.02696078431372549 0.03611111111111111
3.0 0.08088235294117647 0.23055555555555557 0.03431372549019608 0.05
9.0 0.05269607843137255 0.33055555555555555 0.012254901960784314 0.03333333333333333
1.0 0.05392156862745098 0.32222222222222224 0.00980392156862745 0.027777777777777776
3.0 0.09558823529411764 0.20277777777777778 0.029411764705882353 0.03888888888888889
3.0 0.10049019607843138 0.19027777777777777 0.029411764705882353 0.03611111111111111
0.0 0.10661764705882353 0.1763888888888889 0.012254901960784314 0.019444444444444445
4.0 0.10661764705882353 0.175 0.031862745098039214 0.044444444444444446
0.0 0.09436274509803921 0.18055555555555555 0.007352941176470588 0.016666666666666666
0.0 0.16053921568627452 0.12638888888888888 0.012254901960784314 0.019444444444444445
0.0 0.18382352941176472 0.12083333333333333 0.014705882352941176 0.019444444444444445
0.0 0.18137254901960784 0.12361111111111112 0.014705882352941176 0.019444444444444445
9.0 0.23651960784313725 0.075 0.01715686274509804 0.016666666666666666
4.0 0.1642156862745098 0.12083333333333333 0.04411764705882353 0.04722222222222222
9.0 0.18504901960784315 0.1111111111111111 0.01715686274509804 0.016666666666666666
0.0 0.19852941176470587 0.09305555555555556 0.00980392156862745 0.013888888888888888
1.0 0.18627450980392157 0.10972222222222222 0.00980392156862745 0.013888888888888888
1.0 0.18872549019607843 0.10833333333333334 0.00980392156862745 0.016666666666666666
0.0 0.2107843137254902 0.0875 0.00980392156862745 0.013888888888888888
0.0 0.2267156862745098 0.07916666666666666 0.012254901960784314 0.013888888888888888
0.0 0.21691176470588236 0.08472222222222223 0.012254901960784314 0.013888888888888888
