3.0 0.11619718309859155 0.8282051282051283 0.08215962441314555 0.09230769230769231
4.0 0.33098591549295775 0.9564102564102565 0.1643192488262911 0.07179487179487179
3.0 0.3403755868544601 0.9012820512820513 0.215962441314554 0.12564102564102564
3.0 0.9330985915492958 0.6397435897435897 0.04460093896713615 0.11025641025641025
3.0 0.9870892018779343 0.5615384615384615 0.011737089201877934 0.046153846153846156
3.0 0.6208920187793427 0.958974358974359 0.14788732394366197 0.07179487179487179
3.0 0.6807511737089202 0.8461538461538461 0.23943661971830985 0.14871794871794872
3.0 0.8333333333333334 0.4128205128205128 0.107981220657277 0.11282051282051282
0.0 0.8791079812206573 0.31794871794871793 0.01643192488262911 0.046153846153846156
1.0 0.897887323943662 0.36666666666666664 0.01643192488262911 0.046153846153846156
9.0 0.9002347417840375 0.3782051282051282 0.01643192488262911 0.04358974358974359
3.0 0.9765258215962441 0.46025641025641023 0.009389671361502348 0.04871794871794872
8.0 0.9424882629107981 0.29615384615384616 0.035211267605633804 0.07435897435897436
0.0 0.9237089201877934 0.27692307692307694 0.011737089201877934 0.02564102564102564
1.0 0.9237089201877934 0.2743589743589744 0.007042253521126761 0.020512820512820513
1.0 0.926056338028169 0.2743589743589744 0.007042253521126761 0.015384615384615385
0.0 0.931924882629108 0.2858974358974359 0.009389671361502348 0.023076923076923078
0.0 0.9284037558685446 0.27564102564102566 0.011737089201877934 0.023076923076923078
0.0 0.9354460093896714 0.29102564102564105 0.007042253521126761 0.023076923076923078
0.0 0.9366197183098591 0.29102564102564105 0.009389671361502348 0.023076923076923078
3.0 0.9647887323943662 0.33205128205128204 0.009389671361502348 0.028205128205128206
3.0 0.9471830985915493 0.28205128205128205 0.011737089201877934 0.02564102564102564
3.0 0.9471830985915493 0.2794871794871795 0.011737089201877934 0.020512820512820513
3.0 0.9507042253521126 0.2794871794871795 0.009389671361502348 0.020512820512820513
3.0 0.9507042253521126 0.27564102564102566 0.009389671361502348 0.017948717948717947
4.0 0.9612676056338029 0.2987179487179487 0.011737089201877934 0.023076923076923078
3.0 0.9530516431924883 0.2743589743589744 0.009389671361502348 0.015384615384615385
3.0 0.960093896713615 0.2846153846153846 0.009389671361502348 0.015384615384615385
3.0 0.965962441314554 0.3 0.007042253521126761 0.015384615384615385
3.0 0.954225352112676 0.2717948717948718 0.007042253521126761 0.015384615384615385
3.0 0.9577464788732394 0.2743589743589744 0.004694835680751174 0.010256410256410256
0.0 0.9577464788732394 0.27692307692307694 0.004694835680751174 0.005128205128205128
1.0 0.04460093896713615 0.2653846153846154 0.004694835680751174 0.007692307692307693
2.0 0.04342723004694836 0.26794871794871794 0.007042253521126761 0.01282051282051282
3.0 0.009389671361502348 0.4269230769230769 0.014084507042253521 0.04358974358974359
4.0 0.008215962441314555 0.41923076923076924 0.011737089201877934 0.038461538461538464
3.0 0.009389671361502348 0.40512820512820513 0.009389671361502348 0.03076923076923077
3.0 0.023474178403755867 0.367948717948718 0.018779342723004695 0.04358974358974359
4.0 0.023474178403755867 0.37564102564102564 0.018779342723004695 0.04871794871794872
3.0 0.023474178403755867 0.3858974358974359 0.018779342723004695 0.04871794871794872
4.0 0.02464788732394366 0.391025641025641 0.01643192488262911 0.04358974358974359
0.0 0.10915492957746478 0.2153846153846154 0.011737089201877934 0.020512820512820513
3.0 0.11502347417840375 0.2205128205128205 0.03286384976525822 0.046153846153846156
0.0 0.13028169014084506 0.2012820512820513 0.011737089201877934 0.017948717948717947
3.0 0.07276995305164319 0.28717948717948716 0.03286384976525822 0.05641025641025641
4.0 0.07863849765258216 0.28846153846153844 0.035211267605633804 0.05384615384615385
4.0 0.08450704225352113 0.28717948717948716 0.03755868544600939 0.05641025641025641
4.0 0.0892018779342723 0.29102564102564105 0.04225352112676056 0.06923076923076923
0.0 0.17488262910798122 0.1423076923076923 0.011737089201877934 0.01282051282051282
2.0 0.16784037558685447 0.14358974358974358 0.011737089201877934 0.015384615384615385
9.0 0.19953051643192488 0.12051282051282051 0.014084507042253521 0.015384615384615385
2.0 0.19014084507042253 0.12564102564102564 0.014084507042253521 0.015384615384615385
1.0 0.2147887323943662 0.10897435897435898 0.011737089201877934 0.01282051282051282
0.0 0.23826291079812206 0.09358974358974359 0.011737089201877934 0.01282051282051282
3.0 0.1572769953051643 0.1717948717948718 0.046948356807511735 0.046153846153846156
4.0 0.17018779342723006 0.16282051282051282 0.035211267605633804 0.038461538461538464
4.0 0.18544600938967137 0.15512820512820513 0.051643192488262914 0.04871794871794872
3.0 0.19483568075117372 0.15512820512820513 0.06103286384976526 0.05384615384615385
3.0 0.20892018779342722 0.14871794871794872 0.06572769953051644 0.05128205128205128
3.0 0.22417840375586853 0.14358974358974358 0.06807511737089202 0.05641025641025641
4.0 0.21009389671361503 0.1282051282051282 0.04929577464788732 0.041025641025641026
3.0 0.22535211267605634 0.12307692307692308 0.051643192488262914 0.041025641025641026
3.0 0.25938967136150237 0.11025641025641025 0.06807511737089202 0.046153846153846156
3.0 0.2805164319248826 0.10512820512820513 0.06807511737089202 0.041025641025641026
4.0 0.29694835680751175 0.08846153846153847 0.06807511737089202 0.038461538461538464
3.0 0.3192488262910798 0.06923076923076923 0.06103286384976526 0.03076923076923077
4.0 0.3380281690140845 0.0641025641025641 0.06103286384976526 0.03076923076923077
3.0 0.3685446009389671 0.06025641025641026 0.07981220657276995 0.028205128205128206
3.0 0.4753521126760563 0.04487179487179487 0.07746478873239436 0.01282051282051282
3.0 0.5199530516431925 0.047435897435897434 0.07746478873239436 0.01282051282051282
3.0 0.4859154929577465 0.057692307692307696 0.07511737089201878 0.017948717948717947
3.0 0.38380281690140844 0.047435897435897434 0.07276995305164319 0.023076923076923078
3.0 0.40023474178403756 0.046153846153846156 0.06338028169014084 0.020512820512820513
3.0 0.49413145539906106 0.028205128205128206 0.04460093896713615 0.005128205128205128
4.0 0.5164319248826291 0.03076923076923077 0.056338028169014086 0.010256410256410256
3.0 0.5504694835680751 0.035897435897435895 0.06338028169014084 0.015384615384615385
3.0 0.5845070422535211 0.04230769230769231 0.056338028169014086 0.017948717948717947
3.0 0.5563380281690141 0.029487179487179487 0.051643192488262914 0.01282051282051282
3.0 0.5751173708920188 0.03461538461538462 0.051643192488262914 0.01282051282051282
3.0 0.6032863849765259 0.04230769230769231 0.056338028169014086 0.017948717948717947
3.0 0.6267605633802817 0.04871794871794872 0.056338028169014086 0.020512820512820513
1.0 0.5645539906103286 0.019230769230769232 0.007042253521126761 0.002564102564102564
1.0 0.568075117370892 0.019230769230769232 0.009389671361502348 0.002564102564102564
1.0 0.5938967136150235 0.02435897435897436 0.004694835680751174 0.002564102564102564
4.0 0.6373239436619719 0.041025641025641026 0.04460093896713615 0.020512820512820513
3.0 0.6584507042253521 0.04871794871794872 0.03990610328638498 0.020512820512820513
3.0 0.6830985915492958 0.05897435897435897 0.046948356807511735 0.020512820512820513
3.0 0.6772300469483568 0.052564102564102565 0.035211267605633804 0.017948717948717947
0.0 0.6525821596244131 0.03461538461538462 0.009389671361502348 0.007692307692307693
0.0 0.6619718309859155 0.03717948717948718 0.009389671361502348 0.007692307692307693
3.0 0.7147887323943662 0.07051282051282051 0.04460093896713615 0.028205128205128206
0.0 0.7335680751173709 0.0641025641025641 0.007042253521126761 0.005128205128205128
4.0 0.7476525821596244 0.08076923076923077 0.03051643192488263 0.023076923076923078
3.0 0.7652582159624414 0.09230769230769231 0.03286384976525822 0.02564102564102564
