0.0 0.14790575916230367 0.8234375 0.034031413612565446 0.065625
0.0 0.11518324607329843 0.6359375 0.031413612565445025 0.115625
0.0 0.2094240837696335 0.840625 0.05235602094240838 0.0875
0.0 0.21335078534031413 0.8046875 0.06544502617801047 0.134375
0.0 0.9280104712041884 0.7625 0.03926701570680628 0.09375
0.0 0.918848167539267 0.75625 0.02617801047120419 0.04375
0.0 0.9672774869109948 0.575 0.007853403141361256 0.04375
1.0 0.9764397905759162 0.571875 0.010471204188481676 0.05
1.0 0.9842931937172775 0.578125 0.015706806282722512 0.0625
0.0 0.9646596858638743 0.4375 0.013089005235602094 0.075
0.0 0.9541884816753927 0.453125 0.013089005235602094 0.06875
0.0 0.9293193717277487 0.4 0.020942408376963352 0.09375
0.0 0.8219895287958116 0.3046875 0.02617801047120419 0.078125
0.0 0.7657068062827225 0.2765625 0.03926701570680628 0.084375
0.0 0.7028795811518325 0.275 0.028795811518324606 0.08125
0.0 0.6649214659685864 0.246875 0.031413612565445025 0.08125
0.0 0.6465968586387435 0.21875 0.02617801047120419 0.06875
0.0 0.612565445026178 0.2109375 0.02617801047120419 0.071875
0.0 0.599476439790576 0.196875 0.02617801047120419 0.075
0.0 0.8599476439790575 0.6671875 0.04450261780104712 0.115625
0.0 0.38612565445026176 0.8640625 0.04450261780104712 0.078125
0.0 0.4397905759162304 0.8640625 0.05235602094240838 0.103125
0.0 0.04319371727748691 0.4046875 0.013089005235602094 0.059375
6.0 0.01963350785340314 0.5046875 0.01832460732984293 0.065625
1.0 0.0274869109947644 0.4703125 0.007853403141361256 0.040625
0.0 0.03664921465968586 0.4796875 0.010471204188481676 0.071875
0.0 0.041884816753926704 0.4734375 0.005235602094240838 0.046875
0.0 0.6858638743455497 0.8640625 0.031413612565445025 0.053125
0.0 0.7329842931937173 0.8390625 0.05235602094240838 0.096875
0.0 0.6989528795811518 0.9078125 0.07853403141361257 0.103125
1.0 0.7958115183246073 0.8546875 0.04712041884816754 0.059375
1.0 0.8232984293193717 0.8359375 0.049738219895287955 0.071875
1.0 0.8586387434554974 0.809375 0.05235602094240838 0.06875
1.0 0.8678010471204188 0.8 0.01832460732984293 0.0375
0.0 0.10340314136125654 0.3828125 0.02356020942408377 0.084375
0.0 0.09293193717277487 0.3640625 0.01832460732984293 0.065625
0.0 0.07984293193717278 0.3875 0.013089005235602094 0.0625
0.0 0.07198952879581152 0.4109375 0.013089005235602094 0.059375
0.0 0.05235602094240838 0.43125 0.010471204188481676 0.05625
0.0 0.05759162303664921 0.434375 0.010471204188481676 0.0625
1.0 0.06544502617801047 0.4171875 0.010471204188481676 0.021875
0.0 0.06413612565445026 0.44375 0.007853403141361256 0.04375
0.0 0.06282722513089005 0.5046875 0.010471204188481676 0.084375
1.0 0.06282722513089005 0.478125 0.005235602094240838 0.0375
0.0 0.14659685863874344 0.484375 0.020942408376963352 0.11875
0.0 0.17146596858638743 0.465625 0.01832460732984293 0.09375
0.0 0.17015706806282724 0.503125 0.020942408376963352 0.1125
0.0 0.20287958115183247 0.65625 0.04450261780104712 0.13125
0.0 0.6099476439790575 0.8640625 0.08376963350785341 0.109375
0.0 0.29450261780104714 0.45 0.049738219895287955 0.14375
0.0 0.6400523560209425 0.5734375 0.04450261780104712 0.146875
0.0 0.7997382198952879 0.5421875 0.02356020942408377 0.121875
0.0 0.7945026178010471 0.5171875 0.02356020942408377 0.121875
0.0 0.7670157068062827 0.4953125 0.02617801047120419 0.134375
0.0 0.5418848167539267 0.834375 0.06806282722513089 0.10625
0.0 0.5235602094240838 0.8359375 0.03664921465968586 0.090625
0.0 0.7866492146596858 0.725 0.034031413612565446 0.1
0.0 0.7709424083769634 0.71875 0.04450261780104712 0.10625
0.0 0.7473821989528796 0.74375 0.028795811518324606 0.05625
0.0 0.731675392670157 0.7234375 0.03926701570680628 0.115625
0.0 0.7133507853403142 0.709375 0.04450261780104712 0.125
0.0 0.6845549738219895 0.703125 0.034031413612565446 0.1125
0.0 0.6727748691099477 0.721875 0.03664921465968586 0.1
0.0 0.650523560209424 0.7078125 0.034031413612565446 0.109375
0.0 0.643979057591623 0.7796875 0.04712041884816754 0.109375
0.0 0.6151832460732984 0.7890625 0.05235602094240838 0.134375
0.0 0.7356020942408377 0.4796875 0.02617801047120419 0.134375
1.0 0.7133507853403142 0.5046875 0.028795811518324606 0.115625
1.0 0.6858638743455497 0.4953125 0.031413612565445025 0.115625
0.0 0.6492146596858639 0.4765625 0.03664921465968586 0.128125
0.0 0.5929319371727748 0.7328125 0.0549738219895288 0.128125
0.0 0.6007853403141361 0.6953125 0.028795811518324606 0.103125
0.0 0.5418848167539267 0.6796875 0.02617801047120419 0.078125
0.0 0.23036649214659685 0.6734375 0.05235602094240838 0.140625
0.0 0.25785340314136124 0.6828125 0.034031413612565446 0.115625
1.0 0.23821989528795812 0.64375 0.02617801047120419 0.08125
0.0 0.5968586387434555 0.521875 0.03664921465968586 0.1625
0.0 0.569371727748691 0.5234375 0.034031413612565446 0.146875
0.0 0.574607329842932 0.4671875 0.03926701570680628 0.159375
0.0 0.29842931937172773 0.7125 0.05235602094240838 0.13125
0.0 0.27356020942408377 0.6515625 0.034031413612565446 0.121875
0.0 0.3102094240837696 0.665625 0.03926701570680628 0.13125
0.0 0.34293193717277487 0.6765625 0.031413612565445025 0.090625
0.0 0.3887434554973822 0.7484375 0.07591623036649214 0.146875
0.0 0.3599476439790576 0.6125 0.028795811518324606 0.13125
0.0 0.5209424083769634 0.7671875 0.02617801047120419 0.078125
0.0 0.5117801047120419 0.7109375 0.02356020942408377 0.084375
0.0 0.49345549738219896 0.7625 0.034031413612565446 0.1375
0.0 0.38350785340314136 0.56875 0.034031413612565446 0.1375
0.0 0.3900523560209424 0.615625 0.03664921465968586 0.1375
0.0 0.4096858638743455 0.7125 0.03926701570680628 0.14375
0.0 0.4397905759162304 0.5703125 0.05235602094240838 0.134375
1.0 0.3036649214659686 0.4109375 0.02617801047120419 0.040625
0.0 0.443717277486911 0.75 0.04450261780104712 0.15
0.0 0.48429319371727747 0.5515625 0.03664921465968586 0.121875
0.0 0.5013089005235603 0.496875 0.028795811518324606 0.1125
0.0 0.44502617801047123 0.5125 0.03664921465968586 0.125
0.0 0.46727748691099474 0.4890625 0.03926701570680628 0.140625
1.0 0.4581151832460733 0.4640625 0.02617801047120419 0.053125
