3.0 0.18872549019607843 0.8666666666666667 0.12745098039215685 0.14444444444444443
3.0 0.22303921568627452 0.35555555555555557 0.0784313725490196 0.15
3.0 0.6764705882352942 0.3541666666666667 0.11764705882352941 0.125
3.0 0.28308823529411764 0.19583333333333333 0.0661764705882353 0.08055555555555556
3.0 0.3235294117647059 0.12083333333333333 0.05392156862745098 0.058333333333333334
3.0 0.4534313725490196 0.027777777777777776 0.029411764705882353 0.016666666666666666
3.0 0.45588235294117646 0.016666666666666666 0.024509803921568627 0.011111111111111112
3.0 0.0821078431372549 0.24861111111111112 0.03676470588235294 0.05277777777777778
3.0 0.09436274509803921 0.22361111111111112 0.03676470588235294 0.04722222222222222
3.0 0.11151960784313726 0.19722222222222222 0.03676470588235294 0.044444444444444446
3.0 0.15196078431372548 0.14722222222222223 0.029411764705882353 0.03333333333333333
3.0 0.16911764705882354 0.12638888888888888 0.024509803921568627 0.025
3.0 0.9203431372549019 0.3486111111111111 0.03676470588235294 0.075
3.0 0.7843137254901961 0.13472222222222222 0.03431372549019608 0.03611111111111111
3.0 0.7205882352941176 0.06944444444444445 0.029411764705882353 0.022222222222222223
3.0 0.6924019607843137 0.05138888888888889 0.031862745098039214 0.019444444444444445
3.0 0.678921568627451 0.10694444444444444 0.05392156862745098 0.041666666666666664
0.0 0.02696078431372549 0.31666666666666665 0.004901960784313725 0.022222222222222223
0.0 0.07107843137254902 0.23333333333333334 0.00980392156862745 0.022222222222222223
0.0 0.07352941176470588 0.23055555555555557 0.00980392156862745 0.022222222222222223
9.0 0.051470588235294115 0.2722222222222222 0.00980392156862745 0.016666666666666666
6.0 0.023284313725490197 0.3333333333333333 0.012254901960784314 0.027777777777777776
0.0 0.01715686274509804 0.5472222222222223 0.004901960784313725 0.03888888888888889
0.0 0.020833333333333332 0.5402777777777777 0.007352941176470588 0.04722222222222222
0.0 0.029411764705882353 0.49722222222222223 0.004901960784313725 0.044444444444444446
0.0 0.03431372549019608 0.4888888888888889 0.004901960784313725 0.044444444444444446
0.0 0.06985294117647059 0.4013888888888889 0.012254901960784314 0.05277777777777778
0.0 0.07475490196078431 0.3958333333333333 0.012254901960784314 0.05277777777777778
1.0 0.24142156862745098 0.5847222222222223 0.03676470588235294 0.09722222222222222
2.0 0.24142156862745098 0.6027777777777777 0.02696078431372549 0.07777777777777778
2.0 0.04411764705882353 0.2791666666666667 0.004901960784313725 0.013888888888888888
1.0 0.10416666666666667 0.2777777777777778 0.01715686274509804 0.03888888888888889
9.0 0.1017156862745098 0.28194444444444444 0.012254901960784314 0.03611111111111111
9.0 0.10049019607843138 0.2625 0.014705882352941176 0.030555555555555555
9.0 0.23529411764705882 0.1388888888888889 0.014705882352941176 0.022222222222222223
1.0 0.23897058823529413 0.13194444444444445 0.01715686274509804 0.025
9.0 0.5625 0.06944444444444445 0.01715686274509804 0.016666666666666666
1.0 0.5612745098039216 0.06527777777777778 0.014705882352941176 0.013888888888888888
6.0 0.5269607843137255 0.018055555555555554 0.014705882352941176 0.008333333333333333
1.0 0.5257352941176471 0.015277777777777777 0.007352941176470588 0.002777777777777778
3.0 0.21446078431372548 0.09305555555555556 0.041666666666666664 0.030555555555555555
9.0 0.16299019607843138 0.11805555555555555 0.012254901960784314 0.013888888888888888
6.0 0.36642156862745096 0.020833333333333332 0.01715686274509804 0.008333333333333333
1.0 0.36642156862745096 0.019444444444444445 0.007352941176470588 0.005555555555555556
0.0 0.29044117647058826 0.04583333333333333 0.007352941176470588 0.008333333333333333
1.0 0.9142156862745098 0.5861111111111111 0.0196078431372549 0.06666666666666667
9.0 0.9117647058823529 0.5986111111111111 0.014705882352941176 0.058333333333333334
0.0 0.9325980392156863 0.4486111111111111 0.007352941176470588 0.04722222222222222
0.0 0.9375 0.46111111111111114 0.007352941176470588 0.05
0.0 0.9362745098039216 0.4444444444444444 0.004901960784313725 0.027777777777777776
0.0 0.9436274509803921 0.4777777777777778 0.004901960784313725 0.05
0.0 0.9411764705882353 0.4388888888888889 0.004901960784313725 0.022222222222222223
6.0 0.9399509803921569 0.4625 0.022058823529411766 0.075
1.0 0.9558823529411765 0.41388888888888886 0.004901960784313725 0.022222222222222223
1.0 0.9509803921568627 0.40694444444444444 0.004901960784313725 0.019444444444444445
0.0 0.9497549019607843 0.425 0.007352941176470588 0.05
0.0 0.9375 0.4222222222222222 0.007352941176470588 0.03888888888888889
0.0 0.9338235294117647 0.40694444444444444 0.00980392156862745 0.04722222222222222
0.0 0.9252450980392157 0.4013888888888889 0.012254901960784314 0.05277777777777778
0.0 0.9203431372549019 0.39444444444444443 0.012254901960784314 0.05
0.0 0.9178921568627451 0.38472222222222224 0.007352941176470588 0.030555555555555555
6.0 0.9105392156862745 0.39444444444444443 0.02696078431372549 0.06666666666666667
0.0 0.9105392156862745 0.4027777777777778 0.012254901960784314 0.05555555555555555
1.0 0.8921568627450981 0.43194444444444446 0.014705882352941176 0.058333333333333334
9.0 0.8933823529411765 0.44583333333333336 0.012254901960784314 0.04722222222222222
5.0 0.8370098039215687 0.38472222222222224 0.07598039215686274 0.14722222222222223
0.0 0.8492647058823529 0.44166666666666665 0.01715686274509804 0.07222222222222222
0.0 0.8639705882352942 0.43472222222222223 0.012254901960784314 0.06944444444444445
9.0 0.866421568627451 0.4708333333333333 0.02696078431372549 0.04722222222222222
0.0 0.8075980392156863 0.29583333333333334 0.01715686274509804 0.041666666666666664
0.0 0.8026960784313726 0.2902777777777778 0.01715686274509804 0.04722222222222222
6.0 0.7867647058823529 0.30277777777777776 0.05392156862745098 0.08888888888888889
6.0 0.7549019607843137 0.24583333333333332 0.04411764705882353 0.058333333333333334
3.0 0.7009803921568627 0.14305555555555555 0.058823529411764705 0.058333333333333334
1.0 0.8700980392156863 0.2833333333333333 0.014705882352941176 0.022222222222222223
0.0 0.8382352941176471 0.22777777777777777 0.0196078431372549 0.044444444444444446
6.0 0.8504901960784313 0.2388888888888889 0.029411764705882353 0.05
2.0 0.8872549019607843 0.2986111111111111 0.014705882352941176 0.03611111111111111
1.0 0.8284313725490197 0.24583333333333332 0.0196078431372549 0.03611111111111111
9.0 0.8259803921568627 0.2513888888888889 0.0196078431372549 0.03611111111111111
0.0 0.7818627450980392 0.17777777777777778 0.0196078431372549 0.03333333333333333
0.0 0.7916666666666666 0.18888888888888888 0.014705882352941176 0.022222222222222223
0.0 0.8149509803921569 0.19027777777777777 0.012254901960784314 0.019444444444444445
0.0 0.803921568627451 0.18055555555555555 0.014705882352941176 0.027777777777777776
5.0 0.8002450980392157 0.16944444444444445 0.04656862745098039 0.05555555555555555
1.0 0.7598039215686274 0.1638888888888889 0.024509803921568627 0.03333333333333333
2.0 0.7634803921568627 0.17222222222222222 0.022058823529411766 0.027777777777777776
9.0 0.7745098039215687 0.1986111111111111 0.0196078431372549 0.03611111111111111
1.0 0.7745098039215687 0.19722222222222222 0.0196078431372549 0.03333333333333333
0.0 0.6752450980392157 0.07777777777777778 0.01715686274509804 0.016666666666666666
0.0 0.7120098039215687 0.09444444444444444 0.01715686274509804 0.022222222222222223
0.0 0.6544117647058824 0.034722222222222224 0.00980392156862745 0.008333333333333333
0.0 0.6102941176470589 0.020833333333333332 0.00980392156862745 0.008333333333333333
0.0 0.6360294117647058 0.019444444444444445 0.007352941176470588 0.005555555555555556
0.0 0.6299019607843137 0.019444444444444445 0.004901960784313725 0.005555555555555556
0.0 0.6213235294117647 0.016666666666666666 0.007352941176470588 0.005555555555555556
