3.0 0.22300469483568075 0.9115384615384615 0.07511737089201878 0.05897435897435897
3.0 0.2676056338028169 0.7871794871794872 0.0892018779342723 0.09743589743589744
3.0 0.45774647887323944 0.6282051282051282 0.09859154929577464 0.1076923076923077
3.0 0.18427230046948356 0.6564102564102564 0.0539906103286385 0.08717948717948718
3.0 0.19718309859154928 0.5384615384615384 0.046948356807511735 0.08717948717948718
3.0 0.2828638497652582 0.514102564102564 0.06338028169014084 0.08974358974358974
3.0 0.14084507042253522 0.44487179487179485 0.028169014084507043 0.05897435897435897
3.0 0.20539906103286384 0.391025641025641 0.04929577464788732 0.08461538461538462
3.0 0.289906103286385 0.30641025641025643 0.0539906103286385 0.05897435897435897
4.0 0.25234741784037557 0.2141025641025641 0.035211267605633804 0.038461538461538464
3.0 0.38380281690140844 0.14615384615384616 0.03051643192488263 0.020512820512820513
3.0 0.21948356807511737 0.19743589743589743 0.025821596244131457 0.02564102564102564
3.0 0.022300469483568074 0.6512820512820513 0.02112676056338028 0.06153846153846154
3.0 0.03169014084507042 0.6397435897435897 0.02112676056338028 0.0641025641025641
3.0 0.014084507042253521 0.617948717948718 0.014084507042253521 0.05641025641025641
3.0 0.02112676056338028 0.5846153846153846 0.014084507042253521 0.05641025641025641
3.0 0.011737089201877934 0.5705128205128205 0.009389671361502348 0.04358974358974359
3.0 0.03286384976525822 0.5576923076923077 0.014084507042253521 0.05897435897435897
3.0 0.01643192488262911 0.5269230769230769 0.009389671361502348 0.038461538461538464
4.0 0.023474178403755867 0.532051282051282 0.009389671361502348 0.05897435897435897
3.0 0.022300469483568074 0.4756410256410256 0.007042253521126761 0.038461538461538464
3.0 0.03873239436619718 0.4897435897435897 0.007042253521126761 0.041025641025641026
3.0 0.029342723004694836 0.4307692307692308 0.007042253521126761 0.03076923076923077
3.0 0.04107981220657277 0.4076923076923077 0.011737089201877934 0.03076923076923077
4.0 0.035211267605633804 0.4564102564102564 0.009389671361502348 0.041025641025641026
3.0 0.05046948356807512 0.441025641025641 0.011737089201877934 0.035897435897435895
3.0 0.05046948356807512 0.37564102564102564 0.011737089201877934 0.03333333333333333
4.0 0.06103286384976526 0.39615384615384613 0.014084507042253521 0.04358974358974359
3.0 0.0880281690140845 0.31025641025641026 0.01643192488262911 0.03076923076923077
3.0 0.09272300469483569 0.3192307692307692 0.01643192488262911 0.03333333333333333
4.0 0.09859154929577464 0.27307692307692305 0.014084507042253521 0.028205128205128206
3.0 0.10328638497652583 0.28205128205128205 0.014084507042253521 0.02564102564102564
3.0 0.11150234741784038 0.28076923076923077 0.01643192488262911 0.028205128205128206
3.0 0.11737089201877934 0.25256410256410255 0.014084507042253521 0.023076923076923078
3.0 0.11267605633802817 0.2641025641025641 0.014084507042253521 0.020512820512820513
4.0 0.12793427230046947 0.25256410256410255 0.02112676056338028 0.03333333333333333
3.0 0.13145539906103287 0.23205128205128206 0.014084507042253521 0.023076923076923078
4.0 0.1467136150234742 0.2230769230769231 0.01643192488262911 0.02564102564102564
3.0 0.13262910798122066 0.2423076923076923 0.01643192488262911 0.023076923076923078
3.0 0.14553990610328638 0.22179487179487178 0.014084507042253521 0.017948717948717947
3.0 0.15610328638497653 0.21025641025641026 0.01643192488262911 0.020512820512820513
3.0 0.13615023474178403 0.22435897435897437 0.014084507042253521 0.017948717948717947
3.0 0.1431924882629108 0.2141025641025641 0.014084507042253521 0.017948717948717947
4.0 0.1467136150234742 0.20897435897435898 0.011737089201877934 0.017948717948717947
3.0 0.15375586854460094 0.2 0.011737089201877934 0.015384615384615385
5.0 0.34976525821596244 0.13333333333333333 0.04225352112676056 0.03076923076923077
3.0 0.2652582159624413 0.15897435897435896 0.028169014084507043 0.02564102564102564
3.0 0.34624413145539906 0.11923076923076924 0.025821596244131457 0.017948717948717947
3.0 0.30985915492957744 0.12564102564102564 0.023474178403755867 0.015384615384615385
3.0 0.2734741784037559 0.1423076923076923 0.02112676056338028 0.017948717948717947
3.0 0.33215962441314556 0.10128205128205128 0.02112676056338028 0.01282051282051282
3.0 0.3345070422535211 0.09230769230769231 0.01643192488262911 0.010256410256410256
3.0 0.2805164319248826 0.12692307692307692 0.01643192488262911 0.01282051282051282
3.0 0.2546948356807512 0.1371794871794872 0.01643192488262911 0.01282051282051282
3.0 0.3051643192488263 0.1076923076923077 0.014084507042253521 0.010256410256410256
3.0 0.2852112676056338 0.11666666666666667 0.01643192488262911 0.01282051282051282
1.0 0.051643192488262914 0.3525641025641026 0.004694835680751174 0.01282051282051282
9.0 0.05046948356807512 0.3576923076923077 0.007042253521126761 0.017948717948717947
3.0 0.25821596244131456 0.1294871794871795 0.014084507042253521 0.01282051282051282
3.0 0.27816901408450706 0.10384615384615385 0.011737089201877934 0.007692307692307693
3.0 0.3004694835680751 0.09487179487179487 0.014084507042253521 0.010256410256410256
3.0 0.18544600938967137 0.15897435897435896 0.009389671361502348 0.010256410256410256
3.0 0.1936619718309859 0.14615384615384616 0.007042253521126761 0.010256410256410256
3.0 0.2875586854460094 0.09358974358974359 0.011737089201877934 0.007692307692307693
1.0 0.4307511737089202 0.12307692307692308 0.011737089201877934 0.010256410256410256
9.0 0.4295774647887324 0.12692307692307692 0.009389671361502348 0.007692307692307693
