5.0 0.1642156862745098 0.7152777777777778 0.12254901960784313 0.14166666666666666
3.0 0.30514705882352944 0.7333333333333333 0.0857843137254902 0.12222222222222222
3.0 0.18995098039215685 0.5722222222222222 0.09558823529411764 0.07777777777777778
0.0 0.41911764705882354 0.9291666666666667 0.03431372549019608 0.030555555555555555
2.0 0.5012254901960784 0.9375 0.01715686274509804 0.019444444444444445
1.0 0.5024509803921569 0.9236111111111112 0.0196078431372549 0.019444444444444445
3.0 0.7953431372549019 0.5930555555555556 0.09068627450980392 0.08055555555555556
3.0 0.6495098039215687 0.4375 0.06372549019607843 0.075
3.0 0.6997549019607843 0.5458333333333333 0.07598039215686274 0.08611111111111111
3.0 0.6066176470588235 0.3638888888888889 0.07107843137254902 0.07222222222222222
5.0 0.25735294117647056 0.4486111111111111 0.05392156862745098 0.13055555555555556
4.0 0.27941176470588236 0.35833333333333334 0.04411764705882353 0.08888888888888889
4.0 0.25980392156862747 0.30833333333333335 0.0392156862745098 0.07222222222222222
0.0 0.12867647058823528 0.48055555555555557 0.007352941176470588 0.044444444444444446
3.0 0.36519607843137253 0.24722222222222223 0.049019607843137254 0.05
5.0 0.35171568627450983 0.19722222222222222 0.04656862745098039 0.044444444444444446
3.0 0.28799019607843135 0.2263888888888889 0.056372549019607844 0.04722222222222222
3.0 0.27941176470588236 0.2111111111111111 0.049019607843137254 0.044444444444444446
3.0 0.1875 0.25277777777777777 0.051470588235294115 0.05
0.0 0.20710784313725492 0.2513888888888889 0.012254901960784314 0.025
0.0 0.21446078431372548 0.24305555555555555 0.01715686274509804 0.030555555555555555
4.0 0.5600490196078431 0.24305555555555555 0.04656862745098039 0.06388888888888888
9.0 0.48161764705882354 0.225 0.012254901960784314 0.022222222222222223
1.0 0.4852941176470588 0.21944444444444444 0.014705882352941176 0.022222222222222223
3.0 0.47794117647058826 0.15555555555555556 0.0392156862745098 0.022222222222222223
3.0 0.5281862745098039 0.16944444444444445 0.07598039215686274 0.027777777777777776
0.0 0.44362745098039214 0.12916666666666668 0.00980392156862745 0.013888888888888888
4.0 0.45465686274509803 0.12083333333333333 0.031862745098039214 0.019444444444444445
1.0 0.4007352941176471 0.14027777777777778 0.012254901960784314 0.013888888888888888
1.0 0.42034313725490197 0.125 0.012254901960784314 0.011111111111111112
1.0 0.39338235294117646 0.10833333333333334 0.012254901960784314 0.011111111111111112
1.0 0.3394607843137255 0.12222222222222222 0.007352941176470588 0.011111111111111112
1.0 0.32598039215686275 0.09444444444444444 0.00980392156862745 0.011111111111111112
2.0 0.3382352941176471 0.12916666666666668 0.00980392156862745 0.008333333333333333
9.0 0.39338235294117646 0.1125 0.007352941176470588 0.008333333333333333
9.0 0.4007352941176471 0.14722222222222223 0.012254901960784314 0.011111111111111112
9.0 0.41911764705882354 0.13055555555555556 0.00980392156862745 0.005555555555555556
4.0 0.44730392156862747 0.09861111111111111 0.041666666666666664 0.019444444444444445
3.0 0.43504901960784315 0.09722222222222222 0.031862745098039214 0.016666666666666666
3.0 0.4264705882352941 0.09166666666666666 0.0392156862745098 0.016666666666666666
3.0 0.4215686274509804 0.08472222222222223 0.0392156862745098 0.013888888888888888
3.0 0.42034313725490197 0.07777777777777778 0.03676470588235294 0.011111111111111112
3.0 0.40931372549019607 0.0763888888888889 0.029411764705882353 0.013888888888888888
4.0 0.4178921568627451 0.06666666666666667 0.022058823529411766 0.011111111111111112
6.0 0.3860294117647059 0.09583333333333334 0.01715686274509804 0.013888888888888888
3.0 0.3590686274509804 0.09722222222222222 0.022058823529411766 0.016666666666666666
3.0 0.3161764705882353 0.12222222222222222 0.03431372549019608 0.022222222222222223
3.0 0.28308823529411764 0.15555555555555556 0.02696078431372549 0.027777777777777776
4.0 0.26348039215686275 0.18888888888888888 0.061274509803921566 0.044444444444444446
3.0 0.24142156862745098 0.18888888888888888 0.051470588235294115 0.03888888888888889
3.0 0.22549019607843138 0.1736111111111111 0.04411764705882353 0.03611111111111111
5.0 0.20710784313725492 0.17777777777777778 0.051470588235294115 0.03888888888888889
3.0 0.2340686274509804 0.1597222222222222 0.041666666666666664 0.030555555555555555
3.0 0.2769607843137255 0.14305555555555555 0.04411764705882353 0.030555555555555555
5.0 0.24387254901960784 0.14305555555555555 0.051470588235294115 0.03611111111111111
3.0 0.2928921568627451 0.12222222222222222 0.02696078431372549 0.022222222222222223
4.0 0.29411764705882354 0.11388888888888889 0.029411764705882353 0.022222222222222223
3.0 0.25612745098039214 0.12916666666666668 0.03676470588235294 0.025
3.0 0.25612745098039214 0.12638888888888888 0.031862745098039214 0.019444444444444445
3.0 0.24632352941176472 0.12916666666666668 0.03676470588235294 0.025
4.0 0.2512254901960784 0.12361111111111112 0.031862745098039214 0.019444444444444445
3.0 0.2512254901960784 0.11944444444444445 0.031862745098039214 0.022222222222222223
4.0 0.2928921568627451 0.10972222222222222 0.031862745098039214 0.025
4.0 0.33578431372549017 0.0763888888888889 0.0196078431372549 0.013888888888888888
3.0 0.3174019607843137 0.07777777777777778 0.01715686274509804 0.011111111111111112
3.0 0.3382352941176471 0.06944444444444445 0.0196078431372549 0.011111111111111112
3.0 0.35661764705882354 0.059722222222222225 0.012254901960784314 0.008333333333333333
3.0 0.3602941176470588 0.06527777777777778 0.0196078431372549 0.008333333333333333
3.0 0.3799019607843137 0.06388888888888888 0.0196078431372549 0.011111111111111112
6.0 0.39705882352941174 0.06666666666666667 0.014705882352941176 0.011111111111111112
0.0 0.8897058823529411 0.4666666666666667 0.004901960784313725 0.03888888888888889
0.0 0.8848039215686274 0.45555555555555555 0.004901960784313725 0.03888888888888889
0.0 0.8884803921568627 0.4597222222222222 0.007352941176470588 0.041666666666666664
1.0 0.9007352941176471 0.5180555555555556 0.007352941176470588 0.025
1.0 0.9007352941176471 0.5125 0.007352941176470588 0.025
4.0 0.7806372549019608 0.5138888888888888 0.04656862745098039 0.09444444444444444
9.0 0.821078431372549 0.35555555555555557 0.024509803921568627 0.03888888888888889
9.0 0.8014705882352942 0.3347222222222222 0.024509803921568627 0.030555555555555555
7.0 0.3112745098039216 0.09583333333333334 0.014705882352941176 0.013888888888888888
4.0 0.27818627450980393 0.10972222222222222 0.022058823529411766 0.019444444444444445
3.0 0.23897058823529413 0.10833333333333334 0.01715686274509804 0.016666666666666666
5.0 0.23284313725490197 0.12361111111111112 0.029411764705882353 0.025
5.0 0.26715686274509803 0.10277777777777777 0.0392156862745098 0.027777777777777776
3.0 0.25857843137254904 0.10972222222222222 0.01715686274509804 0.013888888888888888
7.0 0.35784313725490197 0.05138888888888889 0.00980392156862745 0.008333333333333333
0.0 0.3713235294117647 0.058333333333333334 0.007352941176470588 0.005555555555555556
