3.0 0.051643192488262914 0.7448717948717949 0.03286384976525822 0.07435897435897436
3.0 0.12089201877934272 0.8179487179487179 0.11502347417840375 0.14358974358974358
1.0 0.3227699530516432 0.9512820512820512 0.07746478873239436 0.05641025641025641
2.0 0.32981220657276994 0.9602564102564103 0.07276995305164319 0.04358974358974359
3.0 0.4823943661971831 0.9846153846153847 0.18544600938967137 0.015384615384615385
3.0 0.4424882629107981 0.9564102564102565 0.176056338028169 0.06666666666666667
2.0 0.534037558685446 0.9076923076923077 0.09624413145539906 0.035897435897435895
3.0 0.4119718309859155 0.9115384615384615 0.18544600938967137 0.08974358974358974
3.0 0.37910798122065725 0.8730769230769231 0.15258215962441316 0.07948717948717948
4.0 0.35093896713615025 0.8320512820512821 0.13380281690140844 0.10512820512820513
3.0 0.3227699530516432 0.8115384615384615 0.13380281690140844 0.09487179487179487
3.0 0.2992957746478873 0.7807692307692308 0.09624413145539906 0.08461538461538462
3.0 0.2805164319248826 0.7551282051282051 0.08685446009389672 0.08461538461538462
3.0 0.2687793427230047 0.7269230769230769 0.08685446009389672 0.07435897435897436
0.0 0.057511737089201875 0.7294871794871794 0.04460093896713615 0.09487179487179487
1.0 0.06807511737089202 0.7205128205128205 0.028169014084507043 0.06153846153846154
1.0 0.07042253521126761 0.7192307692307692 0.028169014084507043 0.0641025641025641
2.0 0.06807511737089202 0.7294871794871794 0.023474178403755867 0.05897435897435897
2.0 0.07746478873239436 0.7423076923076923 0.028169014084507043 0.05897435897435897
0.0 0.07042253521126761 0.676923076923077 0.023474178403755867 0.06666666666666667
6.0 0.08098591549295775 0.7 0.025821596244131457 0.05128205128205128
1.0 0.0903755868544601 0.6987179487179487 0.025821596244131457 0.0641025641025641
2.0 0.09389671361502347 0.7115384615384616 0.023474178403755867 0.04871794871794872
1.0 0.18896713615023475 0.7948717948717948 0.0539906103286385 0.07692307692307693
9.0 0.1960093896713615 0.8102564102564103 0.04929577464788732 0.06666666666666667
3.0 0.1396713615023474 0.7743589743589744 0.08685446009389672 0.11794871794871795
3.0 0.142018779342723 0.7435897435897436 0.07276995305164319 0.10256410256410256
3.0 0.08098591549295775 0.6474358974358975 0.03051643192488263 0.06923076923076923
1.0 0.10211267605633803 0.6820512820512821 0.02112676056338028 0.046153846153846156
6.0 0.1068075117370892 0.6961538461538461 0.02112676056338028 0.038461538461538464
1.0 0.2535211267605634 0.8294871794871795 0.056338028169014086 0.07435897435897436
2.0 0.25938967136150237 0.8448717948717949 0.04929577464788732 0.05897435897435897
2.0 0.20305164319248825 0.75 0.03051643192488263 0.04358974358974359
2.0 0.23826291079812206 0.7794871794871795 0.03051643192488263 0.046153846153846156
2.0 0.22300469483568075 0.735897435897436 0.028169014084507043 0.041025641025641026
6.0 0.22535211267605634 0.7948717948717948 0.046948356807511735 0.06666666666666667
1.0 0.22065727699530516 0.7846153846153846 0.046948356807511735 0.06666666666666667
1.0 0.1983568075117371 0.732051282051282 0.035211267605633804 0.05897435897435897
1.0 0.23591549295774647 0.7692307692307693 0.03990610328638498 0.06666666666666667
1.0 0.21948356807511737 0.7192307692307692 0.03051643192488263 0.05384615384615385
0.0 0.20187793427230047 0.6230769230769231 0.014084507042253521 0.041025641025641026
3.0 0.2323943661971831 0.632051282051282 0.04225352112676056 0.038461538461538464
3.0 0.16314553990610328 0.6089743589743589 0.025821596244131457 0.038461538461538464
3.0 0.12323943661971831 0.6 0.02112676056338028 0.041025641025641026
3.0 0.12910798122065728 0.591025641025641 0.018779342723004695 0.038461538461538464
3.0 0.09624413145539906 0.6076923076923076 0.03286384976525822 0.05128205128205128
3.0 0.11032863849765258 0.6371794871794871 0.03286384976525822 0.05384615384615385
3.0 0.10328638497652583 0.6576923076923077 0.03755868544600939 0.0641025641025641
3.0 0.1443661971830986 0.6961538461538461 0.05868544600938967 0.08461538461538462
3.0 0.142018779342723 0.6653846153846154 0.04460093896713615 0.0641025641025641
1.0 0.16549295774647887 0.6602564102564102 0.01643192488262911 0.04358974358974359
1.0 0.15492957746478872 0.6487179487179487 0.018779342723004695 0.041025641025641026
9.0 0.16666666666666666 0.6730769230769231 0.018779342723004695 0.038461538461538464
9.0 0.15845070422535212 0.6615384615384615 0.01643192488262911 0.035897435897435895
1.0 0.18661971830985916 0.6615384615384615 0.01643192488262911 0.046153846153846156
2.0 0.19014084507042253 0.6794871794871795 0.018779342723004695 0.041025641025641026
