3.0 0.34681372549019607 0.4388888888888889 0.01715686274509804 0.011111111111111112
3.0 0.36887254901960786 0.4513888888888889 0.01715686274509804 0.019444444444444445
3.0 0.38235294117647056 0.46805555555555556 0.014705882352941176 0.013888888888888888
3.0 0.38480392156862747 0.4361111111111111 0.00980392156862745 0.011111111111111112
3.0 0.4424019607843137 0.49027777777777776 0.012254901960784314 0.013888888888888888
3.0 0.5637254901960784 0.6208333333333333 0.024509803921568627 0.025
3.0 0.5502450980392157 0.6138888888888889 0.02696078431372549 0.022222222222222223
3.0 0.5379901960784313 0.5972222222222222 0.02696078431372549 0.022222222222222223
3.0 0.5306372549019608 0.5861111111111111 0.02696078431372549 0.022222222222222223
3.0 0.5208333333333334 0.5777777777777777 0.022058823529411766 0.022222222222222223
3.0 0.508578431372549 0.5666666666666667 0.01715686274509804 0.022222222222222223
3.0 0.3492647058823529 0.4875 0.012254901960784314 0.019444444444444445
3.0 0.36642156862745096 0.5166666666666667 0.01715686274509804 0.022222222222222223
0.0 0.3786764705882353 0.5180555555555556 0.0024509803921568627 0.019444444444444445
4.0 0.35784313725490197 0.55 0.024509803921568627 0.03888888888888889
3.0 0.47671568627450983 0.6972222222222222 0.031862745098039214 0.027777777777777776
3.0 0.8112745098039216 0.8847222222222222 0.05392156862745098 0.05277777777777778
3.0 0.7990196078431373 0.8763888888888889 0.049019607843137254 0.04722222222222222
3.0 0.7867647058823529 0.8625 0.049019607843137254 0.04722222222222222
3.0 0.7389705882352942 0.9208333333333333 0.051470588235294115 0.041666666666666664
5.0 0.6801470588235294 0.9361111111111111 0.0661764705882353 0.05555555555555555
3.0 0.8762254901960784 0.8222222222222222 0.031862745098039214 0.044444444444444446
3.0 0.6127450980392157 0.975 0.05392156862745098 0.027777777777777776
3.0 0.8700980392156863 0.8125 0.029411764705882353 0.041666666666666664
3.0 0.7389705882352942 0.8138888888888889 0.041666666666666664 0.03888888888888889
3.0 0.6973039215686274 0.8222222222222222 0.041666666666666664 0.03333333333333333
3.0 0.6531862745098039 0.8305555555555556 0.04656862745098039 0.03333333333333333
3.0 0.7242647058823529 0.8027777777777778 0.03676470588235294 0.03333333333333333
3.0 0.7120098039215687 0.7875 0.03676470588235294 0.03611111111111111
4.0 0.6948529411764706 0.7680555555555556 0.02696078431372549 0.03611111111111111
3.0 0.6850490196078431 0.7583333333333333 0.031862745098039214 0.027777777777777776
3.0 0.6740196078431373 0.75 0.03431372549019608 0.027777777777777776
3.0 0.6642156862745098 0.7319444444444444 0.03431372549019608 0.03611111111111111
3.0 0.6470588235294118 0.7222222222222222 0.029411764705882353 0.027777777777777776
3.0 0.6286764705882353 0.6902777777777778 0.031862745098039214 0.030555555555555555
3.0 0.6115196078431373 0.6833333333333333 0.03676470588235294 0.027777777777777776
3.0 0.6372549019607843 0.7097222222222223 0.03431372549019608 0.03611111111111111
3.0 0.7671568627450981 0.7180555555555556 0.029411764705882353 0.03611111111111111
3.0 0.8235294117647058 0.7708333333333334 0.029411764705882353 0.03611111111111111
3.0 0.8235294117647058 0.7555555555555555 0.029411764705882353 0.03333333333333333
0.0 0.4411764705882353 0.9777777777777777 0.014705882352941176 0.011111111111111112
1.0 0.5220588235294118 0.8944444444444445 0.014705882352941176 0.016666666666666666
9.0 0.5232843137254902 0.9013888888888889 0.012254901960784314 0.013888888888888888
1.0 0.43995098039215685 0.9430555555555555 0.012254901960784314 0.008333333333333333
9.0 0.4424019607843137 0.9486111111111111 0.012254901960784314 0.008333333333333333
3.0 0.3946078431372549 0.9805555555555555 0.0392156862745098 0.016666666666666666
3.0 0.3627450980392157 0.9291666666666667 0.0392156862745098 0.030555555555555555
0.0 0.3762254901960784 0.9069444444444444 0.01715686274509804 0.019444444444444445
3.0 0.3492647058823529 0.8791666666666667 0.041666666666666664 0.03611111111111111
3.0 0.33578431372549017 0.8555555555555555 0.029411764705882353 0.027777777777777776
3.0 0.3174019607843137 0.8055555555555556 0.041666666666666664 0.03888888888888889
3.0 0.3112745098039216 0.7833333333333333 0.03431372549019608 0.03333333333333333
0.0 0.3284313725490196 0.7416666666666667 0.00980392156862745 0.022222222222222223
0.0 0.32107843137254904 0.7402777777777778 0.00980392156862745 0.019444444444444445
0.0 0.3125 0.7375 0.007352941176470588 0.025
3.0 0.1948529411764706 0.5541666666666667 0.022058823529411766 0.019444444444444445
4.0 0.19240196078431374 0.5819444444444445 0.022058823529411766 0.019444444444444445
3.0 0.19362745098039216 0.5958333333333333 0.0196078431372549 0.019444444444444445
3.0 0.09558823529411764 0.7291666666666666 0.014705882352941176 0.030555555555555555
3.0 0.06495098039215687 0.6305555555555555 0.012254901960784314 0.022222222222222223
3.0 0.0196078431372549 0.5986111111111111 0.004901960784313725 0.013888888888888888
3.0 0.014705882352941176 0.5972222222222222 0.004901960784313725 0.016666666666666666
3.0 0.025735294117647058 0.5652777777777778 0.007352941176470588 0.008333333333333333
3.0 0.024509803921568627 0.5625 0.004901960784313725 0.008333333333333333
3.0 0.02696078431372549 0.5611111111111111 0.004901960784313725 0.011111111111111112
3.0 0.028186274509803922 0.5597222222222222 0.007352941176470588 0.013888888888888888
3.0 0.028186274509803922 0.5541666666666667 0.007352941176470588 0.008333333333333333
3.0 0.03308823529411765 0.5527777777777778 0.007352941176470588 0.011111111111111112
3.0 0.03553921568627451 0.5486111111111112 0.007352941176470588 0.013888888888888888
3.0 0.03799019607843137 0.5430555555555555 0.007352941176470588 0.013888888888888888
3.0 0.03553921568627451 0.5388888888888889 0.007352941176470588 0.011111111111111112
3.0 0.030637254901960783 0.5388888888888889 0.0024509803921568627 0.011111111111111112
4.0 0.03676470588235294 0.525 0.004901960784313725 0.011111111111111112
3.0 0.025735294117647058 0.5361111111111111 0.0024509803921568627 0.011111111111111112
8.0 0.022058823529411766 0.5347222222222222 0.004901960784313725 0.013888888888888888
8.0 0.0196078431372549 0.5305555555555556 0.004901960784313725 0.011111111111111112
8.0 0.015931372549019607 0.5319444444444444 0.0024509803921568627 0.013888888888888888
3.0 0.020833333333333332 0.5222222222222223 0.0024509803921568627 0.011111111111111112
4.0 0.0784313725490196 0.5361111111111111 0.004901960784313725 0.016666666666666666
4.0 0.04656862745098039 0.5291666666666667 0.004901960784313725 0.008333333333333333
4.0 0.061274509803921566 0.5333333333333333 0.004901960784313725 0.016666666666666666
