3.0 0.5453431372549019 0.7194444444444444 0.04656862745098039 0.05
3.0 0.4522058823529412 0.5861111111111111 0.03676470588235294 0.05
3.0 0.36887254901960786 0.5513888888888889 0.03676470588235294 0.041666666666666664
3.0 0.07230392156862746 0.6458333333333334 0.02696078431372549 0.041666666666666664
3.0 0.08333333333333333 0.6694444444444444 0.029411764705882353 0.03888888888888889
3.0 0.02696078431372549 0.6777777777777778 0.014705882352941176 0.03333333333333333
3.0 0.8480392156862745 0.8513888888888889 0.049019607843137254 0.058333333333333334
3.0 0.24509803921568626 0.6111111111111112 0.029411764705882353 0.03333333333333333
3.0 0.2193627450980392 0.6875 0.02696078431372549 0.030555555555555555
3.0 0.22181372549019607 0.7194444444444444 0.031862745098039214 0.03888888888888889
8.0 0.22303921568627452 0.8055555555555556 0.049019607843137254 0.06111111111111111
3.0 0.23284313725490197 0.7902777777777777 0.04411764705882353 0.041666666666666664
5.0 0.029411764705882353 0.6694444444444444 0.024509803921568627 0.044444444444444446
4.0 0.0196078431372549 0.6458333333333334 0.014705882352941176 0.03611111111111111
4.0 0.1017156862745098 0.8222222222222222 0.041666666666666664 0.05555555555555555
3.0 0.8431372549019608 0.8277777777777777 0.04411764705882353 0.05555555555555555
3.0 0.8370098039215687 0.8 0.041666666666666664 0.05555555555555555
3.0 0.8321078431372549 0.7847222222222222 0.041666666666666664 0.058333333333333334
3.0 0.821078431372549 0.7527777777777778 0.0392156862745098 0.05
3.0 0.8002450980392157 0.7069444444444445 0.031862745098039214 0.041666666666666664
3.0 0.8125 0.6694444444444444 0.02696078431372549 0.03888888888888889
3.0 0.7438725490196079 0.9277777777777778 0.0661764705882353 0.05555555555555555
3.0 0.7328431372549019 0.9055555555555556 0.06372549019607843 0.06111111111111111
3.0 0.7352941176470589 0.8763888888888889 0.06372549019607843 0.058333333333333334
3.0 0.7242647058823529 0.8597222222222223 0.051470588235294115 0.04722222222222222
3.0 0.7107843137254902 0.8291666666666667 0.05392156862745098 0.058333333333333334
3.0 0.7058823529411765 0.8097222222222222 0.04411764705882353 0.04722222222222222
3.0 0.7058823529411765 0.7791666666666667 0.05392156862745098 0.06388888888888888
3.0 0.6372549019607843 0.5791666666666667 0.029411764705882353 0.025
3.0 0.6593137254901961 0.6166666666666667 0.03431372549019608 0.044444444444444446
3.0 0.6678921568627451 0.6458333333333334 0.03676470588235294 0.04722222222222222
3.0 0.6703431372549019 0.6805555555555556 0.031862745098039214 0.03333333333333333
3.0 0.6887254901960784 0.7236111111111111 0.049019607843137254 0.058333333333333334
3.0 0.15073529411764705 0.6125 0.01715686274509804 0.025
3.0 0.20955882352941177 0.8194444444444444 0.031862745098039214 0.03888888888888889
0.0 0.821078431372549 0.8694444444444445 0.0196078431372549 0.027777777777777776
0.0 0.8235294117647058 0.8777777777777778 0.014705882352941176 0.022222222222222223
3.0 0.45098039215686275 0.4527777777777778 0.024509803921568627 0.03333333333333333
3.0 0.4068627450980392 0.4486111111111111 0.03431372549019608 0.030555555555555555
3.0 0.7769607843137255 0.6402777777777777 0.03431372549019608 0.041666666666666664
3.0 0.36519607843137253 0.5305555555555556 0.029411764705882353 0.03888888888888889
3.0 0.4889705882352941 0.3472222222222222 0.02696078431372549 0.022222222222222223
3.0 0.43137254901960786 0.3388888888888889 0.0196078431372549 0.016666666666666666
3.0 0.40808823529411764 0.36666666666666664 0.022058823529411766 0.016666666666666666
3.0 0.43014705882352944 0.4263888888888889 0.022058823529411766 0.025
3.0 0.4534313725490196 0.5041666666666667 0.029411764705882353 0.030555555555555555
3.0 0.22181372549019607 0.8791666666666667 0.061274509803921566 0.06388888888888888
3.0 0.23529411764705882 0.9125 0.06862745098039216 0.058333333333333334
3.0 0.23651960784313725 0.6597222222222222 0.03676470588235294 0.04722222222222222
3.0 0.2818627450980392 0.5055555555555555 0.0196078431372549 0.03333333333333333
3.0 0.27205882352941174 0.5430555555555555 0.03431372549019608 0.025
3.0 0.24509803921568626 0.5805555555555556 0.024509803921568627 0.027777777777777776
3.0 0.25735294117647056 0.46944444444444444 0.05392156862745098 0.027777777777777776
3.0 0.25245098039215685 0.45 0.04411764705882353 0.022222222222222223
0.0 0.5 0.8152777777777778 0.00980392156862745 0.025
0.0 0.5036764705882353 0.8083333333333333 0.01715686274509804 0.03333333333333333
0.0 0.375 0.7083333333333334 0.014705882352941176 0.03888888888888889
0.0 0.36887254901960786 0.7402777777777778 0.01715686274509804 0.030555555555555555
1.0 0.40808823529411764 0.6361111111111111 0.012254901960784314 0.016666666666666666
6.0 0.4068627450980392 0.6402777777777777 0.029411764705882353 0.025
1.0 0.38112745098039214 0.6027777777777777 0.012254901960784314 0.022222222222222223
9.0 0.3786764705882353 0.6138888888888889 0.01715686274509804 0.022222222222222223
3.0 0.6752450980392157 0.43194444444444446 0.03676470588235294 0.03611111111111111
3.0 0.7463235294117647 0.4111111111111111 0.02696078431372549 0.027777777777777776
3.0 0.7022058823529411 0.3875 0.03676470588235294 0.025
3.0 0.7205882352941176 0.5166666666666667 0.024509803921568627 0.022222222222222223
3.0 0.4215686274509804 0.30277777777777776 0.0196078431372549 0.016666666666666666
3.0 0.49142156862745096 0.2902777777777778 0.012254901960784314 0.013888888888888888
3.0 0.5073529411764706 0.3055555555555556 0.0196078431372549 0.011111111111111112
8.0 0.5428921568627451 0.29305555555555557 0.022058823529411766 0.019444444444444445
3.0 0.5563725490196079 0.3125 0.024509803921568627 0.008333333333333333
3.0 0.6593137254901961 0.3736111111111111 0.0392156862745098 0.019444444444444445
3.0 0.6776960784313726 0.38055555555555554 0.03676470588235294 0.022222222222222223
8.0 0.7806372549019608 0.4013888888888889 0.041666666666666664 0.03611111111111111
3.0 0.3541666666666667 0.31805555555555554 0.02696078431372549 0.019444444444444445
1.0 0.6004901960784313 0.5736111111111111 0.014705882352941176 0.025
9.0 0.6017156862745098 0.5833333333333334 0.022058823529411766 0.03333333333333333
1.0 0.5073529411764706 0.41388888888888886 0.00980392156862745 0.022222222222222223
9.0 0.5122549019607843 0.4236111111111111 0.024509803921568627 0.013888888888888888
1.0 0.3860294117647059 0.4305555555555556 0.007352941176470588 0.022222222222222223
9.0 0.3860294117647059 0.4388888888888889 0.01715686274509804 0.022222222222222223
3.0 0.12990196078431374 0.7055555555555556 0.029411764705882353 0.05
