3.0 0.5392156862745098 0.48333333333333334 0.13725490196078433 0.2111111111111111
3.0 0.7781862745098039 0.5194444444444445 0.0857843137254902 0.16111111111111112
3.0 0.7794117647058824 0.6763888888888889 0.12745098039215685 0.19722222222222222
3.0 0.7267156862745098 0.26666666666666666 0.09558823529411764 0.10555555555555556
3.0 0.6605392156862745 0.13472222222222222 0.0661764705882353 0.05277777777777778
3.0 0.7463235294117647 0.17083333333333334 0.09558823529411764 0.08055555555555556
3.0 0.09803921568627451 0.6125 0.09803921568627451 0.14722222222222223
3.0 0.13357843137254902 0.7708333333333334 0.11029411764705882 0.175
4.0 0.14215686274509803 0.43194444444444446 0.06862745098039216 0.175
3.0 0.1801470588235294 0.35138888888888886 0.07107843137254902 0.13055555555555556
7.0 0.3639705882352941 0.3138888888888889 0.1053921568627451 0.15555555555555556
3.0 0.44362745098039214 0.10972222222222222 0.06372549019607843 0.04722222222222222
3.0 0.44607843137254904 0.06111111111111111 0.049019607843137254 0.027777777777777776
9.0 0.8982843137254902 0.5986111111111111 0.03676470588235294 0.06388888888888888
9.0 0.9044117647058824 0.5388888888888889 0.024509803921568627 0.05
9.0 0.02696078431372549 0.4736111111111111 0.00980392156862745 0.041666666666666664
9.0 0.08088235294117647 0.8013888888888889 0.03431372549019608 0.04722222222222222
9.0 0.06985294117647059 0.7888888888888889 0.022058823529411766 0.03333333333333333
2.0 0.06004901960784314 0.7527777777777778 0.031862745098039214 0.06666666666666667
2.0 0.014705882352941176 0.5722222222222222 0.00980392156862745 0.044444444444444446
2.0 0.8541666666666666 0.2125 0.022058823529411766 0.030555555555555555
0.0 0.9595588235294118 0.5388888888888889 0.007352941176470588 0.06111111111111111
0.0 0.9669117647058824 0.5263888888888889 0.007352941176470588 0.05277777777777778
0.0 0.7818627450980392 0.1527777777777778 0.0196078431372549 0.027777777777777776
1.0 0.6286764705882353 0.1625 0.03676470588235294 0.04722222222222222
9.0 0.633578431372549 0.17083333333333334 0.031862745098039214 0.041666666666666664
3.0 0.6053921568627451 0.08333333333333333 0.058823529411764705 0.03333333333333333
7.0 0.3639705882352941 0.09861111111111111 0.041666666666666664 0.03611111111111111
3.0 0.24387254901960784 0.1625 0.11029411764705882 0.08055555555555556
4.0 0.31004901960784315 0.11388888888888889 0.056372549019607844 0.05555555555555555
3.0 0.29411764705882354 0.10138888888888889 0.0784313725490196 0.05277777777777778
3.0 0.9154411764705882 0.6625 0.056372549019607844 0.125
3.0 0.625 0.07222222222222222 0.07352941176470588 0.03333333333333333
3.0 0.7058823529411765 0.10277777777777777 0.08333333333333333 0.05
1.0 0.553921568627451 0.05416666666666667 0.0196078431372549 0.013888888888888888
2.0 0.5526960784313726 0.058333333333333334 0.022058823529411766 0.011111111111111112
3.0 0.4166666666666667 0.02361111111111111 0.029411764705882353 0.013888888888888888
3.0 0.7524509803921569 0.09722222222222222 0.0392156862745098 0.03333333333333333
3.0 0.7732843137254902 0.10138888888888889 0.04656862745098039 0.03611111111111111
3.0 0.7487745098039216 0.08194444444444444 0.02696078431372549 0.025
3.0 0.44730392156862747 0.013888888888888888 0.02696078431372549 0.011111111111111112
3.0 0.41911764705882354 0.015277777777777777 0.029411764705882353 0.013888888888888888
3.0 0.45098039215686275 0.008333333333333333 0.024509803921568627 0.011111111111111112
3.0 0.43014705882352944 0.008333333333333333 0.022058823529411766 0.011111111111111112
3.0 0.5294117647058824 0.009722222222222222 0.0196078431372549 0.008333333333333333
0.0 0.5845588235294118 0.0375 0.01715686274509804 0.013888888888888888
1.0 0.44362745098039214 0.027777777777777776 0.00980392156862745 0.011111111111111112
2.0 0.44362745098039214 0.030555555555555555 0.014705882352941176 0.005555555555555556
1.0 0.5772058823529411 0.02361111111111111 0.007352941176470588 0.008333333333333333
1.0 0.5514705882352942 0.013888888888888888 0.00980392156862745 0.005555555555555556
1.0 0.5294117647058824 0.016666666666666666 0.004901960784313725 0.005555555555555556
1.0 0.5245098039215687 0.016666666666666666 0.00980392156862745 0.005555555555555556
9.0 0.5294117647058824 0.019444444444444445 0.014705882352941176 0.005555555555555556
9.0 0.5526960784313726 0.016666666666666666 0.007352941176470588 0.005555555555555556
0.0 0.6115196078431373 0.043055555555555555 0.007352941176470588 0.008333333333333333
0.0 0.6102941176470589 0.041666666666666664 0.00980392156862745 0.011111111111111112
0.0 0.7463235294117647 0.10555555555555556 0.012254901960784314 0.016666666666666666
0.0 0.7634803921568627 0.11666666666666667 0.012254901960784314 0.016666666666666666
0.0 0.7671568627450981 0.125 0.00980392156862745 0.011111111111111112
0.0 0.7561274509803921 0.11527777777777778 0.012254901960784314 0.013888888888888888
0.0 0.8774509803921569 0.24305555555555555 0.0196078431372549 0.041666666666666664
9.0 0.7781862745098039 0.2125 0.041666666666666664 0.04722222222222222
3.0 0.9142156862745098 0.7958333333333333 0.06862745098039216 0.10277777777777777
9.0 0.7879901960784313 0.14305555555555555 0.022058823529411766 0.025
4.0 0.5674019607843137 0.008333333333333333 0.022058823529411766 0.011111111111111112
9.0 0.5992647058823529 0.04027777777777778 0.012254901960784314 0.008333333333333333
0.0 0.7193627450980392 0.059722222222222225 0.007352941176470588 0.008333333333333333
0.0 0.7181372549019608 0.058333333333333334 0.00980392156862745 0.011111111111111112
0.0 0.05024509803921569 0.4152777777777778 0.012254901960784314 0.05277777777777778
0.0 0.16544117647058823 0.18888888888888888 0.01715686274509804 0.027777777777777776
9.0 0.8848039215686274 0.4791666666666667 0.029411764705882353 0.04722222222222222
9.0 0.8480392156862745 0.3527777777777778 0.049019607843137254 0.06111111111111111
