0.0 0.7277486910994765 0.55 0.03664921465968586 0.13125
0.0 0.3180628272251309 0.6484375 0.060209424083769635 0.128125
0.0 0.17670157068062828 0.875 0.049738219895287955 0.06875
0.0 0.20287958115183247 0.8796875 0.0549738219895288 0.071875
0.0 0.49476439790575916 0.5453125 0.041884816753926704 0.146875
0.0 0.5536649214659686 0.559375 0.0549738219895288 0.13125
0.0 0.15575916230366493 0.4859375 0.02356020942408377 0.090625
0.0 0.17146596858638743 0.484375 0.028795811518324606 0.0875
0.0 0.11780104712041885 0.5796875 0.031413612565445025 0.109375
0.0 0.11125654450261781 0.4640625 0.02356020942408377 0.078125
