0.0 0.05024509803921569 0.6763888888888889 0.022058823529411766 0.06388888888888888
0.0 0.024509803921568627 0.5055555555555555 0.004901960784313725 0.044444444444444446
0.0 0.02696078431372549 0.49444444444444446 0.004901960784313725 0.044444444444444446
0.0 0.09436274509803921 0.675 0.02696078431372549 0.08333333333333333
0.0 0.10661764705882353 0.6916666666666667 0.03676470588235294 0.08888888888888889
0.0 0.3786764705882353 0.6611111111111111 0.04656862745098039 0.1111111111111111
1.0 0.3627450980392157 0.6333333333333333 0.024509803921568627 0.044444444444444446
1.0 0.3946078431372549 0.6208333333333333 0.0196078431372549 0.041666666666666664
0.0 0.42034313725490197 0.6611111111111111 0.04656862745098039 0.11666666666666667
0.0 0.5269607843137255 0.9861111111111112 0.03431372549019608 0.022222222222222223
0.0 0.5649509803921569 0.9819444444444444 0.03676470588235294 0.025
0.0 0.6948529411764706 0.9472222222222222 0.04656862745098039 0.03888888888888889
1.0 0.45588235294117646 0.9333333333333333 0.03431372549019608 0.027777777777777776
0.0 0.5036764705882353 0.9291666666666667 0.02696078431372549 0.04722222222222222
0.0 0.5796568627450981 0.9583333333333334 0.041666666666666664 0.05
0.0 0.6654411764705882 0.9430555555555555 0.04656862745098039 0.05277777777777778
0.0 0.7046568627450981 0.925 0.041666666666666664 0.05
0.0 0.7279411764705882 0.9041666666666667 0.058823529411764705 0.06388888888888888
0.0 0.6090686274509803 0.9347222222222222 0.061274509803921566 0.05277777777777778
0.0 0.6433823529411765 0.8861111111111111 0.051470588235294115 0.06111111111111111
0.0 0.6678921568627451 0.8777777777777778 0.051470588235294115 0.07222222222222222
1.0 0.27205882352941174 0.8430555555555556 0.029411764705882353 0.03611111111111111
0.0 0.7696078431372549 0.8222222222222222 0.049019607843137254 0.08333333333333333
0.0 0.7977941176470589 0.8055555555555556 0.04656862745098039 0.08888888888888889
0.0 0.8161764705882353 0.8 0.04411764705882353 0.08333333333333333
0.0 0.8357843137254902 0.7833333333333333 0.049019607843137254 0.08888888888888889
0.0 0.8455882352941176 0.7861111111111111 0.0392156862745098 0.07777777777777778
0.0 0.8419117647058824 0.8430555555555556 0.051470588235294115 0.075
0.0 0.875 0.8222222222222222 0.0392156862745098 0.06666666666666667
1.0 0.8774509803921569 0.8125 0.024509803921568627 0.041666666666666664
0.0 0.8676470588235294 0.8069444444444445 0.0392156862745098 0.06944444444444445
0.0 0.9178921568627451 0.7277777777777777 0.031862745098039214 0.07777777777777778
0.0 0.9252450980392157 0.7277777777777777 0.02696078431372549 0.06666666666666667
0.0 0.9816176470588235 0.6333333333333333 0.012254901960784314 0.05555555555555555
0.0 0.9828431372549019 0.6305555555555555 0.00980392156862745 0.05
0.0 0.9473039215686274 0.6777777777777778 0.022058823529411766 0.06666666666666667
0.0 0.9571078431372549 0.6666666666666666 0.01715686274509804 0.06111111111111111
0.0 0.9718137254901961 0.6361111111111111 0.012254901960784314 0.05
0.0 0.9607843137254902 0.65 0.014705882352941176 0.05
0.0 0.9730392156862745 0.6263888888888889 0.00980392156862745 0.04722222222222222
0.0 0.9852941176470589 0.5527777777777778 0.004901960784313725 0.044444444444444446
0.0 0.9865196078431373 0.5402777777777777 0.0024509803921568627 0.030555555555555555
0.0 0.9840686274509803 0.5291666666666667 0.0024509803921568627 0.025
0.0 0.9828431372549019 0.5208333333333334 0.004901960784313725 0.04722222222222222
0.0 0.991421568627451 0.4888888888888889 0.0024509803921568627 0.022222222222222223
0.0 0.9950980392156863 0.4930555555555556 0.0 0.030555555555555555
0.0 0.9828431372549019 0.4597222222222222 0.004901960784313725 0.030555555555555555
0.0 0.9840686274509803 0.44027777777777777 0.0024509803921568627 0.025
0.0 0.9852941176470589 0.4375 0.004901960784313725 0.030555555555555555
1.0 0.9424019607843137 0.6791666666666667 0.022058823529411766 0.06944444444444445
1.0 0.9779411764705882 0.5638888888888889 0.004901960784313725 0.027777777777777776
0.0 0.9607843137254902 0.5958333333333333 0.00980392156862745 0.04722222222222222
0.0 0.9485294117647058 0.65 0.014705882352941176 0.05555555555555555
3.0 0.9889705882352942 0.4027777777777778 0.007352941176470588 0.022222222222222223
3.0 0.9828431372549019 0.37777777777777777 0.00980392156862745 0.027777777777777776
0.0 0.9754901960784313 0.36666666666666664 0.004901960784313725 0.022222222222222223
3.0 0.9754901960784313 0.3625 0.00980392156862745 0.030555555555555555
3.0 0.9742647058823529 0.3347222222222222 0.012254901960784314 0.025
0.0 0.9693627450980392 0.3263888888888889 0.0024509803921568627 0.013888888888888888
0.0 0.9656862745098039 0.32222222222222224 0.004901960784313725 0.016666666666666666
0.0 0.9620098039215687 0.31805555555555554 0.007352941176470588 0.013888888888888888
0.0 0.9669117647058824 0.3527777777777778 0.007352941176470588 0.022222222222222223
0.0 0.9656862745098039 0.35138888888888886 0.004901960784313725 0.019444444444444445
3.0 0.9656862745098039 0.35 0.014705882352941176 0.03333333333333333
4.0 0.9620098039215687 0.35694444444444445 0.012254901960784314 0.03611111111111111
4.0 0.9534313725490197 0.3375 0.0196078431372549 0.041666666666666664
3.0 0.9509803921568627 0.3486111111111111 0.014705882352941176 0.03611111111111111
4.0 0.946078431372549 0.32222222222222224 0.0196078431372549 0.03333333333333333
0.0 0.9497549019607843 0.3597222222222222 0.007352941176470588 0.025
0.0 0.9387254901960784 0.34444444444444444 0.00980392156862745 0.022222222222222223
0.0 0.9338235294117647 0.3541666666666667 0.00980392156862745 0.030555555555555555
0.0 0.9350490196078431 0.3527777777777778 0.007352941176470588 0.03333333333333333
0.0 0.9399509803921569 0.39861111111111114 0.007352941176470588 0.03611111111111111
0.0 0.9362745098039216 0.3958333333333333 0.004901960784313725 0.03611111111111111
0.0 0.9338235294117647 0.4 0.004901960784313725 0.022222222222222223
0.0 0.9252450980392157 0.375 0.007352941176470588 0.03333333333333333
0.0 0.9191176470588235 0.38333333333333336 0.00980392156862745 0.03888888888888889
0.0 0.9203431372549019 0.3736111111111111 0.007352941176470588 0.030555555555555555
0.0 0.9166666666666666 0.38055555555555554 0.00980392156862745 0.03888888888888889
0.0 0.9117647058823529 0.37777777777777777 0.004901960784313725 0.027777777777777776
0.0 0.9056372549019608 0.36944444444444446 0.012254901960784314 0.044444444444444446
0.0 0.9093137254901961 0.36527777777777776 0.00980392156862745 0.041666666666666664
0.0 0.9068627450980392 0.3375 0.00980392156862745 0.025
0.0 0.9056372549019608 0.30972222222222223 0.012254901960784314 0.030555555555555555
1.0 0.9044117647058824 0.30277777777777776 0.004901960784313725 0.011111111111111112
0.0 0.8982843137254902 0.31666666666666665 0.012254901960784314 0.03333333333333333
0.0 0.8884803921568627 0.30694444444444446 0.012254901960784314 0.030555555555555555
0.0 0.8848039215686274 0.30277777777777776 0.014705882352941176 0.03888888888888889
0.0 0.875 0.3 0.014705882352941176 0.03333333333333333
4.0 0.9325980392156863 0.32083333333333336 0.01715686274509804 0.041666666666666664
3.0 0.9240196078431373 0.29444444444444445 0.024509803921568627 0.03888888888888889
3.0 0.9166666666666666 0.30694444444444446 0.014705882352941176 0.030555555555555555
0.0 0.8982843137254902 0.2708333333333333 0.007352941176470588 0.019444444444444445
3.0 0.8958333333333334 0.26666666666666666 0.02696078431372549 0.03333333333333333
3.0 0.8884803921568627 0.2763888888888889 0.022058823529411766 0.03611111111111111
0.0 0.8933823529411765 0.3 0.012254901960784314 0.027777777777777776
0.0 0.8897058823529411 0.2902777777777778 0.00980392156862745 0.025
0.0 0.8848039215686274 0.2875 0.00980392156862745 0.025
0.0 0.8823529411764706 0.25277777777777777 0.00980392156862745 0.022222222222222223
0.0 0.8848039215686274 0.25555555555555554 0.00980392156862745 0.022222222222222223
3.0 0.8799019607843137 0.25 0.024509803921568627 0.03333333333333333
3.0 0.8578431372549019 0.23194444444444445 0.029411764705882353 0.03611111111111111
3.0 0.8419117647058824 0.21666666666666667 0.02696078431372549 0.03333333333333333
3.0 0.8553921568627451 0.25 0.029411764705882353 0.044444444444444446
3.0 0.8321078431372549 0.23194444444444445 0.02696078431372549 0.03611111111111111
3.0 0.8296568627450981 0.21805555555555556 0.041666666666666664 0.041666666666666664
3.0 0.8186274509803921 0.24166666666666667 0.03431372549019608 0.044444444444444446
0.0 0.8370098039215687 0.2861111111111111 0.01715686274509804 0.03888888888888889
0.0 0.8541666666666666 0.3055555555555556 0.01715686274509804 0.044444444444444446
0.0 0.8639705882352942 0.2833333333333333 0.012254901960784314 0.03333333333333333
0.0 0.8553921568627451 0.2763888888888889 0.00980392156862745 0.030555555555555555
0.0 0.8504901960784313 0.26944444444444443 0.014705882352941176 0.027777777777777776
0.0 0.8406862745098039 0.26666666666666666 0.014705882352941176 0.03333333333333333
0.0 0.8382352941176471 0.2625 0.014705882352941176 0.03611111111111111
1.0 0.8345588235294118 0.25972222222222224 0.012254901960784314 0.025
1.0 0.8578431372549019 0.2763888888888889 0.014705882352941176 0.030555555555555555
1.0 0.8296568627450981 0.2569444444444444 0.012254901960784314 0.025
1.0 0.8112745098039216 0.25 0.014705882352941176 0.027777777777777776
3.0 0.8198529411764706 0.24305555555555555 0.041666666666666664 0.04722222222222222
3.0 0.8026960784313726 0.2111111111111111 0.03676470588235294 0.044444444444444446
3.0 0.8198529411764706 0.20277777777777778 0.02696078431372549 0.027777777777777776
3.0 0.8602941176470589 0.2111111111111111 0.024509803921568627 0.027777777777777776
3.0 0.8517156862745098 0.20833333333333334 0.03676470588235294 0.044444444444444446
3.0 0.8174019607843137 0.18333333333333332 0.03676470588235294 0.03333333333333333
0.0 0.8002450980392157 0.18888888888888888 0.012254901960784314 0.022222222222222223
3.0 0.7818627450980392 0.18888888888888888 0.0392156862745098 0.044444444444444446
3.0 0.7634803921568627 0.2152777777777778 0.061274509803921566 0.04722222222222222
0.0 0.7806372549019608 0.20833333333333334 0.01715686274509804 0.027777777777777776
3.0 0.7634803921568627 0.19166666666666668 0.041666666666666664 0.03888888888888889
3.0 0.7512254901960784 0.1763888888888889 0.041666666666666664 0.041666666666666664
3.0 0.7291666666666666 0.19722222222222222 0.051470588235294115 0.044444444444444446
0.0 0.7132352941176471 0.19583333333333333 0.0196078431372549 0.03611111111111111
0.0 0.7009803921568627 0.19166666666666668 0.0196078431372549 0.03333333333333333
0.0 0.6825980392156863 0.18611111111111112 0.01715686274509804 0.03333333333333333
0.0 0.6924019607843137 0.17916666666666667 0.022058823529411766 0.03611111111111111
0.0 0.7316176470588235 0.1875 0.01715686274509804 0.025
0.0 0.7218137254901961 0.18333333333333332 0.01715686274509804 0.022222222222222223
0.0 0.7120098039215687 0.18333333333333332 0.022058823529411766 0.027777777777777776
3.0 0.7267156862745098 0.16944444444444445 0.04656862745098039 0.03888888888888889
3.0 0.7169117647058824 0.1625 0.051470588235294115 0.03611111111111111
3.0 0.6764705882352942 0.1527777777777778 0.04411764705882353 0.027777777777777776
3.0 0.7365196078431373 0.1527777777777778 0.04656862745098039 0.03333333333333333
3.0 0.7022058823529411 0.13333333333333333 0.041666666666666664 0.027777777777777776
0.0 0.6985294117647058 0.14166666666666666 0.014705882352941176 0.016666666666666666
0.0 0.6875 0.14027777777777778 0.012254901960784314 0.013888888888888888
0.0 0.6666666666666666 0.1736111111111111 0.0196078431372549 0.030555555555555555
0.0 0.6421568627450981 0.1625 0.014705882352941176 0.025
0.0 0.625 0.1625 0.024509803921568627 0.03611111111111111
0.0 0.5845588235294118 0.15416666666666667 0.022058823529411766 0.025
3.0 0.6727941176470589 0.17222222222222222 0.07107843137254902 0.044444444444444446
3.0 0.6262254901960784 0.1597222222222222 0.07598039215686274 0.03611111111111111
3.0 0.6617647058823529 0.14166666666666666 0.05392156862745098 0.03333333333333333
3.0 0.625 0.13055555555555556 0.049019607843137254 0.027777777777777776
3.0 0.6041666666666666 0.1388888888888889 0.07598039215686274 0.03333333333333333
3.0 0.5686274509803921 0.14583333333333334 0.07352941176470588 0.030555555555555555
3.0 0.5134803921568627 0.1375 0.0661764705882353 0.025
0.0 0.5551470588235294 0.13472222222222222 0.022058823529411766 0.025
0.0 0.5134803921568627 0.13333333333333333 0.01715686274509804 0.027777777777777776
0.0 0.4877450980392157 0.12916666666666668 0.0196078431372549 0.019444444444444445
0.0 0.45955882352941174 0.14722222222222223 0.01715686274509804 0.027777777777777776
0.0 0.4215686274509804 0.1527777777777778 0.014705882352941176 0.027777777777777776
0.0 0.4019607843137255 0.15694444444444444 0.0196078431372549 0.030555555555555555
0.0 0.38235294117647056 0.15833333333333333 0.0196078431372549 0.027777777777777776
0.0 0.3639705882352941 0.16527777777777777 0.022058823529411766 0.030555555555555555
0.0 0.3541666666666667 0.16527777777777777 0.012254901960784314 0.019444444444444445
0.0 0.6678921568627451 0.12222222222222222 0.012254901960784314 0.016666666666666666
0.0 0.6593137254901961 0.12083333333333333 0.014705882352941176 0.019444444444444445
3.0 0.6568627450980392 0.12083333333333333 0.049019607843137254 0.030555555555555555
3.0 0.6213235294117647 0.11388888888888889 0.04656862745098039 0.022222222222222223
3.0 0.5906862745098039 0.1125 0.058823529411764705 0.025
3.0 0.5367647058823529 0.10555555555555556 0.049019607843137254 0.016666666666666666
3.0 0.49142156862745096 0.10555555555555556 0.061274509803921566 0.016666666666666666
3.0 0.4424019607843137 0.10833333333333334 0.061274509803921566 0.022222222222222223
3.0 0.39338235294117646 0.11944444444444445 0.061274509803921566 0.027777777777777776
5.0 0.42034313725490197 0.12638888888888888 0.061274509803921566 0.030555555555555555
0.0 0.4375 0.12638888888888888 0.01715686274509804 0.025
0.0 0.39950980392156865 0.1375 0.014705882352941176 0.019444444444444445
3.0 0.3639705882352941 0.12777777777777777 0.07107843137254902 0.03333333333333333
6.0 0.21200980392156862 0.19722222222222222 0.041666666666666664 0.03333333333333333
4.0 0.8615196078431373 0.18194444444444444 0.012254901960784314 0.013888888888888888
3.0 0.8541666666666666 0.1763888888888889 0.01715686274509804 0.019444444444444445
3.0 0.8357843137254902 0.16666666666666666 0.0196078431372549 0.016666666666666666
3.0 0.8272058823529411 0.1625 0.012254901960784314 0.013888888888888888
3.0 0.7904411764705882 0.14166666666666666 0.02696078431372549 0.022222222222222223
3.0 0.8125 0.14722222222222223 0.012254901960784314 0.011111111111111112
4.0 0.8149509803921569 0.1527777777777778 0.01715686274509804 0.022222222222222223
3.0 0.7573529411764706 0.11944444444444445 0.024509803921568627 0.016666666666666666
3.0 0.7806372549019608 0.13055555555555556 0.012254901960784314 0.011111111111111112
3.0 0.6752450980392157 0.09305555555555556 0.031862745098039214 0.013888888888888888
3.0 0.6139705882352942 0.07916666666666666 0.03676470588235294 0.013888888888888888
0.0 0.5049019607843137 0.075 0.004901960784313725 0.011111111111111112
0.0 0.49264705882352944 0.075 0.004901960784313725 0.011111111111111112
1.0 0.3541666666666667 0.09444444444444444 0.012254901960784314 0.011111111111111112
1.0 0.3713235294117647 0.09305555555555556 0.007352941176470588 0.008333333333333333
0.0 0.19852941176470587 0.1597222222222222 0.00980392156862745 0.013888888888888888
0.0 0.19240196078431374 0.1638888888888889 0.012254901960784314 0.016666666666666666
0.0 0.18627450980392157 0.16805555555555557 0.00980392156862745 0.013888888888888888
1.0 0.1715686274509804 0.17916666666666667 0.00980392156862745 0.013888888888888888
0.0 0.13602941176470587 0.20972222222222223 0.012254901960784314 0.019444444444444445
0.0 0.13112745098039216 0.21388888888888888 0.012254901960784314 0.022222222222222223
0.0 0.06495098039215687 0.2833333333333333 0.007352941176470588 0.016666666666666666
0.0 0.06004901960784314 0.2986111111111111 0.007352941176470588 0.019444444444444445
0.0 0.03431372549019608 0.3277777777777778 0.004901960784313725 0.016666666666666666
0.0 0.03431372549019608 0.32916666666666666 0.004901960784313725 0.019444444444444445
0.0 0.030637254901960783 0.3347222222222222 0.007352941176470588 0.019444444444444445
0.0 0.03308823529411765 0.3277777777777778 0.007352941176470588 0.022222222222222223
0.0 0.022058823529411766 0.3458333333333333 0.004901960784313725 0.019444444444444445
0.0 0.022058823529411766 0.3458333333333333 0.004901960784313725 0.019444444444444445
0.0 0.01715686274509804 0.35 0.004901960784313725 0.016666666666666666
8.0 0.09926470588235294 0.21388888888888888 0.031862745098039214 0.03888888888888889
8.0 0.08823529411764706 0.2222222222222222 0.0196078431372549 0.027777777777777776
8.0 0.08455882352941177 0.2263888888888889 0.022058823529411766 0.030555555555555555
8.0 0.0784313725490196 0.23055555555555557 0.0196078431372549 0.03333333333333333
8.0 0.07720588235294118 0.23055555555555557 0.022058823529411766 0.03333333333333333
8.0 0.07107843137254902 0.2375 0.0196078431372549 0.030555555555555555
8.0 0.04779411764705882 0.25972222222222224 0.01715686274509804 0.025
8.0 0.041666666666666664 0.26666666666666666 0.014705882352941176 0.022222222222222223
0.0 0.0428921568627451 0.26944444444444443 0.0024509803921568627 0.005555555555555556
0.0 0.04044117647058824 0.2708333333333333 0.0024509803921568627 0.008333333333333333
0.0 0.04044117647058824 0.2722222222222222 0.0024509803921568627 0.005555555555555556
0.0 0.03799019607843137 0.275 0.0024509803921568627 0.005555555555555556
0.0 0.03799019607843137 0.2763888888888889 0.0024509803921568627 0.008333333333333333
