4.0 0.06572769953051644 0.33589743589743587 0.03286384976525822 0.06153846153846154
8.0 0.046948356807511735 0.4935897435897436 0.009389671361502348 0.04871794871794872
3.0 0.07276995305164319 0.4564102564102564 0.014084507042253521 0.041025641025641026
3.0 0.06455399061032864 0.4423076923076923 0.011737089201877934 0.03333333333333333
3.0 0.40023474178403756 0.7102564102564103 0.2323943661971831 0.1076923076923077
3.0 0.16666666666666666 0.8397435897435898 0.07042253521126761 0.08461538461538462
3.0 0.025821596244131457 0.6692307692307692 0.018779342723004695 0.05641025641025641
3.0 0.636150234741784 0.14102564102564102 0.10328638497652583 0.041025641025641026
3.0 0.9870892018779343 0.3871794871794872 0.007042253521126761 0.020512820512820513
5.0 0.028169014084507043 0.34615384615384615 0.009389671361502348 0.02564102564102564
3.0 0.01643192488262911 0.47692307692307695 0.004694835680751174 0.035897435897435895
2.0 0.01056338028169014 0.5102564102564102 0.002347417840375587 0.02564102564102564
0.0 0.008215962441314555 0.5064102564102564 0.002347417840375587 0.023076923076923078
1.0 0.008215962441314555 0.5076923076923077 0.002347417840375587 0.015384615384615385
2.0 0.005868544600938967 0.48846153846153845 0.002347417840375587 0.017948717948717947
2.0 0.007042253521126761 0.4846153846153846 0.0 0.015384615384615385
1.0 0.007042253521126761 0.48205128205128206 0.0 0.020512820512820513
