0.0 0.029342723004694836 0.6858974358974359 0.011737089201877934 0.038461538461538464
0.0 0.03169014084507042 0.691025641025641 0.01643192488262911 0.04871794871794872
1.0 0.02464788732394366 0.6692307692307692 0.011737089201877934 0.035897435897435895
1.0 0.03873239436619718 0.691025641025641 0.01643192488262911 0.04358974358974359
1.0 0.02699530516431925 0.6692307692307692 0.011737089201877934 0.03076923076923077
1.0 0.03051643192488263 0.6717948717948717 0.014084507042253521 0.041025641025641026
2.0 0.028169014084507043 0.6807692307692308 0.014084507042253521 0.03333333333333333
9.0 0.03169014084507042 0.6756410256410257 0.01643192488262911 0.038461538461538464
2.0 0.04107981220657277 0.6987179487179487 0.02112676056338028 0.04358974358974359
1.0 0.02464788732394366 0.6076923076923076 0.007042253521126761 0.035897435897435895
2.0 0.02699530516431925 0.617948717948718 0.011737089201877934 0.03076923076923077
4.0 0.017605633802816902 0.5487179487179488 0.011737089201877934 0.046153846153846156
4.0 0.014084507042253521 0.5166666666666667 0.009389671361502348 0.03333333333333333
4.0 0.009389671361502348 0.5307692307692308 0.009389671361502348 0.035897435897435895
1.0 0.03873239436619718 0.6243589743589744 0.011737089201877934 0.038461538461538464
0.0 0.04225352112676056 0.6141025641025641 0.009389671361502348 0.04358974358974359
1.0 0.062206572769953054 0.6551282051282051 0.01643192488262911 0.04871794871794872
1.0 0.05516431924882629 0.6269230769230769 0.011737089201877934 0.04358974358974359
1.0 0.06455399061032864 0.6410256410256411 0.01643192488262911 0.05128205128205128
0.0 0.05046948356807512 0.6141025641025641 0.011737089201877934 0.04358974358974359
0.0 0.06338028169014084 0.6461538461538462 0.014084507042253521 0.05128205128205128
0.0 0.05516431924882629 0.6230769230769231 0.011737089201877934 0.046153846153846156
0.0 0.06690140845070422 0.6256410256410256 0.011737089201877934 0.046153846153846156
0.0 0.062206572769953054 0.6115384615384616 0.011737089201877934 0.04358974358974359
0.0 0.06338028169014084 0.5923076923076923 0.009389671361502348 0.046153846153846156
0.0 0.07042253521126761 0.5884615384615385 0.009389671361502348 0.04871794871794872
2.0 0.03990610328638498 0.632051282051282 0.014084507042253521 0.038461538461538464
2.0 0.04460093896713615 0.6256410256410256 0.014084507042253521 0.035897435897435895
2.0 0.051643192488262914 0.6243589743589744 0.014084507042253521 0.03333333333333333
2.0 0.056338028169014086 0.6371794871794871 0.014084507042253521 0.038461538461538464
2.0 0.06572769953051644 0.6641025641025641 0.023474178403755867 0.046153846153846156
9.0 0.06807511737089202 0.6474358974358975 0.018779342723004695 0.038461538461538464
2.0 0.06572769953051644 0.6230769230769231 0.018779342723004695 0.041025641025641026
2.0 0.07394366197183098 0.5871794871794872 0.011737089201877934 0.041025641025641026
2.0 0.03990610328638498 0.532051282051282 0.018779342723004695 0.04871794871794872
3.0 0.09624413145539906 0.7282051282051282 0.06572769953051644 0.1076923076923077
3.0 0.12441314553990611 0.7846153846153846 0.0892018779342723 0.12307692307692308
3.0 0.11267605633802817 0.8115384615384615 0.09389671361502347 0.12564102564102564
3.0 0.16784037558685447 0.6692307692307692 0.07746478873239436 0.11282051282051282
4.0 0.29577464788732394 0.7628205128205128 0.13615023474178403 0.14102564102564102
4.0 0.23591549295774647 0.5512820512820513 0.07746478873239436 0.13846153846153847
3.0 0.2687793427230047 0.40512820512820513 0.07276995305164319 0.08205128205128205
0.0 0.11619718309859155 0.5205128205128206 0.011737089201877934 0.05641025641025641
0.0 0.12441314553990611 0.5115384615384615 0.009389671361502348 0.05897435897435897
0.0 0.13262910798122066 0.5115384615384615 0.007042253521126761 0.05897435897435897
0.0 0.14553990610328638 0.4551282051282051 0.014084507042253521 0.05897435897435897
0.0 0.2605633802816901 0.3217948717948718 0.014084507042253521 0.04358974358974359
1.0 0.11971830985915492 0.5435897435897435 0.014084507042253521 0.05641025641025641
1.0 0.13732394366197184 0.5333333333333333 0.011737089201877934 0.05128205128205128
1.0 0.16901408450704225 0.517948717948718 0.014084507042253521 0.05128205128205128
1.0 0.17370892018779344 0.45897435897435895 0.014084507042253521 0.05128205128205128
1.0 0.1936619718309859 0.4217948717948718 0.01643192488262911 0.05384615384615385
1.0 0.32511737089201875 0.2923076923076923 0.02112676056338028 0.035897435897435895
1.0 0.352112676056338 0.27307692307692305 0.018779342723004695 0.038461538461538464
2.0 0.11971830985915492 0.5564102564102564 0.009389671361502348 0.041025641025641026
2.0 0.13849765258215962 0.5564102564102564 0.014084507042253521 0.046153846153846156
2.0 0.17253521126760563 0.47307692307692306 0.011737089201877934 0.038461538461538464
2.0 0.19131455399061034 0.43333333333333335 0.011737089201877934 0.035897435897435895
2.0 0.34976525821596244 0.2846153846153846 0.018779342723004695 0.03076923076923077
9.0 0.3215962441314554 0.30641025641025643 0.028169014084507043 0.03333333333333333
9.0 0.17018779342723006 0.5307692307692308 0.01643192488262911 0.05128205128205128
3.0 0.3873239436619718 0.8935897435897436 0.11737089201877934 0.07435897435897436
3.0 0.6467136150234741 0.8179487179487179 0.12441314553990611 0.10256410256410256
3.0 0.4119718309859155 0.6102564102564103 0.11032863849765258 0.11282051282051282
3.0 0.42370892018779344 0.3935897435897436 0.08215962441314555 0.07435897435897436
3.0 0.49413145539906106 0.46282051282051284 0.09154929577464789 0.1
3.0 0.7488262910798122 0.4846153846153846 0.056338028169014086 0.09230769230769231
3.0 0.642018779342723 0.4115384615384615 0.07746478873239436 0.08461538461538462
3.0 0.5070422535211268 0.3384615384615385 0.07511737089201878 0.06153846153846154
3.0 0.4119718309859155 0.2923076923076923 0.07746478873239436 0.06153846153846154
3.0 0.5469483568075117 0.2717948717948718 0.06103286384976526 0.05128205128205128
3.0 0.4565727699530516 0.24615384615384617 0.05868544600938967 0.041025641025641026
3.0 0.49765258215962443 0.2128205128205128 0.046948356807511735 0.03076923076923077
3.0 0.5657276995305164 0.21153846153846154 0.04225352112676056 0.028205128205128206
1.0 0.0528169014084507 0.7512820512820513 0.02112676056338028 0.046153846153846156
2.0 0.05868544600938967 0.764102564102564 0.018779342723004695 0.035897435897435895
1.0 0.6244131455399061 0.8910256410256411 0.04225352112676056 0.038461538461538464
2.0 0.6208920187793427 0.9012820512820513 0.03990610328638498 0.038461538461538464
2.0 0.784037558685446 0.7166666666666667 0.046948356807511735 0.05384615384615385
0.0 0.82981220657277 0.5128205128205128 0.011737089201877934 0.06153846153846154
0.0 0.7922535211267606 0.46025641025641023 0.01643192488262911 0.0641025641025641
0.0 0.8004694835680751 0.4256410256410256 0.014084507042253521 0.05641025641025641
0.0 0.7992957746478874 0.3871794871794872 0.01643192488262911 0.05641025641025641
1.0 0.5915492957746479 0.5717948717948718 0.028169014084507043 0.08717948717948718
2.0 0.5927230046948356 0.5961538461538461 0.03051643192488263 0.0641025641025641
1.0 0.5938967136150235 0.3294871794871795 0.028169014084507043 0.04871794871794872
1.0 0.607981220657277 0.29615384615384616 0.023474178403755867 0.04358974358974359
1.0 0.6349765258215962 0.28974358974358977 0.02112676056338028 0.041025641025641026
1.0 0.6338028169014085 0.258974358974359 0.018779342723004695 0.035897435897435895
2.0 0.5938967136150235 0.34487179487179487 0.023474178403755867 0.04358974358974359
2.0 0.607981220657277 0.308974358974359 0.018779342723004695 0.038461538461538464
2.0 0.636150234741784 0.2987179487179487 0.018779342723004695 0.03333333333333333
2.0 0.6349765258215962 0.2692307692307692 0.01643192488262911 0.02564102564102564
3.0 0.3685446009389671 0.258974358974359 0.056338028169014086 0.05128205128205128
3.0 0.43779342723004694 0.22564102564102564 0.04929577464788732 0.035897435897435895
3.0 0.4460093896713615 0.2076923076923077 0.04225352112676056 0.03076923076923077
3.0 0.4624413145539906 0.19230769230769232 0.03755868544600939 0.02564102564102564
3.0 0.5105633802816901 0.19487179487179487 0.04460093896713615 0.02564102564102564
3.0 0.5223004694835681 0.18461538461538463 0.035211267605633804 0.02564102564102564
3.0 0.539906103286385 0.16282051282051282 0.03286384976525822 0.023076923076923078
3.0 0.49061032863849763 0.1717948717948718 0.023474178403755867 0.015384615384615385
3.0 0.5070422535211268 0.17564102564102563 0.028169014084507043 0.017948717948717947
3.0 0.4988262910798122 0.16282051282051282 0.025821596244131457 0.01282051282051282
3.0 0.5352112676056338 0.14743589743589744 0.023474178403755867 0.01282051282051282
5.0 0.5598591549295775 0.14743589743589744 0.03051643192488263 0.023076923076923078
3.0 0.5633802816901409 0.11794871794871795 0.018779342723004695 0.010256410256410256
3.0 0.5927230046948356 0.12307692307692308 0.02112676056338028 0.010256410256410256
3.0 0.57981220657277 0.11794871794871795 0.018779342723004695 0.010256410256410256
0.0 0.3744131455399061 0.20256410256410257 0.01643192488262911 0.02564102564102564
0.0 0.3274647887323944 0.14487179487179488 0.011737089201877934 0.01282051282051282
3.0 0.31690140845070425 0.1576923076923077 0.03755868544600939 0.023076923076923078
3.0 0.2007042253521127 0.26666666666666666 0.0539906103286385 0.05128205128205128
3.0 0.21713615023474178 0.25769230769230766 0.0539906103286385 0.04871794871794872
3.0 0.22769953051643194 0.24743589743589745 0.051643192488262914 0.04358974358974359
3.0 0.24295774647887325 0.2358974358974359 0.04929577464788732 0.041025641025641026
3.0 0.25938967136150237 0.22179487179487178 0.04460093896713615 0.03333333333333333
3.0 0.2511737089201878 0.22179487179487178 0.056338028169014086 0.038461538461538464
3.0 0.27699530516431925 0.20897435897435898 0.07511737089201878 0.04871794871794872
3.0 0.29577464788732394 0.1935897435897436 0.051643192488262914 0.03333333333333333
3.0 0.31690140845070425 0.17692307692307693 0.04225352112676056 0.02564102564102564
0.0 0.352112676056338 0.13333333333333333 0.014084507042253521 0.015384615384615385
0.0 0.7511737089201878 0.24358974358974358 0.014084507042253521 0.02564102564102564
