1.0 0.06338028169014084 0.22564102564102564 0.004694835680751174 0.010256410256410256
3.0 0.09154929577464789 0.19487179487179487 0.03755868544600939 0.05641025641025641
4.0 0.06338028169014084 0.24871794871794872 0.03286384976525822 0.06666666666666667
0.0 0.014084507042253521 0.37948717948717947 0.004694835680751174 0.020512820512820513
1.0 0.018779342723004695 0.3474358974358974 0.004694835680751174 0.017948717948717947
0.0 0.03051643192488263 0.3192307692307692 0.004694835680751174 0.017948717948717947
0.0 0.03051643192488263 0.31666666666666665 0.004694835680751174 0.01282051282051282
3.0 0.03755868544600939 0.3153846153846154 0.028169014084507043 0.07692307692307693
3.0 0.01643192488262911 0.40897435897435896 0.018779342723004695 0.08461538461538462
3.0 0.0035211267605633804 0.47435897435897434 0.007042253521126761 0.07692307692307693
2.0 0.007042253521126761 0.5551282051282052 0.004694835680751174 0.028205128205128206
1.0 0.007042253521126761 0.5538461538461539 0.004694835680751174 0.020512820512820513
3.0 0.018779342723004695 0.5897435897435898 0.018779342723004695 0.09230769230769231
3.0 0.05046948356807512 0.7346153846153847 0.03990610328638498 0.08461538461538462
3.0 0.04107981220657277 0.6474358974358975 0.035211267605633804 0.11025641025641025
4.0 0.06572769953051644 0.7474358974358974 0.046948356807511735 0.09487179487179487
3.0 0.09741784037558686 0.7461538461538462 0.06338028169014084 0.12307692307692308
3.0 0.06924882629107981 0.6064102564102564 0.03990610328638498 0.1358974358974359
0.0 0.03169014084507042 0.532051282051282 0.01643192488262911 0.11025641025641025
0.0 0.04929577464788732 0.38461538461538464 0.03286384976525822 0.11282051282051282
9.0 0.028169014084507043 0.38076923076923075 0.009389671361502348 0.038461538461538464
1.0 0.02699530516431925 0.37948717948717947 0.007042253521126761 0.02564102564102564
0.0 0.08450704225352113 0.2743589743589744 0.051643192488262914 0.1076923076923077
2.0 0.07042253521126761 0.24743589743589745 0.014084507042253521 0.028205128205128206
1.0 0.0715962441314554 0.24358974358974358 0.011737089201877934 0.020512820512820513
2.0 0.08333333333333333 0.22564102564102564 0.01643192488262911 0.02564102564102564
1.0 0.08568075117370892 0.2205128205128205 0.011737089201877934 0.020512820512820513
0.0 0.14906103286384975 0.1576923076923077 0.06338028169014084 0.07948717948717948
3.0 0.19131455399061034 0.10256410256410256 0.03990610328638498 0.035897435897435895
3.0 0.2793427230046948 0.05384615384615385 0.06103286384976526 0.041025641025641026
3.0 0.07629107981220658 0.4346153846153846 0.035211267605633804 0.1358974358974359
3.0 0.1267605633802817 0.26666666666666666 0.06572769953051644 0.12307692307692308
3.0 0.21244131455399062 0.1294871794871795 0.08215962441314555 0.08974358974358974
3.0 0.2652582159624413 0.09743589743589744 0.07981220657276995 0.07179487179487179
3.0 0.15023474178403756 0.3487179487179487 0.07511737089201878 0.17435897435897435
9.0 0.2887323943661972 0.14487179487179488 0.03755868544600939 0.04358974358974359
1.0 0.289906103286385 0.14102564102564102 0.03051643192488263 0.03076923076923077
3.0 0.3192488262910798 0.4461538461538462 0.11737089201877934 0.26666666666666666
3.0 0.397887323943662 0.19615384615384615 0.11032863849765258 0.12051282051282051
3.0 0.4413145539906103 0.08205128205128205 0.0892018779342723 0.06666666666666667
3.0 0.5082159624413145 0.02564102564102564 0.06807511737089202 0.03076923076923077
2.0 0.5751173708920188 0.020512820512820513 0.03755868544600939 0.010256410256410256
3.0 0.2934272300469484 0.7282051282051282 0.13145539906103287 0.20512820512820512
3.0 0.29225352112676056 0.8692307692307693 0.12910798122065728 0.12307692307692308
0.0 0.4213615023474178 0.9038461538461539 0.02112676056338028 0.01282051282051282
0.0 0.4084507042253521 0.9243589743589744 0.028169014084507043 0.01282051282051282
3.0 0.318075117370892 0.9461538461538461 0.10093896713615023 0.07179487179487179
2.0 0.26173708920187794 0.9307692307692308 0.035211267605633804 0.02564102564102564
1.0 0.25821596244131456 0.9320512820512821 0.018779342723004695 0.01282051282051282
0.0 0.1267605633802817 0.8307692307692308 0.014084507042253521 0.015384615384615385
3.0 0.9014084507042254 0.18846153846153846 0.04225352112676056 0.05897435897435897
3.0 0.9248826291079812 0.23846153846153847 0.03755868544600939 0.06153846153846154
4.0 0.9366197183098591 0.26666666666666666 0.03755868544600939 0.06666666666666667
3.0 0.9565727699530516 0.3384615384615385 0.025821596244131457 0.05641025641025641
3.0 0.965962441314554 0.3782051282051282 0.02112676056338028 0.05897435897435897
3.0 0.971830985915493 0.4230769230769231 0.018779342723004695 0.05641025641025641
3.0 0.9706572769953051 0.5769230769230769 0.02112676056338028 0.05641025641025641
3.0 0.9495305164319249 0.6782051282051282 0.035211267605633804 0.07435897435897436
3.0 0.9190140845070423 0.7653846153846153 0.04460093896713615 0.06923076923076923
3.0 0.8990610328638498 0.8051282051282052 0.056338028169014086 0.07692307692307693
3.0 0.9565727699530516 0.717948717948718 0.025821596244131457 0.06666666666666667
3.0 0.9788732394366197 0.6384615384615384 0.023474178403755867 0.08717948717948718
0.0 0.9964788732394366 0.4935897435897436 0.002347417840375587 0.01282051282051282
0.0 0.9706572769953051 0.3487179487179487 0.007042253521126761 0.020512820512820513
3.0 0.9812206572769953 0.3730769230769231 0.018779342723004695 0.06923076923076923
3.0 0.9683098591549296 0.3153846153846154 0.01643192488262911 0.046153846153846156
3.0 0.9518779342723005 0.2705128205128205 0.025821596244131457 0.05897435897435897
4.0 0.9366197183098591 0.23076923076923078 0.018779342723004695 0.035897435897435895
