0.0 0.020833333333333332 0.5083333333333333 0.0024509803921568627 0.03888888888888889
0.0 0.01838235294117647 0.5069444444444444 0.0024509803921568627 0.03611111111111111
1.0 0.023284313725490197 0.4513888888888889 0.0024509803921568627 0.025
2.0 0.023284313725490197 0.4638888888888889 0.0024509803921568627 0.022222222222222223
3.0 0.006127450980392157 0.42777777777777776 0.007352941176470588 0.022222222222222223
0.0 0.03676470588235294 0.45416666666666666 0.004901960784313725 0.030555555555555555
3.0 0.125 0.2222222222222222 0.004901960784313725 0.011111111111111112
3.0 0.13848039215686275 0.2111111111111111 0.007352941176470588 0.011111111111111112
3.0 0.14583333333333334 0.20555555555555555 0.007352941176470588 0.011111111111111112
3.0 0.15196078431372548 0.2013888888888889 0.004901960784313725 0.008333333333333333
3.0 0.1568627450980392 0.19722222222222222 0.004901960784313725 0.005555555555555556
3.0 0.15318627450980393 0.2013888888888889 0.007352941176470588 0.008333333333333333
3.0 0.16053921568627452 0.19583333333333333 0.007352941176470588 0.008333333333333333
3.0 0.16053921568627452 0.2 0.007352941176470588 0.011111111111111112
3.0 0.15808823529411764 0.20555555555555555 0.007352941176470588 0.011111111111111112
3.0 0.1715686274509804 0.19444444444444445 0.00980392156862745 0.011111111111111112
3.0 0.17401960784313725 0.2013888888888889 0.00980392156862745 0.013888888888888888
3.0 0.1213235294117647 0.22916666666666666 0.007352941176470588 0.008333333333333333
3.0 0.12254901960784313 0.23333333333333334 0.004901960784313725 0.011111111111111112
3.0 0.12377450980392157 0.23472222222222222 0.007352941176470588 0.008333333333333333
3.0 0.12377450980392157 0.2388888888888889 0.007352941176470588 0.011111111111111112
3.0 0.12377450980392157 0.24027777777777778 0.007352941176470588 0.013888888888888888
3.0 0.125 0.24305555555555555 0.00980392156862745 0.013888888888888888
8.0 0.11642156862745098 0.24444444444444444 0.01715686274509804 0.027777777777777776
3.0 0.12990196078431374 0.22777777777777777 0.00980392156862745 0.011111111111111112
3.0 0.13112745098039216 0.2263888888888889 0.007352941176470588 0.008333333333333333
3.0 0.13112745098039216 0.22916666666666666 0.007352941176470588 0.008333333333333333
3.0 0.1323529411764706 0.23055555555555557 0.00980392156862745 0.011111111111111112
3.0 0.13480392156862744 0.23333333333333334 0.00980392156862745 0.011111111111111112
3.0 0.13480392156862744 0.2361111111111111 0.00980392156862745 0.016666666666666666
3.0 0.13970588235294118 0.2222222222222222 0.00980392156862745 0.016666666666666666
3.0 0.1409313725490196 0.2222222222222222 0.007352941176470588 0.011111111111111112
3.0 0.14215686274509803 0.225 0.00980392156862745 0.011111111111111112
3.0 0.14705882352941177 0.2263888888888889 0.00980392156862745 0.013888888888888888
3.0 0.1482843137254902 0.22777777777777777 0.012254901960784314 0.016666666666666666
0.0 0.20833333333333334 0.19583333333333333 0.00980392156862745 0.013888888888888888
0.0 0.20955882352941177 0.19305555555555556 0.012254901960784314 0.019444444444444445
0.0 0.21691176470588236 0.19305555555555556 0.007352941176470588 0.013888888888888888
0.0 0.26715686274509803 0.17777777777777778 0.00980392156862745 0.016666666666666666
1.0 0.23651960784313725 0.19027777777777777 0.007352941176470588 0.008333333333333333
2.0 0.23651960784313725 0.19444444444444445 0.01715686274509804 0.016666666666666666
3.0 0.19117647058823528 0.2263888888888889 0.0196078431372549 0.025
3.0 0.21446078431372548 0.2152777777777778 0.022058823529411766 0.025
3.0 0.20098039215686275 0.23055555555555557 0.0196078431372549 0.022222222222222223
3.0 0.20588235294117646 0.2361111111111111 0.024509803921568627 0.027777777777777776
3.0 0.22916666666666666 0.21805555555555556 0.022058823529411766 0.025
3.0 0.24387254901960784 0.20277777777777778 0.022058823529411766 0.022222222222222223
3.0 0.26348039215686275 0.20555555555555555 0.02696078431372549 0.022222222222222223
8.0 0.2965686274509804 0.18194444444444444 0.07352941176470588 0.06388888888888888
3.0 0.27818627450980393 0.2111111111111111 0.02696078431372549 0.022222222222222223
3.0 0.24632352941176472 0.22777777777777777 0.031862745098039214 0.027777777777777776
3.0 0.21568627450980393 0.24444444444444444 0.029411764705882353 0.03333333333333333
3.0 0.22303921568627452 0.25555555555555554 0.029411764705882353 0.03333333333333333
3.0 0.25612745098039214 0.23333333333333334 0.02696078431372549 0.027777777777777776
3.0 0.2977941176470588 0.2152777777777778 0.03676470588235294 0.030555555555555555
3.0 0.3235294117647059 0.19444444444444445 0.0392156862745098 0.03333333333333333
3.0 0.24387254901960784 0.2569444444444444 0.041666666666666664 0.041666666666666664
3.0 0.24754901960784315 0.275 0.0392156862745098 0.03888888888888889
3.0 0.2647058823529412 0.28888888888888886 0.04411764705882353 0.044444444444444446
3.0 0.2806372549019608 0.30833333333333335 0.051470588235294115 0.05555555555555555
3.0 0.30269607843137253 0.3458333333333333 0.0661764705882353 0.06388888888888888
3.0 0.3235294117647059 0.38055555555555554 0.07352941176470588 0.07777777777777778
3.0 0.3541666666666667 0.43333333333333335 0.09068627450980392 0.1
3.0 0.375 0.5111111111111111 0.10294117647058823 0.1111111111111111
4.0 0.4117647058823529 0.5791666666666667 0.10784313725490197 0.1527777777777778
3.0 0.46568627450980393 0.6819444444444445 0.13725490196078433 0.13055555555555556
3.0 0.5196078431372549 0.8027777777777778 0.16666666666666666 0.12222222222222222
3.0 0.0661764705882353 0.7666666666666667 0.07352941176470588 0.12777777777777777
3.0 0.125 0.8263888888888888 0.09313725490196079 0.125
3.0 0.23651960784313725 0.8833333333333333 0.14460784313725492 0.15555555555555556
3.0 0.6017156862745098 0.9138888888888889 0.1642156862745098 0.10555555555555556
3.0 0.27450980392156865 0.2361111111111111 0.0392156862745098 0.03888888888888889
3.0 0.28799019607843135 0.24583333333333332 0.041666666666666664 0.041666666666666664
3.0 0.3075980392156863 0.2569444444444444 0.04656862745098039 0.041666666666666664
3.0 0.33088235294117646 0.2777777777777778 0.05392156862745098 0.05
3.0 0.3492647058823529 0.2986111111111111 0.061274509803921566 0.06388888888888888
3.0 0.3872549019607843 0.3333333333333333 0.07352941176470588 0.06666666666666667
3.0 0.44730392156862747 0.3736111111111111 0.1053921568627451 0.10277777777777777
3.0 0.5024509803921569 0.44583333333333336 0.11274509803921569 0.10833333333333334
3.0 0.5637254901960784 0.5222222222222223 0.10294117647058823 0.1111111111111111
3.0 0.6151960784313726 0.6111111111111112 0.14705882352941177 0.12777777777777777
3.0 0.31495098039215685 0.2222222222222222 0.041666666666666664 0.03333333333333333
3.0 0.32965686274509803 0.22916666666666666 0.041666666666666664 0.03611111111111111
3.0 0.35784313725490197 0.2388888888888889 0.049019607843137254 0.03888888888888889
3.0 0.3799019607843137 0.25555555555555554 0.058823529411764705 0.044444444444444446
3.0 0.4227941176470588 0.2638888888888889 0.051470588235294115 0.044444444444444446
8.0 0.4889705882352941 0.2833333333333333 0.17401960784313725 0.15
3.0 0.5784313725490197 0.3888888888888889 0.10784313725490197 0.10555555555555556
3.0 0.7169117647058824 0.5513888888888889 0.10049019607843138 0.10833333333333334
3.0 0.8075980392156863 0.5430555555555555 0.07107843137254902 0.09722222222222222
3.0 0.34681372549019607 0.1986111111111111 0.041666666666666664 0.030555555555555555
3.0 0.37745098039215685 0.20972222222222223 0.049019607843137254 0.03611111111111111
3.0 0.4056372549019608 0.21666666666666667 0.04656862745098039 0.03333333333333333
3.0 0.5098039215686274 0.16111111111111112 0.06862745098039216 0.016666666666666666
3.0 0.5208333333333334 0.17222222222222222 0.061274509803921566 0.016666666666666666
3.0 0.5477941176470589 0.175 0.0661764705882353 0.022222222222222223
3.0 0.5747549019607843 0.18611111111111112 0.07107843137254902 0.03333333333333333
3.0 0.6090686274509803 0.19305555555555556 0.061274509803921566 0.03611111111111111
3.0 0.6580882352941176 0.21944444444444444 0.0857843137254902 0.044444444444444446
1.0 0.5490196078431373 0.19722222222222222 0.00980392156862745 0.016666666666666666
9.0 0.5477941176470589 0.20833333333333334 0.012254901960784314 0.016666666666666666
3.0 0.5220588235294118 0.20833333333333334 0.014705882352941176 0.022222222222222223
0.0 0.45588235294117646 0.175 0.00980392156862745 0.011111111111111112
9.0 0.4534313725490196 0.18333333333333332 0.014705882352941176 0.011111111111111112
2.0 0.5686274509803921 0.23055555555555557 0.0392156862745098 0.022222222222222223
1.0 0.5980392156862745 0.2125 0.014705882352941176 0.019444444444444445
2.0 0.5980392156862745 0.23194444444444445 0.0196078431372549 0.019444444444444445
1.0 0.6825980392156863 0.2625 0.01715686274509804 0.030555555555555555
2.0 0.6875 0.28055555555555556 0.01715686274509804 0.022222222222222223
3.0 0.7953431372549019 0.3333333333333333 0.056372549019607844 0.06111111111111111
3.0 0.8247549019607843 0.3611111111111111 0.056372549019607844 0.07222222222222222
3.0 0.8517156862745098 0.4777777777777778 0.022058823529411766 0.044444444444444446
0.0 0.8762254901960784 0.40555555555555556 0.007352941176470588 0.05
0.0 0.8823529411764706 0.40694444444444444 0.00980392156862745 0.04722222222222222
0.0 0.875 0.37916666666666665 0.00980392156862745 0.03611111111111111
1.0 0.8970588235294118 0.4875 0.00980392156862745 0.041666666666666664
3.0 0.8946078431372549 0.5055555555555555 0.00980392156862745 0.044444444444444446
1.0 0.9129901960784313 0.4888888888888889 0.007352941176470588 0.03333333333333333
2.0 0.9117647058823529 0.5055555555555555 0.00980392156862745 0.03888888888888889
1.0 0.9227941176470589 0.4847222222222222 0.007352941176470588 0.041666666666666664
2.0 0.9215686274509803 0.5041666666666667 0.00980392156862745 0.03611111111111111
0.0 0.9191176470588235 0.5916666666666667 0.014705882352941176 0.07222222222222222
0.0 0.9240196078431373 0.6 0.014705882352941176 0.06666666666666667
1.0 0.9375 0.5986111111111111 0.012254901960784314 0.04722222222222222
9.0 0.9338235294117647 0.6125 0.014705882352941176 0.05277777777777778
1.0 0.9485294117647058 0.5541666666666667 0.00980392156862745 0.03611111111111111
9.0 0.946078431372549 0.5708333333333333 0.00980392156862745 0.041666666666666664
9.0 0.9595588235294118 0.5180555555555556 0.0024509803921568627 0.030555555555555555
1.0 0.9129901960784313 0.6916666666666667 0.022058823529411766 0.05555555555555555
9.0 0.9068627450980392 0.7152777777777778 0.0196078431372549 0.041666666666666664
1.0 0.9424019607843137 0.6638888888888889 0.01715686274509804 0.05555555555555555
2.0 0.9375 0.6833333333333333 0.012254901960784314 0.03888888888888889
1.0 0.9620098039215687 0.6625 0.01715686274509804 0.058333333333333334
2.0 0.9571078431372549 0.6763888888888889 0.022058823529411766 0.05277777777777778
1.0 0.9803921568627451 0.5916666666666667 0.00980392156862745 0.03888888888888889
2.0 0.9779411764705882 0.6055555555555555 0.014705882352941176 0.03888888888888889
0.0 0.9816176470588235 0.6222222222222222 0.012254901960784314 0.05555555555555555
0.0 0.9583333333333334 0.7069444444444445 0.0196078431372549 0.058333333333333334
0.0 0.9693627450980392 0.6861111111111111 0.01715686274509804 0.05
1.0 0.9583333333333334 0.7263888888888889 0.0196078431372549 0.041666666666666664
3.0 0.8762254901960784 0.8027777777777778 0.11519607843137254 0.15555555555555556
