5.0 0.6073298429319371 0.6640625 0.1256544502617801 0.153125
5.0 0.3992146596858639 0.33125 0.12303664921465969 0.1625
3.0 0.2617801047120419 0.2046875 0.020942408376963352 0.021875
3.0 0.29712041884816753 0.1859375 0.02356020942408377 0.021875
9.0 0.9031413612565445 0.7203125 0.020942408376963352 0.046875
1.0 0.9044502617801047 0.7171875 0.013089005235602094 0.034375
9.0 0.7735602094240838 0.7734375 0.02356020942408377 0.040625
1.0 0.7761780104712042 0.7625 0.01832460732984293 0.03125
1.0 0.7761780104712042 0.7703125 0.02356020942408377 0.034375
0.0 0.8272251308900523 0.2625 0.005235602094240838 0.01875
5.0 0.2774869109947644 0.14375 0.020942408376963352 0.025
3.0 0.2670157068062827 0.13125 0.015706806282722512 0.0125
5.0 0.2513089005235602 0.1578125 0.031413612565445025 0.040625
5.0 0.24476439790575916 0.1421875 0.02356020942408377 0.028125
4.0 0.225130890052356 0.128125 0.005235602094240838 0.00625
3.0 0.21335078534031413 0.1359375 0.007853403141361256 0.009375
3.0 0.17539267015706805 0.24375 0.015706806282722512 0.01875
3.0 0.17277486910994763 0.25625 0.015706806282722512 0.01875
3.0 0.168848167539267 0.275 0.01832460732984293 0.025
3.0 0.168848167539267 0.2875 0.01832460732984293 0.025
0.0 0.9515706806282722 0.76875 0.01832460732984293 0.0375
