3.0 0.17146596858638743 0.8640625 0.09162303664921466 0.121875
3.0 0.10732984293193717 0.6078125 0.05235602094240838 0.134375
3.0 0.14659685863874344 0.6625 0.06806282722513089 0.15
5.0 0.6400523560209425 0.8578125 0.13350785340314136 0.190625
3.0 0.6387434554973822 0.68125 0.09424083769633508 0.15
6.0 0.48429319371727747 0.5015625 0.05235602094240838 0.096875
5.0 0.3913612565445026 0.2578125 0.049738219895287955 0.071875
3.0 0.2905759162303665 0.2625 0.06806282722513089 0.09375
3.0 0.32329842931937175 0.1515625 0.049738219895287955 0.053125
3.0 0.7709424083769634 0.346875 0.060209424083769635 0.1
3.0 0.8992146596858639 0.509375 0.034031413612565446 0.0875
3.0 0.831151832460733 0.7640625 0.09162303664921466 0.153125
0.0 0.9031413612565445 0.740625 0.020942408376963352 0.05
0.0 0.9319371727748691 0.5640625 0.010471204188481676 0.046875
5.0 0.56282722513089 0.184375 0.06806282722513089 0.08125
7.0 0.07460732984293193 0.73125 0.04450261780104712 0.09375
7.0 0.07722513089005235 0.6671875 0.03926701570680628 0.096875
3.0 0.15837696335078533 0.2078125 0.049738219895287955 0.053125
3.0 0.17801047120418848 0.2078125 0.05235602094240838 0.053125
3.0 0.17146596858638743 0.1890625 0.04450261780104712 0.046875
3.0 0.5497382198952879 0.078125 0.031413612565445025 0.025
4.0 0.7068062827225131 0.0984375 0.04712041884816754 0.046875
5.0 0.21335078534031413 0.2125 0.049738219895287955 0.075
3.0 0.5418848167539267 0.0453125 0.02617801047120419 0.015625
3.0 0.412303664921466 0.0328125 0.02356020942408377 0.015625
3.0 0.3795811518324607 0.0375 0.020942408376963352 0.01875
9.0 0.6112565445026178 0.496875 0.02356020942408377 0.06875
0.0 0.7264397905759162 0.165625 0.013089005235602094 0.025
0.0 0.4306282722513089 0.0359375 0.007853403141361256 0.009375
9.0 0.5575916230366492 0.065625 0.010471204188481676 0.0125
5.0 0.46727748691099474 0.0078125 0.013089005235602094 0.009375
7.0 0.08900523560209424 0.54375 0.02617801047120419 0.0625
6.0 0.09947643979057591 0.4875 0.020942408376963352 0.075
6.0 0.11125654450261781 0.4359375 0.02356020942408377 0.071875
6.0 0.12696335078534032 0.3921875 0.028795811518324606 0.065625
7.0 0.168848167539267 0.290625 0.034031413612565446 0.0625
7.0 0.18455497382198952 0.2625 0.034031413612565446 0.05625
0.0 0.2879581151832461 0.1125 0.010471204188481676 0.01875
3.0 0.28403141361256545 0.10625 0.034031413612565446 0.03125
3.0 0.299738219895288 0.0875 0.028795811518324606 0.025
6.0 0.09293193717277487 0.265625 0.028795811518324606 0.0375
6.0 0.08638743455497382 0.28125 0.02617801047120419 0.0375
6.0 0.06806282722513089 0.3109375 0.031413612565445025 0.046875
6.0 0.056282722513089 0.3375 0.02356020942408377 0.0375
6.0 0.05235602094240838 0.35 0.020942408376963352 0.0375
6.0 0.04842931937172775 0.3640625 0.01832460732984293 0.034375
6.0 0.09816753926701571 0.28125 0.02356020942408377 0.0375
6.0 0.08638743455497382 0.2828125 0.020942408376963352 0.034375
6.0 0.07068062827225131 0.4046875 0.02617801047120419 0.034375
6.0 0.06675392670157068 0.421875 0.02356020942408377 0.03125
6.0 0.06413612565445026 0.434375 0.02356020942408377 0.03125
6.0 0.056282722513089 0.4671875 0.02356020942408377 0.028125
6.0 0.049738219895287955 0.48125 0.020942408376963352 0.03125
6.0 0.058900523560209424 0.4515625 0.02356020942408377 0.028125
6.0 0.04712041884816754 0.4984375 0.020942408376963352 0.028125
6.0 0.07460732984293193 0.50625 0.013089005235602094 0.05625
3.0 0.030104712041884817 0.5875 0.02356020942408377 0.05625
7.0 0.03795811518324607 0.4140625 0.01832460732984293 0.040625
7.0 0.020942408376963352 0.475 0.015706806282722512 0.0375
7.0 0.009162303664921465 0.478125 0.013089005235602094 0.0375
6.0 0.028795811518324606 0.4484375 0.015706806282722512 0.028125
6.0 0.031413612565445025 0.4328125 0.015706806282722512 0.028125
6.0 0.024869109947643978 0.4140625 0.013089005235602094 0.028125
6.0 0.02225130890052356 0.4265625 0.013089005235602094 0.028125
6.0 0.01832460732984293 0.4375 0.010471204188481676 0.025
6.0 0.015706806282722512 0.4515625 0.010471204188481676 0.028125
6.0 0.009162303664921465 0.5234375 0.013089005235602094 0.028125
6.0 0.011780104712041885 0.5140625 0.013089005235602094 0.028125
3.0 0.04450261780104712 0.734375 0.05235602094240838 0.13125
9.0 0.8756544502617801 0.3609375 0.01832460732984293 0.040625
2.0 0.9397905759162304 0.7125 0.020942408376963352 0.05
