4.0 0.9080882352941176 0.7694444444444445 0.10049019607843138 0.18888888888888888
9.0 0.8333333333333334 0.6972222222222222 0.03431372549019608 0.07777777777777778
1.0 0.8394607843137255 0.6777777777777778 0.02696078431372549 0.05555555555555555
3.0 0.9840686274509803 0.5972222222222222 0.022058823529411766 0.08333333333333333
0.0 0.9791666666666666 0.5958333333333333 0.007352941176470588 0.03611111111111111
0.0 0.9522058823529411 0.6055555555555555 0.012254901960784314 0.05555555555555555
0.0 0.9546568627450981 0.6111111111111112 0.007352941176470588 0.03333333333333333
0.0 0.9571078431372549 0.5375 0.007352941176470588 0.05277777777777778
1.0 0.9644607843137255 0.5875 0.007352941176470588 0.030555555555555555
1.0 0.9693627450980392 0.5791666666666667 0.007352941176470588 0.030555555555555555
1.0 0.9742647058823529 0.5361111111111111 0.007352941176470588 0.03333333333333333
1.0 0.9742647058823529 0.5597222222222222 0.007352941176470588 0.030555555555555555
0.0 0.9730392156862745 0.5611111111111111 0.004901960784313725 0.022222222222222223
0.0 0.9325980392156863 0.40555555555555556 0.007352941176470588 0.044444444444444446
1.0 0.9485294117647058 0.4638888888888889 0.004901960784313725 0.022222222222222223
1.0 0.9571078431372549 0.4527777777777778 0.007352941176470588 0.03888888888888889
0.0 0.9313725490196079 0.35138888888888886 0.00980392156862745 0.03611111111111111
3.0 0.9411764705882353 0.35555555555555557 0.029411764705882353 0.07222222222222222
0.0 0.946078431372549 0.2638888888888889 0.00980392156862745 0.022222222222222223
0.0 0.8848039215686274 0.2111111111111111 0.00980392156862745 0.016666666666666666
0.0 0.8811274509803921 0.20694444444444443 0.012254901960784314 0.025
0.0 0.8357843137254902 0.27361111111111114 0.024509803921568627 0.05277777777777778
4.0 0.7990196078431373 0.20277777777777778 0.06372549019607843 0.07777777777777778
0.0 0.8676470588235294 0.2611111111111111 0.0196078431372549 0.044444444444444446
0.0 0.8860294117647058 0.2861111111111111 0.01715686274509804 0.044444444444444446
0.0 0.9031862745098039 0.2833333333333333 0.01715686274509804 0.044444444444444446
1.0 0.9252450980392157 0.3458333333333333 0.007352941176470588 0.025
0.0 0.9154411764705882 0.325 0.012254901960784314 0.03333333333333333
4.0 0.8982843137254902 0.2708333333333333 0.051470588235294115 0.08055555555555556
6.0 0.8333333333333334 0.20416666666666666 0.029411764705882353 0.041666666666666664
1.0 0.8406862745098039 0.20416666666666666 0.014705882352941176 0.025
1.0 0.8321078431372549 0.19444444444444445 0.01715686274509804 0.027777777777777776
0.0 0.8602941176470589 0.21388888888888888 0.014705882352941176 0.03333333333333333
6.0 0.8112745098039216 0.16666666666666666 0.029411764705882353 0.03888888888888889
4.0 0.7879901960784313 0.11388888888888889 0.051470588235294115 0.044444444444444446
3.0 0.7794117647058824 0.0875 0.049019607843137254 0.03611111111111111
0.0 0.7365196078431373 0.0625 0.012254901960784314 0.013888888888888888
0.0 0.7475490196078431 0.07083333333333333 0.00980392156862745 0.013888888888888888
0.0 0.7524509803921569 0.07361111111111111 0.014705882352941176 0.013888888888888888
0.0 0.7450980392156863 0.09305555555555556 0.014705882352941176 0.019444444444444445
0.0 0.7279411764705882 0.08333333333333333 0.014705882352941176 0.016666666666666666
0.0 0.7389705882352942 0.09166666666666666 0.012254901960784314 0.016666666666666666
0.0 0.7365196078431373 0.0875 0.01715686274509804 0.019444444444444445
3.0 0.5404411764705882 0.04722222222222222 0.03676470588235294 0.016666666666666666
3.0 0.32965686274509803 0.059722222222222225 0.041666666666666664 0.025
3.0 0.39950980392156865 0.10833333333333334 0.06862745098039216 0.05555555555555555
4.0 0.3272058823529412 0.36666666666666664 0.11029411764705882 0.19444444444444445
4.0 0.01715686274509804 0.40694444444444444 0.0196078431372549 0.06388888888888888
9.0 0.02696078431372549 0.3763888888888889 0.00980392156862745 0.030555555555555555
0.0 0.05024509803921569 0.3194444444444444 0.012254901960784314 0.03888888888888889
3.0 0.041666666666666664 0.3375 0.024509803921568627 0.058333333333333334
0.0 0.058823529411764705 0.39444444444444443 0.00980392156862745 0.05
3.0 0.08700980392156862 0.2708333333333333 0.04656862745098039 0.06944444444444445
0.0 0.18872549019607843 0.14027777777777778 0.0196078431372549 0.030555555555555555
3.0 0.17034313725490197 0.14166666666666666 0.051470588235294115 0.044444444444444446
0.0 0.11519607843137254 0.1625 0.00980392156862745 0.019444444444444445
6.0 0.11887254901960784 0.1638888888888889 0.01715686274509804 0.027777777777777776
9.0 0.2769607843137255 0.05694444444444444 0.014705882352941176 0.013888888888888888
1.0 0.27818627450980393 0.05555555555555555 0.012254901960784314 0.011111111111111112
9.0 0.0625 0.2513888888888889 0.012254901960784314 0.025
9.0 0.07230392156862746 0.23333333333333334 0.012254901960784314 0.022222222222222223
0.0 0.06862745098039216 0.23333333333333334 0.00980392156862745 0.022222222222222223
0.0 0.0821078431372549 0.2111111111111111 0.012254901960784314 0.022222222222222223
0.0 0.08946078431372549 0.20416666666666666 0.012254901960784314 0.025
3.0 0.08700980392156862 0.20555555555555555 0.031862745098039214 0.044444444444444446
1.0 0.1053921568627451 0.1736111111111111 0.004901960784313725 0.008333333333333333
1.0 0.1090686274509804 0.17083333333333334 0.007352941176470588 0.008333333333333333
2.0 0.04656862745098039 0.275 0.00980392156862745 0.022222222222222223
9.0 0.031862745098039214 0.3138888888888889 0.00980392156862745 0.022222222222222223
9.0 0.028186274509803922 0.32222222222222224 0.007352941176470588 0.022222222222222223
3.0 0.029411764705882353 0.325 0.00980392156862745 0.022222222222222223
