0.0 0.2709424083769634 0.8265625 0.034031413612565446 0.059375
1.0 0.3102094240837696 0.790625 0.02356020942408377 0.03125
1.0 0.07329842931937172 0.5875 0.005235602094240838 0.01875
0.0 0.031413612565445025 0.63125 0.010471204188481676 0.0375
1.0 0.030104712041884817 0.6234375 0.002617801047120419 0.015625
0.0 0.041884816753926704 0.6609375 0.010471204188481676 0.034375
0.0 0.04450261780104712 0.6484375 0.010471204188481676 0.040625
0.0 0.056282722513089 0.709375 0.013089005235602094 0.04375
0.0 0.051047120418848166 0.6859375 0.007853403141361256 0.021875
0.0 0.051047120418848166 0.6921875 0.002617801047120419 0.015625
0.0 0.0549738219895288 0.69375 0.005235602094240838 0.01875
0.0 0.058900523560209424 0.7078125 0.007853403141361256 0.021875
0.0 0.061518324607329845 0.7078125 0.007853403141361256 0.021875
0.0 0.05759162303664921 0.6859375 0.010471204188481676 0.034375
0.0 0.07198952879581152 0.7078125 0.013089005235602094 0.034375
0.0 0.07591623036649214 0.7015625 0.015706806282722512 0.040625
1.0 0.12172774869109948 0.615625 0.007853403141361256 0.025
1.0 0.12958115183246074 0.615625 0.007853403141361256 0.025
1.0 0.1505235602094241 0.61875 0.013089005235602094 0.03125
0.0 0.18586387434554974 0.8796875 0.02617801047120419 0.046875
0.0 0.5340314136125655 0.9859375 0.020942408376963352 0.015625
0.0 0.5039267015706806 0.9859375 0.01832460732984293 0.021875
2.0 0.35602094240837695 0.828125 0.06806282722513089 0.0375
0.0 0.3023560209424084 0.7265625 0.02356020942408377 0.053125
0.0 0.3599476439790576 0.7296875 0.02356020942408377 0.059375
0.0 0.3992146596858639 0.76875 0.013089005235602094 0.03125
0.0 0.38089005235602097 0.753125 0.02356020942408377 0.05625
0.0 0.38219895287958117 0.7421875 0.020942408376963352 0.053125
0.0 0.38481675392670156 0.725 0.015706806282722512 0.04375
0.0 0.4018324607329843 0.7359375 0.01832460732984293 0.046875
0.0 0.43324607329842935 0.740625 0.028795811518324606 0.05
0.0 0.21465968586387435 0.553125 0.015706806282722512 0.05625
0.0 0.23298429319371727 0.5578125 0.015706806282722512 0.053125
0.0 0.27225130890052357 0.5609375 0.020942408376963352 0.059375
0.0 0.3036649214659686 0.56875 0.02617801047120419 0.05625
0.0 0.36387434554973824 0.5703125 0.02617801047120419 0.059375
0.0 0.450261780104712 0.578125 0.020942408376963352 0.0625
0.0 0.5026178010471204 0.5796875 0.02617801047120419 0.065625
0.0 0.5667539267015707 0.7578125 0.028795811518324606 0.059375
0.0 0.5340314136125655 0.8421875 0.015706806282722512 0.040625
0.0 0.5314136125654451 0.83125 0.020942408376963352 0.05
1.0 0.5405759162303665 0.821875 0.013089005235602094 0.01875
0.0 0.637434554973822 0.7859375 0.02356020942408377 0.053125
0.0 0.6989528795811518 0.8 0.020942408376963352 0.04375
0.0 0.6819371727748691 0.859375 0.028795811518324606 0.05
0.0 0.6950261780104712 0.846875 0.034031413612565446 0.05625
0.0 0.9633507853403142 0.56875 0.005235602094240838 0.0375
0.0 0.9568062827225131 0.5953125 0.007853403141361256 0.040625
0.0 0.9319371727748691 0.6 0.010471204188481676 0.0375
0.0 0.930628272251309 0.5953125 0.007853403141361256 0.034375
0.0 0.8664921465968587 0.5890625 0.015706806282722512 0.046875
0.0 0.9345549738219895 0.79375 0.020942408376963352 0.05
0.0 0.943717277486911 0.7828125 0.01832460732984293 0.040625
0.0 0.7185863874345549 0.8890625 0.034031413612565446 0.053125
0.0 0.7526178010471204 0.7515625 0.01832460732984293 0.040625
0.0 0.7591623036649214 0.7546875 0.015706806282722512 0.040625
1.0 0.743455497382199 0.7984375 0.015706806282722512 0.021875
0.0 0.7722513089005235 0.7484375 0.020942408376963352 0.046875
0.0 0.7735602094240838 0.7734375 0.02356020942408377 0.053125
0.0 0.7761780104712042 0.7578125 0.01832460732984293 0.040625
0.0 0.8089005235602095 0.7078125 0.020942408376963352 0.059375
0.0 0.8219895287958116 0.7 0.015706806282722512 0.0375
0.0 0.831151832460733 0.6828125 0.01832460732984293 0.046875
0.0 0.837696335078534 0.6953125 0.015706806282722512 0.046875
0.0 0.8429319371727748 0.6875 0.015706806282722512 0.05
0.0 0.8599476439790575 0.6875 0.01832460732984293 0.05
0.0 0.7801047120418848 0.8125 0.031413612565445025 0.05625
0.0 0.8298429319371727 0.7671875 0.020942408376963352 0.046875
0.0 0.8337696335078534 0.76875 0.013089005235602094 0.03125
0.0 0.8403141361256544 0.7640625 0.015706806282722512 0.034375
0.0 0.8298429319371727 0.7921875 0.020942408376963352 0.046875
0.0 0.8363874345549738 0.7890625 0.013089005235602094 0.034375
0.0 0.8481675392670157 0.7609375 0.020942408376963352 0.046875
0.0 0.837696335078534 0.7453125 0.015706806282722512 0.034375
0.0 0.8455497382198953 0.7421875 0.020942408376963352 0.040625
0.0 0.856020942408377 0.7390625 0.015706806282722512 0.040625
0.0 0.8691099476439791 0.7 0.015706806282722512 0.04375
0.0 0.8835078534031413 0.7 0.02356020942408377 0.05625
0.0 0.8638743455497382 0.7359375 0.015706806282722512 0.040625
0.0 0.8573298429319371 0.7609375 0.01832460732984293 0.040625
1.0 0.8664921465968587 0.74375 0.010471204188481676 0.025
1.0 0.8691099476439791 0.7390625 0.005235602094240838 0.015625
0.0 0.8979057591623036 0.696875 0.020942408376963352 0.05
0.0 0.8717277486910995 0.7515625 0.020942408376963352 0.046875
0.0 0.8821989528795812 0.7453125 0.015706806282722512 0.040625
0.0 0.8887434554973822 0.7515625 0.01832460732984293 0.046875
0.0 0.8926701570680629 0.7515625 0.020942408376963352 0.046875
1.0 0.8992146596858639 0.7375 0.007853403141361256 0.01875
1.0 0.9397905759162304 0.6484375 0.010471204188481676 0.034375
0.0 0.9319371727748691 0.684375 0.010471204188481676 0.03125
0.0 0.8926701570680629 0.76875 0.020942408376963352 0.05
0.0 0.9109947643979057 0.753125 0.020942408376963352 0.05
0.0 0.9162303664921466 0.725 0.010471204188481676 0.025
0.0 0.9201570680628273 0.740625 0.01832460732984293 0.04375
0.0 0.9175392670157068 0.7546875 0.007853403141361256 0.021875
0.0 0.9280104712041884 0.7140625 0.013089005235602094 0.034375
0.0 0.9293193717277487 0.71875 0.010471204188481676 0.0375
0.0 0.6138743455497382 0.5515625 0.01832460732984293 0.059375
0.0 0.6452879581151832 0.44375 0.013089005235602094 0.05
