3.0 0.3756544502617801 0.0546875 0.013089005235602094 0.009375
3.0 0.3324607329842932 0.06875 0.015706806282722512 0.0125
3.0 0.5143979057591623 0.0859375 0.013089005235602094 0.015625
3.0 0.7774869109947644 0.690625 0.06282722513089005 0.09375
3.0 0.756544502617801 0.346875 0.03664921465968586 0.05
3.0 0.7277486910994765 0.3015625 0.04712041884816754 0.040625
3.0 0.2787958115183246 0.1890625 0.028795811518324606 0.028125
3.0 0.24607329842931938 0.340625 0.03664921465968586 0.05
5.0 0.47643979057591623 0.7921875 0.08900523560209424 0.184375
5.0 0.6727748691099477 0.4703125 0.1256544502617801 0.290625
5.0 0.43324607329842935 0.25625 0.07591623036649214 0.15
5.0 0.5274869109947644 0.1265625 0.060209424083769635 0.059375
8.0 0.5392670157068062 0.1890625 0.05759162303664921 0.065625
3.0 0.5314136125654451 0.0859375 0.015706806282722512 0.009375
3.0 0.5667539267015707 0.1109375 0.01832460732984293 0.009375
3.0 0.5772251308900523 0.1265625 0.01832460732984293 0.015625
3.0 0.606020942408377 0.15 0.028795811518324606 0.01875
3.0 0.6204188481675392 0.1625 0.031413612565445025 0.025
3.0 0.6413612565445026 0.1796875 0.031413612565445025 0.028125
5.0 0.7133507853403142 0.2609375 0.04450261780104712 0.059375
0.0 0.9162303664921466 0.6125 0.005235602094240838 0.025
0.0 0.9227748691099477 0.6125 0.007853403141361256 0.0375
0.0 0.9031413612565445 0.34375 0.005235602094240838 0.025
0.0 0.9083769633507853 0.34375 0.005235602094240838 0.025
1.0 0.28272251308900526 0.7375 0.015706806282722512 0.03125
9.0 0.28272251308900526 0.7453125 0.02617801047120419 0.053125
3.0 0.6780104712041884 0.228125 0.03664921465968586 0.05
3.0 0.4895287958115183 0.0671875 0.020942408376963352 0.009375
3.0 0.39528795811518325 0.08125 0.020942408376963352 0.0125
3.0 0.4306282722513089 0.0609375 0.01832460732984293 0.009375
3.0 0.4738219895287958 0.059375 0.015706806282722512 0.00625
3.0 0.46335078534031415 0.0546875 0.020942408376963352 0.009375
3.0 0.450261780104712 0.0515625 0.020942408376963352 0.009375
3.0 0.443717277486911 0.046875 0.01832460732984293 0.00625
3.0 0.43586387434554974 0.04375 0.01832460732984293 0.00625
8.0 0.40706806282722513 0.0515625 0.028795811518324606 0.015625
1.0 0.32329842931937175 0.390625 0.013089005235602094 0.0375
9.0 0.32329842931937175 0.4046875 0.01832460732984293 0.034375
1.0 0.2709424083769634 0.1125 0.007853403141361256 0.00625
9.0 0.2709424083769634 0.1171875 0.013089005235602094 0.009375
