0.0 0.10294117647058823 0.175 0.014705882352941176 0.022222222222222223
1.0 0.10784313725490197 0.18055555555555555 0.014705882352941176 0.022222222222222223
9.0 0.10661764705882353 0.18472222222222223 0.022058823529411766 0.030555555555555555
1.0 0.10661764705882353 0.1986111111111111 0.01715686274509804 0.030555555555555555
2.0 0.10661764705882353 0.20277777777777778 0.022058823529411766 0.027777777777777776
1.0 0.14705882352941177 0.14166666666666666 0.00980392156862745 0.016666666666666666
1.0 0.14338235294117646 0.14305555555555555 0.012254901960784314 0.019444444444444445
9.0 0.1409313725490196 0.1486111111111111 0.022058823529411766 0.025
0.0 0.11764705882352941 0.8125 0.0392156862745098 0.06388888888888888
0.0 0.13480392156862744 0.8291666666666667 0.03431372549019608 0.05277777777777778
0.0 0.20955882352941177 0.5069444444444444 0.022058823529411766 0.10833333333333334
0.0 0.20098039215686275 0.44722222222222224 0.024509803921568627 0.08333333333333333
1.0 0.17034313725490197 0.13194444444444445 0.012254901960784314 0.019444444444444445
1.0 0.17524509803921567 0.12916666666666668 0.01715686274509804 0.025
9.0 0.16911764705882354 0.1375 0.029411764705882353 0.030555555555555555
4.0 0.20710784313725492 0.12916666666666668 0.09558823529411764 0.08055555555555556
1.0 0.3137254901960784 0.058333333333333334 0.014705882352941176 0.011111111111111112
1.0 0.29901960784313725 0.0625 0.0196078431372549 0.019444444444444445
1.0 0.28431372549019607 0.07083333333333333 0.0196078431372549 0.019444444444444445
7.0 0.2928921568627451 0.07222222222222222 0.061274509803921566 0.03333333333333333
3.0 0.38235294117647056 0.075 0.14215686274509803 0.05555555555555555
3.0 0.5882352941176471 0.058333333333333334 0.1323529411764706 0.044444444444444446
4.0 0.6115196078431373 0.09722222222222222 0.12990196078431374 0.06111111111111111
4.0 0.3541666666666667 0.1111111111111111 0.15931372549019607 0.07777777777777778
3.0 0.5294117647058824 0.14166666666666666 0.20098039215686275 0.06666666666666667
3.0 0.7316176470588235 0.25555555555555554 0.18382352941176472 0.1388888888888889
0.0 0.6752450980392157 0.46805555555555556 0.02696078431372549 0.125
0.0 0.7696078431372549 0.40555555555555556 0.024509803921568627 0.08333333333333333
2.0 0.7303921568627451 0.4152777777777778 0.07352941176470588 0.09722222222222222
0.0 0.8112745098039216 0.4097222222222222 0.0196078431372549 0.075
7.0 0.7781862745098039 0.3736111111111111 0.13480392156862744 0.14722222222222223
0.0 0.3639705882352941 0.4041666666666667 0.041666666666666664 0.11944444444444445
1.0 0.3541666666666667 0.4652777777777778 0.031862745098039214 0.09166666666666666
9.0 0.34191176470588236 0.4986111111111111 0.09558823529411764 0.06944444444444445
5.0 0.5318627450980392 0.3861111111111111 0.3137254901960784 0.18888888888888888
0.0 0.4987745098039216 0.5333333333333333 0.04656862745098039 0.1111111111111111
1.0 0.3872549019607843 0.6833333333333333 0.05392156862745098 0.08333333333333333
9.0 0.39215686274509803 0.7055555555555556 0.09803921568627451 0.07777777777777778
0.0 0.553921568627451 0.7333333333333333 0.03431372549019608 0.09444444444444444
7.0 0.44730392156862747 0.7569444444444444 0.21323529411764705 0.1361111111111111
0.0 0.7083333333333334 0.6708333333333333 0.03431372549019608 0.10833333333333334
7.0 0.7120098039215687 0.6513888888888889 0.1642156862745098 0.14722222222222223
9.0 0.5269607843137255 0.9222222222222223 0.10294117647058823 0.03333333333333333
3.0 0.8823529411764706 0.7 0.11764705882352941 0.16111111111111112
0.0 0.9154411764705882 0.6069444444444444 0.01715686274509804 0.06944444444444445
0.0 0.9215686274509803 0.5847222222222223 0.014705882352941176 0.058333333333333334
1.0 0.9497549019607843 0.5847222222222223 0.012254901960784314 0.03611111111111111
2.0 0.946078431372549 0.6097222222222223 0.024509803921568627 0.05277777777777778
9.0 0.7818627450980392 0.10138888888888889 0.029411764705882353 0.025
3.0 0.7622549019607843 0.14722222222222223 0.11274509803921569 0.08333333333333333
3.0 0.8970588235294118 0.21388888888888888 0.04411764705882353 0.06111111111111111
0.0 0.8455882352941176 0.3638888888888889 0.024509803921568627 0.08333333333333333
7.0 0.875 0.3875 0.06372549019607843 0.08611111111111111
0.0 0.9387254901960784 0.4361111111111111 0.00980392156862745 0.06111111111111111
0.0 0.9313725490196079 0.39861111111111114 0.00980392156862745 0.04722222222222222
1.0 0.9754901960784313 0.5208333333333334 0.004901960784313725 0.025
0.0 0.9840686274509803 0.5277777777777778 0.0024509803921568627 0.044444444444444446
7.0 0.9865196078431373 0.55 0.01715686274509804 0.05
0.0 0.946078431372549 0.4305555555555556 0.00980392156862745 0.05
0.0 0.9485294117647058 0.42777777777777776 0.00980392156862745 0.05555555555555555
0.0 0.9571078431372549 0.45416666666666666 0.007352941176470588 0.05277777777777778
0.0 0.9607843137254902 0.45555555555555555 0.004901960784313725 0.05
4.0 0.9791666666666666 0.425 0.02696078431372549 0.06666666666666667
3.0 0.9375 0.2986111111111111 0.041666666666666664 0.075
3.0 0.9901960784313726 0.43333333333333335 0.00980392156862745 0.05
3.0 0.8615196078431373 0.1388888888888889 0.041666666666666664 0.03888888888888889
3.0 0.6041666666666666 0.016666666666666666 0.08088235294117647 0.027777777777777776
