1.0 0.058823529411764705 0.24166666666666667 0.029411764705882353 0.06111111111111111
0.0 0.03676470588235294 0.32916666666666666 0.029411764705882353 0.08611111111111111
0.0 0.030637254901960783 0.41944444444444445 0.01715686274509804 0.08333333333333333
0.0 0.09681372549019608 0.30416666666666664 0.04656862745098039 0.10277777777777777
0.0 0.125 0.8027777777777778 0.058823529411764705 0.08888888888888889
0.0 0.13480392156862744 0.7944444444444444 0.058823529411764705 0.08888888888888889
0.0 0.15808823529411764 0.8125 0.061274509803921566 0.08611111111111111
0.0 0.19117647058823528 0.8388888888888889 0.06372549019607843 0.08333333333333333
5.0 0.2916666666666667 0.35694444444444445 0.43137254901960786 0.6194444444444445
5.0 0.4742647058823529 0.6486111111111111 0.6691176470588235 0.5638888888888889
5.0 0.6299019607843137 0.7944444444444444 0.5980392156862745 0.3888888888888889
5.0 0.7745098039215687 0.09861111111111111 0.16176470588235295 0.125
5.0 0.8406862745098039 0.8208333333333333 0.21568627450980393 0.24722222222222223
0.0 0.25245098039215685 0.9319444444444445 0.05392156862745098 0.03611111111111111
