0.0 0.8661971830985915 0.8038461538461539 0.028169014084507043 0.04871794871794872
3.0 0.9929577464788732 0.4551282051282051 0.004694835680751174 0.023076923076923078
5.0 0.9788732394366197 0.3871794871794872 0.009389671361502348 0.020512820512820513
1.0 0.863849765258216 0.3333333333333333 0.014084507042253521 0.035897435897435895
4.0 0.8485915492957746 0.3230769230769231 0.04929577464788732 0.06153846153846154
0.0 0.7863849765258216 0.2743589743589744 0.014084507042253521 0.03076923076923077
0.0 0.8039906103286385 0.28846153846153844 0.01643192488262911 0.038461538461538464
2.0 0.647887323943662 0.22179487179487178 0.023474178403755867 0.028205128205128206
4.0 0.7805164319248826 0.2846153846153846 0.06807511737089202 0.07179487179487179
1.0 0.6924882629107981 0.3717948717948718 0.023474178403755867 0.05128205128205128
9.0 0.6924882629107981 0.38461538461538464 0.023474178403755867 0.05641025641025641
1.0 0.6654929577464789 0.2512820512820513 0.02112676056338028 0.03076923076923077
2.0 0.6690140845070423 0.258974358974359 0.028169014084507043 0.02564102564102564
3.0 0.7089201877934272 0.2782051282051282 0.10328638497652583 0.0641025641025641
3.0 0.4518779342723005 0.9807692307692307 0.11032863849765258 0.03333333333333333
5.0 0.25938967136150237 0.8615384615384616 0.15258215962441316 0.14358974358974358
3.0 0.16901408450704225 0.8128205128205128 0.09389671361502347 0.11794871794871795
3.0 0.4225352112676056 0.8294871794871795 0.11267605633802817 0.07948717948717948
1.0 0.06103286384976526 0.6551282051282051 0.014084507042253521 0.038461538461538464
0.0 0.06807511737089202 0.5615384615384615 0.009389671361502348 0.046153846153846156
3.0 0.12910798122065728 0.6564102564102564 0.056338028169014086 0.11282051282051282
3.0 0.5586854460093896 0.6961538461538461 0.11267605633802817 0.1
3.0 0.5258215962441315 0.5282051282051282 0.10328638497652583 0.09743589743589744
3.0 0.5422535211267606 0.3217948717948718 0.07511737089201878 0.0641025641025641
0.0 0.7852112676056338 0.4564102564102564 0.01643192488262911 0.06666666666666667
0.0 0.7734741784037559 0.43333333333333335 0.011737089201877934 0.06666666666666667
0.0 0.7687793427230047 0.4282051282051282 0.01643192488262911 0.06666666666666667
0.0 0.7640845070422535 0.4153846153846154 0.01643192488262911 0.06666666666666667
3.0 0.4788732394366197 0.24615384615384617 0.056338028169014086 0.035897435897435895
3.0 0.18896713615023475 0.358974358974359 0.03990610328638498 0.06153846153846154
3.0 0.19248826291079812 0.258974358974359 0.051643192488262914 0.046153846153846156
3.0 0.4624413145539906 0.18974358974358974 0.04225352112676056 0.02564102564102564
3.0 0.022300469483568074 0.38333333333333336 0.007042253521126761 0.017948717948717947
3.0 0.014084507042253521 0.41025641025641024 0.009389671361502348 0.020512820512820513
3.0 0.009389671361502348 0.3974358974358974 0.004694835680751174 0.015384615384615385
3.0 0.011737089201877934 0.3935897435897436 0.004694835680751174 0.01282051282051282
4.0 0.011737089201877934 0.391025641025641 0.004694835680751174 0.017948717948717947
4.0 0.018779342723004695 0.367948717948718 0.004694835680751174 0.01282051282051282
4.0 0.014084507042253521 0.37948717948717947 0.004694835680751174 0.015384615384615385
0.0 0.015258215962441314 0.382051282051282 0.002347417840375587 0.010256410256410256
3.0 0.012910798122065728 0.38846153846153847 0.007042253521126761 0.017948717948717947
3.0 0.014084507042253521 0.3858974358974359 0.004694835680751174 0.01282051282051282
3.0 0.015258215962441314 0.38333333333333336 0.007042253521126761 0.01282051282051282
4.0 0.017605633802816902 0.37948717948717947 0.007042253521126761 0.015384615384615385
3.0 0.018779342723004695 0.367948717948718 0.004694835680751174 0.01282051282051282
3.0 0.022300469483568074 0.3641025641025641 0.002347417840375587 0.010256410256410256
4.0 0.02112676056338028 0.36923076923076925 0.004694835680751174 0.015384615384615385
3.0 0.025821596244131457 0.36025641025641025 0.004694835680751174 0.01282051282051282
5.0 0.029342723004694836 0.3525641025641026 0.007042253521126761 0.017948717948717947
4.0 0.035211267605633804 0.3435897435897436 0.009389671361502348 0.020512820512820513
5.0 0.03873239436619718 0.3384615384615385 0.011737089201877934 0.02564102564102564
4.0 0.035211267605633804 0.35512820512820514 0.009389671361502348 0.023076923076923078
3.0 0.3215962441314554 0.23076923076923078 0.046948356807511735 0.041025641025641026
5.0 0.23708920187793428 0.2858974358974359 0.046948356807511735 0.05897435897435897
5.0 0.24882629107981222 0.23974358974358975 0.06572769953051644 0.07948717948717948
3.0 0.2687793427230047 0.2128205128205128 0.03051643192488263 0.03076923076923077
3.0 0.3039906103286385 0.21025641025641026 0.03990610328638498 0.035897435897435895
3.0 0.3873239436619718 0.18846153846153846 0.03755868544600939 0.028205128205128206
3.0 0.3368544600938967 0.1794871794871795 0.035211267605633804 0.02564102564102564
3.0 0.3908450704225352 0.15 0.03051643192488263 0.017948717948717947
3.0 0.24061032863849766 0.2012820512820513 0.025821596244131457 0.023076923076923078
1.0 0.2605633802816901 0.1935897435897436 0.014084507042253521 0.017948717948717947
9.0 0.25938967136150237 0.19615384615384615 0.011737089201877934 0.01282051282051282
3.0 0.2981220657276995 0.1782051282051282 0.028169014084507043 0.023076923076923078
3.0 0.43896713615023475 0.1358974358974359 0.028169014084507043 0.015384615384615385
8.0 0.45892018779342725 0.14871794871794872 0.0539906103286385 0.041025641025641026
3.0 0.4025821596244131 0.1294871794871795 0.025821596244131457 0.01282051282051282
3.0 0.4084507042253521 0.1076923076923077 0.018779342723004695 0.010256410256410256
3.0 0.43427230046948356 0.10897435897435898 0.018779342723004695 0.007692307692307693
5.0 0.43661971830985913 0.11794871794871795 0.028169014084507043 0.020512820512820513
3.0 0.3075117370892019 0.16025641025641027 0.028169014084507043 0.023076923076923078
3.0 0.31220657276995306 0.14871794871794872 0.023474178403755867 0.015384615384615385
4.0 0.3215962441314554 0.1358974358974359 0.018779342723004695 0.015384615384615385
4.0 0.357981220657277 0.14358974358974358 0.025821596244131457 0.020512820512820513
3.0 0.3591549295774648 0.1346153846153846 0.023474178403755867 0.01282051282051282
3.0 0.33215962441314556 0.11794871794871795 0.01643192488262911 0.010256410256410256
4.0 0.3368544600938967 0.12435897435897436 0.02112676056338028 0.017948717948717947
3.0 0.3474178403755869 0.11923076923076924 0.018779342723004695 0.01282051282051282
4.0 0.3720657276995305 0.11794871794871795 0.02112676056338028 0.015384615384615385
3.0 0.3744131455399061 0.11282051282051282 0.01643192488262911 0.010256410256410256
3.0 0.352112676056338 0.11025641025641025 0.014084507042253521 0.010256410256410256
3.0 0.3591549295774648 0.1064102564102564 0.014084507042253521 0.007692307692307693
5.0 0.3767605633802817 0.10512820512820513 0.02112676056338028 0.015384615384615385
3.0 0.38028169014084506 0.10384615384615385 0.014084507042253521 0.007692307692307693
5.0 0.3591549295774648 0.09615384615384616 0.014084507042253521 0.007692307692307693
3.0 0.3673708920187793 0.09615384615384616 0.011737089201877934 0.007692307692307693
3.0 0.3732394366197183 0.09230769230769231 0.009389671361502348 0.005128205128205128
5.0 0.3626760563380282 0.10128205128205128 0.01643192488262911 0.01282051282051282
5.0 0.38497652582159625 0.09615384615384616 0.014084507042253521 0.007692307692307693
4.0 0.38028169014084506 0.09615384615384616 0.009389671361502348 0.007692307692307693
3.0 0.3884976525821596 0.09230769230769231 0.011737089201877934 0.005128205128205128
4.0 0.38967136150234744 0.08846153846153847 0.009389671361502348 0.007692307692307693
3.0 0.4284037558685446 0.08717948717948718 0.011737089201877934 0.005128205128205128
3.0 0.4295774647887324 0.08205128205128205 0.009389671361502348 0.005128205128205128
3.0 0.4084507042253521 0.08717948717948718 0.009389671361502348 0.005128205128205128
5.0 0.4072769953051643 0.0858974358974359 0.011737089201877934 0.007692307692307693
3.0 0.12793427230046947 0.28076923076923077 0.03051643192488263 0.038461538461538464
