5.0 0.2591623036649215 0.6921875 0.3089005235602094 0.596875
3.0 0.3769633507853403 0.753125 0.1099476439790576 0.18125
3.0 0.5340314136125655 0.396875 0.08900523560209424 0.1625
7.0 0.4306282722513089 0.390625 0.07068062827225131 0.11875
5.0 0.4489528795811518 0.209375 0.0968586387434555 0.2
3.0 0.3180628272251309 0.2046875 0.10732984293193717 0.078125
4.0 0.28664921465968585 0.1375 0.049738219895287955 0.05
5.0 0.518324607329843 0.01875 0.03664921465968586 0.025
3.0 0.6989528795811518 0.0734375 0.06806282722513089 0.040625
0.0 0.8507853403141361 0.353125 0.015706806282722512 0.04375
5.0 0.6727748691099477 0.0984375 0.09424083769633508 0.059375
5.0 0.6780104712041884 0.1171875 0.10471204188481675 0.065625
6.0 0.2094240837696335 0.20625 0.03664921465968586 0.05
3.0 0.2486910994764398 0.1578125 0.041884816753926704 0.053125
6.0 0.4175392670157068 0.084375 0.01832460732984293 0.025
1.0 0.38481675392670156 0.5578125 0.03664921465968586 0.065625
9.0 0.38350785340314136 0.56875 0.028795811518324606 0.10625
1.0 0.506544502617801 0.125 0.013089005235602094 0.025
9.0 0.506544502617801 0.13125 0.013089005235602094 0.025
6.0 0.5654450261780105 0.0421875 0.020942408376963352 0.021875
