4.0 0.15931372549019607 0.8166666666666667 0.0784313725490196 0.11666666666666667
3.0 0.5735294117647058 0.9236111111111112 0.08333333333333333 0.06944444444444445
3.0 0.6887254901960784 0.9111111111111111 0.08333333333333333 0.08333333333333333
3.0 0.2708333333333333 0.8055555555555556 0.10049019607843138 0.12222222222222222
8.0 0.7254901960784313 0.7444444444444445 0.14215686274509803 0.25555555555555554
3.0 0.7438725490196079 0.6166666666666667 0.056372549019607844 0.08333333333333333
3.0 0.633578431372549 0.6888888888888889 0.0857843137254902 0.12222222222222222
3.0 0.5992647058823529 0.5138888888888888 0.07107843137254902 0.10555555555555556
1.0 0.3333333333333333 0.6736111111111112 0.029411764705882353 0.041666666666666664
6.0 0.33700980392156865 0.6902777777777778 0.03676470588235294 0.075
3.0 0.26715686274509803 0.5333333333333333 0.058823529411764705 0.13333333333333333
8.0 0.40441176470588236 0.33611111111111114 0.11764705882352941 0.24444444444444444
3.0 0.23161764705882354 0.2388888888888889 0.04656862745098039 0.06111111111111111
3.0 0.2928921568627451 0.19583333333333333 0.04656862745098039 0.04722222222222222
3.0 0.42769607843137253 0.1597222222222222 0.051470588235294115 0.05277777777777778
0.0 0.5759803921568627 0.25416666666666665 0.014705882352941176 0.041666666666666664
0.0 0.6029411764705882 0.26666666666666666 0.0196078431372549 0.044444444444444446
0.0 0.6372549019607843 0.27361111111111114 0.0196078431372549 0.03611111111111111
0.0 0.6409313725490197 0.26805555555555555 0.022058823529411766 0.041666666666666664
3.0 0.5575980392156863 0.21388888888888888 0.11519607843137254 0.06666666666666667
3.0 0.5245098039215687 0.15694444444444444 0.06862745098039216 0.041666666666666664
3.0 0.4889705882352941 0.09027777777777778 0.031862745098039214 0.019444444444444445
4.0 0.6017156862745098 0.12638888888888888 0.041666666666666664 0.03611111111111111
3.0 0.47549019607843135 0.0625 0.029411764705882353 0.019444444444444445
3.0 0.4840686274509804 0.04583333333333333 0.022058823529411766 0.013888888888888888
4.0 0.5196078431372549 0.044444444444444446 0.024509803921568627 0.016666666666666666
3.0 0.5404411764705882 0.03888888888888889 0.022058823529411766 0.011111111111111112
3.0 0.4791666666666667 0.027777777777777776 0.022058823529411766 0.011111111111111112
3.0 0.4840686274509804 0.015277777777777777 0.022058823529411766 0.008333333333333333
3.0 0.5257352941176471 0.008333333333333333 0.01715686274509804 0.005555555555555556
4.0 0.4889705882352941 0.004166666666666667 0.01715686274509804 0.008333333333333333
1.0 0.4227941176470588 0.034722222222222224 0.007352941176470588 0.008333333333333333
9.0 0.42034313725490197 0.0375 0.012254901960784314 0.008333333333333333
3.0 0.625 0.08472222222222223 0.04411764705882353 0.025
3.0 0.6556372549019608 0.10833333333333334 0.03676470588235294 0.027777777777777776
3.0 0.5784313725490197 0.034722222222222224 0.024509803921568627 0.013888888888888888
3.0 0.5686274509803921 0.016666666666666666 0.0196078431372549 0.011111111111111112
3.0 0.5723039215686274 0.009722222222222222 0.01715686274509804 0.008333333333333333
0.0 0.5575980392156863 0.005555555555555556 0.007352941176470588 0.005555555555555556
3.0 0.7181372549019608 0.11944444444444445 0.058823529411764705 0.03888888888888889
3.0 0.7218137254901961 0.1125 0.04656862745098039 0.030555555555555555
3.0 0.6948529411764706 0.09166666666666666 0.04656862745098039 0.027777777777777776
3.0 0.6875 0.08333333333333333 0.056372549019607844 0.027777777777777776
4.0 0.6838235294117647 0.075 0.05392156862745098 0.027777777777777776
3.0 0.6740196078431373 0.06527777777777778 0.049019607843137254 0.025
3.0 0.6642156862745098 0.05694444444444444 0.0392156862745098 0.019444444444444445
3.0 0.6605392156862745 0.05277777777777778 0.04656862745098039 0.022222222222222223
3.0 0.6495098039215687 0.043055555555555555 0.04411764705882353 0.019444444444444445
3.0 0.633578431372549 0.030555555555555555 0.041666666666666664 0.016666666666666666
3.0 0.6299019607843137 0.02638888888888889 0.0392156862745098 0.013888888888888888
3.0 0.6139705882352942 0.018055555555555554 0.03676470588235294 0.013888888888888888
3.0 0.6090686274509803 0.013888888888888888 0.031862745098039214 0.011111111111111112
0.0 0.678921568627451 0.0375 0.00980392156862745 0.008333333333333333
3.0 0.6850490196078431 0.0375 0.03676470588235294 0.019444444444444445
0.0 0.6825980392156863 0.05 0.012254901960784314 0.011111111111111112
3.0 0.7426470588235294 0.09027777777777778 0.0392156862745098 0.030555555555555555
1.0 0.7806372549019608 0.11805555555555555 0.007352941176470588 0.008333333333333333
3.0 0.7340686274509803 0.1527777777777778 0.0661764705882353 0.044444444444444446
3.0 0.7377450980392157 0.16805555555555557 0.06862745098039216 0.04722222222222222
3.0 0.9142156862745098 0.35555555555555557 0.029411764705882353 0.05
3.0 0.9473039215686274 0.39166666666666666 0.01715686274509804 0.044444444444444446
3.0 0.9656862745098039 0.4597222222222222 0.014705882352941176 0.05277777777777778
4.0 0.9779411764705882 0.5277777777777778 0.00980392156862745 0.06666666666666667
3.0 0.9816176470588235 0.6041666666666666 0.022058823529411766 0.075
3.0 0.9877450980392157 0.45694444444444443 0.00980392156862745 0.041666666666666664
3.0 0.991421568627451 0.4527777777777778 0.007352941176470588 0.044444444444444446
3.0 0.9656862745098039 0.3902777777777778 0.0196078431372549 0.03611111111111111
5.0 0.9509803921568627 0.3347222222222222 0.029411764705882353 0.058333333333333334
3.0 0.9276960784313726 0.2972222222222222 0.01715686274509804 0.03888888888888889
3.0 0.9350490196078431 0.30277777777777776 0.01715686274509804 0.03333333333333333
3.0 0.9411764705882353 0.30833333333333335 0.014705882352941176 0.03333333333333333
3.0 0.9497549019607843 0.31666666666666665 0.01715686274509804 0.03888888888888889
3.0 0.9571078431372549 0.3236111111111111 0.012254901960784314 0.030555555555555555
3.0 0.9632352941176471 0.33194444444444443 0.014705882352941176 0.03611111111111111
3.0 0.9767156862745098 0.3541666666666667 0.012254901960784314 0.030555555555555555
3.0 0.9718137254901961 0.3375 0.012254901960784314 0.030555555555555555
3.0 0.9767156862745098 0.34305555555555556 0.012254901960784314 0.030555555555555555
