9.0 0.09816753926701571 0.80625 0.028795811518324606 0.05
9.0 0.4410994764397906 0.5921875 0.03926701570680628 0.053125
9.0 0.4895287958115183 0.578125 0.04712041884816754 0.05625
9.0 0.15575916230366493 0.6109375 0.02356020942408377 0.053125
9.0 0.33507853403141363 0.5109375 0.06282722513089005 0.046875
9.0 0.25654450261780104 0.475 0.03664921465968586 0.04375
9.0 0.5916230366492147 0.325 0.010471204188481676 0.03125
9.0 0.6073298429319371 0.2828125 0.010471204188481676 0.028125
9.0 0.574607329842932 0.2359375 0.013089005235602094 0.021875
9.0 0.5418848167539267 0.225 0.010471204188481676 0.01875
9.0 0.518324607329843 0.2234375 0.010471204188481676 0.021875
9.0 0.2683246073298429 0.315625 0.013089005235602094 0.03125
9.0 0.24214659685863874 0.31875 0.013089005235602094 0.025
9.0 0.2879581151832461 0.29375 0.010471204188481676 0.025
9.0 0.3416230366492147 0.2265625 0.013089005235602094 0.015625
9.0 0.31544502617801046 0.234375 0.007853403141361256 0.01875
9.0 0.337696335078534 0.203125 0.010471204188481676 0.0125
9.0 0.42277486910994766 0.1640625 0.007853403141361256 0.009375
9.0 0.43324607329842935 0.15625 0.002617801047120419 0.0125
9.0 0.569371727748691 0.190625 0.007853403141361256 0.0125
9.0 0.5392670157068062 0.1890625 0.010471204188481676 0.015625
9.0 0.5575916230366492 0.16875 0.015706806282722512 0.0125
9.0 0.5301047120418848 0.159375 0.007853403141361256 0.0125
2.0 0.7473821989528796 0.8171875 0.034031413612565446 0.053125
1.0 0.09293193717277487 0.7875 0.02356020942408377 0.05
1.0 0.1531413612565445 0.5953125 0.01832460732984293 0.046875
1.0 0.33507853403141363 0.496875 0.02617801047120419 0.05625
1.0 0.4410994764397906 0.56875 0.028795811518324606 0.0625
1.0 0.4882198952879581 0.5578125 0.02356020942408377 0.059375
1.0 0.25785340314136124 0.459375 0.01832460732984293 0.05
1.0 0.5929319371727748 0.3109375 0.013089005235602094 0.028125
1.0 0.6073298429319371 0.2765625 0.010471204188481676 0.028125
1.0 0.2683246073298429 0.309375 0.013089005235602094 0.03125
1.0 0.24345549738219896 0.315625 0.015706806282722512 0.03125
1.0 0.2879581151832461 0.2859375 0.010471204188481676 0.021875
1.0 0.5719895287958116 0.2296875 0.007853403141361256 0.021875
1.0 0.5431937172774869 0.2234375 0.007853403141361256 0.015625
1.0 0.5445026178010471 0.2171875 0.010471204188481676 0.015625
1.0 0.5196335078534031 0.2203125 0.007853403141361256 0.021875
1.0 0.5667539267015707 0.1859375 0.007853403141361256 0.015625
1.0 0.5392670157068062 0.1859375 0.005235602094240838 0.015625
1.0 0.5301047120418848 0.159375 0.002617801047120419 0.0125
1.0 0.3416230366492147 0.2203125 0.013089005235602094 0.015625
1.0 0.31675392670157065 0.2296875 0.010471204188481676 0.021875
1.0 0.3390052356020942 0.1984375 0.007853403141361256 0.015625
1.0 0.42277486910994766 0.1625 0.007853403141361256 0.0125
1.0 0.43324607329842935 0.1546875 0.007853403141361256 0.009375
4.0 0.23036649214659685 0.7828125 0.1256544502617801 0.190625
3.0 0.7028795811518325 0.5578125 0.07591623036649214 0.090625
7.0 0.6662303664921466 0.434375 0.0549738219895288 0.06875
3.0 0.21727748691099477 0.4 0.05759162303664921 0.075
3.0 0.3586387434554974 0.315625 0.04712041884816754 0.05
3.0 0.3743455497382199 0.26875 0.03664921465968586 0.0375
3.0 0.3390052356020942 0.259375 0.034031413612565446 0.0375
3.0 0.4005235602094241 0.2359375 0.03664921465968586 0.034375
4.0 0.112565445026178 0.396875 0.03664921465968586 0.0625
4.0 0.09293193717277487 0.3921875 0.02356020942408377 0.046875
3.0 0.051047120418848166 0.3609375 0.01832460732984293 0.028125
3.0 0.07722513089005235 0.340625 0.02356020942408377 0.03125
0.0 0.10732984293193717 0.45 0.010471204188481676 0.04375
0.0 0.12958115183246074 0.3921875 0.007853403141361256 0.040625
9.0 0.08638743455497382 0.521875 0.010471204188481676 0.0375
1.0 0.0824607329842932 0.5234375 0.002617801047120419 0.028125
1.0 0.08507853403141362 0.5125 0.007853403141361256 0.03125
9.0 0.08769633507853403 0.4984375 0.013089005235602094 0.028125
1.0 0.08769633507853403 0.4859375 0.007853403141361256 0.034375
2.0 0.17146596858638743 0.39375 0.013089005235602094 0.03125
1.0 0.17277486910994763 0.384375 0.010471204188481676 0.0375
0.0 0.14528795811518325 0.3671875 0.007853403141361256 0.034375
1.0 0.7539267015706806 0.8 0.03664921465968586 0.05625
4.0 0.13481675392670156 0.365625 0.01832460732984293 0.05
4.0 0.1518324607329843 0.3421875 0.020942408376963352 0.046875
3.0 0.6099476439790575 0.196875 0.031413612565445025 0.03125
8.0 0.4083769633507853 0.1515625 0.031413612565445025 0.028125
4.0 0.47774869109947643 0.1296875 0.01832460732984293 0.015625
4.0 0.3743455497382199 0.1578125 0.020942408376963352 0.021875
4.0 0.38612565445026176 0.146875 0.01832460732984293 0.01875
8.0 0.4816753926701571 0.09375 0.010471204188481676 0.00625
3.0 0.46465968586387435 0.0953125 0.007853403141361256 0.003125
1.0 0.19764397905759162 0.3203125 0.013089005235602094 0.028125
9.0 0.19764397905759162 0.3265625 0.013089005235602094 0.028125
4.0 0.12827225130890052 0.3375 0.031413612565445025 0.05625
4.0 0.16753926701570682 0.315625 0.05759162303664921 0.0625
