3.0 0.4852941176470588 0.8375 0.06862745098039216 0.075
3.0 0.37254901960784315 0.8694444444444445 0.06862745098039216 0.07222222222222222
3.0 0.17647058823529413 0.5777777777777777 0.029411764705882353 0.08333333333333333
3.0 0.25245098039215685 0.3680555555555556 0.0392156862745098 0.08055555555555556
3.0 0.38848039215686275 0.11944444444444445 0.031862745098039214 0.027777777777777776
3.0 0.33455882352941174 0.10694444444444444 0.03676470588235294 0.030555555555555555
3.0 0.35784313725490197 0.06944444444444445 0.029411764705882353 0.022222222222222223
3.0 0.696078431372549 0.30416666666666664 0.049019607843137254 0.075
3.0 0.758578431372549 0.6680555555555555 0.061274509803921566 0.10277777777777777
3.0 0.7475490196078431 0.5027777777777778 0.04411764705882353 0.10555555555555556
3.0 0.8259803921568627 0.5986111111111111 0.06372549019607843 0.058333333333333334
3.0 0.7524509803921569 0.2652777777777778 0.07352941176470588 0.058333333333333334
3.0 0.08823529411764706 0.7027777777777777 0.03431372549019608 0.07777777777777778
3.0 0.0857843137254902 0.48333333333333334 0.0196078431372549 0.06111111111111111
3.0 0.09681372549019608 0.41388888888888886 0.022058823529411766 0.06111111111111111
3.0 0.15196078431372548 0.25416666666666665 0.029411764705882353 0.04722222222222222
3.0 0.4178921568627451 0.02638888888888889 0.01715686274509804 0.008333333333333333
3.0 0.3860294117647059 0.029166666666666667 0.022058823529411766 0.013888888888888888
3.0 0.39828431372549017 0.0125 0.01715686274509804 0.008333333333333333
3.0 0.2977941176470588 0.043055555555555555 0.01715686274509804 0.013888888888888888
3.0 0.25612745098039214 0.08611111111111111 0.01715686274509804 0.016666666666666666
3.0 0.2647058823529412 0.075 0.0196078431372549 0.016666666666666666
4.0 0.28921568627450983 0.05138888888888889 0.0196078431372549 0.013888888888888888
3.0 0.1409313725490196 0.21666666666666667 0.031862745098039214 0.03333333333333333
3.0 0.13112745098039216 0.23333333333333334 0.03676470588235294 0.044444444444444446
3.0 0.125 0.25 0.0392156862745098 0.044444444444444446
3.0 0.11151960784313726 0.2722222222222222 0.031862745098039214 0.044444444444444446
3.0 0.10294117647058823 0.28888888888888886 0.029411764705882353 0.03888888888888889
3.0 0.08333333333333333 0.35694444444444445 0.029411764705882353 0.04722222222222222
3.0 0.07230392156862746 0.38472222222222224 0.02696078431372549 0.041666666666666664
9.0 0.07475490196078431 0.4013888888888889 0.012254901960784314 0.019444444444444445
3.0 0.05759803921568627 0.49583333333333335 0.022058823529411766 0.041666666666666664
3.0 0.05392156862745098 0.5375 0.024509803921568627 0.04722222222222222
3.0 0.0661764705882353 0.6305555555555555 0.024509803921568627 0.07222222222222222
3.0 0.05024509803921569 0.6444444444444445 0.02696078431372549 0.06111111111111111
3.0 0.05024509803921569 0.6722222222222223 0.02696078431372549 0.06111111111111111
3.0 0.05514705882352941 0.7027777777777777 0.031862745098039214 0.05555555555555555
3.0 0.06862745098039216 0.7402777777777778 0.0392156862745098 0.06388888888888888
0.0 0.051470588235294115 0.7375 0.00980392156862745 0.025
3.0 0.007352941176470588 0.5375 0.00980392156862745 0.030555555555555555
3.0 0.007352941176470588 0.5166666666666667 0.00980392156862745 0.027777777777777776
3.0 0.00980392156862745 0.49444444444444446 0.00980392156862745 0.027777777777777776
3.0 0.011029411764705883 0.4736111111111111 0.012254901960784314 0.025
4.0 0.013480392156862746 0.45555555555555555 0.012254901960784314 0.03333333333333333
3.0 0.01715686274509804 0.4388888888888889 0.00980392156862745 0.027777777777777776
3.0 0.020833333333333332 0.41805555555555557 0.012254901960784314 0.030555555555555555
3.0 0.025735294117647058 0.4041666666666667 0.012254901960784314 0.030555555555555555
3.0 0.028186274509803922 0.3888888888888889 0.01715686274509804 0.03333333333333333
3.0 0.03431372549019608 0.36666666666666664 0.014705882352941176 0.03333333333333333
3.0 0.0392156862745098 0.3486111111111111 0.014705882352941176 0.030555555555555555
0.0 0.1801470588235294 0.1527777777777778 0.012254901960784314 0.016666666666666666
0.0 0.17524509803921567 0.15833333333333333 0.007352941176470588 0.011111111111111112
0.0 0.23774509803921567 0.1 0.00980392156862745 0.011111111111111112
0.0 0.32230392156862747 0.06111111111111111 0.007352941176470588 0.011111111111111112
0.0 0.25 0.15694444444444444 0.014705882352941176 0.019444444444444445
9.0 0.24877450980392157 0.1625 0.012254901960784314 0.013888888888888888
9.0 0.32107843137254904 0.0625 0.00980392156862745 0.008333333333333333
0.0 0.03676470588235294 0.42916666666666664 0.004901960784313725 0.025
0.0 0.03308823529411765 0.4125 0.0024509803921568627 0.019444444444444445
2.0 0.03308823529411765 0.4166666666666667 0.0024509803921568627 0.016666666666666666
9.0 0.05514705882352941 0.31805555555555554 0.007352941176470588 0.013888888888888888
0.0 0.46691176470588236 0.0763888888888889 0.007352941176470588 0.008333333333333333
0.0 0.4840686274509804 0.0763888888888889 0.007352941176470588 0.008333333333333333
9.0 0.46691176470588236 0.08055555555555556 0.012254901960784314 0.005555555555555556
9.0 0.4840686274509804 0.08055555555555556 0.012254901960784314 0.005555555555555556
0.0 0.5330882352941176 0.07222222222222222 0.007352941176470588 0.011111111111111112
0.0 0.5784313725490197 0.1625 0.014705882352941176 0.019444444444444445
9.0 0.5796568627450981 0.16805555555555557 0.01715686274509804 0.019444444444444445
1.0 0.051470588235294115 0.4222222222222222 0.004901960784313725 0.022222222222222223
0.0 0.11151960784313726 0.4583333333333333 0.007352941176470588 0.022222222222222223
9.0 0.11151960784313726 0.46944444444444444 0.007352941176470588 0.027777777777777776
0.0 0.0784313725490196 0.5458333333333333 0.004901960784313725 0.030555555555555555
0.0 0.07598039215686274 0.5291666666666667 0.004901960784313725 0.025
0.0 0.09681372549019608 0.6958333333333333 0.012254901960784314 0.030555555555555555
0.0 0.11519607843137254 0.7694444444444445 0.014705882352941176 0.027777777777777776
0.0 0.11274509803921569 0.7763888888888889 0.014705882352941176 0.025
0.0 0.10416666666666667 0.7708333333333334 0.012254901960784314 0.025
0.0 0.1090686274509804 0.7833333333333333 0.012254901960784314 0.022222222222222223
0.0 0.11642156862745098 0.7916666666666666 0.01715686274509804 0.03333333333333333
0.0 0.12745098039215685 0.8333333333333334 0.014705882352941176 0.022222222222222223
2.0 0.13357843137254902 0.8430555555555556 0.01715686274509804 0.025
0.0 0.1556372549019608 0.8680555555555556 0.022058823529411766 0.030555555555555555
6.0 0.07965686274509803 0.7833333333333333 0.02696078431372549 0.03888888888888889
8.0 0.4522058823529412 0.4444444444444444 0.1053921568627451 0.25555555555555554
