3.0 0.5281862745098039 0.775 0.13480392156862744 0.17777777777777778
3.0 0.5649509803921569 0.3 0.10049019607843138 0.15555555555555556
3.0 0.11029411764705882 0.39444444444444443 0.06862745098039216 0.1111111111111111
3.0 0.2536764705882353 0.18194444444444444 0.07107843137254902 0.08611111111111111
3.0 0.25980392156862747 0.2375 0.14705882352941177 0.14166666666666666
0.0 0.28431372549019607 0.23194444444444445 0.029411764705882353 0.06944444444444445
3.0 0.42769607843137253 0.11805555555555555 0.07107843137254902 0.058333333333333334
3.0 0.5147058823529411 0.0763888888888889 0.049019607843137254 0.030555555555555555
3.0 0.5159313725490197 0.02361111111111111 0.031862745098039214 0.013888888888888888
3.0 0.43995098039215685 0.022222222222222223 0.041666666666666664 0.022222222222222223
3.0 0.015931372549019607 0.4861111111111111 0.01715686274509804 0.09444444444444444
3.0 0.006127450980392157 0.4777777777777778 0.007352941176470588 0.07222222222222222
3.0 0.0821078431372549 0.7638888888888888 0.07598039215686274 0.11666666666666667
5.0 0.8799019607843137 0.5305555555555556 0.09803921568627451 0.17222222222222222
0.0 0.7340686274509803 0.6388888888888888 0.031862745098039214 0.1
0.0 0.7303921568627451 0.33611111111111114 0.029411764705882353 0.08333333333333333
0.0 0.75 0.34444444444444444 0.024509803921568627 0.07222222222222222
5.0 0.8394607843137255 0.3638888888888889 0.125 0.14444444444444443
5.0 0.8125 0.2777777777777778 0.13970588235294118 0.12777777777777777
8.0 0.9080882352941176 0.23472222222222222 0.07598039215686274 0.10833333333333334
3.0 0.9791666666666666 0.38055555555555554 0.022058823529411766 0.06111111111111111
3.0 0.9754901960784313 0.33611111111111114 0.014705882352941176 0.03888888888888889
3.0 0.9644607843137255 0.2986111111111111 0.022058823529411766 0.04722222222222222
3.0 0.1017156862745098 0.24305555555555555 0.051470588235294115 0.06944444444444445
3.0 0.12745098039215685 0.20277777777777778 0.058823529411764705 0.06666666666666667
3.0 0.13848039215686275 0.18333333333333332 0.04656862745098039 0.05555555555555555
3.0 0.15196078431372548 0.16527777777777777 0.058823529411764705 0.06388888888888888
3.0 0.17892156862745098 0.13194444444444445 0.06372549019607843 0.058333333333333334
3.0 0.19975490196078433 0.10416666666666667 0.056372549019607844 0.04722222222222222
3.0 0.2034313725490196 0.09583333333333334 0.058823529411764705 0.04722222222222222
3.0 0.21568627450980393 0.08472222222222223 0.049019607843137254 0.03611111111111111
3.0 0.11642156862745098 0.15833333333333333 0.031862745098039214 0.03888888888888889
3.0 0.03431372549019608 0.4875 0.029411764705882353 0.10277777777777777
2.0 0.04779411764705882 0.2847222222222222 0.012254901960784314 0.025
1.0 0.20710784313725492 0.14166666666666666 0.01715686274509804 0.022222222222222223
0.0 0.8382352941176471 0.16111111111111112 0.0196078431372549 0.03333333333333333
0.0 0.5955882352941176 0.019444444444444445 0.00980392156862745 0.011111111111111112
0.0 0.5845588235294118 0.018055555555555554 0.012254901960784314 0.013888888888888888
0.0 0.5723039215686274 0.015277777777777777 0.012254901960784314 0.013888888888888888
1.0 0.5514705882352942 0.04027777777777778 0.00980392156862745 0.008333333333333333
9.0 0.5526960784313726 0.04583333333333333 0.012254901960784314 0.013888888888888888
9.0 0.8431372549019608 0.15416666666666667 0.014705882352941176 0.019444444444444445
9.0 0.8382352941176471 0.15 0.014705882352941176 0.022222222222222223
2.0 0.8051470588235294 0.1111111111111111 0.01715686274509804 0.016666666666666666
2.0 0.7990196078431373 0.10694444444444444 0.014705882352941176 0.013888888888888888
2.0 0.7977941176470589 0.10277777777777777 0.01715686274509804 0.016666666666666666
2.0 0.7806372549019608 0.0875 0.012254901960784314 0.013888888888888888
