4.0 0.16299019607843138 0.6972222222222222 0.23284313725490197 0.35
3.0 0.8762254901960784 0.4986111111111111 0.09068627450980392 0.19722222222222222
3.0 0.9473039215686274 0.4388888888888889 0.041666666666666664 0.12222222222222222
3.0 0.9546568627450981 0.3527777777777778 0.03676470588235294 0.08888888888888889
3.0 0.9411764705882353 0.27361111111111114 0.03431372549019608 0.06944444444444445
3.0 0.9399509803921569 0.23472222222222222 0.031862745098039214 0.05277777777777778
3.0 0.9534313725490197 0.2569444444444444 0.0196078431372549 0.041666666666666664
3.0 0.8566176470588235 0.1763888888888889 0.07107843137254902 0.08055555555555556
4.0 0.8774509803921569 0.18472222222222223 0.05392156862745098 0.06944444444444445
3.0 0.9031862745098039 0.19305555555555556 0.041666666666666664 0.058333333333333334
3.0 0.5477941176470589 0.14583333333333334 0.21323529411764705 0.075
4.0 0.7659313725490197 0.15555555555555556 0.125 0.1111111111111111
3.0 0.3541666666666667 0.20555555555555555 0.22794117647058823 0.16111111111111112
3.0 0.05024509803921569 0.24722222222222223 0.02696078431372549 0.05
3.0 0.05024509803921569 0.25416666666666665 0.031862745098039214 0.058333333333333334
3.0 0.061274509803921566 0.24444444444444444 0.03431372549019608 0.05555555555555555
3.0 0.0784313725490196 0.23055555555555557 0.04411764705882353 0.06111111111111111
3.0 0.07230392156862746 0.24861111111111112 0.04656862745098039 0.075
4.0 0.06862745098039216 0.2722222222222222 0.04411764705882353 0.07777777777777778
0.0 0.06985294117647059 0.2972222222222222 0.022058823529411766 0.06111111111111111
0.0 0.12990196078431374 0.29444444444444445 0.03431372549019608 0.08333333333333333
0.0 0.13602941176470587 0.29583333333333334 0.031862745098039214 0.075
0.0 0.19852941176470587 0.3875 0.0392156862745098 0.11944444444444445
6.0 0.9142156862745098 0.2222222222222222 0.024509803921568627 0.03888888888888889
9.0 0.8872549019607843 0.21388888888888888 0.024509803921568627 0.03333333333333333
2.0 0.9448529411764706 0.6944444444444444 0.02696078431372549 0.06666666666666667
1.0 0.9362745098039216 0.24722222222222223 0.00980392156862745 0.022222222222222223
9.0 0.9387254901960784 0.25416666666666665 0.014705882352941176 0.025
9.0 0.9252450980392157 0.2222222222222222 0.012254901960784314 0.022222222222222223
3.0 0.9129901960784313 0.19444444444444445 0.02696078431372549 0.03888888888888889
3.0 0.9240196078431373 0.20555555555555555 0.024509803921568627 0.03333333333333333
9.0 0.9325980392156863 0.2125 0.012254901960784314 0.019444444444444445
9.0 0.7904411764705882 0.1388888888888889 0.041666666666666664 0.044444444444444446
0.0 0.8602941176470589 0.1597222222222222 0.014705882352941176 0.025
0.0 0.8480392156862745 0.1527777777777778 0.0196078431372549 0.03333333333333333
0.0 0.39828431372549017 0.12361111111111112 0.02696078431372549 0.03611111111111111
0.0 0.06495098039215687 0.21944444444444444 0.012254901960784314 0.022222222222222223
