3.0 0.07475490196078431 0.775 0.061274509803921566 0.11666666666666667
3.0 0.08823529411764706 0.6847222222222222 0.049019607843137254 0.11944444444444445
4.0 0.03676470588235294 0.5833333333333334 0.024509803921568627 0.1111111111111111
3.0 0.015931372549019607 0.5208333333333334 0.012254901960784314 0.075
3.0 0.4963235294117647 0.4236111111111111 0.20833333333333334 0.1527777777777778
3.0 0.7475490196078431 0.46111111111111114 0.09313725490196079 0.17777777777777778
3.0 0.7316176470588235 0.22083333333333333 0.0857843137254902 0.09166666666666666
9.0 0.7941176470588235 0.2611111111111111 0.024509803921568627 0.044444444444444446
3.0 0.10294117647058823 0.2861111111111111 0.03431372549019608 0.07222222222222222
3.0 0.18627450980392157 0.16944444444444445 0.0392156862745098 0.05
3.0 0.08088235294117647 0.24027777777777778 0.029411764705882353 0.05277777777777778
3.0 0.14338235294117646 0.1763888888888889 0.02696078431372549 0.03611111111111111
3.0 0.12622549019607843 0.175 0.02696078431372549 0.03888888888888889
3.0 0.05392156862745098 0.25833333333333336 0.0196078431372549 0.03888888888888889
