3.0 0.9476439790575916 0.4671875 0.020942408376963352 0.028125
3.0 0.9463350785340314 0.4484375 0.02356020942408377 0.034375
0.0 0.4816753926701571 0.98125 0.020942408376963352 0.03125
0.0 0.5078534031413613 0.9609375 0.02617801047120419 0.028125
0.0 0.5981675392670157 0.890625 0.02356020942408377 0.04375
9.0 0.6989528795811518 0.2953125 0.010471204188481676 0.028125
2.0 0.6897905759162304 0.3140625 0.01832460732984293 0.028125
6.0 0.7486910994764397 0.271875 0.020942408376963352 0.025
3.0 0.8769633507853403 0.4765625 0.020942408376963352 0.053125
3.0 0.8821989528795812 0.3515625 0.020942408376963352 0.040625
3.0 0.925392670157068 0.3296875 0.02356020942408377 0.034375
3.0 0.9149214659685864 0.30625 0.02356020942408377 0.03125
3.0 0.9149214659685864 0.3 0.02356020942408377 0.03125
5.0 0.912303664921466 0.284375 0.028795811518324606 0.04375
3.0 0.8979057591623036 0.2671875 0.015706806282722512 0.021875
3.0 0.8835078534031413 0.2640625 0.013089005235602094 0.021875
3.0 0.8992146596858639 0.234375 0.01832460732984293 0.01875
3.0 0.893979057591623 0.221875 0.01832460732984293 0.01875
3.0 0.8730366492146597 0.1828125 0.007853403141361256 0.009375
3.0 0.8926701570680629 0.2125 0.015706806282722512 0.01875
0.0 0.7866492146596858 0.2390625 0.007853403141361256 0.015625
1.0 0.7945026178010471 0.25625 0.007853403141361256 0.01875
9.0 0.7945026178010471 0.259375 0.013089005235602094 0.025
0.0 0.8272251308900523 0.2078125 0.005235602094240838 0.015625
0.0 0.8272251308900523 0.203125 0.005235602094240838 0.0125
0.0 0.831151832460733 0.1734375 0.002617801047120419 0.009375
1.0 0.8717277486910995 0.209375 0.005235602094240838 0.00625
9.0 0.8717277486910995 0.2109375 0.005235602094240838 0.009375
0.0 0.8651832460732984 0.2203125 0.007853403141361256 0.015625
3.0 0.8259162303664922 0.26875 0.04450261780104712 0.0375
3.0 0.8272251308900523 0.259375 0.041884816753926704 0.0375
3.0 0.8520942408376964 0.2640625 0.01832460732984293 0.028125
4.0 0.8324607329842932 0.2390625 0.031413612565445025 0.034375
4.0 0.837696335078534 0.2359375 0.031413612565445025 0.034375
3.0 0.837696335078534 0.2234375 0.02617801047120419 0.021875
3.0 0.8390052356020943 0.2203125 0.028795811518324606 0.028125
3.0 0.8390052356020943 0.21875 0.028795811518324606 0.025
3.0 0.8520942408376964 0.16875 0.007853403141361256 0.0125
3.0 0.8455497382198953 0.16875 0.015706806282722512 0.0125
3.0 0.8429319371727748 0.209375 0.02617801047120419 0.025
