0.0 0.6397058823529411 0.8375 0.07352941176470588 0.10277777777777777
0.0 0.758578431372549 0.8138888888888889 0.056372549019607844 0.09444444444444444
0.0 0.7794117647058824 0.7916666666666666 0.058823529411764705 0.1
1.0 0.9166666666666666 0.6583333333333333 0.024509803921568627 0.08333333333333333
0.0 0.928921568627451 0.6736111111111112 0.024509803921568627 0.06944444444444445
1.0 0.8762254901960784 0.6069444444444444 0.02696078431372549 0.09722222222222222
0.0 0.02696078431372549 0.6527777777777778 0.0196078431372549 0.07222222222222222
0.0 0.029411764705882353 0.625 0.0196078431372549 0.07222222222222222
0.0 0.0196078431372549 0.4986111111111111 0.004901960784313725 0.05277777777777778
0.0 0.025735294117647058 0.49444444444444446 0.007352941176470588 0.05555555555555555
0.0 0.03308823529411765 0.4166666666666667 0.007352941176470588 0.05
0.0 0.023284313725490197 0.41388888888888886 0.007352941176470588 0.044444444444444446
1.0 0.02696078431372549 0.4236111111111111 0.004901960784313725 0.025
1.0 0.1482843137254902 0.3638888888888889 0.02696078431372549 0.07222222222222222
9.0 0.31862745098039214 0.34305555555555556 0.05392156862745098 0.08611111111111111
0.0 0.6580882352941176 0.4486111111111111 0.03676470588235294 0.13055555555555556
1.0 0.8125 0.41944444444444445 0.031862745098039214 0.1
1.0 0.8492647058823529 0.43194444444444446 0.02696078431372549 0.08611111111111111
1.0 0.7745098039215687 0.42777777777777776 0.04411764705882353 0.10555555555555556
1.0 0.7683823529411765 0.42916666666666664 0.031862745098039214 0.075
0.0 0.6360294117647058 0.17916666666666667 0.03676470588235294 0.058333333333333334
0.0 0.6017156862745098 0.1736111111111111 0.02696078431372549 0.041666666666666664
1.0 0.5110294117647058 0.3125 0.04656862745098039 0.06944444444444445
3.0 0.8002450980392157 0.25555555555555554 0.10049019607843138 0.10555555555555556
0.0 0.9068627450980392 0.6430555555555556 0.024509803921568627 0.08055555555555556
0.0 0.9742647058823529 0.44027777777777777 0.007352941176470588 0.04722222222222222
1.0 0.9840686274509803 0.43333333333333335 0.007352941176470588 0.044444444444444446
1.0 0.9840686274509803 0.4305555555555556 0.007352941176470588 0.044444444444444446
4.0 0.8504901960784313 0.2652777777777778 0.08823529411764706 0.125
3.0 0.9044117647058824 0.3138888888888889 0.049019607843137254 0.08333333333333333
3.0 0.928921568627451 0.32916666666666666 0.04411764705882353 0.08055555555555556
4.0 0.9509803921568627 0.3472222222222222 0.03431372549019608 0.07777777777777778
3.0 0.9767156862745098 0.3736111111111111 0.02696078431372549 0.058333333333333334
3.0 0.04656862745098039 0.33055555555555555 0.0196078431372549 0.05555555555555555
4.0 0.0196078431372549 0.3541666666666667 0.0196078431372549 0.058333333333333334
3.0 0.041666666666666664 0.3055555555555556 0.024509803921568627 0.05
3.0 0.05759803921568627 0.2902777777777778 0.02696078431372549 0.04722222222222222
3.0 0.028186274509803922 0.3194444444444444 0.022058823529411766 0.044444444444444446
3.0 0.08455882352941177 0.25555555555555554 0.031862745098039214 0.05
3.0 0.1053921568627451 0.24305555555555555 0.0392156862745098 0.05277777777777778
3.0 0.14950980392156862 0.20694444444444443 0.04411764705882353 0.05277777777777778
3.0 0.18627450980392157 0.1875 0.06372549019607843 0.06388888888888888
3.0 0.2426470588235294 0.1625 0.08333333333333333 0.06944444444444445
3.0 0.30392156862745096 0.14027777777777778 0.10294117647058823 0.06388888888888888
3.0 0.42769607843137253 0.1125 0.11519607843137254 0.04722222222222222
3.0 0.5490196078431373 0.11805555555555555 0.12254901960784313 0.04722222222222222
3.0 0.6727941176470589 0.13472222222222222 0.061274509803921566 0.04722222222222222
4.0 0.7352941176470589 0.15555555555555556 0.07352941176470588 0.06666666666666667
4.0 0.7965686274509803 0.18194444444444444 0.05392156862745098 0.058333333333333334
3.0 0.8443627450980392 0.2152777777777778 0.051470588235294115 0.06388888888888888
3.0 0.9375 0.29444444444444445 0.022058823529411766 0.044444444444444446
3.0 0.9607843137254902 0.3194444444444444 0.0196078431372549 0.044444444444444446
3.0 0.9730392156862745 0.33055555555555555 0.014705882352941176 0.03888888888888889
3.0 0.056372549019607844 0.24305555555555555 0.024509803921568627 0.03611111111111111
0.0 0.05392156862745098 0.24583333333333332 0.00980392156862745 0.019444444444444445
4.0 0.1017156862745098 0.19722222222222222 0.03676470588235294 0.044444444444444446
4.0 0.5232843137254902 0.02361111111111111 0.02696078431372549 0.013888888888888888
3.0 0.8492647058823529 0.1638888888888889 0.041666666666666664 0.044444444444444446
0.0 0.8541666666666666 0.16666666666666666 0.012254901960784314 0.022222222222222223
3.0 0.9080882352941176 0.2152777777777778 0.031862745098039214 0.041666666666666664
3.0 0.8370098039215687 0.12916666666666668 0.02696078431372549 0.025
4.0 0.8872549019607843 0.16805555555555557 0.014705882352941176 0.019444444444444445
3.0 0.8970588235294118 0.17777777777777778 0.014705882352941176 0.016666666666666666
3.0 0.9056372549019608 0.18611111111111112 0.012254901960784314 0.016666666666666666
