0.0 0.6780104712041884 0.853125 0.03664921465968586 0.05625
0.0 0.6426701570680629 0.86875 0.01832460732984293 0.03125
0.0 0.7657068062827225 0.75 0.028795811518324606 0.06875
0.0 0.8010471204188482 0.725 0.02617801047120419 0.0625
0.0 0.8586387434554974 0.653125 0.010471204188481676 0.03125
1.0 0.8259162303664922 0.646875 0.013089005235602094 0.03125
1.0 0.5445026178010471 0.6875 0.020942408376963352 0.0375
1.0 0.7342931937172775 0.6375 0.02356020942408377 0.04375
0.0 0.387434554973822 0.9484375 0.02617801047120419 0.034375
0.0 0.3743455497382199 0.9328125 0.020942408376963352 0.028125
0.0 0.3390052356020942 0.95 0.028795811518324606 0.03125
0.0 0.3180628272251309 0.94375 0.034031413612565446 0.04375
1.0 0.2617801047120419 0.921875 0.03664921465968586 0.04375
0.0 0.168848167539267 0.8 0.02356020942408377 0.05
0.0 0.1400523560209424 0.771875 0.01832460732984293 0.0375
0.0 0.08376963350785341 0.79375 0.015706806282722512 0.0375
1.0 0.08376963350785341 0.7890625 0.015706806282722512 0.040625
0.0 0.07068062827225131 0.7625 0.015706806282722512 0.0375
0.0 0.2054973821989529 0.7375 0.013089005235602094 0.0375
1.0 0.10732984293193717 0.6734375 0.010471204188481676 0.021875
1.0 0.12696335078534032 0.665625 0.013089005235602094 0.03125
0.0 0.1544502617801047 0.6625 0.015706806282722512 0.04375
1.0 0.13612565445026178 0.65 0.010471204188481676 0.025
0.0 0.13089005235602094 0.6375 0.010471204188481676 0.025
1.0 0.14267015706806283 0.640625 0.007853403141361256 0.025
0.0 0.1400523560209424 0.6265625 0.013089005235602094 0.053125
0.0 0.24738219895287958 0.65625 0.013089005235602094 0.04375
2.0 0.3075916230366492 0.684375 0.028795811518324606 0.05
9.0 0.2879581151832461 0.671875 0.02617801047120419 0.04375
1.0 0.030104712041884817 0.671875 0.007853403141361256 0.025
1.0 0.02356020942408377 0.6828125 0.010471204188481676 0.028125
1.0 0.020942408376963352 0.675 0.005235602094240838 0.025
0.0 0.03926701570680628 0.628125 0.005235602094240838 0.01875
1.0 0.04319371727748691 0.625 0.007853403141361256 0.025
0.0 0.2879581151832461 0.634375 0.015706806282722512 0.05
0.0 0.2709424083769634 0.6234375 0.013089005235602094 0.046875
0.0 0.3023560209424084 0.6265625 0.013089005235602094 0.053125
0.0 0.31151832460732987 0.61875 0.015706806282722512 0.0625
0.0 0.32460732984293195 0.6 0.020942408376963352 0.0625
0.0 0.3769633507853403 0.5765625 0.015706806282722512 0.071875
0.0 0.5235602094240838 0.5390625 0.015706806282722512 0.040625
0.0 0.6217277486910995 0.5078125 0.01832460732984293 0.053125
0.0 0.4882198952879581 0.465625 0.01832460732984293 0.05
0.0 0.31151832460732987 0.45625 0.010471204188481676 0.05625
0.0 0.04842931937172775 0.5453125 0.002617801047120419 0.021875
0.0 0.04712041884816754 0.5328125 0.005235602094240838 0.028125
0.0 0.03926701570680628 0.534375 0.005235602094240838 0.03125
0.0 0.024869109947643978 0.546875 0.002617801047120419 0.025
0.0 0.030104712041884817 0.51875 0.002617801047120419 0.03125
1.0 0.028795811518324606 0.5171875 0.0 0.015625
0.0 0.9214659685863874 0.60625 0.010471204188481676 0.04375
0.0 0.2395287958115183 0.440625 0.013089005235602094 0.05
0.0 0.2486910994764398 0.4375 0.010471204188481676 0.05
0.0 0.04712041884816754 0.440625 0.005235602094240838 0.025
0.0 0.08376963350785341 0.453125 0.010471204188481676 0.0375
0.0 0.07591623036649214 0.503125 0.005235602094240838 0.0375
0.0 0.0824607329842932 0.5046875 0.002617801047120419 0.040625
0.0 0.08769633507853403 0.5046875 0.002617801047120419 0.034375
0.0 0.08507853403141362 0.5171875 0.002617801047120419 0.021875
1.0 0.10863874345549739 0.4265625 0.007853403141361256 0.021875
0.0 0.39528795811518325 0.36875 0.015706806282722512 0.05
0.0 0.29842931937172773 0.4609375 0.015706806282722512 0.046875
1.0 0.9463350785340314 0.6015625 0.007853403141361256 0.021875
1.0 0.943717277486911 0.590625 0.007853403141361256 0.025
0.0 0.774869109947644 0.571875 0.010471204188481676 0.0375
0.0 0.831151832460733 0.559375 0.013089005235602094 0.05625
0.0 0.8403141361256544 0.5578125 0.010471204188481676 0.046875
0.0 0.7827225130890052 0.5046875 0.010471204188481676 0.046875
0.0 0.8167539267015707 0.4984375 0.010471204188481676 0.040625
0.0 0.887434554973822 0.55625 0.005235602094240838 0.03125
0.0 0.8795811518324608 0.55625 0.005235602094240838 0.03125
1.0 0.893979057591623 0.5453125 0.007853403141361256 0.028125
0.0 0.34293193717277487 0.9234375 0.03664921465968586 0.046875
1.0 0.3481675392670157 0.896875 0.031413612565445025 0.03125
1.0 0.8952879581151832 0.515625 0.005235602094240838 0.025
0.0 0.7945026178010471 0.4703125 0.007853403141361256 0.040625
9.0 0.9083769633507853 0.49375 0.015706806282722512 0.03125
0.0 0.9018324607329843 0.459375 0.007853403141361256 0.0375
0.0 0.9096858638743456 0.46875 0.002617801047120419 0.025
0.0 0.912303664921466 0.465625 0.002617801047120419 0.03125
0.0 0.9424083769633508 0.5 0.005235602094240838 0.03125
1.0 0.56282722513089 0.36875 0.010471204188481676 0.03125
1.0 0.5431937172774869 0.371875 0.01832460732984293 0.03125
0.0 0.6583769633507853 0.3671875 0.013089005235602094 0.046875
0.0 0.6950261780104712 0.38125 0.013089005235602094 0.05
1.0 0.6727748691099477 0.396875 0.010471204188481676 0.03125
1.0 0.6845549738219895 0.4 0.007853403141361256 0.03125
0.0 0.11649214659685864 0.409375 0.007853403141361256 0.03125
1.0 0.11780104712041885 0.425 0.010471204188481676 0.0125
7.0 0.9856020942408377 0.5390625 0.013089005235602094 0.046875
4.0 0.9607329842931938 0.4953125 0.020942408376963352 0.046875
3.0 0.9476439790575916 0.4765625 0.005235602094240838 0.028125
3.0 0.9908376963350786 0.5125 0.013089005235602094 0.025
0.0 0.8141361256544503 0.4265625 0.010471204188481676 0.040625
0.0 0.003926701570680628 0.5390625 0.002617801047120419 0.028125
0.0 0.006544502617801047 0.546875 0.002617801047120419 0.0125
