1.0 0.09859154929577464 0.8076923076923077 0.023474178403755867 0.035897435897435895
9.0 0.10446009389671361 0.8205128205128205 0.025821596244131457 0.035897435897435895
3.0 0.12323943661971831 0.767948717948718 0.07276995305164319 0.11538461538461539
3.0 0.38967136150234744 0.7525641025641026 0.13615023474178403 0.1358974358974359
3.0 0.6654929577464789 0.9333333333333333 0.13380281690140844 0.08205128205128205
3.0 0.6490610328638498 0.8923076923076924 0.13380281690140844 0.08717948717948718
3.0 0.6302816901408451 0.8192307692307692 0.13849765258215962 0.11025641025641025
3.0 0.5868544600938967 0.732051282051282 0.13615023474178403 0.11025641025641025
3.0 0.7007042253521126 0.5628205128205128 0.11032863849765258 0.12051282051282051
3.0 0.7007042253521126 0.36153846153846153 0.09154929577464789 0.09230769230769231
3.0 0.5422535211267606 0.6064102564102564 0.14084507042253522 0.12051282051282051
3.0 0.29694835680751175 0.5269230769230769 0.09154929577464789 0.1358974358974359
3.0 0.15140845070422534 0.38461538461538464 0.03990610328638498 0.07179487179487179
3.0 0.215962441314554 0.29102564102564105 0.051643192488262914 0.06923076923076923
3.0 0.18427230046948356 0.27564102564102566 0.03990610328638498 0.05384615384615385
3.0 0.2347417840375587 0.23846153846153847 0.051643192488262914 0.05641025641025641
3.0 0.5 0.4794871794871795 0.1267605633802817 0.1076923076923077
3.0 0.48708920187793425 0.37948717948717947 0.12910798122065728 0.09743589743589744
3.0 0.4448356807511737 0.30641025641025643 0.09624413145539906 0.07435897435897436
3.0 0.4284037558685446 0.2602564102564103 0.08685446009389672 0.05897435897435897
3.0 0.4084507042253521 0.22435897435897437 0.07981220657276995 0.05384615384615385
3.0 0.3908450704225352 0.19743589743589743 0.05868544600938967 0.046153846153846156
3.0 0.4565727699530516 0.22692307692307692 0.08215962441314555 0.04871794871794872
3.0 0.392018779342723 0.17051282051282052 0.06103286384976526 0.03333333333333333
3.0 0.38380281690140844 0.16025641025641027 0.0539906103286385 0.03333333333333333
3.0 0.38028169014084506 0.14743589743589744 0.051643192488262914 0.03333333333333333
3.0 0.3720657276995305 0.1358974358974359 0.04929577464788732 0.03076923076923077
3.0 0.4988262910798122 0.1358974358974359 0.0539906103286385 0.020512820512820513
1.0 0.636150234741784 0.1782051282051282 0.018779342723004695 0.017948717948717947
1.0 0.6455399061032864 0.18461538461538463 0.018779342723004695 0.020512820512820513
9.0 0.6431924882629108 0.1858974358974359 0.03286384976525822 0.028205128205128206
1.0 0.1056338028169014 0.3230769230769231 0.009389671361502348 0.020512820512820513
1.0 0.13732394366197184 0.2833333333333333 0.011737089201877934 0.023076923076923078
9.0 0.13497652582159625 0.2923076923076923 0.011737089201877934 0.02564102564102564
3.0 0.2511737089201878 0.18974358974358974 0.04225352112676056 0.041025641025641026
3.0 0.26291079812206575 0.16538461538461538 0.03286384976525822 0.028205128205128206
3.0 0.23943661971830985 0.17435897435897435 0.028169014084507043 0.02564102564102564
3.0 0.19953051643192488 0.1987179487179487 0.028169014084507043 0.028205128205128206
3.0 0.23943661971830985 0.9141025641025641 0.107981220657277 0.08461538461538462
