3.0 0.041666666666666664 0.2611111111111111 0.00980392156862745 0.022222222222222223
3.0 0.05759803921568627 0.23333333333333334 0.012254901960784314 0.022222222222222223
3.0 0.37254901960784315 0.9597222222222223 0.10784313725490197 0.058333333333333334
3.0 0.5612745098039216 0.9527777777777777 0.11764705882352941 0.07777777777777778
3.0 0.5147058823529411 0.8333333333333334 0.11274509803921569 0.1111111111111111
3.0 0.34191176470588236 0.7291666666666666 0.125 0.1638888888888889
3.0 0.4963235294117647 0.6319444444444444 0.11029411764705882 0.1527777777777778
3.0 0.4889705882352941 0.4638888888888889 0.11519607843137254 0.1388888888888889
3.0 0.30269607843137253 0.46111111111111114 0.08088235294117647 0.12222222222222222
3.0 0.48651960784313725 0.3277777777777778 0.09558823529411764 0.1
3.0 0.33455882352941174 0.2847222222222222 0.08088235294117647 0.09166666666666666
3.0 0.4644607843137255 0.24861111111111112 0.08088235294117647 0.06944444444444445
3.0 0.3394607843137255 0.21666666666666667 0.0661764705882353 0.06666666666666667
4.0 0.4387254901960784 0.18194444444444444 0.06372549019607843 0.058333333333333334
3.0 0.3700980392156863 0.16805555555555557 0.058823529411764705 0.04722222222222222
3.0 0.4681372549019608 0.15 0.06372549019607843 0.044444444444444446
3.0 0.44362745098039214 0.125 0.05392156862745098 0.03333333333333333
3.0 0.35049019607843135 0.1375 0.049019607843137254 0.041666666666666664
5.0 0.4387254901960784 0.09305555555555556 0.05392156862745098 0.03611111111111111
3.0 0.36151960784313725 0.1125 0.04656862745098039 0.030555555555555555
3.0 0.3639705882352941 0.09722222222222222 0.041666666666666664 0.027777777777777776
3.0 0.42892156862745096 0.08194444444444444 0.0392156862745098 0.019444444444444445
3.0 0.42034313725490197 0.07083333333333333 0.031862745098039214 0.019444444444444445
3.0 0.36764705882352944 0.08333333333333333 0.03431372549019608 0.022222222222222223
3.0 0.42401960784313725 0.0625 0.03431372549019608 0.013888888888888888
3.0 0.3700980392156863 0.07083333333333333 0.03431372549019608 0.019444444444444445
3.0 0.42401960784313725 0.05416666666666667 0.029411764705882353 0.013888888888888888
3.0 0.3700980392156863 0.06388888888888888 0.029411764705882353 0.016666666666666666
3.0 0.4215686274509804 0.04861111111111111 0.029411764705882353 0.013888888888888888
3.0 0.37254901960784315 0.05694444444444444 0.029411764705882353 0.013888888888888888
3.0 0.41544117647058826 0.043055555555555555 0.02696078431372549 0.013888888888888888
3.0 0.3737745098039216 0.05 0.02696078431372549 0.016666666666666666
4.0 0.4227941176470588 0.0375 0.02696078431372549 0.013888888888888888
3.0 0.37745098039215685 0.043055555555555555 0.024509803921568627 0.013888888888888888
3.0 0.38112745098039214 0.03888888888888889 0.022058823529411766 0.011111111111111112
3.0 0.3799019607843137 0.034722222222222224 0.0196078431372549 0.008333333333333333
3.0 0.3860294117647059 0.029166666666666667 0.01715686274509804 0.008333333333333333
3.0 0.38357843137254904 0.02638888888888889 0.01715686274509804 0.008333333333333333
4.0 0.38357843137254904 0.02361111111111111 0.01715686274509804 0.008333333333333333
3.0 0.38357843137254904 0.020833333333333332 0.01715686274509804 0.008333333333333333
3.0 0.3786764705882353 0.020833333333333332 0.01715686274509804 0.008333333333333333
8.0 0.38235294117647056 0.016666666666666666 0.024509803921568627 0.011111111111111112
5.0 0.4215686274509804 0.025 0.029411764705882353 0.016666666666666666
5.0 0.41544117647058826 0.019444444444444445 0.02696078431372549 0.016666666666666666
4.0 0.40808823529411764 0.018055555555555554 0.01715686274509804 0.008333333333333333
5.0 0.40931372549019607 0.011111111111111112 0.024509803921568627 0.011111111111111112
