4.0 0.13380281690140844 0.8333333333333334 0.08450704225352113 0.1076923076923077
3.0 0.3931924882629108 0.9448717948717948 0.11971830985915492 0.0641025641025641
3.0 0.6795774647887324 0.9448717948717948 0.12910798122065728 0.07948717948717948
3.0 0.16784037558685447 0.7717948717948718 0.09154929577464789 0.13333333333333333
3.0 0.107981220657277 0.7461538461538462 0.06572769953051644 0.11282051282051282
3.0 0.10093896713615023 0.6641025641025641 0.04225352112676056 0.09230769230769231
3.0 0.14553990610328638 0.6051282051282051 0.046948356807511735 0.10256410256410256
3.0 0.09389671361502347 0.5666666666666667 0.03286384976525822 0.09743589743589744
4.0 0.3744131455399061 0.5807692307692308 0.1056338028169014 0.14102564102564102
3.0 0.5868544600938967 0.6205128205128205 0.12206572769953052 0.12307692307692308
3.0 0.18192488262910797 0.4115384615384615 0.03990610328638498 0.06923076923076923
3.0 0.11854460093896714 0.46794871794871795 0.025821596244131457 0.0641025641025641
4.0 0.12910798122065728 0.4025641025641026 0.03286384976525822 0.06666666666666667
3.0 0.1607981220657277 0.3371794871794872 0.035211267605633804 0.05897435897435897
3.0 0.19718309859154928 0.2858974358974359 0.03286384976525822 0.04871794871794872
3.0 0.15140845070422534 0.29102564102564105 0.025821596244131457 0.038461538461538464
5.0 0.23943661971830985 0.21794871794871795 0.051643192488262914 0.06666666666666667
4.0 0.4765258215962441 0.19743589743589743 0.051643192488262914 0.035897435897435895
0.0 0.6889671361502347 0.3923076923076923 0.025821596244131457 0.07179487179487179
0.0 0.647887323943662 0.3282051282051282 0.018779342723004695 0.05128205128205128
0.0 0.6326291079812206 0.3217948717948718 0.02112676056338028 0.05897435897435897
0.0 0.607981220657277 0.18846153846153846 0.018779342723004695 0.028205128205128206
3.0 0.38497652582159625 0.1782051282051282 0.04225352112676056 0.023076923076923078
3.0 0.3392018779342723 0.1423076923076923 0.03051643192488263 0.023076923076923078
3.0 0.47300469483568075 0.16025641025641027 0.03990610328638498 0.017948717948717947
3.0 0.4765258215962441 0.13205128205128205 0.028169014084507043 0.01282051282051282
3.0 0.5234741784037559 0.1064102564102564 0.018779342723004695 0.007692307692307693
5.0 0.48708920187793425 0.10512820512820513 0.025821596244131457 0.015384615384615385
3.0 0.4307511737089202 0.09358974358974359 0.01643192488262911 0.007692307692307693
3.0 0.5434272300469484 0.08333333333333333 0.01643192488262911 0.007692307692307693
4.0 0.505868544600939 0.08076923076923077 0.011737089201877934 0.007692307692307693
0.0 0.48826291079812206 0.0782051282051282 0.004694835680751174 0.007692307692307693
3.0 0.4612676056338028 0.07435897435897436 0.011737089201877934 0.005128205128205128
3.0 0.5129107981220657 0.07307692307692308 0.011737089201877934 0.002564102564102564
3.0 0.5504694835680751 0.07692307692307693 0.02112676056338028 0.005128205128205128
8.0 0.5363849765258216 0.06794871794871794 0.01643192488262911 0.007692307692307693
3.0 0.5223004694835681 0.06794871794871794 0.007042253521126761 0.002564102564102564
3.0 0.5035211267605634 0.06538461538461539 0.007042253521126761 0.002564102564102564
3.0 0.4823943661971831 0.06282051282051282 0.007042253521126761 0.002564102564102564
0.0 0.03990610328638498 0.6705128205128205 0.009389671361502348 0.028205128205128206
6.0 0.04107981220657277 0.6756410256410257 0.01643192488262911 0.04871794871794872
