3.0 0.5330882352941176 0.0375 0.01715686274509804 0.008333333333333333
3.0 0.49264705882352944 0.043055555555555555 0.0196078431372549 0.008333333333333333
3.0 0.43995098039215685 0.05416666666666667 0.02696078431372549 0.013888888888888888
3.0 0.6409313725490197 0.09027777777777778 0.03676470588235294 0.025
3.0 0.6017156862745098 0.05416666666666667 0.022058823529411766 0.013888888888888888
3.0 0.5919117647058824 0.32083333333333336 0.09558823529411764 0.10833333333333334
2.0 0.9485294117647058 0.7180555555555556 0.029411764705882353 0.05277777777777778
9.0 0.9522058823529411 0.6527777777777778 0.01715686274509804 0.05
3.0 0.8627450980392157 0.7166666666666667 0.09803921568627451 0.17777777777777778
3.0 0.9227941176470589 0.5069444444444444 0.022058823529411766 0.08611111111111111
7.0 0.8431372549019608 0.49722222222222223 0.0196078431372549 0.10555555555555556
4.0 0.8406862745098039 0.3402777777777778 0.10784313725490197 0.11944444444444445
0.0 0.8946078431372549 0.35694444444444445 0.014705882352941176 0.05277777777777778
0.0 0.6580882352941176 0.0763888888888889 0.012254901960784314 0.013888888888888888
1.0 0.6997549019607843 0.09027777777777778 0.007352941176470588 0.008333333333333333
1.0 0.6973039215686274 0.09027777777777778 0.007352941176470588 0.008333333333333333
9.0 0.7022058823529411 0.09583333333333334 0.01715686274509804 0.013888888888888888
9.0 0.7034313725490197 0.09444444444444444 0.0196078431372549 0.011111111111111112
6.0 0.5906862745098039 0.0625 0.00980392156862745 0.008333333333333333
1.0 0.5906862745098039 0.058333333333333334 0.00980392156862745 0.011111111111111112
9.0 0.6311274509803921 0.06111111111111111 0.022058823529411766 0.011111111111111112
8.0 0.35784313725490197 0.10138888888888889 0.14215686274509803 0.06944444444444445
4.0 0.2696078431372549 0.20972222222222223 0.10784313725490197 0.08055555555555556
4.0 0.375 0.12638888888888888 0.06372549019607843 0.04722222222222222
4.0 0.3394607843137255 0.12083333333333333 0.09068627450980392 0.058333333333333334
3.0 0.31004901960784315 0.15833333333333333 0.10049019607843138 0.06111111111111111
3.0 0.23039215686274508 0.2722222222222222 0.13725490196078433 0.1111111111111111
3.0 0.20098039215686275 0.2569444444444444 0.10784313725490197 0.09166666666666666
0.0 0.26715686274509803 0.1486111111111111 0.024509803921568627 0.03611111111111111
0.0 0.2549019607843137 0.16944444444444445 0.0196078431372549 0.03333333333333333
1.0 0.22426470588235295 0.175 0.01715686274509804 0.027777777777777776
7.0 0.13970588235294118 0.41805555555555557 0.058823529411764705 0.09722222222222222
3.0 0.07965686274509803 0.4125 0.061274509803921566 0.09722222222222222
3.0 0.11642156862745098 0.6416666666666667 0.08088235294117647 0.17777777777777778
3.0 0.05514705882352941 0.6416666666666667 0.04656862745098039 0.13333333333333333
3.0 0.028186274509803922 0.6194444444444445 0.03676470588235294 0.1111111111111111
1.0 0.4644607843137255 0.027777777777777776 0.007352941176470588 0.005555555555555556
9.0 0.4644607843137255 0.029166666666666667 0.007352941176470588 0.002777777777777778
3.0 0.43504901960784315 0.029166666666666667 0.03676470588235294 0.008333333333333333
3.0 0.40931372549019607 0.03611111111111111 0.03431372549019608 0.011111111111111112
3.0 0.44362745098039214 0.030555555555555555 0.014705882352941176 0.005555555555555556
3.0 0.4411764705882353 0.03333333333333333 0.014705882352941176 0.005555555555555556
3.0 0.4362745098039216 0.03611111111111111 0.0196078431372549 0.011111111111111112
3.0 0.43014705882352944 0.03888888888888889 0.022058823529411766 0.011111111111111112
3.0 0.42401960784313725 0.041666666666666664 0.024509803921568627 0.011111111111111112
3.0 0.4252450980392157 0.05138888888888889 0.031862745098039214 0.013888888888888888
3.0 0.4166666666666667 0.04722222222222222 0.024509803921568627 0.011111111111111112
3.0 0.39705882352941174 0.058333333333333334 0.029411764705882353 0.011111111111111112
3.0 0.3897058823529412 0.06527777777777778 0.04411764705882353 0.019444444444444445
3.0 0.38357843137254904 0.07222222222222222 0.0661764705882353 0.022222222222222223
3.0 0.45588235294117646 0.025 0.014705882352941176 0.005555555555555556
3.0 0.46078431372549017 0.025 0.03431372549019608 0.005555555555555556
3.0 0.5232843137254902 0.018055555555555554 0.012254901960784314 0.002777777777777778
3.0 0.5196078431372549 0.016666666666666666 0.00980392156862745 0.005555555555555556
3.0 0.49264705882352944 0.015277777777777777 0.0196078431372549 0.002777777777777778
3.0 0.5490196078431373 0.0125 0.014705882352941176 0.002777777777777778
3.0 0.6017156862745098 0.04861111111111111 0.022058823529411766 0.008333333333333333
3.0 0.5882352941176471 0.043055555555555555 0.0196078431372549 0.008333333333333333
3.0 0.5833333333333334 0.04027777777777778 0.0196078431372549 0.008333333333333333
3.0 0.5845588235294118 0.03888888888888889 0.01715686274509804 0.005555555555555556
3.0 0.5747549019607843 0.03611111111111111 0.031862745098039214 0.011111111111111112
3.0 0.5906862745098039 0.03611111111111111 0.03431372549019608 0.011111111111111112
3.0 0.571078431372549 0.03333333333333333 0.03431372549019608 0.011111111111111112
3.0 0.5674019607843137 0.029166666666666667 0.031862745098039214 0.008333333333333333
3.0 0.5759803921568627 0.019444444444444445 0.00980392156862745 0.005555555555555556
3.0 0.5894607843137255 0.019444444444444445 0.012254901960784314 0.005555555555555556
4.0 0.5379901960784313 0.022222222222222223 0.012254901960784314 0.005555555555555556
4.0 0.47058823529411764 0.013888888888888888 0.0196078431372549 0.005555555555555556
