4.0 0.20220588235294118 0.8902777777777777 0.09558823529411764 0.09166666666666666
3.0 0.741421568627451 0.9208333333333333 0.1053921568627451 0.08611111111111111
3.0 0.8737745098039216 0.8361111111111111 0.09558823529411764 0.10555555555555556
0.0 0.8247549019607843 0.7347222222222223 0.041666666666666664 0.08055555555555556
6.0 0.11274509803921569 0.7513888888888889 0.0784313725490196 0.10277777777777777
3.0 0.08333333333333333 0.6555555555555556 0.06862745098039216 0.10555555555555556
3.0 0.08946078431372549 0.6166666666666667 0.0661764705882353 0.10555555555555556
3.0 0.06004901960784314 0.4583333333333333 0.03676470588235294 0.06111111111111111
3.0 0.058823529411764705 0.40694444444444444 0.03431372549019608 0.058333333333333334
6.0 0.22058823529411764 0.45 0.0392156862745098 0.08333333333333333
4.0 0.7254901960784313 0.20972222222222223 0.058823529411764705 0.06944444444444445
6.0 0.9191176470588235 0.6194444444444445 0.024509803921568627 0.07222222222222222
2.0 0.9215686274509803 0.5986111111111111 0.024509803921568627 0.041666666666666664
6.0 0.9056372549019608 0.4986111111111111 0.031862745098039214 0.04722222222222222
3.0 0.8700980392156863 0.43333333333333335 0.06862745098039216 0.08333333333333333
0.0 0.7879901960784313 0.3458333333333333 0.022058823529411766 0.058333333333333334
0.0 0.7438725490196079 0.3 0.022058823529411766 0.05
6.0 0.8639705882352942 0.3902777777777778 0.04656862745098039 0.04722222222222222
3.0 0.6727941176470589 0.14166666666666666 0.0661764705882353 0.044444444444444446
5.0 0.6323529411764706 0.08472222222222223 0.04411764705882353 0.030555555555555555
3.0 0.7389705882352942 0.1597222222222222 0.07107843137254902 0.04722222222222222
0.0 0.7953431372549019 0.20694444444444443 0.012254901960784314 0.025
0.0 0.7757352941176471 0.2013888888888889 0.01715686274509804 0.030555555555555555
0.0 0.6004901960784313 0.05416666666666667 0.00980392156862745 0.008333333333333333
0.0 0.5931372549019608 0.05277777777777778 0.00980392156862745 0.011111111111111112
0.0 0.5906862745098039 0.058333333333333334 0.00980392156862745 0.011111111111111112
5.0 0.47671568627450983 0.06388888888888888 0.03676470588235294 0.022222222222222223
3.0 0.46078431372549017 0.15833333333333333 0.05392156862745098 0.044444444444444446
0.0 0.3590686274509804 0.15138888888888888 0.01715686274509804 0.030555555555555555
3.0 0.35171568627450983 0.13055555555555556 0.051470588235294115 0.044444444444444446
3.0 0.43995098039215685 0.029166666666666667 0.01715686274509804 0.008333333333333333
3.0 0.44607843137254904 0.022222222222222223 0.014705882352941176 0.005555555555555556
3.0 0.28431372549019607 0.10416666666666667 0.05392156862745098 0.030555555555555555
3.0 0.23651960784313725 0.12361111111111112 0.04656862745098039 0.03611111111111111
3.0 0.16666666666666666 0.3055555555555556 0.08333333333333333 0.07777777777777778
9.0 0.15441176470588236 0.2222222222222222 0.024509803921568627 0.027777777777777776
9.0 0.1323529411764706 0.24722222222222223 0.024509803921568627 0.03333333333333333
