3.0 0.3946078431372549 0.8694444444444445 0.15196078431372548 0.16111111111111112
4.0 0.6433823529411765 0.6930555555555555 0.15931372549019607 0.21944444444444444
4.0 0.7254901960784313 0.3402777777777778 0.10784313725490197 0.15833333333333333
3.0 0.36151960784313725 0.14722222222222223 0.0857843137254902 0.07777777777777778
3.0 0.19607843137254902 0.18611111111111112 0.058823529411764705 0.07777777777777778
3.0 0.0661764705882353 0.3347222222222222 0.03431372549019608 0.09166666666666666
3.0 0.00980392156862745 0.5486111111111112 0.014705882352941176 0.06388888888888888
0.0 0.023284313725490197 0.5319444444444444 0.007352941176470588 0.05277777777777778
0.0 0.04779411764705882 0.6013888888888889 0.012254901960784314 0.058333333333333334
0.0 0.05759803921568627 0.5916666666666667 0.012254901960784314 0.05555555555555555
0.0 0.05759803921568627 0.5597222222222222 0.012254901960784314 0.058333333333333334
3.0 0.01715686274509804 0.3902777777777778 0.024509803921568627 0.08055555555555556
3.0 0.07230392156862746 0.26944444444444443 0.041666666666666664 0.06666666666666667
3.0 0.375 0.04583333333333333 0.05392156862745098 0.03611111111111111
3.0 0.4583333333333333 0.018055555555555554 0.0392156862745098 0.013888888888888888
3.0 0.5024509803921569 0.008333333333333333 0.03431372549019608 0.011111111111111112
3.0 0.38235294117647056 0.020833333333333332 0.0392156862745098 0.019444444444444445
3.0 0.9656862745098039 0.6722222222222223 0.04411764705882353 0.13333333333333333
0.0 0.9644607843137255 0.3625 0.007352941176470588 0.03611111111111111
3.0 0.9387254901960784 0.26666666666666666 0.03431372549019608 0.06111111111111111
0.0 0.9534313725490197 0.2875 0.00980392156862745 0.030555555555555555
9.0 0.8786764705882353 0.34305555555555556 0.022058823529411766 0.04722222222222222
0.0 0.875 0.3194444444444444 0.0196078431372549 0.05
0.0 0.6973039215686274 0.05138888888888889 0.01715686274509804 0.019444444444444445
0.0 0.8492647058823529 0.1375 0.012254901960784314 0.019444444444444445
4.0 0.08700980392156862 0.2388888888888889 0.041666666666666664 0.06666666666666667
3.0 0.05269607843137255 0.2777777777777778 0.03676470588235294 0.06111111111111111
3.0 0.0661764705882353 0.25277777777777777 0.03431372549019608 0.05555555555555555
3.0 0.07720588235294118 0.23333333333333334 0.041666666666666664 0.06111111111111111
3.0 0.08823529411764706 0.2125 0.03431372549019608 0.04722222222222222
3.0 0.11274509803921569 0.17222222222222222 0.0392156862745098 0.044444444444444446
3.0 0.10294117647058823 0.19305555555555556 0.04411764705882353 0.05277777777777778
0.0 0.05759803921568627 0.2569444444444444 0.012254901960784314 0.030555555555555555
0.0 0.0428921568627451 0.2777777777777778 0.012254901960784314 0.03333333333333333
2.0 0.0821078431372549 0.19583333333333333 0.012254901960784314 0.019444444444444445
9.0 0.049019607843137254 0.25555555555555554 0.00980392156862745 0.016666666666666666
2.0 0.051470588235294115 0.25 0.00980392156862745 0.016666666666666666
9.0 0.14950980392156862 0.13055555555555556 0.0196078431372549 0.022222222222222223
3.0 0.1715686274509804 0.12222222222222222 0.049019607843137254 0.044444444444444446
3.0 0.17034313725490197 0.13333333333333333 0.03676470588235294 0.03888888888888889
3.0 0.15441176470588236 0.15694444444444444 0.029411764705882353 0.03611111111111111
4.0 0.13848039215686275 0.18333333333333332 0.041666666666666664 0.05555555555555555
3.0 0.1213235294117647 0.2222222222222222 0.04656862745098039 0.06111111111111111
