5.0 0.029411764705882353 0.6722222222222223 0.0392156862745098 0.10555555555555556
0.0 0.014705882352941176 0.6333333333333333 0.00980392156862745 0.03333333333333333
0.0 0.014705882352941176 0.6375 0.004901960784313725 0.030555555555555555
6.0 0.1715686274509804 0.8430555555555556 0.08823529411764706 0.11388888888888889
0.0 0.35661764705882354 0.9194444444444444 0.041666666666666664 0.05
0.0 0.40808823529411764 0.9666666666666667 0.031862745098039214 0.03333333333333333
3.0 0.6752450980392157 0.8986111111111111 0.16911764705882354 0.125
6.0 0.7058823529411765 0.9430555555555555 0.08333333333333333 0.058333333333333334
3.0 0.7818627450980392 0.8902777777777777 0.12254901960784313 0.11944444444444445
1.0 0.7720588235294118 0.8569444444444444 0.0392156862745098 0.05277777777777778
9.0 0.7720588235294118 0.8569444444444444 0.06372549019607843 0.058333333333333334
0.0 0.7254901960784313 0.8569444444444444 0.04411764705882353 0.058333333333333334
9.0 0.7352941176470589 0.8555555555555555 0.04411764705882353 0.05555555555555555
6.0 0.8259803921568627 0.7805555555555556 0.0392156862745098 0.07222222222222222
4.0 0.7708333333333334 0.8 0.09558823529411764 0.12222222222222222
1.0 0.9093137254901961 0.7902777777777777 0.024509803921568627 0.041666666666666664
9.0 0.9031862745098039 0.8055555555555556 0.031862745098039214 0.05555555555555555
5.0 0.015931372549019607 0.5305555555555556 0.02696078431372549 0.08333333333333333
3.0 0.004901960784313725 0.48055555555555557 0.00980392156862745 0.03333333333333333
3.0 0.03676470588235294 0.4888888888888889 0.024509803921568627 0.044444444444444446
3.0 0.0428921568627451 0.4625 0.02696078431372549 0.041666666666666664
0.0 0.00857843137254902 0.42777777777777776 0.0024509803921568627 0.022222222222222223
0.0 0.01838235294117647 0.4305555555555556 0.0024509803921568627 0.027777777777777776
0.0 0.01838235294117647 0.4222222222222222 0.0024509803921568627 0.022222222222222223
0.0 0.01715686274509804 0.40694444444444444 0.004901960784313725 0.025
2.0 0.014705882352941176 0.43472222222222223 0.004901960784313725 0.013888888888888888
3.0 0.049019607843137254 0.35 0.0196078431372549 0.03888888888888889
3.0 0.11397058823529412 0.3763888888888889 0.031862745098039214 0.06388888888888888
3.0 0.15808823529411764 0.2916666666666667 0.03676470588235294 0.05555555555555555
3.0 0.34558823529411764 0.2611111111111111 0.058823529411764705 0.06111111111111111
3.0 0.46691176470588236 0.30416666666666664 0.10049019607843138 0.075
3.0 0.7794117647058824 0.5625 0.06372549019607843 0.09722222222222222
3.0 0.7328431372549019 0.375 0.06372549019607843 0.07777777777777778
5.0 0.6850490196078431 0.25555555555555554 0.07598039215686274 0.1
0.0 0.8982843137254902 0.5111111111111111 0.007352941176470588 0.044444444444444446
3.0 0.866421568627451 0.35555555555555557 0.03676470588235294 0.06111111111111111
0.0 0.9926470588235294 0.5625 0.004901960784313725 0.030555555555555555
0.0 0.991421568627451 0.5138888888888888 0.0024509803921568627 0.027777777777777776
1.0 0.9938725490196079 0.525 0.0024509803921568627 0.022222222222222223
2.0 0.9938725490196079 0.5361111111111111 0.0024509803921568627 0.016666666666666666
0.0 0.9203431372549019 0.55 0.007352941176470588 0.05
9.0 0.9313725490196079 0.6208333333333333 0.00980392156862745 0.041666666666666664
0.0 0.05514705882352941 0.32916666666666666 0.007352941176470588 0.019444444444444445
0.0 0.09926470588235294 0.28194444444444444 0.007352941176470588 0.025
0.0 0.10294117647058823 0.2791666666666667 0.00980392156862745 0.025
3.0 0.10784313725490197 0.2861111111111111 0.024509803921568627 0.03888888888888889
3.0 0.125 0.29583333333333334 0.04411764705882353 0.04722222222222222
3.0 0.22181372549019607 0.20416666666666666 0.031862745098039214 0.030555555555555555
4.0 0.25245098039215685 0.16527777777777777 0.029411764705882353 0.030555555555555555
0.0 0.23161764705882354 0.18194444444444444 0.007352941176470588 0.013888888888888888
0.0 0.22916666666666666 0.20416666666666666 0.012254901960784314 0.019444444444444445
3.0 0.6507352941176471 0.1875 0.041666666666666664 0.03611111111111111
1.0 0.6066176470588235 0.17083333333333334 0.012254901960784314 0.013888888888888888
6.0 0.6090686274509803 0.1763888888888889 0.02696078431372549 0.030555555555555555
6.0 0.5845588235294118 0.1375 0.022058823529411766 0.025
1.0 0.5833333333333334 0.13194444444444445 0.00980392156862745 0.013888888888888888
3.0 0.6066176470588235 0.12083333333333333 0.02696078431372549 0.019444444444444445
5.0 0.8100490196078431 0.24027777777777778 0.041666666666666664 0.06388888888888888
3.0 0.696078431372549 0.13472222222222222 0.03431372549019608 0.025
4.0 0.7279411764705882 0.1638888888888889 0.029411764705882353 0.027777777777777776
3.0 0.7205882352941176 0.15138888888888888 0.03431372549019608 0.025
0.0 0.09681372549019608 0.25833333333333336 0.007352941176470588 0.022222222222222223
0.0 0.1090686274509804 0.2513888888888889 0.007352941176470588 0.019444444444444445
0.0 0.11397058823529412 0.24583333333333332 0.007352941176470588 0.019444444444444445
9.0 0.125 0.23055555555555557 0.004901960784313725 0.011111111111111112
5.0 0.13602941176470587 0.24583333333333332 0.02696078431372549 0.03611111111111111
4.0 0.1556372549019608 0.2152777777777778 0.022058823529411766 0.030555555555555555
4.0 0.16789215686274508 0.18055555555555555 0.01715686274509804 0.022222222222222223
9.0 0.15196078431372548 0.19722222222222222 0.00980392156862745 0.011111111111111112
9.0 0.18504901960784315 0.16527777777777777 0.012254901960784314 0.013888888888888888
3.0 0.18995098039215685 0.15555555555555556 0.02696078431372549 0.022222222222222223
3.0 0.2610294117647059 0.11388888888888889 0.03676470588235294 0.022222222222222223
3.0 0.26838235294117646 0.10833333333333334 0.041666666666666664 0.022222222222222223
4.0 0.27818627450980393 0.10138888888888889 0.03676470588235294 0.019444444444444445
4.0 0.26838235294117646 0.09722222222222222 0.02696078431372549 0.016666666666666666
3.0 0.32230392156862747 0.07222222222222222 0.022058823529411766 0.011111111111111112
3.0 0.32598039215686275 0.07083333333333333 0.0196078431372549 0.008333333333333333
1.0 0.44362745098039214 0.06527777777777778 0.004901960784313725 0.002777777777777778
1.0 0.4411764705882353 0.058333333333333334 0.004901960784313725 0.005555555555555556
1.0 0.4571078431372549 0.05416666666666667 0.0024509803921568627 0.002777777777777778
1.0 0.5453431372549019 0.059722222222222225 0.0024509803921568627 0.002777777777777778
3.0 0.5245098039215687 0.06111111111111111 0.014705882352941176 0.005555555555555556
9.0 0.43995098039215685 0.06111111111111111 0.0024509803921568627 0.005555555555555556
9.0 0.45588235294117646 0.05555555555555555 0.004901960784313725 0.005555555555555556
9.0 0.44362745098039214 0.06805555555555555 0.004901960784313725 0.002777777777777778
9.0 0.5465686274509803 0.06111111111111111 0.004901960784313725 0.005555555555555556
4.0 0.5073529411764706 0.05694444444444444 0.014705882352941176 0.008333333333333333
3.0 0.38480392156862747 0.05694444444444444 0.014705882352941176 0.008333333333333333
3.0 0.4387254901960784 0.04722222222222222 0.014705882352941176 0.005555555555555556
3.0 0.5049019607843137 0.044444444444444446 0.00980392156862745 0.005555555555555556
3.0 0.47794117647058826 0.043055555555555555 0.00980392156862745 0.002777777777777778
3.0 0.44730392156862747 0.04027777777777778 0.007352941176470588 0.002777777777777778
3.0 0.46568627450980393 0.03611111111111111 0.00980392156862745 0.0
3.0 0.48284313725490197 0.0375 0.00980392156862745 0.002777777777777778
3.0 0.5012254901960784 0.03333333333333333 0.007352941176470588 0.005555555555555556
3.0 0.5294117647058824 0.0375 0.004901960784313725 0.002777777777777778
6.0 0.5281862745098039 0.04583333333333333 0.007352941176470588 0.008333333333333333
4.0 0.6531862745098039 0.06111111111111111 0.02696078431372549 0.011111111111111112
1.0 0.6593137254901961 0.10277777777777777 0.004901960784313725 0.011111111111111112
