9.0 0.9938725490196079 0.4708333333333333 0.0024509803921568627 0.025
9.0 0.9779411764705882 0.4513888888888889 0.00980392156862745 0.030555555555555555
1.0 0.9779411764705882 0.44722222222222224 0.004901960784313725 0.03888888888888889
0.0 0.9644607843137255 0.4 0.007352941176470588 0.03888888888888889
5.0 0.9558823529411765 0.5236111111111111 0.0392156862745098 0.09722222222222222
0.0 0.9595588235294118 0.5083333333333333 0.007352941176470588 0.03888888888888889
0.0 0.9534313725490197 0.4986111111111111 0.004901960784313725 0.041666666666666664
0.0 0.9387254901960784 0.5055555555555555 0.004901960784313725 0.05
0.0 0.9252450980392157 0.5666666666666667 0.012254901960784314 0.05555555555555555
1.0 0.9325980392156863 0.5527777777777778 0.007352941176470588 0.03888888888888889
0.0 0.9387254901960784 0.5486111111111112 0.00980392156862745 0.041666666666666664
4.0 0.9252450980392157 0.375 0.061274509803921566 0.1111111111111111
4.0 0.8602941176470589 0.3486111111111111 0.09803921568627451 0.125
0.0 0.8284313725490197 0.3486111111111111 0.029411764705882353 0.08055555555555556
6.0 0.8431372549019608 0.5791666666666667 0.09313725490196079 0.10833333333333334
1.0 0.8419117647058824 0.5444444444444444 0.022058823529411766 0.06666666666666667
1.0 0.8100490196078431 0.5222222222222223 0.022058823529411766 0.05555555555555555
1.0 0.7401960784313726 0.36944444444444446 0.03431372549019608 0.05555555555555555
0.0 0.6813725490196079 0.3333333333333333 0.0392156862745098 0.1
0.0 0.6544117647058824 0.3375 0.0392156862745098 0.09722222222222222
0.0 0.6188725490196079 0.3333333333333333 0.04656862745098039 0.1111111111111111
0.0 0.6580882352941176 0.4875 0.051470588235294115 0.11944444444444445
0.0 0.6568627450980392 0.4625 0.049019607843137254 0.125
1.0 0.5943627450980392 0.6486111111111111 0.051470588235294115 0.06944444444444445
0.0 0.36887254901960786 0.5819444444444445 0.051470588235294115 0.13055555555555556
0.0 0.3431372549019608 0.6375 0.049019607843137254 0.11944444444444445
3.0 0.3125 0.7527777777777778 0.2818627450980392 0.2
0.0 0.09681372549019608 0.5930555555555556 0.022058823529411766 0.08055555555555556
0.0 0.0625 0.6013888888888889 0.01715686274509804 0.06388888888888888
6.0 0.05024509803921569 0.6125 0.041666666666666664 0.10277777777777777
6.0 0.1090686274509804 0.5805555555555556 0.07107843137254902 0.11666666666666667
6.0 0.36151960784313725 0.3111111111111111 0.18382352941176472 0.13333333333333333
0.0 0.24877450980392157 0.35 0.03676470588235294 0.09444444444444444
1.0 0.21446078431372548 0.4152777777777778 0.041666666666666664 0.09722222222222222
1.0 0.19852941176470587 0.4361111111111111 0.024509803921568627 0.06111111111111111
9.0 0.21691176470588236 0.41805555555555557 0.061274509803921566 0.10833333333333334
9.0 0.15196078431372548 0.5055555555555555 0.049019607843137254 0.07222222222222222
1.0 0.15073529411764705 0.49444444444444446 0.022058823529411766 0.07222222222222222
0.0 0.15808823529411764 0.43333333333333335 0.022058823529411766 0.09444444444444444
0.0 0.15808823529411764 0.3972222222222222 0.022058823529411766 0.08333333333333333
6.0 0.19730392156862744 0.35555555555555557 0.12009803921568628 0.14444444444444443
2.0 0.13602941176470587 0.40694444444444444 0.03676470588235294 0.08611111111111111
7.0 0.09191176470588236 0.4013888888888889 0.08088235294117647 0.13055555555555556
0.0 0.051470588235294115 0.43194444444444446 0.00980392156862745 0.06388888888888888
1.0 0.04534313725490196 0.46944444444444444 0.007352941176470588 0.05555555555555555
9.0 0.04411764705882353 0.47638888888888886 0.014705882352941176 0.04722222222222222
0.0 0.0196078431372549 0.4222222222222222 0.00980392156862745 0.044444444444444446
0.0 0.01715686274509804 0.39166666666666666 0.00980392156862745 0.044444444444444446
0.0 0.023284313725490197 0.3763888888888889 0.012254901960784314 0.041666666666666664
1.0 0.022058823529411766 0.3347222222222222 0.00980392156862745 0.030555555555555555
9.0 0.020833333333333332 0.3402777777777778 0.012254901960784314 0.03611111111111111
4.0 0.09926470588235294 0.2611111111111111 0.0661764705882353 0.09444444444444444
3.0 0.7181372549019608 0.1986111111111111 0.1568627450980392 0.11944444444444445
3.0 0.07230392156862746 0.22916666666666666 0.03676470588235294 0.058333333333333334
3.0 0.12745098039215685 0.2125 0.0784313725490196 0.09722222222222222
4.0 0.2536764705882353 0.13194444444444445 0.11029411764705882 0.09166666666666666
0.0 0.0661764705882353 0.20833333333333334 0.00980392156862745 0.022222222222222223
1.0 0.12745098039215685 0.16111111111111112 0.014705882352941176 0.022222222222222223
1.0 0.12867647058823528 0.1597222222222222 0.012254901960784314 0.019444444444444445
9.0 0.12377450980392157 0.1638888888888889 0.022058823529411766 0.027777777777777776
1.0 0.16299019607843138 0.15 0.022058823529411766 0.03333333333333333
2.0 0.16176470588235295 0.15416666666666667 0.029411764705882353 0.03611111111111111
1.0 0.24632352941176472 0.08333333333333333 0.022058823529411766 0.022222222222222223
1.0 0.25980392156862747 0.07222222222222222 0.0196078431372549 0.016666666666666666
1.0 0.27328431372549017 0.07083333333333333 0.01715686274509804 0.013888888888888888
6.0 0.2536764705882353 0.08333333333333333 0.056372549019607844 0.03888888888888889
3.0 0.3958333333333333 0.015277777777777777 0.09068627450980392 0.025
1.0 0.35049019607843135 0.044444444444444446 0.0196078431372549 0.016666666666666666
1.0 0.34068627450980393 0.04722222222222222 0.0196078431372549 0.016666666666666666
9.0 0.34068627450980393 0.05138888888888889 0.04411764705882353 0.025
3.0 0.6458333333333334 0.07361111111111111 0.13480392156862744 0.06388888888888888
9.0 0.5808823529411765 0.027777777777777776 0.04411764705882353 0.016666666666666666
3.0 0.9068627450980392 0.21805555555555556 0.049019607843137254 0.06388888888888888
3.0 0.946078431372549 0.2722222222222222 0.03431372549019608 0.06111111111111111
3.0 0.7561274509803921 0.06666666666666667 0.056372549019607844 0.03333333333333333
3.0 0.6924019607843137 0.04027777777777778 0.061274509803921566 0.030555555555555555
