0.0 0.612565445026178 0.3296875 0.005235602094240838 0.015625
0.0 0.6230366492146597 0.3796875 0.005235602094240838 0.015625
3.0 0.45549738219895286 0.3109375 0.010471204188481676 0.015625
4.0 0.4816753926701571 0.309375 0.010471204188481676 0.01875
8.0 0.3416230366492147 0.36875 0.028795811518324606 0.0375
6.0 0.612565445026178 0.44375 0.020942408376963352 0.025
3.0 0.5916230366492147 0.515625 0.05235602094240838 0.025
3.0 0.5968586387434555 0.5046875 0.05759162303664921 0.021875
0.0 0.6321989528795812 0.5625 0.007853403141361256 0.025
3.0 0.6020942408376964 0.728125 0.08376963350785341 0.04375
0.0 0.6361256544502618 0.89375 0.015706806282722512 0.025
0.0 0.6636125654450262 0.8875 0.01832460732984293 0.025
0.0 0.650523560209424 0.89375 0.013089005235602094 0.01875
0.0 0.6413612565445026 0.903125 0.015706806282722512 0.01875
3.0 0.4725130890052356 0.7625 0.034031413612565446 0.04375
3.0 0.4856020942408377 0.8265625 0.028795811518324606 0.040625
0.0 0.4410994764397906 0.8390625 0.013089005235602094 0.021875
2.0 0.4594240837696335 0.8640625 0.013089005235602094 0.021875
1.0 0.4581151832460733 0.859375 0.010471204188481676 0.025
3.0 0.48429319371727747 0.884375 0.04712041884816754 0.04375
5.0 0.49607329842931935 0.940625 0.049738219895287955 0.06875
3.0 0.42670157068062825 0.9515625 0.05235602094240838 0.040625
3.0 0.4162303664921466 0.834375 0.041884816753926704 0.04375
3.0 0.33507853403141363 0.9515625 0.05759162303664921 0.053125
8.0 0.3756544502617801 0.8703125 0.08115183246073299 0.103125
5.0 0.3219895287958115 0.8328125 0.06806282722513089 0.078125
0.0 0.2094240837696335 0.7421875 0.010471204188481676 0.028125
3.0 0.25785340314136124 0.9015625 0.060209424083769635 0.065625
1.0 0.2238219895287958 0.921875 0.013089005235602094 0.01875
6.0 0.1649214659685864 0.8859375 0.02617801047120419 0.034375
1.0 0.16753926701570682 0.8859375 0.010471204188481676 0.015625
3.0 0.09162303664921466 0.815625 0.04712041884816754 0.0625
3.0 0.09162303664921466 0.7984375 0.041884816753926704 0.053125
3.0 0.0968586387434555 0.7859375 0.04712041884816754 0.059375
3.0 0.09816753926701571 0.76875 0.03926701570680628 0.05
3.0 0.10602094240837696 0.759375 0.04450261780104712 0.05625
3.0 0.10471204188481675 0.7390625 0.03664921465968586 0.046875
3.0 0.10863874345549739 0.7265625 0.03926701570680628 0.046875
3.0 0.11518324607329843 0.7109375 0.03664921465968586 0.046875
9.0 0.08900523560209424 0.690625 0.010471204188481676 0.025
9.0 0.09424083769633508 0.684375 0.010471204188481676 0.025
9.0 0.10732984293193717 0.6703125 0.010471204188481676 0.021875
3.0 0.12303664921465969 0.6921875 0.03664921465968586 0.046875
3.0 0.12958115183246074 0.6734375 0.034031413612565446 0.046875
9.0 0.12041884816753927 0.6359375 0.015706806282722512 0.021875
0.0 0.14397905759162305 0.6640625 0.010471204188481676 0.028125
0.0 0.16753926701570682 0.734375 0.010471204188481676 0.025
3.0 0.15706806282722513 0.8484375 0.05235602094240838 0.071875
3.0 0.16099476439790575 0.8078125 0.049738219895287955 0.071875
3.0 0.17277486910994763 0.7609375 0.041884816753926704 0.059375
3.0 0.36387434554973824 0.7046875 0.041884816753926704 0.046875
3.0 0.2054973821989529 0.665625 0.034031413612565446 0.05625
3.0 0.22251308900523561 0.6265625 0.031413612565445025 0.046875
4.0 0.24214659685863874 0.5703125 0.034031413612565446 0.046875
3.0 0.2604712041884817 0.53125 0.028795811518324606 0.03125
3.0 0.2761780104712042 0.496875 0.01832460732984293 0.03125
3.0 0.29712041884816753 0.4734375 0.02356020942408377 0.028125
0.0 0.32591623036649214 0.6703125 0.007853403141361256 0.021875
0.0 0.3298429319371728 0.6703125 0.010471204188481676 0.028125
3.0 0.40445026178010474 0.5015625 0.02356020942408377 0.021875
3.0 0.3887434554973822 0.584375 0.028795811518324606 0.03125
3.0 0.4306282722513089 0.578125 0.028795811518324606 0.0375
6.0 0.46596858638743455 0.5296875 0.015706806282722512 0.028125
1.0 0.46596858638743455 0.5234375 0.010471204188481676 0.021875
9.0 0.4738219895287958 0.65 0.005235602094240838 0.025
1.0 0.47643979057591623 0.64375 0.005235602094240838 0.025
0.0 0.612565445026178 0.4140625 0.005235602094240838 0.015625
0.0 0.6178010471204188 0.415625 0.005235602094240838 0.01875
0.0 0.6282722513089005 0.434375 0.005235602094240838 0.01875
0.0 0.6335078534031413 0.4375 0.005235602094240838 0.01875
3.0 0.5602094240837696 0.390625 0.06282722513089005 0.03125
3.0 0.5615183246073299 0.3703125 0.06544502617801047 0.028125
