3.0 0.4215686274509804 0.009722222222222222 0.014705882352941176 0.008333333333333333
3.0 0.4644607843137255 0.008333333333333333 0.012254901960784314 0.005555555555555556
3.0 0.43504901960784315 0.0625 0.03676470588235294 0.019444444444444445
3.0 0.4963235294117647 0.05277777777777778 0.031862745098039214 0.011111111111111112
3.0 0.5784313725490197 0.030555555555555555 0.024509803921568627 0.011111111111111112
3.0 0.48651960784313725 0.011111111111111112 0.031862745098039214 0.005555555555555556
3.0 0.6642156862745098 0.05 0.024509803921568627 0.016666666666666666
3.0 0.31985294117647056 0.12361111111111112 0.041666666666666664 0.03611111111111111
3.0 0.48284313725490197 0.1125 0.04411764705882353 0.030555555555555555
3.0 0.6127450980392157 0.10972222222222222 0.049019607843137254 0.030555555555555555
3.0 0.5857843137254902 0.06944444444444445 0.03431372549019608 0.022222222222222223
3.0 0.5563725490196079 0.1736111111111111 0.058823529411764705 0.04722222222222222
3.0 0.678921568627451 0.2152777777777778 0.058823529411764705 0.06944444444444445
3.0 0.7401960784313726 0.34305555555555556 0.0784313725490196 0.10277777777777777
3.0 0.7279411764705882 0.4583333333333333 0.058823529411764705 0.12222222222222222
3.0 0.33700980392156865 0.38055555555555554 0.08088235294117647 0.12222222222222222
3.0 0.25 0.30833333333333335 0.07352941176470588 0.1
3.0 0.5784313725490197 0.9375 0.11764705882352941 0.08611111111111111
3.0 0.16053921568627452 0.8194444444444444 0.10049019607843138 0.14444444444444443
3.0 0.17524509803921567 0.6986111111111111 0.09558823529411764 0.1638888888888889
3.0 0.17892156862745098 0.5597222222222222 0.06372549019607843 0.14722222222222223
3.0 0.23651960784313725 0.25277777777777777 0.0661764705882353 0.08333333333333333
3.0 0.27941176470588236 0.19305555555555556 0.058823529411764705 0.058333333333333334
4.0 0.3480392156862745 0.08888888888888889 0.0392156862745098 0.03333333333333333
4.0 0.28799019607843135 0.7555555555555555 0.11029411764705882 0.17777777777777778
3.0 0.2855392156862745 0.12638888888888888 0.03676470588235294 0.03611111111111111
3.0 0.2855392156862745 0.1111111111111111 0.051470588235294115 0.03333333333333333
3.0 0.30269607843137253 0.09583333333333334 0.061274509803921566 0.03611111111111111
3.0 0.3137254901960784 0.075 0.049019607843137254 0.027777777777777776
3.0 0.31985294117647056 0.06805555555555555 0.051470588235294115 0.030555555555555555
3.0 0.3431372549019608 0.04722222222222222 0.05392156862745098 0.022222222222222223
3.0 0.20955882352941177 0.23333333333333334 0.061274509803921566 0.05555555555555555
3.0 0.16544117647058823 0.4 0.09068627450980392 0.08333333333333333
3.0 0.09558823529411764 0.5944444444444444 0.05392156862745098 0.08333333333333333
3.0 0.10661764705882353 0.6944444444444444 0.07598039215686274 0.1111111111111111
3.0 0.1323529411764706 0.8444444444444444 0.10784313725490197 0.1111111111111111
0.0 0.7598039215686274 0.7222222222222222 0.0392156862745098 0.08888888888888889
0.0 0.5980392156862745 0.16111111111111112 0.024509803921568627 0.03888888888888889
0.0 0.5698529411764706 0.05555555555555555 0.012254901960784314 0.011111111111111112
0.0 0.5453431372549019 0.025 0.012254901960784314 0.011111111111111112
0.0 0.5392156862745098 0.025 0.00980392156862745 0.011111111111111112
0.0 0.5330882352941176 0.02361111111111111 0.007352941176470588 0.008333333333333333
3.0 0.6409313725490197 0.14305555555555555 0.051470588235294115 0.03611111111111111
3.0 0.6495098039215687 0.17083333333333334 0.10294117647058823 0.058333333333333334
3.0 0.6151960784313726 0.05 0.0392156862745098 0.016666666666666666
3.0 0.6507352941176471 0.06388888888888888 0.03676470588235294 0.022222222222222223
3.0 0.6850490196078431 0.0763888888888889 0.041666666666666664 0.025
3.0 0.6850490196078431 0.06944444444444445 0.041666666666666664 0.022222222222222223
3.0 0.6985294117647058 0.05555555555555555 0.03431372549019608 0.016666666666666666
3.0 0.6911764705882353 0.041666666666666664 0.029411764705882353 0.016666666666666666
3.0 0.6102941176470589 0.0375 0.03431372549019608 0.013888888888888888
3.0 0.6017156862745098 0.030555555555555555 0.02696078431372549 0.011111111111111112
4.0 0.6372549019607843 0.043055555555555555 0.029411764705882353 0.013888888888888888
4.0 0.6470588235294118 0.05555555555555555 0.029411764705882353 0.016666666666666666
4.0 0.6887254901960784 0.058333333333333334 0.024509803921568627 0.016666666666666666
4.0 0.6507352941176471 0.041666666666666664 0.02696078431372549 0.016666666666666666
4.0 0.6727941176470589 0.04722222222222222 0.02696078431372549 0.016666666666666666
5.0 0.5612745098039216 0.013888888888888888 0.05392156862745098 0.016666666666666666
1.0 0.6090686274509803 0.5055555555555555 0.02696078431372549 0.06111111111111111
1.0 0.6090686274509803 0.49722222222222223 0.03676470588235294 0.09444444444444444
9.0 0.6066176470588235 0.525 0.031862745098039214 0.08333333333333333
1.0 0.36887254901960786 0.04861111111111111 0.012254901960784314 0.008333333333333333
1.0 0.5220588235294118 0.027777777777777776 0.00980392156862745 0.005555555555555556
1.0 0.5049019607843137 0.019444444444444445 0.00980392156862745 0.005555555555555556
0.0 0.39338235294117646 0.06805555555555555 0.01715686274509804 0.013888888888888888
9.0 0.36887254901960786 0.05138888888888889 0.012254901960784314 0.008333333333333333
9.0 0.5049019607843137 0.022222222222222223 0.004901960784313725 0.005555555555555556
9.0 0.5220588235294118 0.030555555555555555 0.00980392156862745 0.005555555555555556
8.0 0.6580882352941176 0.02638888888888889 0.051470588235294115 0.019444444444444445
9.0 0.05759803921568627 0.42777777777777776 0.012254901960784314 0.027777777777777776
