4.0 0.9056372549019608 0.7166666666666667 0.04656862745098039 0.07777777777777778
3.0 0.7549019607843137 0.6638888888888889 0.08823529411764706 0.07222222222222222
3.0 0.030637254901960783 0.425 0.007352941176470588 0.016666666666666666
4.0 0.05759803921568627 0.39166666666666666 0.012254901960784314 0.022222222222222223
8.0 0.31495098039215685 0.17222222222222222 0.07107843137254902 0.03888888888888889
3.0 0.7769607843137255 0.3125 0.04411764705882353 0.04722222222222222
3.0 0.8615196078431373 0.3138888888888889 0.022058823529411766 0.03333333333333333
4.0 0.7647058823529411 0.21944444444444444 0.0196078431372549 0.022222222222222223
5.0 0.8504901960784313 0.24305555555555555 0.03431372549019608 0.03611111111111111
5.0 0.8921568627450981 0.31666666666666665 0.029411764705882353 0.044444444444444446
4.0 0.9362745098039216 0.3472222222222222 0.00980392156862745 0.016666666666666666
5.0 0.9117647058823529 0.3111111111111111 0.0196078431372549 0.03333333333333333
3.0 0.9730392156862745 0.3611111111111111 0.004901960784313725 0.011111111111111112
5.0 0.01715686274509804 0.3736111111111111 0.014705882352941176 0.03611111111111111
