3.0 0.4753521126760563 0.9538461538461539 0.11032863849765258 0.05128205128205128
3.0 0.6396713615023474 0.5692307692307692 0.08685446009389672 0.10256410256410256
1.0 0.6901408450704225 0.9115384615384615 0.03755868544600939 0.028205128205128206
1.0 0.6971830985915493 0.9051282051282051 0.03286384976525822 0.02564102564102564
1.0 0.7077464788732394 0.9243589743589744 0.03051643192488263 0.023076923076923078
1.0 0.7617370892018779 0.8782051282051282 0.025821596244131457 0.028205128205128206
1.0 0.7593896713615024 0.8846153846153846 0.02112676056338028 0.020512820512820513
9.0 0.31220657276995306 0.7025641025641025 0.051643192488262914 0.09230769230769231
1.0 0.8086854460093896 0.6641025641025641 0.035211267605633804 0.06666666666666667
9.0 0.6572769953051644 0.4307692307692308 0.018779342723004695 0.041025641025641026
1.0 0.6572769953051644 0.41410256410256413 0.018779342723004695 0.04358974358974359
0.0 0.7241784037558685 0.4012820512820513 0.02112676056338028 0.05897435897435897
3.0 0.6971830985915493 0.3282051282051282 0.056338028169014086 0.05641025641025641
0.0 0.7488262910798122 0.41794871794871796 0.014084507042253521 0.046153846153846156
0.0 0.7593896713615024 0.40897435897435896 0.01643192488262911 0.038461538461538464
3.0 0.5704225352112676 0.17051282051282052 0.046948356807511735 0.03333333333333333
9.0 0.744131455399061 0.7115384615384616 0.023474178403755867 0.04358974358974359
1.0 0.7476525821596244 0.6961538461538461 0.02112676056338028 0.04358974358974359
