3.0 0.6321989528795812 0.809375 0.0968586387434555 0.13125
7.0 0.337696335078534 0.7359375 0.05235602094240838 0.103125
3.0 0.4803664921465969 0.5 0.0968586387434555 0.125
3.0 0.637434554973822 0.353125 0.1387434554973822 0.08125
3.0 0.5719895287958116 0.2546875 0.112565445026178 0.059375
5.0 0.662303664921466 0.2921875 0.13089005235602094 0.090625
3.0 0.7198952879581152 0.2671875 0.09947643979057591 0.065625
3.0 0.8023560209424084 0.53125 0.04450261780104712 0.15
7.0 0.7866492146596858 0.2703125 0.049738219895287955 0.059375
0.0 0.6884816753926701 0.7890625 0.02617801047120419 0.046875
0.0 0.6897905759162304 0.7046875 0.028795811518324606 0.059375
9.0 0.2486910994764398 0.2984375 0.03664921465968586 0.034375
0.0 0.24476439790575916 0.296875 0.01832460732984293 0.04375
0.0 0.25523560209424084 0.290625 0.013089005235602094 0.0375
0.0 0.22643979057591623 0.55 0.01832460732984293 0.05625
2.0 0.6465968586387435 0.1875 0.015706806282722512 0.03125
9.0 0.30497382198952877 0.2078125 0.01832460732984293 0.034375
