6.0 0.2212041884816754 0.875 0.10732984293193717 0.15
1.0 0.19240837696335078 0.834375 0.03926701570680628 0.0625
0.0 0.25 0.8265625 0.0549738219895288 0.103125
0.0 0.25785340314136124 0.696875 0.04450261780104712 0.125
0.0 0.14921465968586387 0.8078125 0.05759162303664921 0.103125
0.0 0.112565445026178 0.7828125 0.03664921465968586 0.071875
0.0 0.14921465968586387 0.86875 0.031413612565445025 0.04375
0.0 0.13089005235602094 0.85625 0.031413612565445025 0.05
0.0 0.10732984293193717 0.81875 0.041884816753926704 0.08125
6.0 0.09031413612565445 0.803125 0.10209424083769633 0.14375
0.0 0.09162303664921466 0.8234375 0.031413612565445025 0.053125
1.0 0.1256544502617801 0.6953125 0.04712041884816754 0.078125
1.0 0.01832460732984293 0.6625 0.015706806282722512 0.05625
6.0 0.112565445026178 0.659375 0.05235602094240838 0.075
9.0 0.17277486910994763 0.6328125 0.041884816753926704 0.096875
6.0 0.12303664921465969 0.625 0.08900523560209424 0.10625
0.0 0.13350785340314136 0.5921875 0.02617801047120419 0.078125
0.0 0.14790575916230367 0.5640625 0.028795811518324606 0.103125
6.0 0.11780104712041885 0.5703125 0.08376963350785341 0.090625
0.0 0.13089005235602094 0.5203125 0.015706806282722512 0.084375
0.0 0.13481675392670156 0.5046875 0.01832460732984293 0.103125
7.0 0.2356020942408377 0.546875 0.07853403141361257 0.1875
9.0 0.2892670157068063 0.546875 0.03926701570680628 0.10625
1.0 0.2892670157068063 0.5359375 0.03926701570680628 0.109375
9.0 0.6675392670157068 0.6390625 0.05759162303664921 0.134375
9.0 0.6636125654450262 0.5125 0.07068062827225131 0.0875
9.0 0.637434554973822 0.4546875 0.049738219895287955 0.109375
5.0 0.5 0.4109375 0.1099476439790576 0.184375
6.0 0.38089005235602097 0.4328125 0.0549738219895288 0.115625
1.0 0.38219895287958117 0.4046875 0.04712041884816754 0.071875
1.0 0.3743455497382199 0.3875 0.031413612565445025 0.0625
0.0 0.2879581151832461 0.4015625 0.031413612565445025 0.096875
0.0 0.2696335078534031 0.38125 0.02617801047120419 0.09375
0.0 0.2931937172774869 0.365625 0.031413612565445025 0.08125
0.0 0.2787958115183246 0.3546875 0.028795811518324606 0.096875
0.0 0.306282722513089 0.2890625 0.031413612565445025 0.078125
0.0 0.38219895287958117 0.2609375 0.03664921465968586 0.071875
9.0 0.35602094240837695 0.2734375 0.031413612565445025 0.059375
1.0 0.35471204188481675 0.25625 0.028795811518324606 0.05
0.0 0.18848167539267016 0.4125 0.020942408376963352 0.075
0.0 0.17015706806282724 0.4046875 0.020942408376963352 0.084375
6.0 0.16230366492146597 0.4015625 0.07853403141361257 0.078125
0.0 0.20157068062827224 0.35 0.031413612565445025 0.06875
6.0 0.1950261780104712 0.29375 0.10209424083769633 0.1
6.0 0.2683246073298429 0.2703125 0.07068062827225131 0.065625
0.0 0.2787958115183246 0.253125 0.028795811518324606 0.05625
9.0 0.7709424083769634 0.8484375 0.0968586387434555 0.134375
1.0 0.7774869109947644 0.840625 0.07329842931937172 0.1125
1.0 0.7709424083769634 0.83125 0.0549738219895288 0.1
1.0 0.7735602094240838 0.81875 0.028795811518324606 0.04375
9.0 0.8023560209424084 0.759375 0.10209424083769633 0.1125
1.0 0.8115183246073299 0.7453125 0.05235602094240838 0.128125
1.0 0.8285340314136126 0.7296875 0.034031413612565446 0.090625
1.0 0.9450261780104712 0.63125 0.020942408376963352 0.075
9.0 0.9594240837696335 0.5953125 0.01832460732984293 0.071875
6.0 0.93717277486911 0.6203125 0.04712041884816754 0.084375
3.0 0.9738219895287958 0.51875 0.03664921465968586 0.0875
1.0 0.8272251308900523 0.5921875 0.03664921465968586 0.078125
1.0 0.774869109947644 0.6390625 0.041884816753926704 0.059375
0.0 0.8010471204188482 0.496875 0.03664921465968586 0.1125
0.0 0.768324607329843 0.503125 0.02356020942408377 0.1
0.0 0.7945026178010471 0.475 0.013089005235602094 0.09375
0.0 0.7696335078534031 0.4640625 0.02617801047120419 0.103125
1.0 0.7028795811518325 0.4015625 0.03926701570680628 0.078125
6.0 0.7120418848167539 0.3875 0.11518324607329843 0.09375
9.0 0.862565445026178 0.353125 0.034031413612565446 0.05
1.0 0.8664921465968587 0.315625 0.015706806282722512 0.0375
1.0 0.8573298429319371 0.3125 0.013089005235602094 0.0375
1.0 0.8429319371727748 0.3046875 0.015706806282722512 0.040625
0.0 0.7814136125654451 0.2921875 0.013089005235602094 0.034375
0.0 0.7787958115183246 0.2671875 0.02356020942408377 0.059375
6.0 0.7068062827225131 0.3015625 0.1099476439790576 0.071875
6.0 0.7028795811518325 0.271875 0.11780104712041885 0.08125
0.0 0.6714659685863874 0.25 0.028795811518324606 0.05625
6.0 0.668848167539267 0.2203125 0.10732984293193717 0.059375
0.0 0.6780104712041884 0.20625 0.02617801047120419 0.05
6.0 0.824607329842932 0.246875 0.041884816753926704 0.05
5.0 0.7931937172774869 0.203125 0.14136125654450263 0.14375
6.0 0.8416230366492147 0.24375 0.0549738219895288 0.0625
6.0 0.42539267015706805 0.171875 0.02356020942408377 0.03125
1.0 0.4280104712041885 0.1609375 0.01832460732984293 0.028125
9.0 0.5431937172774869 0.165625 0.049738219895287955 0.0375
9.0 0.4973821989528796 0.1484375 0.020942408376963352 0.021875
9.0 0.5143979057591623 0.1203125 0.013089005235602094 0.021875
9.0 0.4790575916230366 0.121875 0.020942408376963352 0.01875
9.0 0.44502617801047123 0.1265625 0.020942408376963352 0.021875
9.0 0.443717277486911 0.08125 0.013089005235602094 0.0125
9.0 0.4869109947643979 0.0609375 0.010471204188481676 0.009375
1.0 0.443717277486911 0.1203125 0.01832460732984293 0.021875
1.0 0.4973821989528796 0.1421875 0.020942408376963352 0.028125
1.0 0.4790575916230366 0.115625 0.015706806282722512 0.01875
1.0 0.5117801047120419 0.115625 0.013089005235602094 0.025
1.0 0.443717277486911 0.0765625 0.013089005235602094 0.015625
1.0 0.4869109947643979 0.059375 0.010471204188481676 0.0125
0.0 0.4083769633507853 0.1234375 0.015706806282722512 0.028125
6.0 0.41492146596858637 0.0984375 0.01832460732984293 0.021875
1.0 0.41361256544502617 0.09375 0.015706806282722512 0.01875
0.0 0.4083769633507853 0.0796875 0.010471204188481676 0.015625
4.0 0.39267015706806285 0.0625 0.02617801047120419 0.01875
1.0 0.5706806282722513 0.0703125 0.010471204188481676 0.009375
9.0 0.4319371727748691 0.0515625 0.005235602094240838 0.009375
9.0 0.4594240837696335 0.046875 0.007853403141361256 0.00625
9.0 0.4725130890052356 0.04375 0.007853403141361256 0.00625
1.0 0.43324607329842935 0.05 0.007853403141361256 0.0125
1.0 0.4594240837696335 0.04375 0.007853403141361256 0.00625
1.0 0.4712041884816754 0.0453125 0.010471204188481676 0.009375
6.0 0.49345549738219896 0.05 0.013089005235602094 0.0125
1.0 0.49607329842931935 0.046875 0.007853403141361256 0.00625
4.0 0.5497382198952879 0.0453125 0.04712041884816754 0.015625
3.0 0.5706806282722513 0.046875 0.04712041884816754 0.01875
4.0 0.4620418848167539 0.0265625 0.013089005235602094 0.009375
