3.0 0.024509803921568627 0.6527777777777778 0.03431372549019608 0.1
3.0 0.4497549019607843 0.43472222222222223 0.3112745098039216 0.2916666666666667
3.0 0.5514705882352942 0.19305555555555556 0.24019607843137256 0.125
3.0 0.5906862745098039 0.12916666666666668 0.19117647058823528 0.08055555555555556
3.0 0.9007352941176471 0.24861111111111112 0.061274509803921566 0.09166666666666666
3.0 0.9166666666666666 0.20833333333333334 0.0392156862745098 0.06111111111111111
3.0 0.04411764705882353 0.25972222222222224 0.024509803921568627 0.05277777777777778
0.0 0.0661764705882353 0.30972222222222223 0.0196078431372549 0.058333333333333334
1.0 0.07720588235294118 0.39166666666666666 0.01715686274509804 0.05555555555555555
2.0 0.07598039215686274 0.40555555555555556 0.029411764705882353 0.06111111111111111
4.0 0.7401960784313726 0.07083333333333333 0.08333333333333333 0.06388888888888888
3.0 0.8321078431372549 0.11666666666666667 0.03676470588235294 0.03333333333333333
1.0 0.9154411764705882 0.5902777777777778 0.01715686274509804 0.06388888888888888
9.0 0.9117647058823529 0.6055555555555555 0.029411764705882353 0.07222222222222222
