3.0 0.04225352112676056 0.7102564102564103 0.04225352112676056 0.09743589743589744
4.0 0.057511737089201875 0.7397435897435898 0.05868544600938967 0.11025641025641025
8.0 0.03169014084507042 0.617948717948718 0.05868544600938967 0.1794871794871795
3.0 0.04107981220657277 0.6679487179487179 0.03990610328638498 0.09487179487179487
4.0 0.056338028169014086 0.7 0.046948356807511735 0.1076923076923077
3.0 0.045774647887323945 0.6205128205128205 0.03051643192488263 0.08205128205128205
4.0 0.036384976525821594 0.5641025641025641 0.01643192488262911 0.05641025641025641
3.0 0.062206572769953054 0.6705128205128205 0.04460093896713615 0.09487179487179487
3.0 0.06690140845070422 0.6217948717948718 0.035211267605633804 0.08974358974358974
4.0 0.0528169014084507 0.5653846153846154 0.025821596244131457 0.07435897435897436
3.0 0.04929577464788732 0.517948717948718 0.018779342723004695 0.05641025641025641
4.0 0.06572769953051644 0.46025641025641023 0.023474178403755867 0.05897435897435897
3.0 0.07042253521126761 0.5102564102564102 0.023474178403755867 0.06666666666666667
3.0 0.08450704225352113 0.5602564102564103 0.03286384976525822 0.07948717948717948
4.0 0.09976525821596244 0.4897435897435897 0.03051643192488263 0.09743589743589744
3.0 0.0880281690140845 0.45256410256410257 0.03051643192488263 0.0641025641025641
3.0 0.08685446009389672 0.4205128205128205 0.028169014084507043 0.06153846153846154
3.0 0.09976525821596244 0.3641025641025641 0.03051643192488263 0.05641025641025641
4.0 0.12441314553990611 0.38333333333333336 0.04225352112676056 0.07948717948717948
4.0 0.13380281690140844 0.4115384615384615 0.046948356807511735 0.1
1.0 0.6009389671361502 0.6461538461538462 0.04225352112676056 0.06666666666666667
9.0 0.5985915492957746 0.6628205128205128 0.051643192488262914 0.08461538461538462
6.0 0.7687793427230047 0.4282051282051282 0.03051643192488263 0.06153846153846154
1.0 0.7863849765258216 0.4115384615384615 0.018779342723004695 0.04358974358974359
3.0 0.3333333333333333 0.4897435897435897 0.11737089201877934 0.12307692307692308
3.0 0.4612676056338028 0.23076923076923078 0.07746478873239436 0.05128205128205128
0.0 0.8086854460093896 0.2717948717948718 0.01643192488262911 0.041025641025641026
3.0 0.3204225352112676 0.14487179487179488 0.04929577464788732 0.03333333333333333
3.0 0.4847417840375587 0.09871794871794871 0.035211267605633804 0.01282051282051282
4.0 0.4624413145539906 0.08846153846153847 0.03286384976525822 0.01282051282051282
1.0 0.4507042253521127 0.07179487179487179 0.009389671361502348 0.005128205128205128
6.0 0.45305164319248825 0.07307692307692308 0.014084507042253521 0.007692307692307693
3.0 0.5269953051643192 0.07051282051282051 0.025821596244131457 0.007692307692307693
5.0 0.5176056338028169 0.06282051282051282 0.02112676056338028 0.007692307692307693
0.0 0.4953051643192488 0.052564102564102565 0.004694835680751174 0.007692307692307693
3.0 0.5657276995305164 0.06538461538461539 0.023474178403755867 0.007692307692307693
3.0 0.6032863849765259 0.08333333333333333 0.028169014084507043 0.01282051282051282
3.0 0.67018779342723 0.11025641025641025 0.03051643192488263 0.020512820512820513
3.0 0.573943661971831 0.057692307692307696 0.02112676056338028 0.007692307692307693
3.0 0.5762910798122066 0.05384615384615385 0.01643192488262911 0.005128205128205128
4.0 0.6255868544600939 0.06282051282051282 0.01643192488262911 0.007692307692307693
4.0 0.6009389671361502 0.05128205128205128 0.014084507042253521 0.005128205128205128
1.0 0.5915492957746479 0.047435897435897434 0.004694835680751174 0.002564102564102564
9.0 0.5915492957746479 0.047435897435897434 0.004694835680751174 0.002564102564102564
3.0 0.6056338028169014 0.05128205128205128 0.014084507042253521 0.005128205128205128
3.0 0.6279342723004695 0.052564102564102565 0.011737089201877934 0.007692307692307693
3.0 0.6244131455399061 0.057692307692307696 0.014084507042253521 0.007692307692307693
4.0 0.6408450704225352 0.06282051282051282 0.014084507042253521 0.007692307692307693
3.0 0.642018779342723 0.05641025641025641 0.011737089201877934 0.005128205128205128
4.0 0.6490610328638498 0.05641025641025641 0.011737089201877934 0.005128205128205128
3.0 0.6455399061032864 0.05384615384615385 0.009389671361502348 0.005128205128205128
3.0 0.6596244131455399 0.05641025641025641 0.009389671361502348 0.005128205128205128
1.0 0.67018779342723 0.06025641025641026 0.002347417840375587 0.002564102564102564
3.0 0.653755868544601 0.07051282051282051 0.01643192488262911 0.007692307692307693
3.0 0.6561032863849765 0.07051282051282051 0.01643192488262911 0.007692307692307693
3.0 0.6584507042253521 0.07051282051282051 0.01643192488262911 0.007692307692307693
3.0 0.6631455399061033 0.07051282051282051 0.01643192488262911 0.007692307692307693
4.0 0.6654929577464789 0.06794871794871794 0.01643192488262911 0.007692307692307693
4.0 0.6678403755868545 0.06794871794871794 0.011737089201877934 0.007692307692307693
3.0 0.6690140845070423 0.06794871794871794 0.014084507042253521 0.007692307692307693
4.0 0.6737089201877934 0.06794871794871794 0.014084507042253521 0.007692307692307693
4.0 0.676056338028169 0.06794871794871794 0.014084507042253521 0.007692307692307693
3.0 0.6784037558685446 0.06666666666666667 0.009389671361502348 0.005128205128205128
3.0 0.6807511737089202 0.06666666666666667 0.009389671361502348 0.005128205128205128
3.0 0.6854460093896714 0.06666666666666667 0.009389671361502348 0.005128205128205128
3.0 0.6830985915492958 0.06666666666666667 0.009389671361502348 0.005128205128205128
3.0 0.6854460093896714 0.06666666666666667 0.009389671361502348 0.005128205128205128
5.0 0.6854460093896714 0.06282051282051282 0.018779342723004695 0.01282051282051282
3.0 0.7147887323943662 0.07692307692307693 0.007042253521126761 0.005128205128205128
3.0 0.7018779342723005 0.06923076923076923 0.009389671361502348 0.005128205128205128
3.0 0.7030516431924883 0.07051282051282051 0.007042253521126761 0.002564102564102564
3.0 0.6631455399061033 0.05384615384615385 0.007042253521126761 0.005128205128205128
