0.0 0.625 0.9555555555555556 0.08333333333333333 0.06111111111111111
0.0 0.6115196078431373 0.8444444444444444 0.0857843137254902 0.1111111111111111
0.0 0.7426470588235294 0.8375 0.06372549019607843 0.09166666666666666
0.0 0.7022058823529411 0.8041666666666667 0.0661764705882353 0.11388888888888889
0.0 0.16299019607843138 0.7666666666666667 0.051470588235294115 0.1
0.0 0.1715686274509804 0.7 0.049019607843137254 0.11666666666666667
0.0 0.08700980392156862 0.7347222222222223 0.041666666666666664 0.08611111111111111
0.0 0.10049019607843138 0.7472222222222222 0.04411764705882353 0.09444444444444444
0.0 0.15196078431372548 0.8583333333333333 0.049019607843137254 0.06666666666666667
0.0 0.006127450980392157 0.4930555555555556 0.0024509803921568627 0.05277777777777778
0.0 0.05269607843137255 0.5027777777777778 0.007352941176470588 0.07222222222222222
0.0 0.04656862745098039 0.49027777777777776 0.00980392156862745 0.08055555555555556
0.0 0.0428921568627451 0.45555555555555555 0.007352941176470588 0.05555555555555555
0.0 0.9105392156862745 0.4722222222222222 0.012254901960784314 0.07777777777777778
0.0 0.17892156862745098 0.3527777777777778 0.03431372549019608 0.1
0.0 0.19117647058823528 0.3486111111111111 0.029411764705882353 0.09722222222222222
0.0 0.2034313725490196 0.3458333333333333 0.0392156862745098 0.10277777777777777
0.0 0.26838235294117646 0.22083333333333333 0.03676470588235294 0.06944444444444445
0.0 0.2512254901960784 0.22916666666666666 0.03676470588235294 0.075
0.0 0.2193627450980392 0.22361111111111112 0.03676470588235294 0.06944444444444445
0.0 0.24019607843137256 0.20972222222222223 0.0392156862745098 0.06944444444444445
0.0 0.4325980392156863 0.225 0.04656862745098039 0.08333333333333333
0.0 0.24142156862745098 0.31805555555555554 0.041666666666666664 0.09722222222222222
0.0 0.21323529411764705 0.28888888888888886 0.0392156862745098 0.08888888888888889
7.0 0.7855392156862745 0.23194444444444445 0.051470588235294115 0.08055555555555556
0.0 0.8725490196078431 0.2652777777777778 0.024509803921568627 0.058333333333333334
1.0 0.8174019607843137 0.3388888888888889 0.02696078431372549 0.08888888888888889
1.0 0.8578431372549019 0.3527777777777778 0.03431372549019608 0.07777777777777778
1.0 0.8235294117647058 0.3388888888888889 0.0392156862745098 0.09444444444444444
1.0 0.8872549019607843 0.3819444444444444 0.024509803921568627 0.075
1.0 0.9166666666666666 0.38333333333333336 0.014705882352941176 0.044444444444444446
3.0 0.9730392156862745 0.37916666666666665 0.024509803921568627 0.06944444444444445
3.0 0.9828431372549019 0.37777777777777777 0.0196078431372549 0.07777777777777778
3.0 0.9705882352941176 0.3263888888888889 0.0196078431372549 0.04722222222222222
4.0 0.9534313725490197 0.3055555555555556 0.024509803921568627 0.05555555555555555
3.0 0.9375 0.2875 0.022058823529411766 0.04722222222222222
3.0 0.9007352941176471 0.25 0.04656862745098039 0.06666666666666667
3.0 0.8578431372549019 0.20694444444444443 0.058823529411764705 0.06944444444444445
3.0 0.7879901960784313 0.15694444444444444 0.08088235294117647 0.06944444444444445
3.0 0.7401960784313726 0.12916666666666668 0.08823529411764706 0.06388888888888888
3.0 0.6605392156862745 0.09305555555555556 0.09068627450980392 0.04722222222222222
3.0 0.5919117647058824 0.07222222222222222 0.07107843137254902 0.03333333333333333
3.0 0.4840686274509804 0.0625 0.09068627450980392 0.025
3.0 0.42401960784313725 0.06111111111111111 0.0784313725490196 0.027777777777777776
3.0 0.30637254901960786 0.12083333333333333 0.06862745098039216 0.058333333333333334
3.0 0.3284313725490196 0.08472222222222223 0.08333333333333333 0.04722222222222222
3.0 0.7291666666666666 0.0763888888888889 0.08088235294117647 0.05277777777777778
9.0 0.4019607843137255 0.13055555555555556 0.06862745098039216 0.03888888888888889
9.0 0.38357843137254904 0.1111111111111111 0.022058823529411766 0.027777777777777776
9.0 0.4252450980392157 0.12083333333333333 0.07107843137254902 0.030555555555555555
9.0 0.4375 0.10694444444444444 0.056372549019607844 0.025
1.0 0.03553921568627451 0.39444444444444443 0.012254901960784314 0.05
1.0 0.030637254901960783 0.4 0.007352941176470588 0.027777777777777776
0.0 0.0661764705882353 0.2791666666666667 0.0196078431372549 0.041666666666666664
0.0 0.1017156862745098 0.20277777777777778 0.012254901960784314 0.022222222222222223
0.0 0.049019607843137254 0.26944444444444443 0.00980392156862745 0.027777777777777776
0.0 0.05024509803921569 0.26805555555555555 0.012254901960784314 0.025
0.0 0.051470588235294115 0.26666666666666666 0.00980392156862745 0.022222222222222223
0.0 0.07107843137254902 0.2263888888888889 0.00980392156862745 0.019444444444444445
0.0 0.07107843137254902 0.22777777777777777 0.00980392156862745 0.016666666666666666
0.0 0.07352941176470588 0.225 0.004901960784313725 0.011111111111111112
0.0 0.05392156862745098 0.23194444444444445 0.00980392156862745 0.019444444444444445
0.0 0.05514705882352941 0.23055555555555557 0.007352941176470588 0.016666666666666666
1.0 0.056372549019607844 0.23055555555555557 0.00980392156862745 0.016666666666666666
9.0 0.05514705882352941 0.23333333333333334 0.007352941176470588 0.016666666666666666
3.0 0.04411764705882353 0.25972222222222224 0.0196078431372549 0.03611111111111111
3.0 0.05269607843137255 0.2513888888888889 0.022058823529411766 0.041666666666666664
3.0 0.0661764705882353 0.24166666666666667 0.024509803921568627 0.03888888888888889
4.0 0.0784313725490196 0.22916666666666666 0.03431372549019608 0.058333333333333334
3.0 0.08946078431372549 0.2263888888888889 0.031862745098039214 0.04722222222222222
4.0 0.11029411764705882 0.20416666666666666 0.0392156862745098 0.058333333333333334
4.0 0.13848039215686275 0.19166666666666668 0.04656862745098039 0.06666666666666667
3.0 0.15318627450980393 0.19444444444444445 0.051470588235294115 0.06111111111111111
4.0 0.19607843137254902 0.16111111111111112 0.058823529411764705 0.07222222222222222
3.0 0.2769607843137255 0.10138888888888889 0.09313725490196079 0.058333333333333334
3.0 0.22426470588235295 0.12083333333333333 0.07598039215686274 0.058333333333333334
3.0 0.1948529411764706 0.13333333333333333 0.061274509803921566 0.05555555555555555
3.0 0.16544117647058823 0.14583333333333334 0.056372549019607844 0.05277777777777778
3.0 0.1482843137254902 0.15416666666666667 0.051470588235294115 0.05277777777777778
3.0 0.1323529411764706 0.1638888888888889 0.0392156862745098 0.044444444444444446
3.0 0.1213235294117647 0.17083333333333334 0.03676470588235294 0.041666666666666664
3.0 0.11397058823529412 0.17777777777777778 0.031862745098039214 0.03888888888888889
3.0 0.1053921568627451 0.18333333333333332 0.03431372549019608 0.044444444444444446
3.0 0.09313725490196079 0.19305555555555556 0.024509803921568627 0.03611111111111111
3.0 0.08333333333333333 0.2013888888888889 0.024509803921568627 0.03611111111111111
3.0 0.06862745098039216 0.2152777777777778 0.0196078431372549 0.030555555555555555
3.0 0.056372549019607844 0.22777777777777777 0.0196078431372549 0.03333333333333333
3.0 0.125 0.1486111111111111 0.024509803921568627 0.030555555555555555
3.0 0.29411764705882354 0.05 0.058823529411764705 0.03333333333333333
0.0 0.37745098039215685 0.02638888888888889 0.014705882352941176 0.013888888888888888
3.0 0.4227941176470588 0.020833333333333332 0.07598039215686274 0.019444444444444445
1.0 0.4105392156862745 0.020833333333333332 0.012254901960784314 0.008333333333333333
7.0 0.5036764705882353 0.011111111111111112 0.04656862745098039 0.011111111111111112
0.0 0.42769607843137253 0.011111111111111112 0.007352941176470588 0.005555555555555556
0.0 0.4375 0.009722222222222222 0.007352941176470588 0.008333333333333333
1.0 0.5122549019607843 0.011111111111111112 0.00980392156862745 0.005555555555555556
9.0 0.9056372549019608 0.20833333333333334 0.01715686274509804 0.027777777777777776
1.0 0.9056372549019608 0.20555555555555555 0.012254901960784314 0.022222222222222223
4.0 0.8615196078431373 0.14583333333333334 0.022058823529411766 0.025
0.0 0.9301470588235294 0.2152777777777778 0.007352941176470588 0.013888888888888888
0.0 0.8982843137254902 0.175 0.007352941176470588 0.011111111111111112
0.0 0.9080882352941176 0.18611111111111112 0.007352941176470588 0.011111111111111112
1.0 0.9068627450980392 0.18472222222222223 0.004901960784313725 0.008333333333333333
0.0 0.9031862745098039 0.18055555555555555 0.007352941176470588 0.011111111111111112
0.0 0.9117647058823529 0.18888888888888888 0.004901960784313725 0.011111111111111112
0.0 0.9031862745098039 0.18055555555555555 0.007352941176470588 0.011111111111111112
