3.0 0.04842931937172775 0.5640625 0.007853403141361256 0.034375
5.0 0.05366492146596859 0.646875 0.01832460732984293 0.04375
3.0 0.056282722513089 0.56875 0.007853403141361256 0.0375
4.0 0.061518324607329845 0.5765625 0.007853403141361256 0.034375
3.0 0.07853403141361257 0.590625 0.010471204188481676 0.04375
3.0 0.08507853403141362 0.575 0.007853403141361256 0.04375
3.0 0.0968586387434555 0.6296875 0.015706806282722512 0.021875
3.0 0.12041884816753927 0.6453125 0.020942408376963352 0.028125
3.0 0.0968586387434555 0.5875 0.010471204188481676 0.05
3.0 0.10732984293193717 0.59375 0.010471204188481676 0.04375
3.0 0.11910994764397906 0.59375 0.013089005235602094 0.05
3.0 0.13481675392670156 0.6125 0.013089005235602094 0.05
3.0 0.14921465968586387 0.61875 0.015706806282722512 0.05
3.0 0.13743455497382198 0.571875 0.02356020942408377 0.01875
3.0 0.17670157068062828 0.5953125 0.013089005235602094 0.053125
3.0 0.19633507853403143 0.6375 0.020942408376963352 0.05625
3.0 0.22905759162303665 0.64375 0.02356020942408377 0.0625
3.0 0.2486910994764398 0.6328125 0.020942408376963352 0.053125
4.0 0.27225130890052357 0.625 0.020942408376963352 0.0625
3.0 0.38612565445026176 0.64375 0.02356020942408377 0.06875
3.0 0.387434554973822 0.7109375 0.05235602094240838 0.028125
3.0 0.8036649214659686 0.8703125 0.020942408376963352 0.034375
3.0 0.04319371727748691 0.328125 0.013089005235602094 0.01875
3.0 0.030104712041884817 0.50625 0.007853403141361256 0.0125
3.0 0.030104712041884817 0.5421875 0.007853403141361256 0.015625
5.0 0.9044502617801047 0.21875 0.01832460732984293 0.0375
3.0 0.8481675392670157 0.11875 0.020942408376963352 0.01875
4.0 0.8390052356020943 0.125 0.02356020942408377 0.0375
3.0 0.806282722513089 0.1015625 0.020942408376963352 0.028125
4.0 0.8586387434554974 0.1734375 0.015706806282722512 0.028125
8.0 0.8363874345549738 0.2703125 0.028795811518324606 0.071875
3.0 0.900523560209424 0.415625 0.010471204188481676 0.05
6.0 0.6963350785340314 0.0515625 0.015706806282722512 0.009375
6.0 0.7002617801047121 0.0578125 0.01832460732984293 0.009375
6.0 0.7002617801047121 0.065625 0.02356020942408377 0.0125
6.0 0.7054973821989529 0.0734375 0.02356020942408377 0.015625
6.0 0.7094240837696335 0.084375 0.020942408376963352 0.0125
6.0 0.7133507853403142 0.09375 0.02356020942408377 0.0125
6.0 0.7159685863874345 0.1015625 0.02356020942408377 0.015625
6.0 0.7212041884816754 0.1109375 0.01832460732984293 0.015625
6.0 0.7225130890052356 0.11875 0.020942408376963352 0.0125
6.0 0.725130890052356 0.128125 0.020942408376963352 0.0125
6.0 0.731675392670157 0.1390625 0.02356020942408377 0.015625
6.0 0.6767015706806283 0.090625 0.02356020942408377 0.0125
6.0 0.6793193717277487 0.1 0.02356020942408377 0.0125
6.0 0.6793193717277487 0.10625 0.02356020942408377 0.0125
6.0 0.6845549738219895 0.1140625 0.028795811518324606 0.015625
6.0 0.6858638743455497 0.1234375 0.031413612565445025 0.015625
6.0 0.7395287958115183 0.165625 0.02356020942408377 0.01875
6.0 0.7408376963350786 0.175 0.020942408376963352 0.01875
6.0 0.7460732984293194 0.1875 0.020942408376963352 0.0125
6.0 0.75 0.1984375 0.02356020942408377 0.015625
6.0 0.756544502617801 0.228125 0.020942408376963352 0.01875
6.0 0.7591623036649214 0.24375 0.02617801047120419 0.025
6.0 0.7670157068062827 0.2703125 0.020942408376963352 0.015625
6.0 0.774869109947644 0.36875 0.020942408376963352 0.0125
6.0 0.7774869109947644 0.3828125 0.02617801047120419 0.015625
6.0 0.7801047120418848 0.396875 0.02617801047120419 0.0125
6.0 0.743455497382199 0.2640625 0.02617801047120419 0.015625
6.0 0.7342931937172775 0.234375 0.02356020942408377 0.0125
6.0 0.7329842931937173 0.2203125 0.02617801047120419 0.015625
9.0 0.7342931937172775 0.2078125 0.01832460732984293 0.009375
9.0 0.7290575916230366 0.196875 0.01832460732984293 0.0125
9.0 0.7277486910994765 0.190625 0.020942408376963352 0.0125
9.0 0.7238219895287958 0.18125 0.01832460732984293 0.0125
9.0 0.7225130890052356 0.1734375 0.015706806282722512 0.009375
9.0 0.7198952879581152 0.1640625 0.015706806282722512 0.009375
9.0 0.7185863874345549 0.15625 0.01832460732984293 0.00625
6.0 0.7984293193717278 0.2078125 0.015706806282722512 0.034375
6.0 0.8154450261780105 0.265625 0.013089005235602094 0.03125
4.0 0.8259162303664922 0.3421875 0.01832460732984293 0.053125
3.0 0.8638743455497382 0.5546875 0.010471204188481676 0.053125
3.0 0.9175392670157068 0.546875 0.007853403141361256 0.04375
3.0 0.8599476439790575 0.690625 0.01832460732984293 0.04375
3.0 0.7801047120418848 0.50625 0.031413612565445025 0.025
6.0 0.7787958115183246 0.5375 0.01832460732984293 0.01875
3.0 0.7958115183246073 0.5875 0.031413612565445025 0.025
3.0 0.7801047120418848 0.628125 0.03664921465968586 0.03125
3.0 0.7774869109947644 0.6578125 0.03664921465968586 0.028125
3.0 0.7329842931937173 0.7703125 0.015706806282722512 0.028125
3.0 0.8049738219895288 0.7828125 0.013089005235602094 0.021875
3.0 0.7984293193717278 0.80625 0.015706806282722512 0.025
6.0 0.7722513089005235 0.753125 0.020942408376963352 0.01875
6.0 0.7709424083769634 0.7625 0.02356020942408377 0.01875
6.0 0.7670157068062827 0.7734375 0.02617801047120419 0.015625
6.0 0.7643979057591623 0.784375 0.02617801047120419 0.01875
6.0 0.7630890052356021 0.7921875 0.02356020942408377 0.015625
6.0 0.7617801047120419 0.8078125 0.020942408376963352 0.015625
6.0 0.7591623036649214 0.81875 0.02617801047120419 0.01875
6.0 0.756544502617801 0.828125 0.020942408376963352 0.01875
6.0 0.7460732984293194 0.8703125 0.020942408376963352 0.015625
6.0 0.7421465968586387 0.878125 0.02356020942408377 0.0125
6.0 0.7395287958115183 0.884375 0.02356020942408377 0.0125
6.0 0.7460732984293194 0.85 0.015706806282722512 0.025
6.0 0.7578534031413613 0.8453125 0.013089005235602094 0.021875
6.0 0.7382198952879581 0.89375 0.020942408376963352 0.0125
6.0 0.7342931937172775 0.9 0.01832460732984293 0.0125
6.0 0.731675392670157 0.9078125 0.01832460732984293 0.009375
6.0 0.7303664921465969 0.9125 0.020942408376963352 0.0125
6.0 0.7277486910994765 0.91875 0.020942408376963352 0.0125
6.0 0.725130890052356 0.9265625 0.020942408376963352 0.009375
6.0 0.7212041884816754 0.93125 0.01832460732984293 0.0125
6.0 0.7198952879581152 0.9375 0.020942408376963352 0.0125
3.0 0.7604712041884817 0.93125 0.013089005235602094 0.0125
3.0 0.693717277486911 0.915625 0.020942408376963352 0.0125
3.0 0.6950261780104712 0.9078125 0.01832460732984293 0.009375
3.0 0.9410994764397905 0.5484375 0.007853403141361256 0.040625
3.0 0.9280104712041884 0.35 0.013089005235602094 0.0375
9.0 0.8861256544502618 0.1578125 0.007853403141361256 0.009375
3.0 0.8848167539267016 0.8234375 0.015706806282722512 0.028125
3.0 0.17146596858638743 0.878125 0.01832460732984293 0.01875
