3.0 0.6825980392156863 0.8902777777777777 0.09558823529411764 0.09722222222222222
4.0 0.7058823529411765 0.7763888888888889 0.09803921568627451 0.125
3.0 0.49019607843137253 0.6652777777777777 0.09313725490196079 0.11388888888888889
3.0 0.35661764705882354 0.3375 0.0661764705882353 0.09722222222222222
3.0 0.49264705882352944 0.26944444444444443 0.06862745098039216 0.06666666666666667
3.0 0.4840686274509804 0.14444444444444443 0.03676470588235294 0.03333333333333333
3.0 0.5012254901960784 0.09027777777777778 0.03676470588235294 0.019444444444444445
3.0 0.5012254901960784 0.06527777777777778 0.02696078431372549 0.013888888888888888
3.0 0.43137254901960786 0.06388888888888888 0.029411764705882353 0.016666666666666666
3.0 0.37745098039215685 0.07916666666666666 0.029411764705882353 0.019444444444444445
3.0 0.18504901960784315 0.7930555555555555 0.09558823529411764 0.13055555555555556
3.0 0.19607843137254902 0.8763888888888889 0.10294117647058823 0.11944444444444445
3.0 0.05269607843137255 0.6347222222222222 0.031862745098039214 0.08611111111111111
3.0 0.056372549019607844 0.5652777777777778 0.024509803921568627 0.08611111111111111
4.0 0.0857843137254902 0.2652777777777778 0.024509803921568627 0.041666666666666664
4.0 0.06372549019607843 0.775 0.049019607843137254 0.08333333333333333
5.0 0.17401960784313725 0.5736111111111111 0.0784313725490196 0.21944444444444444
5.0 0.6629901960784313 0.33611111111111114 0.09068627450980392 0.16111111111111112
4.0 0.883578431372549 0.8111111111111111 0.09068627450980392 0.1388888888888889
3.0 0.8958333333333334 0.7486111111111111 0.061274509803921566 0.11388888888888889
3.0 0.8590686274509803 0.7819444444444444 0.07598039215686274 0.11944444444444445
3.0 0.9031862745098039 0.6541666666666667 0.04656862745098039 0.11388888888888889
3.0 0.8713235294117647 0.6888888888888889 0.061274509803921566 0.12222222222222222
3.0 0.9019607843137255 0.5097222222222222 0.0196078431372549 0.075
3.0 0.8504901960784313 0.2847222222222222 0.04411764705882353 0.06944444444444445
3.0 0.8700980392156863 0.5180555555555556 0.03431372549019608 0.09166666666666666
3.0 0.9007352941176471 0.3875 0.031862745098039214 0.075
3.0 0.9142156862745098 0.4388888888888889 0.0392156862745098 0.08333333333333333
6.0 0.9362745098039216 0.4875 0.00980392156862745 0.041666666666666664
6.0 0.9411764705882353 0.575 0.0196078431372549 0.06111111111111111
0.0 0.9534313725490197 0.5180555555555556 0.004901960784313725 0.03611111111111111
0.0 0.9129901960784313 0.5569444444444445 0.007352941176470588 0.041666666666666664
5.0 0.6115196078431373 0.14444444444444443 0.07107843137254902 0.07777777777777778
5.0 0.5833333333333334 0.08611111111111111 0.049019607843137254 0.03888888888888889
5.0 0.5698529411764706 0.058333333333333334 0.041666666666666664 0.027777777777777776
4.0 0.5563725490196079 0.03333333333333333 0.0196078431372549 0.016666666666666666
3.0 0.4963235294117647 0.03888888888888889 0.022058823529411766 0.011111111111111112
3.0 0.4950980392156863 0.05138888888888889 0.0196078431372549 0.008333333333333333
3.0 0.5061274509803921 0.03194444444444444 0.01715686274509804 0.008333333333333333
5.0 0.508578431372549 0.020833333333333332 0.02696078431372549 0.013888888888888888
5.0 0.5453431372549019 0.018055555555555554 0.022058823529411766 0.008333333333333333
5.0 0.46691176470588236 0.018055555555555554 0.02696078431372549 0.013888888888888888
3.0 0.4387254901960784 0.011111111111111112 0.014705882352941176 0.005555555555555556
3.0 0.4411764705882353 0.005555555555555556 0.00980392156862745 0.005555555555555556
4.0 0.39338235294117646 0.034722222222222224 0.03676470588235294 0.013888888888888888
3.0 0.3946078431372549 0.027777777777777776 0.0196078431372549 0.011111111111111112
3.0 0.2696078431372549 0.06527777777777778 0.024509803921568627 0.019444444444444445
3.0 0.27941176470588236 0.058333333333333334 0.029411764705882353 0.016666666666666666
3.0 0.2965686274509804 0.04583333333333333 0.024509803921568627 0.013888888888888888
3.0 0.3002450980392157 0.044444444444444446 0.022058823529411766 0.011111111111111112
3.0 0.30637254901960786 0.04027777777777778 0.024509803921568627 0.013888888888888888
3.0 0.30269607843137253 0.0375 0.012254901960784314 0.008333333333333333
4.0 0.3627450980392157 0.030555555555555555 0.0392156862745098 0.016666666666666666
3.0 0.35784313725490197 0.034722222222222224 0.03431372549019608 0.013888888888888888
3.0 0.35294117647058826 0.0375 0.029411764705882353 0.013888888888888888
3.0 0.3762254901960784 0.020833333333333332 0.03676470588235294 0.013888888888888888
3.0 0.3799019607843137 0.018055555555555554 0.029411764705882353 0.008333333333333333
3.0 0.3786764705882353 0.018055555555555554 0.02696078431372549 0.008333333333333333
3.0 0.5159313725490197 0.011111111111111112 0.01715686274509804 0.005555555555555556
5.0 0.5024509803921569 0.0125 0.0196078431372549 0.008333333333333333
3.0 0.5245098039215687 0.005555555555555556 0.014705882352941176 0.005555555555555556
3.0 0.5208333333333334 0.001388888888888889 0.012254901960784314 0.002777777777777778
0.0 0.3443627450980392 0.175 0.01715686274509804 0.03333333333333333
0.0 0.33700980392156865 0.175 0.01715686274509804 0.03333333333333333
9.0 0.5281862745098039 0.03888888888888889 0.007352941176470588 0.005555555555555556
0.0 0.5281862745098039 0.03611111111111111 0.007352941176470588 0.005555555555555556
2.0 0.883578431372549 0.30972222222222223 0.012254901960784314 0.025
0.0 0.9203431372549019 0.4027777777777778 0.007352941176470588 0.044444444444444446
0.0 0.9178921568627451 0.4111111111111111 0.007352941176470588 0.027777777777777776
0.0 0.9362745098039216 0.4583333333333333 0.004901960784313725 0.03333333333333333
2.0 0.9546568627450981 0.5625 0.007352941176470588 0.030555555555555555
2.0 0.9509803921568627 0.5611111111111111 0.00980392156862745 0.022222222222222223
9.0 0.9497549019607843 0.5875 0.007352941176470588 0.03611111111111111
