3.0 0.08700980392156862 0.7916666666666666 0.0857843137254902 0.12777777777777777
3.0 0.14705882352941177 0.7958333333333333 0.12254901960784313 0.19166666666666668
3.0 0.38480392156862747 0.7166666666666667 0.15196078431372548 0.18333333333333332
2.0 0.19607843137254902 0.8763888888888889 0.049019607843137254 0.06388888888888888
2.0 0.22181372549019607 0.8902777777777777 0.041666666666666664 0.05277777777777778
0.0 0.22549019607843138 0.8875 0.05392156862745098 0.06388888888888888
0.0 0.19362745098039216 0.8694444444444445 0.049019607843137254 0.06111111111111111
4.0 0.11764705882352941 0.6236111111111111 0.06372549019607843 0.15833333333333333
3.0 0.12377450980392157 0.5166666666666667 0.04656862745098039 0.14444444444444443
9.0 0.47671568627450983 0.5791666666666667 0.041666666666666664 0.10277777777777777
9.0 0.7647058823529411 0.4861111111111111 0.0196078431372549 0.09444444444444444
9.0 0.6470588235294118 0.275 0.06372549019607843 0.05555555555555555
1.0 0.47549019607843135 0.5597222222222222 0.04411764705882353 0.10277777777777777
1.0 0.4681372549019608 0.2652777777777778 0.0392156862745098 0.05277777777777778
0.0 0.7941176470588235 0.5138888888888888 0.024509803921568627 0.1111111111111111
3.0 0.6948529411764706 0.39444444444444443 0.10049019607843138 0.12222222222222222
6.0 0.4950980392156863 0.29444444444444445 0.1323529411764706 0.08333333333333333
6.0 0.5870098039215687 0.16527777777777777 0.1053921568627451 0.05277777777777778
3.0 0.4791666666666667 0.14583333333333334 0.07107843137254902 0.04722222222222222
4.0 0.17524509803921567 0.2708333333333333 0.0661764705882353 0.09166666666666666
3.0 0.21200980392156862 0.20277777777777778 0.061274509803921566 0.08333333333333333
3.0 0.24877450980392157 0.14305555555555555 0.0661764705882353 0.06388888888888888
0.0 0.2696078431372549 0.12916666666666668 0.024509803921568627 0.03611111111111111
0.0 0.27450980392156865 0.11527777777777778 0.024509803921568627 0.030555555555555555
3.0 0.41299019607843135 0.10555555555555556 0.0661764705882353 0.044444444444444446
3.0 0.40931372549019607 0.07777777777777778 0.05392156862745098 0.027777777777777776
3.0 0.5220588235294118 0.07083333333333333 0.049019607843137254 0.025
3.0 0.33700980392156865 0.075 0.0857843137254902 0.03888888888888889
0.0 0.4693627450980392 0.04861111111111111 0.012254901960784314 0.013888888888888888
0.0 0.5183823529411765 0.043055555555555555 0.007352941176470588 0.013888888888888888
1.0 0.5049019607843137 0.043055555555555555 0.00980392156862745 0.008333333333333333
6.0 0.40318627450980393 0.05555555555555555 0.02696078431372549 0.016666666666666666
1.0 0.4068627450980392 0.05 0.014705882352941176 0.011111111111111112
1.0 0.40441176470588236 0.04861111111111111 0.00980392156862745 0.008333333333333333
3.0 0.3909313725490196 0.05 0.041666666666666664 0.022222222222222223
3.0 0.31004901960784315 0.06111111111111111 0.031862745098039214 0.022222222222222223
3.0 0.36764705882352944 0.044444444444444446 0.0392156862745098 0.022222222222222223
0.0 0.8602941176470589 0.5305555555555556 0.014705882352941176 0.09444444444444444
0.0 0.8848039215686274 0.3458333333333333 0.0196078431372549 0.06388888888888888
9.0 0.9044117647058824 0.3763888888888889 0.014705882352941176 0.05277777777777778
2.0 0.8553921568627451 0.28055555555555556 0.0196078431372549 0.03888888888888889
6.0 0.47794117647058826 0.02638888888888889 0.04411764705882353 0.008333333333333333
3.0 0.375 0.03611111111111111 0.0392156862745098 0.016666666666666666
3.0 0.33578431372549017 0.043055555555555555 0.03431372549019608 0.019444444444444445
0.0 0.39705882352941174 0.029166666666666667 0.00980392156862745 0.008333333333333333
1.0 0.43137254901960786 0.02361111111111111 0.00980392156862745 0.008333333333333333
6.0 0.40441176470588236 0.025 0.0196078431372549 0.011111111111111112
0.0 0.28431372549019607 0.06527777777777778 0.014705882352941176 0.013888888888888888
3.0 0.3112745098039216 0.044444444444444446 0.029411764705882353 0.016666666666666666
3.0 0.2916666666666667 0.04722222222222222 0.024509803921568627 0.016666666666666666
6.0 0.34558823529411764 0.030555555555555555 0.00980392156862745 0.005555555555555556
0.0 0.34191176470588236 0.029166666666666667 0.007352941176470588 0.008333333333333333
