5.0 0.06338028169014084 0.6692307692307692 0.1267605633802817 0.31794871794871793
0.0 0.7453051643192489 0.10128205128205128 0.011737089201877934 0.01282051282051282
2.0 0.823943661971831 0.16666666666666666 0.014084507042253521 0.015384615384615385
5.0 0.7382629107981221 0.11153846153846154 0.07746478873239436 0.0641025641025641
3.0 0.6032863849765259 0.03461538461538462 0.018779342723004695 0.007692307692307693
3.0 0.613849765258216 0.03717948717948718 0.01643192488262911 0.007692307692307693
3.0 0.5375586854460094 0.028205128205128206 0.018779342723004695 0.005128205128205128
0.0 0.37910798122065725 0.04358974358974359 0.011737089201877934 0.010256410256410256
0.0 0.4154929577464789 0.03717948717948718 0.009389671361502348 0.007692307692307693
0.0 0.41901408450704225 0.035897435897435895 0.007042253521126761 0.005128205128205128
3.0 0.505868544600939 0.03076923076923077 0.025821596244131457 0.005128205128205128
7.0 0.43779342723004694 0.023076923076923078 0.011737089201877934 0.005128205128205128
3.0 0.505868544600939 0.02435897435897436 0.01643192488262911 0.002564102564102564
8.0 0.5528169014084507 0.02435897435897436 0.05868544600938967 0.01282051282051282
