0.0 0.9080882352941176 0.4986111111111111 0.012254901960784314 0.06944444444444445
3.0 0.7708333333333334 0.4152777777777778 0.17892156862745098 0.16944444444444445
3.0 0.9644607843137255 0.4097222222222222 0.02696078431372549 0.08611111111111111
3.0 0.9607843137254902 0.28055555555555556 0.0196078431372549 0.044444444444444446
3.0 0.946078431372549 0.25 0.029411764705882353 0.05
4.0 0.9264705882352942 0.22777777777777777 0.029411764705882353 0.05
3.0 0.9031862745098039 0.19027777777777777 0.02696078431372549 0.041666666666666664
3.0 0.8504901960784313 0.15555555555555556 0.04411764705882353 0.05555555555555555
3.0 0.8063725490196079 0.12916666666666668 0.049019607843137254 0.05277777777777778
3.0 0.7549019607843137 0.06805555555555555 0.03431372549019608 0.025
3.0 0.7218137254901961 0.10555555555555556 0.0661764705882353 0.06111111111111111
3.0 0.36642156862745096 0.030555555555555555 0.08088235294117647 0.03333333333333333
3.0 0.4803921568627451 0.002777777777777778 0.03431372549019608 0.005555555555555556
4.0 0.4730392156862745 0.016666666666666666 0.04411764705882353 0.022222222222222223
3.0 0.44485294117647056 0.11805555555555555 0.08088235294117647 0.06944444444444445
4.0 0.28921568627450983 0.09305555555555556 0.10784313725490197 0.06944444444444445
3.0 0.2659313725490196 0.125 0.12009803921568628 0.08333333333333333
3.0 0.25245098039215685 0.20416666666666666 0.15196078431372548 0.11388888888888889
0.0 0.2696078431372549 0.25416666666666665 0.0392156862745098 0.08055555555555556
6.0 0.22916666666666666 0.2791666666666667 0.07598039215686274 0.075
3.0 0.13112745098039216 0.15555555555555556 0.051470588235294115 0.06111111111111111
2.0 0.07107843137254902 0.23472222222222222 0.014705882352941176 0.025
2.0 0.04411764705882353 0.2763888888888889 0.014705882352941176 0.030555555555555555
2.0 0.0392156862745098 0.2847222222222222 0.00980392156862745 0.025
0.0 0.13970588235294118 0.16944444444444445 0.0196078431372549 0.03333333333333333
0.0 0.12377450980392157 0.20277777777777778 0.022058823529411766 0.03888888888888889
0.0 0.11642156862745098 0.20555555555555555 0.022058823529411766 0.03888888888888889
0.0 0.10784313725490197 0.19722222222222222 0.014705882352941176 0.027777777777777776
0.0 0.10416666666666667 0.2013888888888889 0.01715686274509804 0.030555555555555555
0.0 0.09926470588235294 0.20694444444444443 0.012254901960784314 0.025
0.0 0.09558823529411764 0.20833333333333334 0.014705882352941176 0.027777777777777776
0.0 0.08946078431372549 0.2125 0.012254901960784314 0.025
0.0 0.09191176470588236 0.20833333333333334 0.012254901960784314 0.027777777777777776
0.0 0.08700980392156862 0.2152777777777778 0.012254901960784314 0.025
9.0 0.08333333333333333 0.23055555555555557 0.0196078431372549 0.027777777777777776
0.0 0.04656862745098039 0.28888888888888886 0.014705882352941176 0.03333333333333333
0.0 0.049019607843137254 0.2847222222222222 0.014705882352941176 0.03611111111111111
7.0 0.06372549019607843 0.275 0.0392156862745098 0.07777777777777778
1.0 0.04779411764705882 0.30416666666666664 0.007352941176470588 0.025
3.0 0.08946078431372549 0.2569444444444444 0.07107843137254902 0.1361111111111111
1.0 0.09068627450980392 0.27361111111111114 0.014705882352941176 0.041666666666666664
3.0 0.09068627450980392 0.2777777777777778 0.024509803921568627 0.03888888888888889
0.0 0.05024509803921569 0.3875 0.012254901960784314 0.05277777777777778
7.0 0.08455882352941177 0.3763888888888889 0.041666666666666664 0.08055555555555556
0.0 0.07230392156862746 0.4777777777777778 0.007352941176470588 0.05555555555555555
3.0 0.4791666666666667 0.8597222222222223 0.15931372549019607 0.15833333333333333
3.0 0.30514705882352944 0.75 0.16911764705882354 0.25
3.0 0.3161764705882353 0.9041666666666667 0.17647058823529413 0.16944444444444445
2.0 0.22058823529411764 0.9152777777777777 0.04411764705882353 0.03611111111111111
2.0 0.20465686274509803 0.8791666666666667 0.0661764705882353 0.06388888888888888
9.0 0.19117647058823528 0.8583333333333333 0.07352941176470588 0.07222222222222222
4.0 0.12377450980392157 0.5111111111111111 0.11029411764705882 0.16666666666666666
0.0 0.1053921568627451 0.7986111111111112 0.03431372549019608 0.058333333333333334
0.0 0.08946078431372549 0.7736111111111111 0.022058823529411766 0.04722222222222222
0.0 0.08946078431372549 0.7652777777777777 0.02696078431372549 0.05277777777777778
0.0 0.11519607843137254 0.7944444444444444 0.029411764705882353 0.05555555555555555
0.0 0.09313725490196079 0.7597222222222222 0.029411764705882353 0.058333333333333334
0.0 0.07107843137254902 0.6597222222222222 0.0196078431372549 0.058333333333333334
0.0 0.06740196078431372 0.6347222222222222 0.01715686274509804 0.06388888888888888
2.0 0.09313725490196079 0.7222222222222222 0.0392156862745098 0.06666666666666667
9.0 0.11274509803921569 0.7611111111111111 0.04411764705882353 0.07222222222222222
0.0 0.12009803921568628 0.7555555555555555 0.029411764705882353 0.06111111111111111
