0.0 0.1936619718309859 0.19615384615384615 0.011737089201877934 0.017948717948717947
3.0 0.289906103286385 0.12051282051282051 0.02112676056338028 0.015384615384615385
3.0 0.30985915492957744 0.11025641025641025 0.018779342723004695 0.015384615384615385
3.0 0.2746478873239437 0.1282051282051282 0.023474178403755867 0.015384615384615385
3.0 0.2711267605633803 0.12564102564102564 0.025821596244131457 0.015384615384615385
0.0 0.3427230046948357 0.11666666666666667 0.009389671361502348 0.01282051282051282
3.0 0.30164319248826293 0.13333333333333333 0.04929577464788732 0.02564102564102564
3.0 0.29694835680751175 0.13846153846153847 0.035211267605633804 0.020512820512820513
3.0 0.2875586854460094 0.14615384615384616 0.03051643192488263 0.020512820512820513
4.0 0.2699530516431925 0.15384615384615385 0.046948356807511735 0.03076923076923077
3.0 0.26291079812206575 0.16153846153846155 0.04225352112676056 0.03076923076923077
3.0 0.24882629107981222 0.17051282051282052 0.04225352112676056 0.03333333333333333
0.0 0.22183098591549297 0.17692307692307693 0.011737089201877934 0.015384615384615385
0.0 0.20305164319248825 0.19487179487179487 0.011737089201877934 0.015384615384615385
0.0 0.20774647887323944 0.19230769230769232 0.011737089201877934 0.015384615384615385
0.0 0.1643192488262911 0.2141025641025641 0.009389671361502348 0.017948717948717947
0.0 0.17018779342723006 0.21153846153846154 0.007042253521126761 0.01282051282051282
0.0 0.1795774647887324 0.2153846153846154 0.011737089201877934 0.015384615384615385
1.0 0.1795774647887324 0.22692307692307692 0.011737089201877934 0.017948717948717947
9.0 0.1784037558685446 0.23333333333333334 0.009389671361502348 0.015384615384615385
3.0 0.16784037558685447 0.23333333333333334 0.025821596244131457 0.03076923076923077
3.0 0.20774647887323944 0.22948717948717948 0.035211267605633804 0.038461538461538464
3.0 0.20657276995305165 0.24743589743589745 0.03286384976525822 0.038461538461538464
3.0 0.2312206572769953 0.2423076923076923 0.03990610328638498 0.04358974358974359
1.0 0.13849765258215962 0.2743589743589744 0.009389671361502348 0.020512820512820513
9.0 0.13615023474178403 0.28076923076923077 0.009389671361502348 0.017948717948717947
0.0 0.15492957746478872 0.26794871794871794 0.009389671361502348 0.023076923076923078
1.0 0.12206572769953052 0.29743589743589743 0.009389671361502348 0.020512820512820513
9.0 0.11971830985915492 0.3038461538461538 0.009389671361502348 0.023076923076923078
0.0 0.09507042253521127 0.2833333333333333 0.007042253521126761 0.017948717948717947
0.0 0.10093896713615023 0.27692307692307694 0.009389671361502348 0.020512820512820513
0.0 0.035211267605633804 0.382051282051282 0.004694835680751174 0.020512820512820513
0.0 0.023474178403755867 0.4064102564102564 0.004694835680751174 0.023076923076923078
0.0 0.02464788732394366 0.4025641025641026 0.002347417840375587 0.015384615384615385
0.0 0.07276995305164319 0.40384615384615385 0.009389671361502348 0.03333333333333333
0.0 0.06455399061032864 0.4064102564102564 0.007042253521126761 0.028205128205128206
1.0 0.056338028169014086 0.4282051282051282 0.004694835680751174 0.02564102564102564
2.0 0.05516431924882629 0.4358974358974359 0.007042253521126761 0.020512820512820513
1.0 0.05868544600938967 0.4205128205128205 0.004694835680751174 0.02564102564102564
2.0 0.05868544600938967 0.4269230769230769 0.004694835680751174 0.01282051282051282
0.0 0.057511737089201875 0.4128205128205128 0.007042253521126761 0.02564102564102564
0.0 0.05868544600938967 0.41410256410256413 0.004694835680751174 0.023076923076923078
3.0 0.06103286384976526 0.441025641025641 0.023474178403755867 0.046153846153846156
1.0 0.04460093896713615 0.4641025641025641 0.004694835680751174 0.03076923076923077
2.0 0.04460093896713615 0.47435897435897434 0.004694835680751174 0.020512820512820513
0.0 0.0539906103286385 0.4064102564102564 0.004694835680751174 0.028205128205128206
0.0 0.046948356807511735 0.4205128205128205 0.004694835680751174 0.02564102564102564
0.0 0.04460093896713615 0.42435897435897435 0.004694835680751174 0.023076923076923078
0.0 0.04342723004694836 0.4269230769230769 0.007042253521126761 0.028205128205128206
0.0 0.04225352112676056 0.4230769230769231 0.004694835680751174 0.02564102564102564
0.0 0.046948356807511735 0.4153846153846154 0.004694835680751174 0.02564102564102564
0.0 0.046948356807511735 0.4128205128205128 0.004694835680751174 0.02564102564102564
1.0 0.035211267605633804 0.45897435897435895 0.004694835680751174 0.02564102564102564
2.0 0.035211267605633804 0.4653846153846154 0.004694835680751174 0.023076923076923078
1.0 0.029342723004694836 0.46153846153846156 0.002347417840375587 0.02564102564102564
2.0 0.029342723004694836 0.4666666666666667 0.007042253521126761 0.020512820512820513
0.0 0.02699530516431925 0.46794871794871795 0.002347417840375587 0.028205128205128206
0.0 0.02699530516431925 0.4705128205128205 0.002347417840375587 0.023076923076923078
0.0 0.036384976525821594 0.4282051282051282 0.002347417840375587 0.02564102564102564
2.0 0.03403755868544601 0.42948717948717946 0.002347417840375587 0.017948717948717947
0.0 0.03286384976525822 0.43205128205128207 0.004694835680751174 0.028205128205128206
1.0 0.029342723004694836 0.441025641025641 0.002347417840375587 0.020512820512820513
0.0 0.03051643192488263 0.4269230769230769 0.004694835680751174 0.023076923076923078
0.0 0.029342723004694836 0.4282051282051282 0.002347417840375587 0.020512820512820513
0.0 0.028169014084507043 0.42948717948717946 0.004694835680751174 0.023076923076923078
1.0 0.04225352112676056 0.43974358974358974 0.004694835680751174 0.023076923076923078
2.0 0.04225352112676056 0.44871794871794873 0.004694835680751174 0.020512820512820513
3.0 0.028169014084507043 0.45897435897435895 0.014084507042253521 0.03076923076923077
0.0 0.02699530516431925 0.4935897435897436 0.002347417840375587 0.028205128205128206
0.0 0.02699530516431925 0.4948717948717949 0.002347417840375587 0.03076923076923077
0.0 0.03169014084507042 0.49230769230769234 0.002347417840375587 0.03076923076923077
1.0 0.022300469483568074 0.5025641025641026 0.002347417840375587 0.02564102564102564
2.0 0.022300469483568074 0.5102564102564102 0.002347417840375587 0.020512820512820513
1.0 0.012910798122065728 0.4794871794871795 0.002347417840375587 0.02564102564102564
2.0 0.011737089201877934 0.4846153846153846 0.0 0.015384615384615385
0.0 0.01056338028169014 0.49230769230769234 0.002347417840375587 0.02564102564102564
1.0 0.011737089201877934 0.48846153846153845 0.0 0.01282051282051282
3.0 0.014084507042253521 0.441025641025641 0.009389671361502348 0.02564102564102564
3.0 0.01056338028169014 0.4358974358974359 0.007042253521126761 0.020512820512820513
3.0 0.008215962441314555 0.44487179487179485 0.007042253521126761 0.023076923076923078
3.0 0.008215962441314555 0.43205128205128207 0.007042253521126761 0.017948717948717947
3.0 0.004694835680751174 0.43974358974358974 0.004694835680751174 0.023076923076923078
3.0 0.004694835680751174 0.42948717948717946 0.004694835680751174 0.017948717948717947
0.0 0.005868544600938967 0.4217948717948718 0.002347417840375587 0.01282051282051282
0.0 0.007042253521126761 0.41794871794871796 0.004694835680751174 0.015384615384615385
1.0 0.012910798122065728 0.5397435897435897 0.002347417840375587 0.023076923076923078
2.0 0.012910798122065728 0.5461538461538461 0.002347417840375587 0.02564102564102564
1.0 0.004694835680751174 0.5641025641025641 0.004694835680751174 0.03076923076923077
2.0 0.005868544600938967 0.5717948717948718 0.002347417840375587 0.020512820512820513
3.0 0.002347417840375587 0.5282051282051282 0.004694835680751174 0.03076923076923077
3.0 0.0011737089201877935 0.5038461538461538 0.002347417840375587 0.023076923076923078
3.0 0.0011737089201877935 0.4858974358974359 0.002347417840375587 0.023076923076923078
8.0 0.4413145539906103 0.07948717948717948 0.028169014084507043 0.015384615384615385
3.0 0.5093896713615024 0.07435897435897436 0.014084507042253521 0.005128205128205128
3.0 0.5035211267605634 0.07948717948717948 0.01643192488262911 0.005128205128205128
3.0 0.49178403755868544 0.07435897435897436 0.01643192488262911 0.005128205128205128
3.0 0.4671361502347418 0.07564102564102564 0.014084507042253521 0.007692307692307693
3.0 0.4823943661971831 0.07692307692307693 0.011737089201877934 0.005128205128205128
3.0 0.47769953051643194 0.07948717948717948 0.01643192488262911 0.005128205128205128
3.0 0.47183098591549294 0.08333333333333333 0.018779342723004695 0.007692307692307693
3.0 0.4624413145539906 0.0782051282051282 0.014084507042253521 0.007692307692307693
3.0 0.45422535211267606 0.08205128205128205 0.01643192488262911 0.005128205128205128
3.0 0.4424882629107981 0.0858974358974359 0.02112676056338028 0.007692307692307693
3.0 0.4495305164319249 0.08846153846153847 0.02112676056338028 0.007692307692307693
3.0 0.4295774647887324 0.09230769230769231 0.023474178403755867 0.010256410256410256
3.0 0.4507042253521127 0.09230769230769231 0.018779342723004695 0.010256410256410256
3.0 0.44014084507042256 0.09743589743589744 0.02112676056338028 0.010256410256410256
3.0 0.4154929577464789 0.09743589743589744 0.023474178403755867 0.010256410256410256
3.0 0.4025821596244131 0.09615384615384616 0.02112676056338028 0.01282051282051282
4.0 0.4671361502347418 0.09615384615384616 0.023474178403755867 0.01282051282051282
3.0 0.465962441314554 0.1 0.02112676056338028 0.010256410256410256
3.0 0.4647887323943662 0.10512820512820513 0.023474178403755867 0.010256410256410256
3.0 0.4295774647887324 0.10256410256410256 0.028169014084507043 0.015384615384615385
3.0 0.39906103286384975 0.1064102564102564 0.023474178403755867 0.01282051282051282
3.0 0.3884976525821596 0.10384615384615385 0.02112676056338028 0.01282051282051282
3.0 0.4154929577464789 0.11025641025641025 0.028169014084507043 0.015384615384615385
3.0 0.44835680751173707 0.11025641025641025 0.023474178403755867 0.010256410256410256
3.0 0.4424882629107981 0.11538461538461539 0.025821596244131457 0.015384615384615385
3.0 0.4307511737089202 0.12564102564102564 0.03051643192488263 0.015384615384615385
4.0 0.39906103286384975 0.12179487179487179 0.028169014084507043 0.017948717948717947
3.0 0.37089201877934275 0.12435897435897436 0.028169014084507043 0.017948717948717947
3.0 0.36032863849765256 0.11282051282051282 0.025821596244131457 0.015384615384615385
3.0 0.34976525821596244 0.12564102564102564 0.028169014084507043 0.015384615384615385
3.0 0.3274647887323944 0.13846153846153847 0.03051643192488263 0.020512820512820513
3.0 0.2981220657276995 0.15128205128205127 0.028169014084507043 0.020512820512820513
3.0 0.2863849765258216 0.16666666666666666 0.03286384976525822 0.02564102564102564
3.0 0.3333333333333333 0.14871794871794872 0.03286384976525822 0.020512820512820513
3.0 0.3732394366197183 0.13974358974358975 0.03286384976525822 0.023076923076923078
3.0 0.4131455399061033 0.13205128205128205 0.03286384976525822 0.017948717948717947
3.0 0.4061032863849765 0.14102564102564102 0.03286384976525822 0.020512820512820513
3.0 0.392018779342723 0.15 0.03755868544600939 0.023076923076923078
3.0 0.352112676056338 0.1564102564102564 0.03755868544600939 0.02564102564102564
3.0 0.2934272300469484 0.1794871794871795 0.03755868544600939 0.03076923076923077
3.0 0.31690140845070425 0.18333333333333332 0.04225352112676056 0.03333333333333333
3.0 0.37910798122065725 0.1641025641025641 0.03990610328638498 0.02564102564102564
3.0 0.3626760563380282 0.17692307692307693 0.04460093896713615 0.03076923076923077
3.0 0.3427230046948357 0.19743589743589743 0.046948356807511735 0.035897435897435895
3.0 0.318075117370892 0.21794871794871795 0.04929577464788732 0.041025641025641026
3.0 0.30633802816901406 0.23974358974358975 0.0539906103286385 0.04871794871794872
3.0 0.23826291079812206 0.2692307692307692 0.04929577464788732 0.05641025641025641
3.0 0.18661971830985916 0.3 0.03990610328638498 0.05128205128205128
3.0 0.18896713615023475 0.3333333333333333 0.04929577464788732 0.07179487179487179
3.0 0.2476525821596244 0.3128205128205128 0.0539906103286385 0.06153846153846154
3.0 0.27816901408450706 0.2717948717948718 0.05868544600938967 0.06153846153846154
3.0 0.1396713615023474 0.308974358974359 0.03051643192488263 0.05384615384615385
3.0 0.13145539906103287 0.3487179487179487 0.03286384976525822 0.05128205128205128
3.0 0.5446009389671361 0.07564102564102564 0.014084507042253521 0.007692307692307693
5.0 0.5692488262910798 0.07692307692307693 0.01643192488262911 0.010256410256410256
3.0 0.5985915492957746 0.08333333333333333 0.014084507042253521 0.007692307692307693
8.0 0.613849765258216 0.09102564102564102 0.025821596244131457 0.017948717948717947
1.0 0.596244131455399 0.08461538461538462 0.004694835680751174 0.005128205128205128
9.0 0.596244131455399 0.0858974358974359 0.004694835680751174 0.002564102564102564
1.0 0.5927230046948356 0.08717948717948718 0.007042253521126761 0.005128205128205128
9.0 0.5927230046948356 0.08717948717948718 0.007042253521126761 0.005128205128205128
1.0 0.5856807511737089 0.08974358974358974 0.007042253521126761 0.005128205128205128
9.0 0.5856807511737089 0.09230769230769231 0.002347417840375587 0.005128205128205128
3.0 0.5633802816901409 0.0858974358974359 0.018779342723004695 0.007692307692307693
3.0 0.5410798122065728 0.08076923076923077 0.01643192488262911 0.007692307692307693
3.0 0.5246478873239436 0.09358974358974359 0.02112676056338028 0.007692307692307693
8.0 0.6173708920187794 0.11282051282051282 0.04225352112676056 0.03076923076923077
3.0 0.5469483568075117 0.1141025641025641 0.028169014084507043 0.01282051282051282
4.0 0.5927230046948356 0.13205128205128205 0.03051643192488263 0.023076923076923078
3.0 0.5363849765258216 0.1282051282051282 0.03051643192488263 0.015384615384615385
3.0 0.49178403755868544 0.11923076923076924 0.03051643192488263 0.01282051282051282
3.0 0.4812206572769953 0.1282051282051282 0.03755868544600939 0.015384615384615385
3.0 0.5211267605633803 0.13974358974358975 0.03286384976525822 0.017948717948717947
3.0 0.4671361502347418 0.14743589743589744 0.04225352112676056 0.023076923076923078
3.0 0.573943661971831 0.14615384615384616 0.035211267605633804 0.02564102564102564
3.0 0.5657276995305164 0.16923076923076924 0.04225352112676056 0.02564102564102564
3.0 0.5129107981220657 0.16282051282051282 0.03990610328638498 0.023076923076923078
3.0 0.4460093896713615 0.17307692307692307 0.04225352112676056 0.028205128205128206
3.0 0.5692488262910798 0.2 0.04929577464788732 0.03076923076923077
3.0 0.5293427230046949 0.23076923076923078 0.05868544600938967 0.046153846153846156
3.0 0.4107981220657277 0.22564102564102564 0.056338028169014086 0.046153846153846156
3.0 0.3732394366197183 0.2987179487179487 0.07042253521126761 0.06923076923076923
3.0 0.47417840375586856 0.27692307692307694 0.07042253521126761 0.05128205128205128
3.0 0.5657276995305164 0.29743589743589743 0.07042253521126761 0.06666666666666667
3.0 0.6244131455399061 0.27564102564102566 0.06572769953051644 0.05897435897435897
2.0 0.6631455399061033 0.26794871794871794 0.02112676056338028 0.03333333333333333
1.0 0.6596244131455399 0.258974358974359 0.023474178403755867 0.041025641025641026
1.0 0.6795774647887324 0.258974358974359 0.02112676056338028 0.035897435897435895
2.0 0.6830985915492958 0.26666666666666666 0.018779342723004695 0.03076923076923077
3.0 0.7112676056338029 0.29615384615384616 0.056338028169014086 0.0641025641025641
3.0 0.7323943661971831 0.34487179487179487 0.056338028169014086 0.06923076923076923
3.0 0.3626760563380282 0.38461538461538464 0.07746478873239436 0.07692307692307693
3.0 0.5117370892018779 0.40512820512820513 0.07981220657276995 0.08205128205128205
3.0 0.42370892018779344 0.45256410256410257 0.08685446009389672 0.09487179487179487
3.0 0.49178403755868544 0.6025641025641025 0.11032863849765258 0.10256410256410256
3.0 0.6619718309859155 0.6064102564102564 0.09389671361502347 0.10512820512820513
3.0 0.3274647887323944 0.6141025641025641 0.09154929577464789 0.11025641025641025
3.0 0.6737089201877934 0.41410256410256413 0.0892018779342723 0.1
3.0 0.14553990610328638 0.4269230769230769 0.03755868544600939 0.06923076923076923
3.0 0.08685446009389672 0.4115384615384615 0.018779342723004695 0.04871794871794872
4.0 0.08685446009389672 0.43974358974358974 0.023474178403755867 0.06923076923076923
3.0 0.10093896713615023 0.45897435897435895 0.023474178403755867 0.05641025641025641
3.0 0.11619718309859155 0.5153846153846153 0.03051643192488263 0.07692307692307693
3.0 0.07511737089201878 0.5512820512820513 0.023474178403755867 0.06666666666666667
8.0 0.056338028169014086 0.5487179487179488 0.046948356807511735 0.16923076923076924
3.0 0.09624413145539906 0.6487179487179487 0.046948356807511735 0.09743589743589744
4.0 0.09389671361502347 0.7166666666666667 0.056338028169014086 0.11538461538461539
3.0 0.06690140845070422 0.6833333333333333 0.03990610328638498 0.08974358974358974
3.0 0.47417840375586856 0.7371794871794872 0.11737089201877934 0.09487179487179487
3.0 0.36384976525821594 0.85 0.11267605633802817 0.08461538461538462
3.0 0.8145539906103286 0.5012820512820513 0.046948356807511735 0.08461538461538462
3.0 0.8884976525821596 0.5384615384615384 0.025821596244131457 0.07179487179487179
3.0 0.9131455399061033 0.6474358974358975 0.046948356807511735 0.08461538461538462
3.0 0.9190140845070423 0.6961538461538461 0.05868544600938967 0.09487179487179487
3.0 0.5868544600938967 0.9384615384615385 0.11737089201877934 0.06153846153846154
3.0 0.035211267605633804 0.65 0.028169014084507043 0.07435897435897436
3.0 0.05046948356807512 0.7128205128205128 0.04460093896713615 0.09743589743589744
3.0 0.08098591549295775 0.7807692307692308 0.06338028169014084 0.10512820512820513
3.0 0.11267605633802817 0.8038461538461539 0.07981220657276995 0.11538461538461539
1.0 0.1936619718309859 0.8423076923076923 0.035211267605633804 0.04358974358974359
9.0 0.20187793427230047 0.8525641025641025 0.051643192488262914 0.05384615384615385
0.0 0.6643192488262911 0.1358974358974359 0.014084507042253521 0.015384615384615385
1.0 0.6467136150234741 0.13974358974358975 0.011737089201877934 0.01282051282051282
9.0 0.6467136150234741 0.14102564102564102 0.011737089201877934 0.010256410256410256
0.0 0.681924882629108 0.14102564102564102 0.011737089201877934 0.015384615384615385
9.0 0.7007042253521126 0.14871794871794872 0.02112676056338028 0.015384615384615385
1.0 0.7617370892018779 0.23974358974358975 0.01643192488262911 0.028205128205128206
2.0 0.7629107981220657 0.24487179487179486 0.014084507042253521 0.023076923076923078
1.0 0.7887323943661971 0.25384615384615383 0.014084507042253521 0.02564102564102564
2.0 0.789906103286385 0.2564102564102564 0.011737089201877934 0.020512820512820513
0.0 0.8086854460093896 0.29743589743589743 0.01643192488262911 0.035897435897435895
2.0 0.8110328638497653 0.30641025641025643 0.011737089201877934 0.03333333333333333
1.0 0.8086854460093896 0.31025641025641026 0.01643192488262911 0.035897435897435895
2.0 0.8110328638497653 0.31794871794871793 0.011737089201877934 0.03076923076923077
2.0 0.823943661971831 0.3038461538461538 0.014084507042253521 0.028205128205128206
2.0 0.8427230046948356 0.33974358974358976 0.014084507042253521 0.028205128205128206
1.0 0.8356807511737089 0.35384615384615387 0.014084507042253521 0.035897435897435895
2.0 0.8368544600938967 0.3628205128205128 0.011737089201877934 0.03333333333333333
0.0 0.8333333333333334 0.40384615384615385 0.014084507042253521 0.05384615384615385
1.0 0.8450704225352113 0.4153846153846154 0.014084507042253521 0.046153846153846156
2.0 0.846244131455399 0.4230769230769231 0.011737089201877934 0.041025641025641026
0.0 0.8556338028169014 0.44487179487179485 0.011737089201877934 0.04871794871794872
1.0 0.8544600938967136 0.41410256410256413 0.009389671361502348 0.038461538461538464
0.0 0.8697183098591549 0.5346153846153846 0.011737089201877934 0.0641025641025641
0.0 0.82981220657277 0.5397435897435897 0.02112676056338028 0.0641025641025641
9.0 0.8309859154929577 0.55 0.028169014084507043 0.04871794871794872
4.0 0.7875586854460094 0.21153846153846154 0.04460093896713615 0.038461538461538464
3.0 0.7934272300469484 0.21794871794871795 0.046948356807511735 0.035897435897435895
3.0 0.7969483568075117 0.2230769230769231 0.04929577464788732 0.041025641025641026
3.0 0.7992957746478874 0.22692307692307692 0.04460093896713615 0.038461538461538464
3.0 0.8086854460093896 0.23461538461538461 0.04929577464788732 0.038461538461538464
3.0 0.8075117370892019 0.2423076923076923 0.051643192488262914 0.04358974358974359
3.0 0.812206572769953 0.24871794871794872 0.051643192488262914 0.046153846153846156
3.0 0.8215962441314554 0.2551282051282051 0.051643192488262914 0.04871794871794872
3.0 0.8309859154929577 0.26666666666666666 0.051643192488262914 0.046153846153846156
3.0 0.8309859154929577 0.2717948717948718 0.051643192488262914 0.046153846153846156
0.0 0.8133802816901409 0.22564102564102564 0.011737089201877934 0.020512820512820513
3.0 0.8474178403755869 0.2564102564102564 0.023474178403755867 0.03076923076923077
3.0 0.8615023474178404 0.27307692307692305 0.023474178403755867 0.03333333333333333
0.0 0.8884976525821596 0.30128205128205127 0.011737089201877934 0.028205128205128206
0.0 0.892018779342723 0.30512820512820515 0.009389671361502348 0.02564102564102564
0.0 0.9014084507042254 0.33589743589743587 0.009389671361502348 0.02564102564102564
0.0 0.903755868544601 0.3371794871794872 0.009389671361502348 0.028205128205128206
0.0 0.9272300469483568 0.391025641025641 0.009389671361502348 0.028205128205128206
3.0 0.8650234741784038 0.3230769230769231 0.03990610328638498 0.046153846153846156
3.0 0.8650234741784038 0.3346153846153846 0.04460093896713615 0.04871794871794872
3.0 0.8697183098591549 0.33974358974358976 0.04460093896713615 0.05897435897435897
3.0 0.8791079812206573 0.3576923076923077 0.04460093896713615 0.05384615384615385
3.0 0.8908450704225352 0.37948717948717947 0.03990610328638498 0.05128205128205128
0.0 0.8955399061032864 0.4076923076923077 0.03990610328638498 0.05641025641025641
9.0 0.8650234741784038 0.38974358974358975 0.011737089201877934 0.035897435897435895
1.0 0.8708920187793427 0.4153846153846154 0.009389671361502348 0.041025641025641026
4.0 0.9166666666666666 0.46153846153846156 0.035211267605633804 0.05641025641025641
3.0 0.9213615023474179 0.47435897435897434 0.035211267605633804 0.05128205128205128
3.0 0.9213615023474179 0.49615384615384617 0.03051643192488263 0.05384615384615385
3.0 0.9272300469483568 0.5089743589743589 0.028169014084507043 0.04871794871794872
3.0 0.9284037558685446 0.5333333333333333 0.03051643192488263 0.05641025641025641
3.0 0.9330985915492958 0.5576923076923077 0.035211267605633804 0.05897435897435897
3.0 0.9389671361502347 0.573076923076923 0.028169014084507043 0.05897435897435897
0.0 0.9518779342723005 0.49615384615384617 0.002347417840375587 0.038461538461538464
0.0 0.9518779342723005 0.5 0.002347417840375587 0.035897435897435895
0.0 0.954225352112676 0.49743589743589745 0.002347417840375587 0.035897435897435895
0.0 0.9518779342723005 0.46923076923076923 0.002347417840375587 0.035897435897435895
0.0 0.9530516431924883 0.4705128205128205 0.004694835680751174 0.03333333333333333
0.0 0.965962441314554 0.4576923076923077 0.002347417840375587 0.028205128205128206
3.0 0.9565727699530516 0.6025641025641025 0.025821596244131457 0.06666666666666667
3.0 0.9917840375586855 0.5307692307692308 0.007042253521126761 0.035897435897435895
0.0 0.9870892018779343 0.5064102564102564 0.002347417840375587 0.023076923076923078
0.0 0.9847417840375586 0.5076923076923077 0.002347417840375587 0.02564102564102564
0.0 0.9847417840375586 0.5076923076923077 0.002347417840375587 0.02564102564102564
0.0 0.9471830985915493 0.6461538461538462 0.011737089201877934 0.041025641025641026
1.0 0.9518779342723005 0.6410256410256411 0.011737089201877934 0.041025641025641026
2.0 0.9495305164319249 0.6474358974358975 0.01643192488262911 0.038461538461538464
0.0 0.9694835680751174 0.5525641025641026 0.004694835680751174 0.03333333333333333
0.0 0.971830985915493 0.5576923076923077 0.004694835680751174 0.03333333333333333
0.0 0.9741784037558685 0.541025641025641 0.004694835680751174 0.03076923076923077
0.0 0.9753521126760564 0.5512820512820513 0.002347417840375587 0.03076923076923077
0.0 0.9788732394366197 0.5435897435897435 0.004694835680751174 0.03076923076923077
0.0 0.9788732394366197 0.5538461538461539 0.004694835680751174 0.035897435897435895
0.0 0.9812206572769953 0.5551282051282052 0.004694835680751174 0.03333333333333333
0.0 0.9788732394366197 0.5717948717948718 0.004694835680751174 0.03076923076923077
0.0 0.9835680751173709 0.6256410256410256 0.009389671361502348 0.03076923076923077
0.0 0.9694835680751174 0.6423076923076924 0.009389671361502348 0.038461538461538464
0.0 0.9671361502347418 0.6435897435897436 0.009389671361502348 0.035897435897435895
0.0 0.9706572769953051 0.5858974358974359 0.007042253521126761 0.028205128205128206
9.0 0.9706572769953051 0.5935897435897436 0.007042253521126761 0.028205128205128206
1.0 0.9683098591549296 0.5974358974358974 0.007042253521126761 0.035897435897435895
9.0 0.9671361502347418 0.6038461538461538 0.004694835680751174 0.028205128205128206
0.0 0.9624413145539906 0.6205128205128205 0.009389671361502348 0.041025641025641026
0.0 0.9683098591549296 0.617948717948718 0.007042253521126761 0.03076923076923077
1.0 0.9495305164319249 0.7384615384615385 0.01643192488262911 0.035897435897435895
2.0 0.9448356807511737 0.7487179487179487 0.01643192488262911 0.03076923076923077
