3.0 0.00857843137254902 0.5569444444444445 0.012254901960784314 0.08055555555555556
6.0 0.04044117647058824 0.6763888888888889 0.03676470588235294 0.08055555555555556
3.0 0.09926470588235294 0.7291666666666666 0.10049019607843138 0.14722222222222223
1.0 0.4852941176470588 0.9152777777777777 0.04411764705882353 0.03611111111111111
9.0 0.47181372549019607 0.9194444444444444 0.11029411764705882 0.03888888888888889
0.0 0.36519607843137253 0.825 0.058823529411764705 0.08888888888888889
4.0 0.5919117647058824 0.825 0.26715686274509803 0.1388888888888889
1.0 0.5306372549019608 0.7736111111111111 0.061274509803921566 0.06944444444444445
1.0 0.3958333333333333 0.7611111111111111 0.03676470588235294 0.07222222222222222
1.0 0.4264705882352941 0.75 0.04411764705882353 0.05555555555555555
3.0 0.8566176470588235 0.6972222222222222 0.13480392156862744 0.18888888888888888
0.0 0.8394607843137255 0.6722222222222223 0.022058823529411766 0.05555555555555555
6.0 0.9424019607843137 0.6305555555555555 0.031862745098039214 0.06111111111111111
1.0 0.9448529411764706 0.6027777777777777 0.012254901960784314 0.03888888888888889
0.0 0.8419117647058824 0.6 0.02696078431372549 0.07777777777777778
0.0 0.5968137254901961 0.675 0.04656862745098039 0.09444444444444444
0.0 0.5968137254901961 0.6430555555555556 0.031862745098039214 0.06944444444444445
0.0 0.5465686274509803 0.6138888888888889 0.049019607843137254 0.08888888888888889
0.0 0.6286764705882353 0.6138888888888889 0.041666666666666664 0.12222222222222222
0.0 0.6237745098039216 0.5666666666666667 0.02696078431372549 0.08888888888888889
1.0 0.7120098039215687 0.4986111111111111 0.02696078431372549 0.06388888888888888
0.0 0.8627450980392157 0.55 0.0196078431372549 0.08888888888888889
1.0 0.7573529411764706 0.4986111111111111 0.0196078431372549 0.05277777777777778
5.0 0.2965686274509804 0.4388888888888889 0.12745098039215685 0.32222222222222224
0.0 0.40931372549019607 0.3402777777777778 0.04411764705882353 0.11388888888888889
7.0 0.8284313725490197 0.3875 0.12254901960784313 0.1638888888888889
0.0 0.8529411764705882 0.3138888888888889 0.024509803921568627 0.06666666666666667
0.0 0.8651960784313726 0.3402777777777778 0.014705882352941176 0.041666666666666664
1.0 0.9522058823529411 0.425 0.007352941176470588 0.027777777777777776
9.0 0.9644607843137255 0.44722222222222224 0.012254901960784314 0.03888888888888889
1.0 0.9791666666666666 0.5361111111111111 0.007352941176470588 0.027777777777777776
1.0 0.9767156862745098 0.5236111111111111 0.007352941176470588 0.03611111111111111
1.0 0.9938725490196079 0.5125 0.0024509803921568627 0.025
1.0 0.9950980392156863 0.525 0.0 0.016666666666666666
1.0 0.9865196078431373 0.49444444444444446 0.0024509803921568627 0.027777777777777776
0.0 0.9705882352941176 0.425 0.00980392156862745 0.044444444444444446
0.0 0.9424019607843137 0.36527777777777776 0.012254901960784314 0.05277777777777778
7.0 0.9313725490196079 0.3402777777777778 0.04411764705882353 0.09722222222222222
