0.0 0.9154411764705882 0.25277777777777777 0.01715686274509804 0.044444444444444446
0.0 0.9178921568627451 0.2513888888888889 0.01715686274509804 0.03611111111111111
0.0 0.803921568627451 0.1597222222222222 0.029411764705882353 0.04722222222222222
1.0 0.7512254901960784 0.13472222222222222 0.031862745098039214 0.041666666666666664
1.0 0.7316176470588235 0.12777777777777777 0.031862745098039214 0.03888888888888889
1.0 0.7058823529411765 0.11527777777777778 0.029411764705882353 0.03611111111111111
1.0 0.6850490196078431 0.10555555555555556 0.03676470588235294 0.03888888888888889
3.0 0.8247549019607843 0.24027777777777778 0.11519607843137254 0.14166666666666666
3.0 0.8786764705882353 0.33611111111111114 0.09558823529411764 0.17222222222222222
2.0 0.7365196078431373 0.14166666666666666 0.061274509803921566 0.05
2.0 0.8321078431372549 0.35694444444444445 0.041666666666666664 0.09166666666666666
9.0 0.821078431372549 0.39166666666666666 0.049019607843137254 0.1
0.0 0.7928921568627451 0.4388888888888889 0.041666666666666664 0.13333333333333333
0.0 0.7806372549019608 0.3333333333333333 0.041666666666666664 0.1
0.0 0.7475490196078431 0.25833333333333336 0.04411764705882353 0.10555555555555556
0.0 0.7549019607843137 0.3875 0.0392156862745098 0.10833333333333334
0.0 0.7279411764705882 0.3611111111111111 0.029411764705882353 0.09444444444444444
0.0 0.7046568627450981 0.3763888888888889 0.04656862745098039 0.14166666666666666
1.0 0.7083333333333334 0.34444444444444444 0.0392156862745098 0.06666666666666667
0.0 0.6666666666666666 0.3625 0.0392156862745098 0.10833333333333334
1.0 0.6605392156862745 0.3458333333333333 0.041666666666666664 0.06944444444444445
0.0 0.6740196078431373 0.325 0.04411764705882353 0.12222222222222222
1.0 0.6740196078431373 0.2902777777777778 0.04411764705882353 0.10277777777777777
9.0 0.6629901960784313 0.31805555555555554 0.1053921568627451 0.10277777777777777
0.0 0.6470588235294118 0.15416666666666667 0.04411764705882353 0.06388888888888888
0.0 0.678921568627451 0.17083333333333334 0.04411764705882353 0.06944444444444445
0.0 0.6985294117647058 0.2152777777777778 0.04411764705882353 0.08611111111111111
0.0 0.7022058823529411 0.20277777777777778 0.04656862745098039 0.08333333333333333
0.0 0.6936274509803921 0.18888888888888888 0.0392156862745098 0.07222222222222222
0.0 0.6580882352941176 0.19583333333333333 0.03676470588235294 0.06944444444444445
0.0 0.6740196078431373 0.2125 0.0392156862745098 0.08611111111111111
0.0 0.6311274509803921 0.2 0.03676470588235294 0.07222222222222222
0.0 0.6544117647058824 0.22361111111111112 0.029411764705882353 0.075
0.0 0.6470588235294118 0.24444444444444444 0.03431372549019608 0.10555555555555556
0.0 0.6299019607843137 0.25277777777777777 0.03431372549019608 0.09444444444444444
0.0 0.6066176470588235 0.2125 0.041666666666666664 0.06944444444444445
0.0 0.5845588235294118 0.2263888888888889 0.041666666666666664 0.09166666666666666
0.0 0.6127450980392157 0.26944444444444443 0.04411764705882353 0.12777777777777777
0.0 0.5575980392156863 0.23055555555555557 0.031862745098039214 0.08888888888888889
0.0 0.5686274509803921 0.3 0.049019607843137254 0.12777777777777777
0.0 0.5355392156862745 0.25416666666666665 0.03676470588235294 0.08611111111111111
0.0 0.5208333333333334 0.225 0.041666666666666664 0.1
0.0 0.5355392156862745 0.35555555555555557 0.04656862745098039 0.15
0.0 0.49264705882352944 0.28194444444444444 0.03431372549019608 0.10277777777777777
0.0 0.47058823529411764 0.24583333333333332 0.03431372549019608 0.08055555555555556
0.0 0.44485294117647056 0.2791666666666667 0.041666666666666664 0.09166666666666666
0.0 0.39705882352941174 0.29444444444444445 0.04411764705882353 0.08888888888888889
0.0 0.35784313725490197 0.2986111111111111 0.0392156862745098 0.09166666666666666
0.0 0.3235294117647059 0.3236111111111111 0.0392156862745098 0.08611111111111111
0.0 0.2867647058823529 0.31527777777777777 0.0392156862745098 0.09722222222222222
0.0 0.2622549019607843 0.33194444444444443 0.03431372549019608 0.08611111111111111
0.0 0.24754901960784315 0.3875 0.03431372549019608 0.10277777777777777
0.0 0.23774509803921567 0.37083333333333335 0.029411764705882353 0.09722222222222222
0.0 0.22303921568627452 0.3736111111111111 0.029411764705882353 0.11388888888888889
1.0 0.26348039215686275 0.2777777777777778 0.03676470588235294 0.06666666666666667
0.0 0.23651960784313725 0.3194444444444444 0.03676470588235294 0.08888888888888889
0.0 0.21200980392156862 0.32916666666666666 0.031862745098039214 0.08055555555555556
0.0 0.1948529411764706 0.3888888888888889 0.03676470588235294 0.12222222222222222
0.0 0.18627450980392157 0.3638888888888889 0.03431372549019608 0.1111111111111111
0.0 0.7303921568627451 0.8972222222222223 0.06862745098039216 0.08333333333333333
0.0 0.39828431372549017 0.925 0.061274509803921566 0.06666666666666667
0.0 0.4227941176470588 0.9138888888888889 0.056372549019607844 0.07222222222222222
0.0 0.32598039215686275 0.7430555555555556 0.08333333333333333 0.1361111111111111
0.0 0.2647058823529412 0.7361111111111112 0.0784313725490196 0.15555555555555556
0.0 0.6678921568627451 0.44305555555555554 0.04656862745098039 0.15833333333333333
0.0 0.25245098039215685 0.5388888888888889 0.03431372549019608 0.15
0.0 0.22181372549019607 0.5555555555555556 0.031862745098039214 0.12777777777777777
0.0 0.1875 0.49722222222222223 0.01715686274509804 0.1388888888888889
3.0 0.36764705882352944 0.4083333333333333 0.29411764705882354 0.25555555555555554
9.0 0.16666666666666666 0.48194444444444445 0.0392156862745098 0.11944444444444445
9.0 0.13480392156862744 0.6638888888888889 0.04411764705882353 0.13333333333333333
3.0 0.06495098039215687 0.6986111111111111 0.1053921568627451 0.20277777777777778
0.0 0.049019607843137254 0.6569444444444444 0.024509803921568627 0.058333333333333334
0.0 0.33700980392156865 0.10555555555555556 0.041666666666666664 0.044444444444444446
0.0 0.2622549019607843 0.14722222222222223 0.03431372549019608 0.05
0.0 0.24632352941176472 0.1527777777777778 0.03676470588235294 0.05555555555555555
0.0 0.23651960784313725 0.17222222222222222 0.031862745098039214 0.05
0.0 0.21691176470588236 0.1763888888888889 0.041666666666666664 0.06388888888888888
0.0 0.20833333333333334 0.19166666666666668 0.0392156862745098 0.06666666666666667
0.0 0.19730392156862744 0.20833333333333334 0.03676470588235294 0.06666666666666667
0.0 0.19117647058823528 0.19305555555555556 0.03431372549019608 0.06388888888888888
1.0 0.22916666666666666 0.2652777777777778 0.03676470588235294 0.06388888888888888
1.0 0.21568627450980393 0.25833333333333336 0.029411764705882353 0.05555555555555555
1.0 0.2034313725490196 0.25972222222222224 0.0196078431372549 0.030555555555555555
1.0 0.19730392156862744 0.2611111111111111 0.01715686274509804 0.027777777777777776
1.0 0.1948529411764706 0.25277777777777777 0.031862745098039214 0.05555555555555555
0.0 0.0821078431372549 0.20972222222222223 0.012254901960784314 0.025
0.0 0.061274509803921566 0.24305555555555555 0.014705882352941176 0.03611111111111111
0.0 0.09436274509803921 0.20972222222222223 0.022058823529411766 0.041666666666666664
0.0 0.07352941176470588 0.23333333333333334 0.0196078431372549 0.044444444444444446
0.0 0.04534313725490196 0.29444444444444445 0.01715686274509804 0.044444444444444446
1.0 0.029411764705882353 0.3333333333333333 0.00980392156862745 0.03333333333333333
0.0 0.11029411764705882 0.49583333333333335 0.00980392156862745 0.11388888888888889
2.0 0.024509803921568627 0.45555555555555555 0.00980392156862745 0.06666666666666667
0.0 0.0428921568627451 0.48055555555555557 0.007352941176470588 0.08333333333333333
9.0 0.049019607843137254 0.45555555555555555 0.014705882352941176 0.06666666666666667
0.0 0.049019607843137254 0.3388888888888889 0.0196078431372549 0.06666666666666667
0.0 0.056372549019607844 0.3236111111111111 0.014705882352941176 0.04722222222222222
0.0 0.06372549019607843 0.30972222222222223 0.014705882352941176 0.04722222222222222
0.0 0.06740196078431372 0.30694444444444446 0.01715686274509804 0.05277777777777778
1.0 0.09313725490196079 0.2375 0.0196078431372549 0.041666666666666664
1.0 0.1715686274509804 0.17083333333333334 0.03431372549019608 0.05277777777777778
9.0 0.16911764705882354 0.17777777777777778 0.04411764705882353 0.05
0.0 0.16666666666666666 0.22777777777777777 0.03431372549019608 0.07222222222222222
0.0 0.0661764705882353 0.39166666666666666 0.0196078431372549 0.08333333333333333
0.0 0.06985294117647059 0.4013888888888889 0.01715686274509804 0.05277777777777778
0.0 0.0784313725490196 0.39861111111111114 0.0196078431372549 0.08611111111111111
0.0 0.08946078431372549 0.29305555555555557 0.02696078431372549 0.06944444444444445
0.0 0.11029411764705882 0.25555555555555554 0.029411764705882353 0.06111111111111111
0.0 0.1053921568627451 0.2763888888888889 0.024509803921568627 0.058333333333333334
0.0 0.10049019607843138 0.4166666666666667 0.0196078431372549 0.09444444444444444
1.0 0.10416666666666667 0.23333333333333334 0.022058823529411766 0.044444444444444446
1.0 0.11397058823529412 0.2222222222222222 0.022058823529411766 0.044444444444444446
1.0 0.12377450980392157 0.2111111111111111 0.022058823529411766 0.03888888888888889
0.0 0.13970588235294118 0.26944444444444443 0.03431372549019608 0.08333333333333333
0.0 0.12622549019607843 0.28055555555555556 0.031862745098039214 0.07222222222222222
0.0 0.1053921568627451 0.3902777777777778 0.029411764705882353 0.10277777777777777
0.0 0.09803921568627451 0.375 0.0196078431372549 0.07777777777777778
0.0 0.08946078431372549 0.38055555555555554 0.01715686274509804 0.05555555555555555
1.0 0.09191176470588236 0.375 0.012254901960784314 0.03333333333333333
0.0 0.16299019607843138 0.39861111111111114 0.031862745098039214 0.10277777777777777
0.0 0.1482843137254902 0.38333333333333336 0.031862745098039214 0.10555555555555556
0.0 0.1323529411764706 0.3972222222222222 0.03431372549019608 0.1111111111111111
0.0 0.13480392156862744 0.36666666666666664 0.029411764705882353 0.08888888888888889
0.0 0.13602941176470587 0.3347222222222222 0.02696078431372549 0.075
0.0 0.13480392156862744 0.3486111111111111 0.024509803921568627 0.08055555555555556
0.0 0.12377450980392157 0.3597222222222222 0.022058823529411766 0.09166666666666666
0.0 0.1556372549019608 0.3 0.022058823529411766 0.03888888888888889
1.0 0.17524509803921567 0.3 0.022058823529411766 0.05
0.0 0.1090686274509804 0.3416666666666667 0.022058823529411766 0.06111111111111111
0.0 0.1090686274509804 0.3277777777777778 0.01715686274509804 0.05555555555555555
0.0 0.11274509803921569 0.30416666666666664 0.0196078431372549 0.05277777777777778
0.0 0.10049019607843138 0.31805555555555554 0.024509803921568627 0.075
0.0 0.09926470588235294 0.30972222222222223 0.022058823529411766 0.06388888888888888
0.0 0.11029411764705882 0.3013888888888889 0.0196078431372549 0.05277777777777778
0.0 0.11642156862745098 0.2847222222222222 0.022058823529411766 0.05277777777777778
0.0 0.11029411764705882 0.2875 0.0196078431372549 0.05277777777777778
0.0 0.12990196078431374 0.2708333333333333 0.024509803921568627 0.058333333333333334
