3.0 0.4895287958115183 0.859375 0.06806282722513089 0.06875
3.0 0.5353403141361257 0.7125 0.060209424083769635 0.06875
3.0 0.6544502617801047 0.7 0.05235602094240838 0.06875
3.0 0.7643979057591623 0.8125 0.06806282722513089 0.0875
3.0 0.6662303664921466 0.63125 0.10732984293193717 0.06875
3.0 0.6256544502617801 0.5640625 0.09947643979057591 0.059375
3.0 0.5340314136125655 0.4515625 0.04712041884816754 0.046875
3.0 0.9528795811518325 0.6703125 0.031413612565445025 0.071875
3.0 0.9712041884816754 0.6625 0.031413612565445025 0.075
3.0 0.9410994764397905 0.496875 0.02356020942408377 0.03125
4.0 0.9293193717277487 0.4703125 0.02617801047120419 0.034375
3.0 0.8468586387434555 0.621875 0.0549738219895288 0.05625
3.0 0.8664921465968587 0.6015625 0.041884816753926704 0.053125
3.0 0.768324607329843 0.659375 0.07068062827225131 0.08125
3.0 0.7198952879581152 0.5671875 0.031413612565445025 0.059375
4.0 0.7094240837696335 0.421875 0.02617801047120419 0.04375
0.0 0.6819371727748691 0.421875 0.013089005235602094 0.03125
3.0 0.1531413612565445 0.834375 0.07591623036649214 0.10625
3.0 0.08507853403141362 0.8078125 0.060209424083769635 0.084375
3.0 0.07329842931937172 0.7484375 0.05235602094240838 0.078125
3.0 0.0968586387434555 0.7296875 0.05759162303664921 0.078125
3.0 0.10602094240837696 0.6921875 0.0549738219895288 0.078125
0.0 0.04450261780104712 0.765625 0.015706806282722512 0.0375
3.0 0.13350785340314136 0.6734375 0.05759162303664921 0.065625
3.0 0.1950261780104712 0.6734375 0.049738219895287955 0.090625
3.0 0.21858638743455497 0.6203125 0.04450261780104712 0.078125
3.0 0.24083769633507854 0.546875 0.041884816753926704 0.06875
3.0 0.281413612565445 0.4 0.049738219895287955 0.0625
3.0 0.39397905759162305 0.296875 0.02356020942408377 0.03125
3.0 0.4201570680628272 0.2578125 0.02356020942408377 0.021875
3.0 0.32329842931937175 0.3265625 0.02356020942408377 0.028125
3.0 0.2892670157068063 0.315625 0.028795811518324606 0.03125
0.0 0.2591623036649215 0.3328125 0.010471204188481676 0.028125
3.0 0.38089005235602097 0.2484375 0.049738219895287955 0.021875
3.0 0.5458115183246073 0.146875 0.013089005235602094 0.00625
3.0 0.7290575916230366 0.2578125 0.034031413612565446 0.021875
3.0 0.7630890052356021 0.2765625 0.02356020942408377 0.021875
3.0 0.7212041884816754 0.240625 0.034031413612565446 0.025
3.0 0.6662303664921466 0.23125 0.013089005235602094 0.01875
3.0 0.6596858638743456 0.2203125 0.015706806282722512 0.015625
3.0 0.6557591623036649 0.2078125 0.013089005235602094 0.015625
3.0 0.6479057591623036 0.1984375 0.013089005235602094 0.015625
3.0 0.6348167539267016 0.1828125 0.007853403141361256 0.009375
3.0 0.6413612565445026 0.178125 0.010471204188481676 0.0125
3.0 0.6387434554973822 0.171875 0.010471204188481676 0.00625
3.0 0.6361256544502618 0.1640625 0.010471204188481676 0.009375
3.0 0.6348167539267016 0.1578125 0.007853403141361256 0.009375
3.0 0.606020942408377 0.153125 0.007853403141361256 0.00625
3.0 0.5824607329842932 0.134375 0.007853403141361256 0.00625
3.0 0.5602094240837696 0.140625 0.005235602094240838 0.00625
6.0 0.6034031413612565 0.1953125 0.007853403141361256 0.015625
4.0 0.6780104712041884 0.2859375 0.010471204188481676 0.021875
3.0 0.47774869109947643 0.1875 0.013089005235602094 0.0125
3.0 0.40445026178010474 0.225 0.02356020942408377 0.01875
3.0 0.41361256544502617 0.215625 0.031413612565445025 0.0125
3.0 0.412303664921466 0.209375 0.034031413612565446 0.0125
3.0 0.4803664921465969 0.175 0.013089005235602094 0.0125
3.0 0.49345549738219896 0.159375 0.013089005235602094 0.00625
3.0 0.5052356020942408 0.153125 0.010471204188481676 0.00625
3.0 0.5130890052356021 0.14375 0.010471204188481676 0.00625
3.0 0.5209424083769634 0.1359375 0.005235602094240838 0.003125
0.0 0.2526178010471204 0.384375 0.007853403141361256 0.025
9.0 0.2513089005235602 0.3890625 0.005235602094240838 0.015625
3.0 0.20287958115183247 0.5 0.0549738219895288 0.0375
0.0 0.1950261780104712 0.815625 0.02356020942408377 0.04375
0.0 0.17408376963350786 0.6015625 0.013089005235602094 0.040625
3.0 0.9921465968586387 0.5578125 0.005235602094240838 0.028125
3.0 0.9882198952879581 0.5125 0.007853403141361256 0.025
3.0 0.9803664921465969 0.4984375 0.013089005235602094 0.021875
3.0 0.9738219895287958 0.4859375 0.010471204188481676 0.021875
3.0 0.9725130890052356 0.478125 0.013089005235602094 0.01875
3.0 0.9685863874345549 0.4640625 0.015706806282722512 0.021875
3.0 0.9607329842931938 0.453125 0.015706806282722512 0.01875
3.0 0.9502617801047121 0.434375 0.015706806282722512 0.01875
3.0 0.9450261780104712 0.4203125 0.015706806282722512 0.021875
3.0 0.9397905759162304 0.409375 0.015706806282722512 0.01875
3.0 0.9293193717277487 0.3921875 0.015706806282722512 0.021875
3.0 0.9450261780104712 0.3921875 0.015706806282722512 0.021875
3.0 0.9018324607329843 0.365625 0.013089005235602094 0.01875
3.0 0.9109947643979057 0.36875 0.010471204188481676 0.01875
3.0 0.9240837696335078 0.371875 0.010471204188481676 0.01875
3.0 0.9319371727748691 0.375 0.005235602094240838 0.0125
3.0 0.8848167539267016 0.375 0.02617801047120419 0.025
3.0 0.8900523560209425 0.3875 0.02617801047120419 0.025
3.0 0.8965968586387435 0.396875 0.02356020942408377 0.025
3.0 0.9018324607329843 0.4078125 0.02356020942408377 0.021875
3.0 0.9070680628272252 0.41875 0.02356020942408377 0.01875
3.0 0.912303664921466 0.4296875 0.02356020942408377 0.021875
3.0 0.9162303664921466 0.4421875 0.02617801047120419 0.021875
3.0 0.9240837696335078 0.4625 0.02617801047120419 0.01875
3.0 0.8651832460732984 0.3765625 0.013089005235602094 0.028125
3.0 0.8612565445026178 0.44375 0.03664921465968586 0.03125
3.0 0.8468586387434555 0.4265625 0.034031413612565446 0.034375
3.0 0.8416230366492147 0.4140625 0.034031413612565446 0.028125
3.0 0.837696335078534 0.396875 0.031413612565445025 0.025
3.0 0.8363874345549738 0.3890625 0.03926701570680628 0.021875
3.0 0.837696335078534 0.378125 0.031413612565445025 0.025
0.0 0.8010471204188482 0.5046875 0.005235602094240838 0.034375
6.0 0.8232984293193717 0.5171875 0.034031413612565446 0.034375
0.0 0.819371727748691 0.5140625 0.005235602094240838 0.028125
0.0 0.7591623036649214 0.503125 0.010471204188481676 0.03125
9.0 0.756544502617801 0.515625 0.015706806282722512 0.03125
