3.0 0.6188725490196079 0.9611111111111111 0.11519607843137254 0.06666666666666667
3.0 0.4693627450980392 0.9708333333333333 0.11519607843137254 0.05277777777777778
5.0 0.6703431372549019 0.8611111111111112 0.12990196078431374 0.1388888888888889
3.0 0.44362745098039214 0.8208333333333333 0.1323529411764706 0.1361111111111111
3.0 0.30514705882352944 0.8444444444444444 0.11519607843137254 0.12777777777777777
3.0 0.7095588235294118 0.725 0.11519607843137254 0.16111111111111112
3.0 0.6654411764705882 0.5736111111111111 0.10049019607843138 0.16944444444444445
3.0 0.43504901960784315 0.5875 0.125 0.175
3.0 0.2512254901960784 0.5875 0.10049019607843138 0.1638888888888889
3.0 0.16911764705882354 0.4097222222222222 0.05392156862745098 0.10833333333333334
3.0 0.6985294117647058 0.3236111111111111 0.07352941176470588 0.09166666666666666
4.0 0.6078431372549019 0.3763888888888889 0.10784313725490197 0.1638888888888889
3.0 0.4632352941176471 0.3819444444444444 0.11764705882352941 0.14722222222222223
3.0 0.6213235294117647 0.22361111111111112 0.07107843137254902 0.075
3.0 0.4840686274509804 0.24861111111111112 0.09068627450980392 0.08611111111111111
8.0 0.30514705882352944 0.3597222222222222 0.15931372549019607 0.28055555555555556
0.0 0.39950980392156865 0.30416666666666664 0.024509803921568627 0.075
8.0 0.2977941176470588 0.2111111111111111 0.12990196078431374 0.15
3.0 0.6029411764705882 0.15833333333333333 0.06372549019607843 0.05
3.0 0.5061274509803921 0.1527777777777778 0.056372549019607844 0.044444444444444446
3.0 0.42769607843137253 0.15833333333333333 0.07107843137254902 0.05
3.0 0.6017156862745098 0.11805555555555555 0.056372549019607844 0.03611111111111111
4.0 0.5208333333333334 0.10694444444444444 0.056372549019607844 0.041666666666666664
3.0 0.44730392156862747 0.125 0.04656862745098039 0.03333333333333333
3.0 0.5882352941176471 0.09166666666666666 0.04411764705882353 0.027777777777777776
3.0 0.5330882352941176 0.0763888888888889 0.03676470588235294 0.019444444444444445
4.0 0.48651960784313725 0.07222222222222222 0.02696078431372549 0.016666666666666666
3.0 0.46200980392156865 0.09583333333333334 0.03676470588235294 0.025
3.0 0.33455882352941174 0.08472222222222223 0.041666666666666664 0.030555555555555555
3.0 0.3382352941176471 0.05416666666666667 0.024509803921568627 0.013888888888888888
3.0 0.25245098039215685 0.09166666666666666 0.029411764705882353 0.022222222222222223
3.0 0.08823529411764706 0.25972222222222224 0.024509803921568627 0.041666666666666664
3.0 0.03553921568627451 0.3541666666666667 0.01715686274509804 0.04722222222222222
4.0 0.041666666666666664 0.7194444444444444 0.049019607843137254 0.12777777777777777
5.0 0.2340686274509804 0.075 0.031862745098039214 0.03333333333333333
8.0 0.44607843137254904 0.06527777777777778 0.09313725490196079 0.04722222222222222
3.0 0.5955882352941176 0.07777777777777778 0.0392156862745098 0.022222222222222223
3.0 0.5220588235294118 0.0625 0.029411764705882353 0.013888888888888888
5.0 0.5955882352941176 0.058333333333333334 0.049019607843137254 0.03333333333333333
3.0 0.5649509803921569 0.05 0.02696078431372549 0.016666666666666666
3.0 0.5208333333333334 0.05 0.02696078431372549 0.011111111111111112
3.0 0.5269607843137255 0.041666666666666664 0.0196078431372549 0.011111111111111112
3.0 0.4950980392156863 0.03611111111111111 0.024509803921568627 0.005555555555555556
3.0 0.5404411764705882 0.03611111111111111 0.022058823529411766 0.011111111111111112
3.0 0.5845588235294118 0.03888888888888889 0.022058823529411766 0.011111111111111112
3.0 0.5490196078431373 0.03194444444444444 0.0196078431372549 0.008333333333333333
3.0 0.4987745098039216 0.029166666666666667 0.022058823529411766 0.008333333333333333
3.0 0.4963235294117647 0.02361111111111111 0.022058823529411766 0.008333333333333333
3.0 0.5686274509803921 0.029166666666666667 0.0196078431372549 0.008333333333333333
3.0 0.5294117647058824 0.02361111111111111 0.0196078431372549 0.008333333333333333
8.0 0.5220588235294118 0.015277777777777777 0.0392156862745098 0.019444444444444445
5.0 0.5563725490196079 0.013888888888888888 0.0392156862745098 0.022222222222222223
3.0 0.5612745098039216 0.02361111111111111 0.0196078431372549 0.008333333333333333
3.0 0.8578431372549019 0.1361111111111111 0.0196078431372549 0.022222222222222223
3.0 0.8419117647058824 0.12638888888888888 0.022058823529411766 0.025
3.0 0.7892156862745098 0.08888888888888889 0.029411764705882353 0.022222222222222223
3.0 0.821078431372549 0.10416666666666667 0.024509803921568627 0.019444444444444445
3.0 0.8308823529411765 0.11666666666666667 0.0196078431372549 0.016666666666666666
3.0 0.8247549019607843 0.1111111111111111 0.01715686274509804 0.016666666666666666
3.0 0.7720588235294118 0.075 0.029411764705882353 0.022222222222222223
3.0 0.8946078431372549 0.16805555555555557 0.014705882352941176 0.019444444444444445
