9.0 0.08900523560209424 0.7328125 0.02617801047120419 0.059375
9.0 0.12696335078534032 0.58125 0.013089005235602094 0.04375
9.0 0.3036649214659686 0.625 0.020942408376963352 0.05
9.0 0.4005235602094241 0.6296875 0.031413612565445025 0.065625
9.0 0.49214659685863876 0.55625 0.02617801047120419 0.0625
9.0 0.05235602094240838 0.553125 0.010471204188481676 0.0375
9.0 0.13743455497382198 0.4421875 0.013089005235602094 0.034375
9.0 0.2054973821989529 0.3734375 0.013089005235602094 0.021875
9.0 0.24345549738219896 0.353125 0.02617801047120419 0.025
9.0 0.29450261780104714 0.3203125 0.02356020942408377 0.028125
9.0 0.23298429319371727 0.384375 0.015706806282722512 0.03125
9.0 0.22774869109947643 0.334375 0.015706806282722512 0.03125
9.0 0.20157068062827224 0.346875 0.02617801047120419 0.03125
9.0 0.1662303664921466 0.3421875 0.01832460732984293 0.021875
9.0 0.40575916230366493 0.275 0.02617801047120419 0.025
9.0 0.4816753926701571 0.2609375 0.02617801047120419 0.015625
9.0 0.9528795811518325 0.459375 0.010471204188481676 0.025
9.0 0.9698952879581152 0.465625 0.007853403141361256 0.025
9.0 0.9659685863874345 0.4609375 0.010471204188481676 0.021875
9.0 0.9476439790575916 0.421875 0.010471204188481676 0.025
9.0 0.9856020942408377 0.4890625 0.007853403141361256 0.021875
9.0 0.9031413612565445 0.3390625 0.010471204188481676 0.015625
3.0 0.9332460732984293 0.4046875 0.028795811518324606 0.040625
3.0 0.930628272251309 0.390625 0.028795811518324606 0.0375
3.0 0.9319371727748691 0.3875 0.02617801047120419 0.0375
3.0 0.9345549738219895 0.3859375 0.02617801047120419 0.034375
5.0 0.9332460732984293 0.375 0.034031413612565446 0.05
1.0 0.981675392670157 0.4625 0.005235602094240838 0.0125
3.0 0.9083769633507853 0.3359375 0.02617801047120419 0.040625
1.0 0.08638743455497382 0.7203125 0.020942408376963352 0.059375
1.0 0.1256544502617801 0.5640625 0.010471204188481676 0.046875
1.0 0.3036649214659686 0.6109375 0.02617801047120419 0.065625
1.0 0.39528795811518325 0.6171875 0.031413612565445025 0.065625
1.0 0.4895287958115183 0.5484375 0.020942408376963352 0.053125
1.0 0.13612565445026178 0.4328125 0.010471204188481676 0.040625
1.0 0.051047120418848166 0.5484375 0.007853403141361256 0.028125
1.0 0.05235602094240838 0.54375 0.005235602094240838 0.0375
1.0 0.2081151832460733 0.359375 0.013089005235602094 0.03125
1.0 0.23298429319371727 0.375 0.010471204188481676 0.03125
1.0 0.24476439790575916 0.3453125 0.013089005235602094 0.034375
1.0 0.22905759162303665 0.328125 0.013089005235602094 0.03125
1.0 0.29450261780104714 0.3125 0.01832460732984293 0.03125
1.0 0.1662303664921466 0.3375 0.013089005235602094 0.0375
1.0 0.40445026178010474 0.26875 0.013089005235602094 0.025
1.0 0.4816753926701571 0.253125 0.015706806282722512 0.025
0.0 0.5471204188481675 0.2890625 0.015706806282722512 0.040625
0.0 0.5196335078534031 0.346875 0.01832460732984293 0.05
2.0 0.5510471204188482 0.2984375 0.02356020942408377 0.028125
3.0 0.3180628272251309 0.4703125 0.0549738219895288 0.096875
3.0 0.3285340314136126 0.36875 0.04450261780104712 0.0375
4.0 0.4201570680628272 0.340625 0.060209424083769635 0.075
4.0 0.4986910994764398 0.30625 0.0549738219895288 0.0625
3.0 0.5235602094240838 0.4234375 0.04712041884816754 0.071875
4.0 0.9201570680628273 0.340625 0.01832460732984293 0.03125
3.0 0.930628272251309 0.346875 0.01832460732984293 0.03125
3.0 0.93717277486911 0.35 0.015706806282722512 0.025
3.0 0.9424083769633508 0.35 0.015706806282722512 0.025
3.0 0.9515706806282722 0.353125 0.013089005235602094 0.025
4.0 0.9149214659685864 0.3078125 0.01832460732984293 0.028125
4.0 0.9345549738219895 0.321875 0.015706806282722512 0.025
3.0 0.06675392670157068 0.41875 0.028795811518324606 0.0375
3.0 0.0968586387434555 0.334375 0.015706806282722512 0.03125
3.0 0.07984293193717278 0.3484375 0.013089005235602094 0.028125
7.0 0.2617801047120419 0.2765625 0.03664921465968586 0.040625
1.0 0.2683246073298429 0.2765625 0.013089005235602094 0.028125
7.0 0.3468586387434555 0.2515625 0.034031413612565446 0.034375
0.0 0.16753926701570682 0.4140625 0.010471204188481676 0.046875
0.0 0.1400523560209424 0.3890625 0.007853403141361256 0.028125
0.0 0.13743455497382198 0.3859375 0.007853403141361256 0.034375
3.0 0.281413612565445 0.2328125 0.028795811518324606 0.028125
3.0 0.2905759162303665 0.2234375 0.02617801047120419 0.028125
6.0 0.643979057591623 0.21875 0.02617801047120419 0.03125
4.0 0.6191099476439791 0.19375 0.049738219895287955 0.03125
6.0 0.6740837696335078 0.221875 0.028795811518324606 0.03125
9.0 0.6191099476439791 0.228125 0.02356020942408377 0.01875
1.0 0.6164921465968587 0.2234375 0.007853403141361256 0.021875
2.0 0.2094240837696335 0.3 0.020942408376963352 0.01875
1.0 0.2094240837696335 0.2921875 0.010471204188481676 0.021875
9.0 0.2342931937172775 0.271875 0.007853403141361256 0.01875
9.0 0.17801047120418848 0.2953125 0.010471204188481676 0.015625
9.0 0.2212041884816754 0.275 0.007853403141361256 0.01875
9.0 0.24476439790575916 0.24375 0.007853403141361256 0.01875
9.0 0.25785340314136124 0.2390625 0.007853403141361256 0.015625
1.0 0.24738219895287958 0.2375 0.007853403141361256 0.01875
1.0 0.25785340314136124 0.234375 0.007853403141361256 0.01875
1.0 0.2356020942408377 0.26875 0.010471204188481676 0.025
1.0 0.2212041884816754 0.2734375 0.013089005235602094 0.028125
1.0 0.1793193717277487 0.2890625 0.007853403141361256 0.021875
9.0 0.17277486910994763 0.315625 0.015706806282722512 0.01875
1.0 0.17277486910994763 0.309375 0.010471204188481676 0.025
9.0 0.33507853403141363 0.2421875 0.020942408376963352 0.021875
7.0 0.4712041884816754 0.1984375 0.015706806282722512 0.021875
1.0 0.33638743455497383 0.2359375 0.007853403141361256 0.015625
1.0 0.3390052356020942 0.2359375 0.007853403141361256 0.009375
1.0 0.35602094240837695 0.2359375 0.010471204188481676 0.015625
9.0 0.42277486910994766 0.2296875 0.02356020942408377 0.015625
9.0 0.3992146596858639 0.2453125 0.02356020942408377 0.015625
9.0 0.43455497382198954 0.25 0.031413612565445025 0.01875
7.0 0.4568062827225131 0.23125 0.03926701570680628 0.03125
9.0 0.5353403141361257 0.25 0.028795811518324606 0.01875
9.0 0.5510471204188482 0.240625 0.02356020942408377 0.0125
6.0 0.5327225130890052 0.2328125 0.03926701570680628 0.021875
1.0 0.4018324607329843 0.2375 0.007853403141361256 0.01875
1.0 0.42539267015706805 0.2203125 0.013089005235602094 0.015625
1.0 0.43455497382198954 0.2453125 0.010471204188481676 0.021875
1.0 0.45157068062827227 0.2328125 0.007853403141361256 0.015625
1.0 0.5366492146596858 0.2421875 0.010471204188481676 0.015625
1.0 0.5261780104712042 0.2296875 0.015706806282722512 0.015625
1.0 0.5549738219895288 0.2328125 0.010471204188481676 0.015625
1.0 0.5589005235602095 0.2359375 0.007853403141361256 0.015625
4.0 0.28403141361256545 0.196875 0.02356020942408377 0.025
7.0 0.31675392670157065 0.1796875 0.015706806282722512 0.021875
9.0 0.44502617801047123 0.1625 0.005235602094240838 0.0125
1.0 0.4463350785340314 0.15625 0.007853403141361256 0.0125
2.0 0.20418848167539266 0.2796875 0.010471204188481676 0.015625
1.0 0.2054973821989529 0.2734375 0.007853403141361256 0.015625
