0.0 0.8169014084507042 0.7628205128205128 0.023474178403755867 0.04358974358974359
3.0 0.2312206572769953 0.9141025641025641 0.08685446009389672 0.06923076923076923
0.0 0.215962441314554 0.8923076923076924 0.028169014084507043 0.03076923076923077
1.0 0.22065727699530516 0.8961538461538462 0.014084507042253521 0.01282051282051282
1.0 0.22300469483568075 0.8974358974358975 0.028169014084507043 0.02564102564102564
9.0 0.22417840375586853 0.9012820512820513 0.03051643192488263 0.023076923076923078
4.0 0.22065727699530516 0.882051282051282 0.07042253521126761 0.06666666666666667
3.0 0.2300469483568075 0.8628205128205129 0.07511737089201878 0.06923076923076923
1.0 0.4835680751173709 0.9794871794871794 0.018779342723004695 0.010256410256410256
2.0 0.4823943661971831 0.9807692307692307 0.02112676056338028 0.01282051282051282
1.0 0.5352112676056338 0.982051282051282 0.018779342723004695 0.010256410256410256
2.0 0.534037558685446 0.9833333333333333 0.02112676056338028 0.01282051282051282
1.0 0.7030516431924883 0.9512820512820512 0.02112676056338028 0.015384615384615385
1.0 0.7136150234741784 0.9487179487179487 0.023474178403755867 0.015384615384615385
1.0 0.3767605633802817 0.9423076923076923 0.025821596244131457 0.017948717948717947
9.0 0.38028169014084506 0.9461538461538461 0.028169014084507043 0.020512820512820513
1.0 0.4272300469483568 0.9487179487179487 0.023474178403755867 0.015384615384615385
9.0 0.4272300469483568 0.9512820512820512 0.028169014084507043 0.020512820512820513
0.0 0.29694835680751175 0.8756410256410256 0.03051643192488263 0.03333333333333333
0.0 0.27582159624413144 0.8666666666666667 0.03051643192488263 0.035897435897435895
0.0 0.26173708920187794 0.8641025641025641 0.03051643192488263 0.035897435897435895
3.0 0.2335680751173709 0.8256410256410256 0.08215962441314555 0.08717948717948718
1.0 0.2734741784037559 0.8166666666666667 0.035211267605633804 0.04358974358974359
9.0 0.2746478873239437 0.823076923076923 0.028169014084507043 0.035897435897435895
0.0 0.289906103286385 0.7974358974358975 0.03051643192488263 0.046153846153846156
9.0 0.03169014084507042 0.6948717948717948 0.007042253521126761 0.015384615384615385
9.0 0.036384976525821594 0.6756410256410257 0.011737089201877934 0.028205128205128206
0.0 0.03755868544600939 0.676923076923077 0.009389671361502348 0.02564102564102564
9.0 0.05868544600938967 0.708974358974359 0.018779342723004695 0.03333333333333333
9.0 0.06103286384976526 0.717948717948718 0.014084507042253521 0.02564102564102564
9.0 0.062206572769953054 0.6884615384615385 0.01643192488262911 0.03333333333333333
9.0 0.04929577464788732 0.6141025641025641 0.009389671361502348 0.028205128205128206
4.0 0.04225352112676056 0.6294871794871795 0.023474178403755867 0.0641025641025641
9.0 0.05868544600938967 0.5948717948717949 0.009389671361502348 0.02564102564102564
9.0 0.05868544600938967 0.5897435897435898 0.009389671361502348 0.02564102564102564
1.0 0.051643192488262914 0.5717948717948718 0.004694835680751174 0.020512820512820513
9.0 0.06338028169014084 0.5743589743589743 0.009389671361502348 0.02564102564102564
1.0 0.06338028169014084 0.5641025641025641 0.004694835680751174 0.010256410256410256
2.0 0.06572769953051644 0.5692307692307692 0.009389671361502348 0.02564102564102564
9.0 0.0715962441314554 0.5487179487179488 0.007042253521126761 0.02564102564102564
0.0 0.08215962441314555 0.5230769230769231 0.004694835680751174 0.020512820512820513
0.0 0.08685446009389672 0.5128205128205128 0.004694835680751174 0.02564102564102564
0.0 0.0892018779342723 0.5 0.004694835680751174 0.035897435897435895
1.0 0.13380281690140844 0.39487179487179486 0.009389671361502348 0.02564102564102564
3.0 0.17488262910798122 0.6653846153846154 0.04929577464788732 0.06923076923076923
1.0 0.07276995305164319 0.6025641025641025 0.004694835680751174 0.02564102564102564
1.0 0.07511737089201878 0.6064102564102564 0.004694835680751174 0.023076923076923078
1.0 0.0715962441314554 0.5987179487179487 0.007042253521126761 0.028205128205128206
1.0 0.07629107981220658 0.6 0.007042253521126761 0.02564102564102564
1.0 0.08098591549295775 0.6038461538461538 0.007042253521126761 0.023076923076923078
1.0 0.08450704225352113 0.5987179487179487 0.009389671361502348 0.028205128205128206
1.0 0.07981220657276995 0.5948717948717949 0.004694835680751174 0.02564102564102564
1.0 0.08098591549295775 0.5858974358974359 0.007042253521126761 0.023076923076923078
1.0 0.08098591549295775 0.5666666666666667 0.007042253521126761 0.020512820512820513
1.0 0.08568075117370892 0.573076923076923 0.007042253521126761 0.023076923076923078
1.0 0.09154929577464789 0.5705128205128205 0.004694835680751174 0.023076923076923078
1.0 0.0880281690140845 0.5666666666666667 0.007042253521126761 0.02564102564102564
1.0 0.09507042253521127 0.5423076923076923 0.007042253521126761 0.028205128205128206
1.0 0.09976525821596244 0.5384615384615384 0.007042253521126761 0.02564102564102564
1.0 0.10211267605633803 0.5115384615384615 0.007042253521126761 0.03333333333333333
1.0 0.1068075117370892 0.5166666666666667 0.007042253521126761 0.023076923076923078
1.0 0.10446009389671361 0.5038461538461538 0.002347417840375587 0.028205128205128206
1.0 0.10211267605633803 0.5 0.002347417840375587 0.02564102564102564
9.0 0.13262910798122066 0.4461538461538462 0.02112676056338028 0.03076923076923077
1.0 0.18309859154929578 0.358974358974359 0.014084507042253521 0.03076923076923077
3.0 0.6889671361502347 0.7794871794871795 0.07746478873239436 0.07179487179487179
3.0 0.687793427230047 0.6692307692307692 0.07042253521126761 0.08205128205128205
3.0 0.7276995305164319 0.5756410256410256 0.056338028169014086 0.07948717948717948
0.0 0.647887323943662 0.6525641025641026 0.028169014084507043 0.05897435897435897
7.0 0.6607981220657277 0.7576923076923077 0.03990610328638498 0.0641025641025641
1.0 0.5610328638497653 0.8205128205128205 0.028169014084507043 0.03076923076923077
9.0 0.5598591549295775 0.8282051282051283 0.025821596244131457 0.035897435897435895
3.0 0.24413145539906103 0.7064102564102565 0.07042253521126761 0.1
1.0 0.34976525821596244 0.7833333333333333 0.028169014084507043 0.038461538461538464
9.0 0.352112676056338 0.7935897435897435 0.028169014084507043 0.038461538461538464
1.0 0.4354460093896714 0.7615384615384615 0.025821596244131457 0.035897435897435895
1.0 0.4800469483568075 0.7666666666666667 0.025821596244131457 0.035897435897435895
1.0 0.4800469483568075 0.7782051282051282 0.01643192488262911 0.023076923076923078
9.0 0.4835680751173709 0.7756410256410257 0.023474178403755867 0.03333333333333333
1.0 0.6338028169014085 0.7474358974358974 0.03286384976525822 0.04358974358974359
1.0 0.6338028169014085 0.7448717948717949 0.03286384976525822 0.04871794871794872
9.0 0.6349765258215962 0.7487179487179487 0.035211267605633804 0.046153846153846156
3.0 0.5669014084507042 0.7205128205128205 0.08215962441314555 0.08205128205128205
1.0 0.607981220657277 0.6576923076923077 0.023474178403755867 0.04871794871794872
9.0 0.602112676056338 0.6666666666666666 0.025821596244131457 0.046153846153846156
0.0 0.29577464788732394 0.7038461538461539 0.023474178403755867 0.04358974358974359
0.0 0.2852112676056338 0.6935897435897436 0.02112676056338028 0.04871794871794872
0.0 0.2699530516431925 0.6871794871794872 0.023474178403755867 0.05641025641025641
0.0 0.2887323943661972 0.6833333333333333 0.018779342723004695 0.05384615384615385
3.0 0.2711267605633803 0.6615384615384615 0.06807511737089202 0.08205128205128205
3.0 0.2887323943661972 0.6089743589743589 0.07042253521126761 0.08461538461538462
1.0 0.3427230046948357 0.7192307692307692 0.028169014084507043 0.04358974358974359
1.0 0.38967136150234744 0.6884615384615385 0.023474178403755867 0.04358974358974359
1.0 0.392018779342723 0.6166666666666667 0.023474178403755867 0.04871794871794872
1.0 0.5293427230046949 0.6128205128205129 0.03990610328638498 0.05128205128205128
1.0 0.5363849765258216 0.6064102564102564 0.025821596244131457 0.05384615384615385
9.0 0.534037558685446 0.6192307692307693 0.035211267605633804 0.05384615384615385
9.0 0.3427230046948357 0.7307692307692307 0.023474178403755867 0.041025641025641026
9.0 0.3884976525821596 0.7012820512820512 0.025821596244131457 0.04871794871794872
9.0 0.392018779342723 0.6346153846153846 0.023474178403755867 0.05384615384615385
1.0 0.43427230046948356 0.5525641025641026 0.023474178403755867 0.05384615384615385
9.0 0.43309859154929575 0.5666666666666667 0.025821596244131457 0.05641025641025641
9.0 0.43896713615023475 0.517948717948718 0.018779342723004695 0.035897435897435895
1.0 0.44014084507042256 0.5064102564102564 0.01643192488262911 0.04358974358974359
3.0 0.5598591549295775 0.5076923076923077 0.07276995305164319 0.08205128205128205
0.0 0.3591549295774648 0.5294871794871795 0.018779342723004695 0.05897435897435897
6.0 0.3204225352112676 0.5448717948717948 0.03990610328638498 0.07435897435897436
3.0 0.33098591549295775 0.4794871794871795 0.07042253521126761 0.08717948717948718
3.0 0.3732394366197183 0.38461538461538464 0.051643192488262914 0.06666666666666667
3.0 0.40492957746478875 0.33205128205128204 0.05868544600938967 0.05384615384615385
0.0 0.44366197183098594 0.34615384615384615 0.018779342723004695 0.05128205128205128
5.0 0.5974178403755869 0.3384615384615385 0.1056338028169014 0.07179487179487179
1.0 0.6737089201877934 0.37051282051282053 0.023474178403755867 0.038461538461538464
9.0 0.6772300469483568 0.37435897435897436 0.02112676056338028 0.035897435897435895
1.0 0.6666666666666666 0.30128205128205127 0.018779342723004695 0.028205128205128206
9.0 0.6678403755868545 0.30641025641025643 0.02112676056338028 0.03333333333333333
1.0 0.505868544600939 0.258974358974359 0.011737089201877934 0.02564102564102564
9.0 0.5046948356807511 0.26666666666666666 0.014084507042253521 0.02564102564102564
0.0 0.4812206572769953 0.23461538461538461 0.014084507042253521 0.028205128205128206
9.0 0.45305164319248825 0.23974358974358975 0.03286384976525822 0.023076923076923078
6.0 0.460093896713615 0.2205128205128205 0.03286384976525822 0.03076923076923077
1.0 0.5727699530516432 0.2076923076923077 0.014084507042253521 0.020512820512820513
1.0 0.5751173708920188 0.18846153846153846 0.014084507042253521 0.01282051282051282
1.0 0.5751173708920188 0.18717948717948718 0.014084507042253521 0.015384615384615385
1.0 0.5833333333333334 0.17692307692307693 0.011737089201877934 0.015384615384615385
1.0 0.6443661971830986 0.191025641025641 0.011737089201877934 0.01282051282051282
9.0 0.5727699530516432 0.21153846153846154 0.014084507042253521 0.017948717948717947
9.0 0.5774647887323944 0.191025641025641 0.014084507042253521 0.017948717948717947
9.0 0.5833333333333334 0.1794871794871795 0.011737089201877934 0.015384615384615385
9.0 0.6455399061032864 0.19743589743589743 0.009389671361502348 0.015384615384615385
3.0 0.5246478873239436 0.19487179487179487 0.035211267605633804 0.03076923076923077
3.0 0.5293427230046949 0.17051282051282052 0.03051643192488263 0.017948717948717947
6.0 0.5504694835680751 0.16025641025641027 0.01643192488262911 0.01282051282051282
3.0 0.3826291079812207 0.1282051282051282 0.03755868544600939 0.015384615384615385
4.0 0.3908450704225352 0.1346153846153846 0.04460093896713615 0.017948717948717947
3.0 0.4272300469483568 0.13333333333333333 0.04225352112676056 0.015384615384615385
3.0 0.426056338028169 0.12307692307692308 0.04460093896713615 0.015384615384615385
1.0 0.6596244131455399 0.17564102564102563 0.009389671361502348 0.01282051282051282
9.0 0.6607981220657277 0.1794871794871795 0.011737089201877934 0.015384615384615385
3.0 0.5504694835680751 0.13333333333333333 0.035211267605633804 0.015384615384615385
0.0 0.5669014084507042 0.14102564102564102 0.007042253521126761 0.010256410256410256
1.0 0.5504694835680751 0.14487179487179488 0.011737089201877934 0.01282051282051282
9.0 0.5492957746478874 0.14615384615384616 0.009389671361502348 0.010256410256410256
0.0 0.6150234741784038 0.15384615384615385 0.009389671361502348 0.015384615384615385
1.0 0.6032863849765259 0.15384615384615385 0.009389671361502348 0.010256410256410256
9.0 0.6032863849765259 0.1564102564102564 0.009389671361502348 0.010256410256410256
1.0 0.5821596244131455 0.14871794871794872 0.014084507042253521 0.010256410256410256
9.0 0.5821596244131455 0.15128205128205127 0.009389671361502348 0.010256410256410256
3.0 0.6631455399061033 0.15897435897435896 0.03051643192488263 0.020512820512820513
1.0 0.596244131455399 0.14358974358974358 0.009389671361502348 0.010256410256410256
9.0 0.5985915492957746 0.14615384615384616 0.009389671361502348 0.010256410256410256
1.0 0.6408450704225352 0.15384615384615385 0.009389671361502348 0.010256410256410256
9.0 0.6431924882629108 0.15512820512820513 0.009389671361502348 0.007692307692307693
0.0 0.5821596244131455 0.13205128205128205 0.009389671361502348 0.01282051282051282
0.0 0.5927230046948356 0.12564102564102564 0.007042253521126761 0.010256410256410256
9.0 0.6924882629107981 0.18333333333333332 0.018779342723004695 0.01282051282051282
9.0 0.6960093896713615 0.17435897435897435 0.02112676056338028 0.015384615384615385
1.0 0.6302816901408451 0.1371794871794872 0.007042253521126761 0.007692307692307693
9.0 0.6314553990610329 0.13974358974358975 0.009389671361502348 0.007692307692307693
3.0 0.5657276995305164 0.11025641025641025 0.028169014084507043 0.010256410256410256
3.0 0.5786384976525821 0.10384615384615385 0.01643192488262911 0.007692307692307693
1.0 0.6455399061032864 0.14102564102564102 0.009389671361502348 0.010256410256410256
1.0 0.6584507042253521 0.13974358974358975 0.007042253521126761 0.007692307692307693
1.0 0.6514084507042254 0.1358974358974359 0.007042253521126761 0.010256410256410256
1.0 0.6373239436619719 0.13205128205128205 0.007042253521126761 0.007692307692307693
9.0 0.6467136150234741 0.1423076923076923 0.007042253521126761 0.007692307692307693
9.0 0.6384976525821596 0.1346153846153846 0.004694835680751174 0.007692307692307693
9.0 0.6596244131455399 0.1423076923076923 0.009389671361502348 0.007692307692307693
9.0 0.653755868544601 0.13846153846153847 0.007042253521126761 0.010256410256410256
1.0 0.6314553990610329 0.12692307692307692 0.009389671361502348 0.007692307692307693
9.0 0.6326291079812206 0.12692307692307692 0.007042253521126761 0.007692307692307693
1.0 0.6443661971830986 0.12692307692307692 0.007042253521126761 0.007692307692307693
9.0 0.6455399061032864 0.1294871794871795 0.004694835680751174 0.007692307692307693
0.0 0.6748826291079812 0.13846153846153847 0.007042253521126761 0.010256410256410256
1.0 0.6690140845070423 0.1358974358974359 0.009389671361502348 0.010256410256410256
9.0 0.67018779342723 0.1371794871794872 0.007042253521126761 0.007692307692307693
0.0 0.5856807511737089 0.10128205128205128 0.007042253521126761 0.007692307692307693
0.0 0.6725352112676056 0.13076923076923078 0.007042253521126761 0.010256410256410256
1.0 0.6678403755868545 0.12692307692307692 0.007042253521126761 0.007692307692307693
9.0 0.6678403755868545 0.1282051282051282 0.007042253521126761 0.005128205128205128
1.0 0.6467136150234741 0.12179487179487179 0.007042253521126761 0.007692307692307693
9.0 0.6467136150234741 0.12307692307692308 0.007042253521126761 0.005128205128205128
1.0 0.6561032863849765 0.12564102564102564 0.007042253521126761 0.005128205128205128
9.0 0.6584507042253521 0.12692307692307692 0.007042253521126761 0.007692307692307693
1.0 0.6032863849765259 0.10512820512820513 0.004694835680751174 0.005128205128205128
6.0 0.6032863849765259 0.10512820512820513 0.009389671361502348 0.005128205128205128
3.0 0.6173708920187794 0.1076923076923077 0.018779342723004695 0.010256410256410256
1.0 0.5997652582159625 0.1 0.007042253521126761 0.005128205128205128
9.0 0.6009389671361502 0.1 0.004694835680751174 0.005128205128205128
3.0 0.6455399061032864 0.11666666666666667 0.018779342723004695 0.01282051282051282
1.0 0.6326291079812206 0.11025641025641025 0.007042253521126761 0.005128205128205128
9.0 0.6326291079812206 0.11153846153846154 0.007042253521126761 0.007692307692307693
3.0 0.6443661971830986 0.11025641025641025 0.01643192488262911 0.010256410256410256
3.0 0.6490610328638498 0.10897435897435898 0.011737089201877934 0.007692307692307693
3.0 0.6525821596244131 0.10897435897435898 0.014084507042253521 0.007692307692307693
1.0 0.6314553990610329 0.10256410256410256 0.004694835680751174 0.005128205128205128
9.0 0.6326291079812206 0.10256410256410256 0.007042253521126761 0.005128205128205128
1.0 0.6607981220657277 0.10512820512820513 0.007042253521126761 0.005128205128205128
9.0 0.6619718309859155 0.1064102564102564 0.004694835680751174 0.002564102564102564
4.0 0.6584507042253521 0.10384615384615385 0.025821596244131457 0.01282051282051282
3.0 0.5985915492957746 0.08846153846153847 0.023474178403755867 0.007692307692307693
3.0 0.6173708920187794 0.09102564102564102 0.028169014084507043 0.01282051282051282
4.0 0.602112676056338 0.08333333333333333 0.011737089201877934 0.007692307692307693
3.0 0.6103286384976526 0.08205128205128205 0.009389671361502348 0.005128205128205128
0.0 0.6654929577464789 0.0858974358974359 0.002347417840375587 0.002564102564102564
0.0 0.6654929577464789 0.08333333333333333 0.002347417840375587 0.002564102564102564
