9.0 0.4489528795811518 0.9609375 0.02356020942408377 0.028125
9.0 0.6191099476439791 0.9 0.028795811518324606 0.0375
9.0 0.6269633507853403 0.8109375 0.028795811518324606 0.040625
9.0 0.5589005235602095 0.71875 0.01832460732984293 0.0375
9.0 0.5981675392670157 0.6578125 0.01832460732984293 0.040625
9.0 0.5759162303664922 0.5078125 0.015706806282722512 0.028125
9.0 0.5615183246073299 0.48125 0.013089005235602094 0.025
9.0 0.5759162303664922 0.425 0.010471204188481676 0.03125
9.0 0.418848167539267 0.4359375 0.015706806282722512 0.028125
9.0 0.5575916230366492 0.396875 0.010471204188481676 0.01875
9.0 0.518324607329843 0.3890625 0.010471204188481676 0.021875
9.0 0.5261780104712042 0.3625 0.010471204188481676 0.01875
9.0 0.49607329842931935 0.33125 0.007853403141361256 0.01875
9.0 0.46596858638743455 0.4078125 0.010471204188481676 0.021875
1.0 0.44502617801047123 0.95 0.020942408376963352 0.03125
1.0 0.6204188481675392 0.89375 0.02617801047120419 0.0375
1.0 0.6269633507853403 0.8109375 0.028795811518324606 0.040625
1.0 0.6269633507853403 0.796875 0.02356020942408377 0.0375
1.0 0.5589005235602095 0.70625 0.01832460732984293 0.04375
1.0 0.6020942408376964 0.6453125 0.015706806282722512 0.040625
1.0 0.5772251308900523 0.5 0.013089005235602094 0.03125
1.0 0.5602094240837696 0.475 0.010471204188481676 0.03125
1.0 0.5759162303664922 0.415625 0.010471204188481676 0.025
1.0 0.556282722513089 0.39375 0.007853403141361256 0.01875
1.0 0.518324607329843 0.3875 0.005235602094240838 0.01875
1.0 0.518324607329843 0.38125 0.010471204188481676 0.01875
1.0 0.46727748691099474 0.4015625 0.007853403141361256 0.021875
1.0 0.418848167539267 0.428125 0.010471204188481676 0.025
1.0 0.49607329842931935 0.3265625 0.007853403141361256 0.015625
1.0 0.5261780104712042 0.35625 0.005235602094240838 0.01875
3.0 0.7028795811518325 0.7765625 0.07068062827225131 0.071875
0.0 0.6007853403141361 0.7046875 0.01832460732984293 0.053125
5.0 0.650523560209424 0.671875 0.060209424083769635 0.1125
6.0 0.6256544502617801 0.5390625 0.04712041884816754 0.040625
9.0 0.3193717277486911 0.596875 0.03664921465968586 0.025
9.0 0.3180628272251309 0.5828125 0.034031413612565446 0.021875
3.0 0.5 0.51875 0.03664921465968586 0.05
3.0 0.42670157068062825 0.5109375 0.041884816753926704 0.046875
3.0 0.5117801047120419 0.4890625 0.03926701570680628 0.040625
3.0 0.5013089005235603 0.4609375 0.034031413612565446 0.034375
4.0 0.5013089005235603 0.421875 0.028795811518324606 0.04375
3.0 0.5013089005235603 0.4 0.028795811518324606 0.03125
3.0 0.4293193717277487 0.3765625 0.03664921465968586 0.034375
