2.0 0.012254901960784314 0.5847222222222223 0.004901960784313725 0.030555555555555555
9.0 0.022058823529411766 0.6013888888888889 0.00980392156862745 0.03611111111111111
0.0 0.0392156862745098 0.7138888888888889 0.014705882352941176 0.044444444444444446
4.0 0.06985294117647059 0.775 0.061274509803921566 0.10555555555555556
1.0 0.20098039215686275 0.9013888888888889 0.029411764705882353 0.03611111111111111
6.0 0.22303921568627452 0.9069444444444444 0.10784313725490197 0.08611111111111111
6.0 0.23284313725490197 0.8930555555555556 0.10294117647058823 0.08611111111111111
1.0 0.8370098039215687 0.8236111111111111 0.02696078431372549 0.041666666666666664
5.0 0.8063725490196079 0.5986111111111111 0.11764705882352941 0.26944444444444443
2.0 0.7475490196078431 0.44583333333333336 0.0196078431372549 0.058333333333333334
1.0 0.7475490196078431 0.43333333333333335 0.0196078431372549 0.06111111111111111
1.0 0.12622549019607843 0.42916666666666664 0.012254901960784314 0.05277777777777778
2.0 0.1213235294117647 0.42777777777777776 0.022058823529411766 0.03888888888888889
1.0 0.10049019607843138 0.4722222222222222 0.004901960784313725 0.022222222222222223
3.0 0.21446078431372548 0.49166666666666664 0.051470588235294115 0.09444444444444444
3.0 0.21200980392156862 0.4013888888888889 0.10049019607843138 0.09722222222222222
3.0 0.22058823529411764 0.2763888888888889 0.058823529411764705 0.075
3.0 0.2818627450980392 0.3138888888888889 0.06862745098039216 0.08333333333333333
3.0 0.28921568627450983 0.2708333333333333 0.058823529411764705 0.06944444444444445
3.0 0.3137254901960784 0.2263888888888889 0.07352941176470588 0.06388888888888888
7.0 0.3333333333333333 0.20416666666666666 0.04411764705882353 0.041666666666666664
3.0 0.3602941176470588 0.1763888888888889 0.09313725490196079 0.058333333333333334
0.0 0.27450980392156865 0.22777777777777777 0.0196078431372549 0.03888888888888889
0.0 0.2549019607843137 0.21944444444444444 0.0196078431372549 0.03888888888888889
9.0 0.27818627450980393 0.2013888888888889 0.031862745098039214 0.025
3.0 0.35784313725490197 0.16111111111111112 0.05392156862745098 0.03888888888888889
3.0 0.3700980392156863 0.1388888888888889 0.06862745098039216 0.03333333333333333
3.0 0.3786764705882353 0.12777777777777777 0.0661764705882353 0.03333333333333333
3.0 0.39338235294117646 0.11805555555555555 0.0661764705882353 0.030555555555555555
3.0 0.3799019607843137 0.10833333333333334 0.03431372549019608 0.022222222222222223
3.0 0.38848039215686275 0.09861111111111111 0.031862745098039214 0.019444444444444445
3.0 0.3799019607843137 0.08055555555555556 0.029411764705882353 0.016666666666666666
3.0 0.3786764705882353 0.07083333333333333 0.041666666666666664 0.019444444444444445
5.0 0.7794117647058824 0.2722222222222222 0.11274509803921569 0.1111111111111111
1.0 0.7806372549019608 0.23333333333333334 0.01715686274509804 0.027777777777777776
9.0 0.7708333333333334 0.23472222222222222 0.031862745098039214 0.030555555555555555
0.0 0.6678921568627451 0.21944444444444444 0.01715686274509804 0.03888888888888889
3.0 0.6973039215686274 0.24027777777777778 0.061274509803921566 0.05277777777777778
3.0 0.6850490196078431 0.20833333333333334 0.051470588235294115 0.05
9.0 0.7316176470588235 0.17916666666666667 0.02696078431372549 0.025
9.0 0.7365196078431373 0.1875 0.02696078431372549 0.025
1.0 0.6899509803921569 0.17083333333333334 0.012254901960784314 0.013888888888888888
2.0 0.7132352941176471 0.1486111111111111 0.0196078431372549 0.013888888888888888
2.0 0.7107843137254902 0.14583333333333334 0.0196078431372549 0.013888888888888888
3.0 0.6507352941176471 0.1763888888888889 0.0661764705882353 0.04722222222222222
3.0 0.6531862745098039 0.15555555555555556 0.061274509803921566 0.044444444444444446
3.0 0.6458333333333334 0.1375 0.03676470588235294 0.025
3.0 0.6715686274509803 0.11944444444444445 0.04411764705882353 0.027777777777777776
2.0 0.6642156862745098 0.09722222222222222 0.0196078431372549 0.011111111111111112
3.0 0.6004901960784313 0.07916666666666666 0.024509803921568627 0.013888888888888888
3.0 0.6348039215686274 0.07916666666666666 0.024509803921568627 0.013888888888888888
4.0 0.6078431372549019 0.06527777777777778 0.049019607843137254 0.019444444444444445
0.0 0.5796568627450981 0.058333333333333334 0.007352941176470588 0.005555555555555556
1.0 0.46200980392156865 0.07083333333333333 0.007352941176470588 0.008333333333333333
9.0 0.46078431372549017 0.07361111111111111 0.00980392156862745 0.008333333333333333
1.0 0.4803921568627451 0.08055555555555556 0.00980392156862745 0.011111111111111112
6.0 0.47671568627450983 0.08333333333333333 0.031862745098039214 0.011111111111111112
3.0 0.42034313725490197 0.07361111111111111 0.02696078431372549 0.013888888888888888
7.0 0.41911764705882354 0.06388888888888888 0.029411764705882353 0.011111111111111112
0.0 0.5980392156862745 0.041666666666666664 0.004901960784313725 0.005555555555555556
0.0 0.5245098039215687 0.04027777777777778 0.004901960784313725 0.008333333333333333
0.0 0.5343137254901961 0.041666666666666664 0.004901960784313725 0.005555555555555556
3.0 0.5612745098039216 0.03888888888888889 0.014705882352941176 0.005555555555555556
3.0 0.43504901960784315 0.05694444444444444 0.04656862745098039 0.013888888888888888
3.0 0.4178921568627451 0.05555555555555555 0.03676470588235294 0.011111111111111112
4.0 0.43995098039215685 0.05277777777777778 0.03676470588235294 0.011111111111111112
3.0 0.4424019607843137 0.04861111111111111 0.03676470588235294 0.008333333333333333
4.0 0.4644607843137255 0.043055555555555555 0.01715686274509804 0.008333333333333333
4.0 0.44607843137254904 0.043055555555555555 0.03431372549019608 0.008333333333333333
8.0 0.4485294117647059 0.03888888888888889 0.05392156862745098 0.016666666666666666
0.0 0.5208333333333334 0.02638888888888889 0.0024509803921568627 0.002777777777777778
3.0 0.4950980392156863 0.03333333333333333 0.014705882352941176 0.005555555555555556
3.0 0.49142156862745096 0.027777777777777776 0.012254901960784314 0.005555555555555556
3.0 0.4693627450980392 0.030555555555555555 0.012254901960784314 0.005555555555555556
3.0 0.4497549019607843 0.03333333333333333 0.01715686274509804 0.005555555555555556
3.0 0.45465686274509803 0.030555555555555555 0.01715686274509804 0.005555555555555556
3.0 0.45955882352941174 0.030555555555555555 0.01715686274509804 0.005555555555555556
3.0 0.45588235294117646 0.027777777777777776 0.014705882352941176 0.005555555555555556
1.0 0.49264705882352944 0.018055555555555554 0.0 0.002777777777777778
9.0 0.49264705882352944 0.018055555555555554 0.0 0.002777777777777778
0.0 0.5220588235294118 0.018055555555555554 0.0 0.002777777777777778
0.0 0.5196078431372549 0.018055555555555554 0.0 0.002777777777777778
4.0 0.5183823529411765 0.016666666666666666 0.007352941176470588 0.005555555555555556
3.0 0.5477941176470589 0.030555555555555555 0.012254901960784314 0.005555555555555556
3.0 0.5490196078431373 0.029166666666666667 0.00980392156862745 0.002777777777777778
3.0 0.5441176470588235 0.02638888888888889 0.00980392156862745 0.002777777777777778
3.0 0.5428921568627451 0.025 0.007352941176470588 0.005555555555555556
3.0 0.5367647058823529 0.02361111111111111 0.014705882352941176 0.002777777777777778
3.0 0.5343137254901961 0.022222222222222223 0.014705882352941176 0.005555555555555556
0.0 0.5245098039215687 0.15833333333333333 0.00980392156862745 0.022222222222222223
0.0 0.5330882352941176 0.15833333333333333 0.012254901960784314 0.027777777777777776
