3.0 0.6813725490196079 0.9305555555555556 0.10784313725490197 0.08333333333333333
3.0 0.6985294117647058 0.8513888888888889 0.10784313725490197 0.10833333333333334
3.0 0.34681372549019607 0.9111111111111111 0.13970588235294118 0.11666666666666667
3.0 0.43137254901960786 0.8097222222222222 0.10784313725490197 0.11388888888888889
3.0 0.27450980392156865 0.6263888888888889 0.09803921568627451 0.1527777777777778
3.0 0.633578431372549 0.4986111111111111 0.13970588235294118 0.125
3.0 0.14215686274509803 0.7583333333333333 0.08823529411764706 0.13333333333333333
3.0 0.05269607843137255 0.6416666666666667 0.041666666666666664 0.08888888888888889
3.0 0.051470588235294115 0.6833333333333333 0.05392156862745098 0.1
3.0 0.04779411764705882 0.7083333333333334 0.056372549019607844 0.1
3.0 0.05514705882352941 0.7458333333333333 0.051470588235294115 0.09166666666666666
3.0 0.03431372549019608 0.42083333333333334 0.0196078431372549 0.041666666666666664
3.0 0.04411764705882353 0.44722222222222224 0.024509803921568627 0.05
3.0 0.01715686274509804 0.48055555555555557 0.014705882352941176 0.03333333333333333
3.0 0.022058823529411766 0.40555555555555556 0.014705882352941176 0.03333333333333333
4.0 0.04411764705882353 0.3888888888888889 0.024509803921568627 0.05
3.0 0.04534313725490196 0.36944444444444446 0.022058823529411766 0.03888888888888889
3.0 0.0625 0.35555555555555557 0.012254901960784314 0.03333333333333333
3.0 0.07965686274509803 0.3472222222222222 0.02696078431372549 0.044444444444444446
3.0 0.06985294117647059 0.3763888888888889 0.031862745098039214 0.04722222222222222
3.0 0.12990196078431374 0.3055555555555556 0.03431372549019608 0.05
4.0 0.16911764705882354 0.26805555555555555 0.049019607843137254 0.075
4.0 0.19240196078431374 0.26666666666666666 0.041666666666666664 0.05555555555555555
7.0 0.11519607843137254 0.6486111111111111 0.04411764705882353 0.09722222222222222
3.0 0.9644607843137255 0.6861111111111111 0.02696078431372549 0.07222222222222222
3.0 0.9693627450980392 0.4527777777777778 0.012254901960784314 0.03333333333333333
3.0 0.9669117647058824 0.4361111111111111 0.01715686274509804 0.03333333333333333
8.0 0.8161764705882353 0.25 0.058823529411764705 0.08888888888888889
3.0 0.7818627450980392 0.2222222222222222 0.029411764705882353 0.03333333333333333
3.0 0.7046568627450981 0.1763888888888889 0.03676470588235294 0.030555555555555555
3.0 0.7034313725490197 0.15 0.024509803921568627 0.022222222222222223
3.0 0.6924019607843137 0.12083333333333333 0.022058823529411766 0.019444444444444445
3.0 0.6948529411764706 0.1 0.01715686274509804 0.011111111111111112
3.0 0.6556372549019608 0.1 0.022058823529411766 0.016666666666666666
4.0 0.6262254901960784 0.09305555555555556 0.01715686274509804 0.013888888888888888
3.0 0.6470588235294118 0.0875 0.0196078431372549 0.013888888888888888
3.0 0.6139705882352942 0.07361111111111111 0.01715686274509804 0.008333333333333333
3.0 0.5808823529411765 0.06805555555555555 0.014705882352941176 0.008333333333333333
3.0 0.5563725490196079 0.08611111111111111 0.0196078431372549 0.011111111111111112
3.0 0.5477941176470589 0.07083333333333333 0.01715686274509804 0.008333333333333333
3.0 0.5563725490196079 0.058333333333333334 0.014705882352941176 0.005555555555555556
3.0 0.5808823529411765 0.0625 0.014705882352941176 0.008333333333333333
3.0 0.6678921568627451 0.12777777777777777 0.03676470588235294 0.022222222222222223
3.0 0.5367647058823529 0.11388888888888889 0.029411764705882353 0.016666666666666666
3.0 0.5012254901960784 0.16805555555555557 0.03676470588235294 0.025
3.0 0.5 0.1986111111111111 0.049019607843137254 0.041666666666666664
4.0 0.5894607843137255 0.22777777777777777 0.056372549019607844 0.06111111111111111
3.0 0.6176470588235294 0.2708333333333333 0.08333333333333333 0.08611111111111111
3.0 0.6666666666666666 0.3347222222222222 0.07352941176470588 0.08055555555555556
3.0 0.35171568627450983 0.19583333333333333 0.051470588235294115 0.041666666666666664
3.0 0.45098039215686275 0.15138888888888888 0.0392156862745098 0.025
3.0 0.4007352941176471 0.12916666666666668 0.03676470588235294 0.025
3.0 0.37254901960784315 0.1125 0.05392156862745098 0.025
3.0 0.41911764705882354 0.10555555555555556 0.05392156862745098 0.022222222222222223
3.0 0.45098039215686275 0.09166666666666666 0.024509803921568627 0.011111111111111112
6.0 0.1090686274509804 0.3416666666666667 0.02696078431372549 0.03333333333333333
6.0 0.8921568627450981 0.35694444444444445 0.03431372549019608 0.04722222222222222
1.0 0.8872549019607843 0.3458333333333333 0.00980392156862745 0.030555555555555555
1.0 0.9031862745098039 0.4777777777777778 0.007352941176470588 0.03888888888888889
9.0 0.9031862745098039 0.4847222222222222 0.007352941176470588 0.03611111111111111
0.0 0.9362745098039216 0.45 0.004901960784313725 0.03888888888888889
0.0 0.9411764705882353 0.45416666666666666 0.004901960784313725 0.030555555555555555
0.0 0.9436274509803921 0.45555555555555555 0.004901960784313725 0.03333333333333333
0.0 0.946078431372549 0.4597222222222222 0.004901960784313725 0.025
1.0 0.8823529411764706 0.6416666666666667 0.014705882352941176 0.044444444444444446
9.0 0.8786764705882353 0.6541666666666667 0.022058823529411766 0.04722222222222222
1.0 0.8639705882352942 0.8208333333333333 0.02696078431372549 0.041666666666666664
9.0 0.8602941176470589 0.8291666666666667 0.03431372549019608 0.05277777777777778
1.0 0.9350490196078431 0.6833333333333333 0.01715686274509804 0.044444444444444446
9.0 0.9350490196078431 0.6888888888888889 0.01715686274509804 0.03888888888888889
0.0 0.8455882352941176 0.2652777777777778 0.00980392156862745 0.025
1.0 0.9534313725490197 0.4125 0.004901960784313725 0.025
9.0 0.9546568627450981 0.41805555555555557 0.007352941176470588 0.019444444444444445
1.0 0.13970588235294118 0.6402777777777777 0.0196078431372549 0.05277777777777778
2.0 0.14460784313725492 0.6555555555555556 0.0196078431372549 0.044444444444444446
0.0 0.2977941176470588 0.21666666666666667 0.01715686274509804 0.027777777777777776
0.0 0.30637254901960786 0.21388888888888888 0.0196078431372549 0.03333333333333333
0.0 0.41299019607843135 0.13333333333333333 0.012254901960784314 0.016666666666666666
0.0 0.4252450980392157 0.13194444444444445 0.012254901960784314 0.019444444444444445
9.0 0.30392156862745096 0.16805555555555557 0.0196078431372549 0.019444444444444445
1.0 0.023284313725490197 0.4875 0.0024509803921568627 0.019444444444444445
1.0 0.041666666666666664 0.4986111111111111 0.004901960784313725 0.030555555555555555
9.0 0.041666666666666664 0.5069444444444444 0.004901960784313725 0.025
9.0 0.024509803921568627 0.49583333333333335 0.004901960784313725 0.019444444444444445
1.0 0.04044117647058824 0.45555555555555555 0.0024509803921568627 0.022222222222222223
1.0 0.0428921568627451 0.4638888888888889 0.0024509803921568627 0.027777777777777776
6.0 0.041666666666666664 0.46805555555555556 0.014705882352941176 0.025
0.0 0.023284313725490197 0.41388888888888886 0.0024509803921568627 0.022222222222222223
1.0 0.07107843137254902 0.3819444444444444 0.00980392156862745 0.030555555555555555
9.0 0.06985294117647059 0.3875 0.012254901960784314 0.025
0.0 0.10661764705882353 0.325 0.007352941176470588 0.027777777777777776
0.0 0.11029411764705882 0.325 0.00980392156862745 0.027777777777777776
3.0 0.4252450980392157 0.1111111111111111 0.022058823529411766 0.016666666666666666
1.0 0.49019607843137253 0.13055555555555556 0.00980392156862745 0.011111111111111112
9.0 0.49019607843137253 0.13472222222222222 0.00980392156862745 0.013888888888888888
8.0 0.5183823529411765 0.07222222222222222 0.03676470588235294 0.022222222222222223
3.0 0.4791666666666667 0.09166666666666666 0.022058823529411766 0.011111111111111112
4.0 0.7193627450980392 0.10694444444444444 0.031862745098039214 0.019444444444444445
4.0 0.7230392156862745 0.1111111111111111 0.029411764705882353 0.016666666666666666
4.0 0.7340686274509803 0.125 0.031862745098039214 0.022222222222222223
3.0 0.7475490196078431 0.13333333333333333 0.029411764705882353 0.022222222222222223
5.0 0.7549019607843137 0.14444444444444443 0.03431372549019608 0.027777777777777776
3.0 0.7328431372549019 0.1361111111111111 0.0196078431372549 0.016666666666666666
3.0 0.7549019607843137 0.15833333333333333 0.024509803921568627 0.022222222222222223
4.0 0.7683823529411765 0.17222222222222222 0.022058823529411766 0.027777777777777776
1.0 0.6004901960784313 0.5513888888888889 0.0392156862745098 0.05277777777777778
6.0 0.6029411764705882 0.5888888888888889 0.04411764705882353 0.06666666666666667
4.0 0.8321078431372549 0.23055555555555557 0.03676470588235294 0.044444444444444446
4.0 0.7867647058823529 0.1736111111111111 0.0196078431372549 0.025
0.0 0.4411764705882353 0.1125 0.00980392156862745 0.013888888888888888
0.0 0.4485294117647059 0.1125 0.00980392156862745 0.013888888888888888
0.0 0.4522058823529412 0.10972222222222222 0.007352941176470588 0.013888888888888888
0.0 0.5 0.09027777777777778 0.004901960784313725 0.008333333333333333
0.0 0.5073529411764706 0.08888888888888889 0.00980392156862745 0.011111111111111112
0.0 0.5269607843137255 0.0875 0.00980392156862745 0.008333333333333333
3.0 0.4178921568627451 0.08472222222222223 0.041666666666666664 0.013888888888888888
3.0 0.43137254901960786 0.08194444444444444 0.0392156862745098 0.013888888888888888
3.0 0.44730392156862747 0.07777777777777778 0.03676470588235294 0.011111111111111112
3.0 0.47671568627450983 0.07222222222222222 0.03676470588235294 0.011111111111111112
3.0 0.4803921568627451 0.0763888888888889 0.0196078431372549 0.008333333333333333
4.0 0.4362745098039216 0.075 0.03431372549019608 0.011111111111111112
4.0 0.45955882352941174 0.06666666666666667 0.031862745098039214 0.011111111111111112
3.0 0.4791666666666667 0.06111111111111111 0.031862745098039214 0.011111111111111112
3.0 0.5588235294117647 0.05277777777777778 0.00980392156862745 0.005555555555555556
3.0 0.6127450980392157 0.06111111111111111 0.00980392156862745 0.005555555555555556
3.0 0.5772058823529411 0.05277777777777778 0.012254901960784314 0.005555555555555556
3.0 0.6053921568627451 0.05555555555555555 0.00980392156862745 0.005555555555555556
1.0 0.014705882352941176 0.5625 0.004901960784313725 0.025
1.0 0.014705882352941176 0.5611111111111111 0.004901960784313725 0.027777777777777776
