3.0 0.35784313725490197 0.1361111111111111 0.11274509803921569 0.1
5.0 0.6139705882352942 0.1361111111111111 0.30637254901960786 0.15555555555555556
5.0 0.7365196078431373 0.30833333333333335 0.2916666666666667 0.2611111111111111
5.0 0.7132352941176471 0.2 0.25980392156862747 0.18888888888888888
5.0 0.7512254901960784 0.09583333333333334 0.125 0.10833333333333334
5.0 0.616421568627451 0.029166666666666667 0.17892156862745098 0.058333333333333334
5.0 0.5551470588235294 0.03611111111111111 0.1642156862745098 0.05
0.0 0.5588235294117647 0.05138888888888889 0.024509803921568627 0.030555555555555555
5.0 0.40931372549019607 0.034722222222222224 0.11274509803921569 0.06388888888888888
3.0 0.6299019607843137 0.9152777777777777 0.18137254901960784 0.1527777777777778
0.0 0.41544117647058826 0.9763888888888889 0.061274509803921566 0.03611111111111111
0.0 0.6041666666666666 0.6027777777777777 0.0661764705882353 0.13333333333333333
6.0 0.6556372549019608 0.6583333333333333 0.18382352941176472 0.18333333333333332
5.0 0.2916666666666667 0.05694444444444444 0.07352941176470588 0.058333333333333334
0.0 0.2610294117647059 0.075 0.031862745098039214 0.03333333333333333
5.0 0.12867647058823528 0.2375 0.10049019607843138 0.13055555555555556
5.0 0.16176470588235295 0.19027777777777777 0.14215686274509803 0.1527777777777778
5.0 0.18504901960784315 0.1486111111111111 0.13970588235294118 0.13055555555555556
5.0 0.19362745098039216 0.125 0.11274509803921569 0.1
1.0 0.20710784313725492 0.12638888888888888 0.031862745098039214 0.03611111111111111
1.0 0.17524509803921567 0.16805555555555557 0.02696078431372549 0.041666666666666664
0.0 0.24142156862745098 0.2 0.041666666666666664 0.06666666666666667
0.0 0.16911764705882354 0.25 0.03431372549019608 0.07222222222222222
0.0 0.14460784313725492 0.275 0.029411764705882353 0.07222222222222222
0.0 0.13970588235294118 0.25555555555555554 0.03431372549019608 0.06666666666666667
1.0 0.20588235294117646 0.20833333333333334 0.0392156862745098 0.06666666666666667
9.0 0.20833333333333334 0.2152777777777778 0.05392156862745098 0.06388888888888888
0.0 0.22058823529411764 0.175 0.03431372549019608 0.05555555555555555
0.0 0.18259803921568626 0.21666666666666667 0.031862745098039214 0.06111111111111111
0.0 0.19852941176470587 0.18333333333333332 0.029411764705882353 0.05
0.0 0.1875 0.1986111111111111 0.02696078431372549 0.04722222222222222
0.0 0.19117647058823528 0.2013888888888889 0.029411764705882353 0.05277777777777778
0.0 0.08455882352941177 0.24444444444444444 0.022058823529411766 0.05
5.0 0.06372549019607843 0.22361111111111112 0.05392156862745098 0.09166666666666666
1.0 0.03799019607843137 0.6375 0.01715686274509804 0.04722222222222222
0.0 0.03799019607843137 0.6111111111111112 0.01715686274509804 0.07777777777777778
0.0 0.04656862745098039 0.6402777777777777 0.0196078431372549 0.06944444444444445
9.0 0.16911764705882354 0.8486111111111111 0.06372549019607843 0.08055555555555556
0.0 0.1801470588235294 0.7611111111111111 0.04656862745098039 0.08888888888888889
