7.0 0.05269607843137255 0.23333333333333334 0.01715686274509804 0.03333333333333333
1.0 0.06495098039215687 0.21805555555555556 0.007352941176470588 0.013888888888888888
3.0 0.06004901960784314 0.23194444444444445 0.022058823529411766 0.03611111111111111
6.0 0.06495098039215687 0.21944444444444444 0.01715686274509804 0.027777777777777776
3.0 0.07720588235294118 0.20277777777777778 0.02696078431372549 0.03888888888888889
3.0 0.08946078431372549 0.18472222222222223 0.02696078431372549 0.03611111111111111
3.0 0.1090686274509804 0.1625 0.022058823529411766 0.025
9.0 0.13970588235294118 0.13333333333333333 0.00980392156862745 0.011111111111111112
3.0 0.10294117647058823 0.18055555555555555 0.0196078431372549 0.027777777777777776
3.0 0.07230392156862746 0.22916666666666666 0.022058823529411766 0.03611111111111111
9.0 0.0661764705882353 0.22916666666666666 0.00980392156862745 0.019444444444444445
1.0 0.06985294117647059 0.2222222222222222 0.007352941176470588 0.016666666666666666
1.0 0.06740196078431372 0.225 0.007352941176470588 0.016666666666666666
2.0 0.051470588235294115 0.24722222222222223 0.00980392156862745 0.016666666666666666
1.0 0.051470588235294115 0.24444444444444444 0.00980392156862745 0.016666666666666666
3.0 0.041666666666666664 0.26805555555555555 0.0196078431372549 0.041666666666666664
2.0 0.04779411764705882 0.2652777777777778 0.007352941176470588 0.019444444444444445
1.0 0.04779411764705882 0.25972222222222224 0.007352941176470588 0.013888888888888888
0.0 0.031862745098039214 0.3 0.00980392156862745 0.027777777777777776
3.0 0.031862745098039214 0.29305555555555557 0.014705882352941176 0.030555555555555555
0.0 0.0392156862745098 0.30833333333333335 0.00980392156862745 0.027777777777777776
0.0 0.03553921568627451 0.31527777777777777 0.012254901960784314 0.030555555555555555
4.0 0.015931372549019607 0.4111111111111111 0.022058823529411766 0.06666666666666667
3.0 0.20833333333333334 0.08611111111111111 0.0196078431372549 0.016666666666666666
3.0 0.1948529411764706 0.09722222222222222 0.041666666666666664 0.03333333333333333
3.0 0.18872549019607843 0.10416666666666667 0.04411764705882353 0.03611111111111111
3.0 0.1801470588235294 0.1125 0.03676470588235294 0.030555555555555555
0.0 0.18627450980392157 0.10416666666666667 0.00980392156862745 0.013888888888888888
1.0 0.14460784313725492 0.1375 0.00980392156862745 0.013888888888888888
9.0 0.14215686274509803 0.14027777777777778 0.00980392156862745 0.013888888888888888
9.0 0.12867647058823528 0.1625 0.007352941176470588 0.013888888888888888
1.0 0.12990196078431374 0.15833333333333333 0.00980392156862745 0.016666666666666666
3.0 0.14705882352941177 0.14444444444444443 0.024509803921568627 0.027777777777777776
3.0 0.18137254901960784 0.11666666666666667 0.0392156862745098 0.03888888888888889
3.0 0.16053921568627452 0.14166666666666666 0.04656862745098039 0.044444444444444446
3.0 0.13602941176470587 0.16944444444444445 0.031862745098039214 0.044444444444444446
3.0 0.11519607843137254 0.1986111111111111 0.0392156862745098 0.04722222222222222
0.0 0.1213235294117647 0.19583333333333333 0.012254901960784314 0.019444444444444445
9.0 0.15196078431372548 0.1638888888888889 0.0196078431372549 0.022222222222222223
9.0 0.14215686274509803 0.1875 0.024509803921568627 0.030555555555555555
4.0 0.11151960784313726 0.21944444444444444 0.051470588235294115 0.06666666666666667
2.0 0.08700980392156862 0.24305555555555555 0.012254901960784314 0.025
0.0 0.09681372549019608 0.2388888888888889 0.012254901960784314 0.027777777777777776
6.0 0.13725490196078433 0.20694444444444443 0.0196078431372549 0.030555555555555555
7.0 0.12254901960784313 0.21388888888888888 0.0392156862745098 0.05
4.0 0.1017156862745098 0.25 0.061274509803921566 0.08333333333333333
0.0 0.05759803921568627 0.3013888888888889 0.012254901960784314 0.03611111111111111
0.0 0.05392156862745098 0.30694444444444446 0.00980392156862745 0.030555555555555555
6.0 0.1568627450980392 0.18611111111111112 0.024509803921568627 0.03333333333333333
1.0 0.16176470588235295 0.1875 0.014705882352941176 0.019444444444444445
1.0 0.16299019607843138 0.19583333333333333 0.012254901960784314 0.019444444444444445
0.0 0.15808823529411764 0.20416666666666666 0.022058823529411766 0.041666666666666664
0.0 0.14460784313725492 0.21944444444444444 0.0196078431372549 0.03888888888888889
1.0 0.11887254901960784 0.24722222222222223 0.01715686274509804 0.027777777777777776
3.0 0.07598039215686274 0.28888888888888886 0.04411764705882353 0.06666666666666667
4.0 0.0784313725490196 0.3 0.05392156862745098 0.08888888888888889
0.0 0.08455882352941177 0.3013888888888889 0.01715686274509804 0.04722222222222222
0.0 0.09681372549019608 0.28055555555555556 0.012254901960784314 0.027777777777777776
1.0 0.09803921568627451 0.29305555555555557 0.014705882352941176 0.030555555555555555
1.0 0.10294117647058823 0.2847222222222222 0.014705882352941176 0.025
0.0 0.08823529411764706 0.29444444444444445 0.014705882352941176 0.03888888888888889
0.0 0.24142156862745098 0.11666666666666667 0.022058823529411766 0.027777777777777776
9.0 0.25245098039215685 0.10972222222222222 0.0196078431372549 0.025
0.0 0.2193627450980392 0.1486111111111111 0.01715686274509804 0.030555555555555555
0.0 0.21446078431372548 0.1597222222222222 0.01715686274509804 0.025
0.0 0.21200980392156862 0.1638888888888889 0.012254901960784314 0.016666666666666666
0.0 0.20955882352941177 0.17777777777777778 0.022058823529411766 0.03333333333333333
0.0 0.1801470588235294 0.24861111111111112 0.02696078431372549 0.058333333333333334
0.0 0.17769607843137256 0.2263888888888889 0.022058823529411766 0.04722222222222222
0.0 0.20833333333333334 0.19027777777777777 0.024509803921568627 0.041666666666666664
1.0 0.18872549019607843 0.20555555555555555 0.024509803921568627 0.03333333333333333
1.0 0.19975490196078433 0.18611111111111112 0.01715686274509804 0.022222222222222223
1.0 0.20098039215686275 0.18194444444444444 0.0196078431372549 0.025
1.0 0.14460784313725492 0.24583333333333332 0.014705882352941176 0.025
1.0 0.14215686274509803 0.24444444444444444 0.00980392156862745 0.016666666666666666
0.0 0.10049019607843138 0.3138888888888889 0.014705882352941176 0.044444444444444446
0.0 0.09926470588235294 0.32222222222222224 0.01715686274509804 0.05
1.0 0.11519607843137254 0.32222222222222224 0.014705882352941176 0.03333333333333333
1.0 0.11887254901960784 0.30972222222222223 0.01715686274509804 0.030555555555555555
0.0 0.11397058823529412 0.30694444444444446 0.012254901960784314 0.03611111111111111
1.0 0.06985294117647059 0.3402777777777778 0.012254901960784314 0.030555555555555555
7.0 0.06740196078431372 0.3347222222222222 0.031862745098039214 0.08055555555555556
9.0 0.04534313725490196 0.3625 0.012254901960784314 0.030555555555555555
1.0 0.05759803921568627 0.37916666666666665 0.007352941176470588 0.025
1.0 0.05392156862745098 0.39166666666666666 0.00980392156862745 0.03333333333333333
1.0 0.049019607843137254 0.4097222222222222 0.00980392156862745 0.03611111111111111
1.0 0.04411764705882353 0.4486111111111111 0.004901960784313725 0.030555555555555555
1.0 0.0428921568627451 0.45694444444444443 0.007352941176470588 0.030555555555555555
1.0 0.0428921568627451 0.5194444444444445 0.007352941176470588 0.027777777777777776
6.0 0.041666666666666664 0.3958333333333333 0.0196078431372549 0.058333333333333334
3.0 0.029411764705882353 0.4527777777777778 0.029411764705882353 0.07222222222222222
3.0 0.0196078431372549 0.5277777777777778 0.029411764705882353 0.09444444444444444
6.0 0.012254901960784314 0.4861111111111111 0.014705882352941176 0.06111111111111111
0.0 0.0392156862745098 0.4666666666666667 0.004901960784313725 0.044444444444444446
0.0 0.0428921568627451 0.5847222222222223 0.012254901960784314 0.05277777777777778
1.0 0.06372549019607843 0.6430555555555556 0.014705882352941176 0.041666666666666664
1.0 0.06004901960784314 0.6236111111111111 0.012254901960784314 0.030555555555555555
1.0 0.02696078431372549 0.6152777777777778 0.00980392156862745 0.03611111111111111
1.0 0.025735294117647058 0.6041666666666666 0.007352941176470588 0.025
7.0 0.0196078431372549 0.6041666666666666 0.029411764705882353 0.10277777777777777
9.0 0.00857843137254902 0.5694444444444444 0.007352941176470588 0.027777777777777776
3.0 0.029411764705882353 0.6722222222222223 0.03431372549019608 0.09444444444444444
6.0 0.05392156862745098 0.7583333333333333 0.0392156862745098 0.08333333333333333
9.0 0.06862745098039216 0.7819444444444444 0.03431372549019608 0.06388888888888888
9.0 0.05514705882352941 0.7444444444444445 0.02696078431372549 0.06111111111111111
0.0 0.10416666666666667 0.825 0.022058823529411766 0.03888888888888889
0.0 0.12622549019607843 0.8458333333333333 0.022058823529411766 0.030555555555555555
1.0 0.125 0.8486111111111111 0.0196078431372549 0.025
0.0 0.1053921568627451 0.7972222222222223 0.029411764705882353 0.05
1.0 0.11887254901960784 0.8083333333333333 0.031862745098039214 0.044444444444444446
1.0 0.11519607843137254 0.7916666666666666 0.024509803921568627 0.03888888888888889
1.0 0.1053921568627451 0.7402777777777778 0.024509803921568627 0.04722222222222222
1.0 0.09558823529411764 0.7194444444444444 0.0196078431372549 0.03888888888888889
0.0 0.20220588235294118 0.7888888888888889 0.04656862745098039 0.07777777777777778
9.0 0.27205882352941174 0.08888888888888889 0.0196078431372549 0.022222222222222223
0.0 0.2267156862745098 0.1763888888888889 0.02696078431372549 0.041666666666666664
0.0 0.31495098039215685 0.17777777777777778 0.02696078431372549 0.05
0.0 0.31862745098039214 0.15555555555555556 0.024509803921568627 0.03888888888888889
1.0 0.31004901960784315 0.16527777777777777 0.01715686274509804 0.019444444444444445
0.0 0.3075980392156863 0.09305555555555556 0.01715686274509804 0.025
0.0 0.3235294117647059 0.0875 0.024509803921568627 0.030555555555555555
0.0 0.33700980392156865 0.08333333333333333 0.01715686274509804 0.022222222222222223
1.0 0.38112745098039214 0.07361111111111111 0.01715686274509804 0.019444444444444445
0.0 0.42034313725490197 0.0625 0.01715686274509804 0.019444444444444445
1.0 0.45588235294117646 0.06388888888888888 0.014705882352941176 0.005555555555555556
1.0 0.47671568627450983 0.06111111111111111 0.01715686274509804 0.011111111111111112
1.0 0.4730392156862745 0.05555555555555555 0.014705882352941176 0.011111111111111112
1.0 0.5098039215686274 0.05416666666666667 0.014705882352941176 0.013888888888888888
1.0 0.5269607843137255 0.05694444444444444 0.014705882352941176 0.013888888888888888
0.0 0.40318627450980393 0.022222222222222223 0.01715686274509804 0.011111111111111112
0.0 0.43137254901960786 0.008333333333333333 0.0196078431372549 0.011111111111111112
0.0 0.45098039215686275 0.013888888888888888 0.014705882352941176 0.011111111111111112
0.0 0.47058823529411764 0.016666666666666666 0.00980392156862745 0.011111111111111112
0.0 0.508578431372549 0.025 0.007352941176470588 0.011111111111111112
0.0 0.5220588235294118 0.0125 0.00980392156862745 0.008333333333333333
0.0 0.5306372549019608 0.009722222222222222 0.012254901960784314 0.008333333333333333
0.0 0.5637254901960784 0.02361111111111111 0.0196078431372549 0.013888888888888888
0.0 0.5821078431372549 0.0125 0.012254901960784314 0.008333333333333333
0.0 0.5 0.004166666666666667 0.00980392156862745 0.008333333333333333
0.0 0.6776960784313726 0.03611111111111111 0.012254901960784314 0.011111111111111112
0.0 0.6691176470588235 0.030555555555555555 0.00980392156862745 0.011111111111111112
0.0 0.7095588235294118 0.04861111111111111 0.012254901960784314 0.013888888888888888
0.0 0.7291666666666666 0.05416666666666667 0.012254901960784314 0.013888888888888888
1.0 0.7377450980392157 0.059722222222222225 0.00980392156862745 0.008333333333333333
0.0 0.7745098039215687 0.10138888888888889 0.0196078431372549 0.025
0.0 0.7659313725490197 0.10833333333333334 0.01715686274509804 0.022222222222222223
1.0 0.7230392156862745 0.09166666666666666 0.014705882352941176 0.016666666666666666
7.0 0.758578431372549 0.11666666666666667 0.051470588235294115 0.05
6.0 0.7279411764705882 0.09722222222222222 0.049019607843137254 0.03333333333333333
6.0 0.7683823529411765 0.1388888888888889 0.056372549019607844 0.044444444444444446
1.0 0.758578431372549 0.12916666666666668 0.022058823529411766 0.025
0.0 0.7720588235294118 0.14166666666666666 0.024509803921568627 0.03333333333333333
0.0 0.8149509803921569 0.19444444444444445 0.022058823529411766 0.03888888888888889
0.0 0.22794117647058823 0.8125 0.024509803921568627 0.041666666666666664
0.0 0.3174019607843137 0.9111111111111111 0.051470588235294115 0.06111111111111111
0.0 0.27818627450980393 0.5486111111111112 0.02696078431372549 0.11944444444444445
0.0 0.33088235294117646 0.5430555555555555 0.024509803921568627 0.14166666666666666
0.0 0.6458333333333334 0.5861111111111111 0.02696078431372549 0.11666666666666667
0.0 0.9215686274509803 0.6652777777777777 0.0196078431372549 0.05277777777777778
0.0 0.9325980392156863 0.6875 0.022058823529411766 0.06388888888888888
0.0 0.9252450980392157 0.49027777777777776 0.007352941176470588 0.075
0.0 0.9203431372549019 0.4111111111111111 0.012254901960784314 0.05555555555555555
1.0 0.9191176470588235 0.3958333333333333 0.004901960784313725 0.019444444444444445
0.0 0.6825980392156863 0.1111111111111111 0.03676470588235294 0.03333333333333333
2.0 0.7218137254901961 0.12361111111111112 0.031862745098039214 0.025
1.0 0.7193627450980392 0.11666666666666667 0.022058823529411766 0.022222222222222223
0.0 0.7083333333333334 0.1111111111111111 0.024509803921568627 0.027777777777777776
0.0 0.5857843137254902 0.06805555555555555 0.0196078431372549 0.025
1.0 0.6066176470588235 0.07361111111111111 0.01715686274509804 0.013888888888888888
1.0 0.6115196078431373 0.07222222222222222 0.01715686274509804 0.011111111111111112
1.0 0.6041666666666666 0.06805555555555555 0.012254901960784314 0.013888888888888888
1.0 0.5735294117647058 0.06388888888888888 0.0196078431372549 0.016666666666666666
0.0 0.5772058823529411 0.059722222222222225 0.022058823529411766 0.013888888888888888
1.0 0.5649509803921569 0.05694444444444444 0.01715686274509804 0.013888888888888888
1.0 0.6188725490196079 0.07083333333333333 0.01715686274509804 0.013888888888888888
1.0 0.6225490196078431 0.06666666666666667 0.014705882352941176 0.016666666666666666
0.0 0.7352941176470589 0.24722222222222223 0.029411764705882353 0.06111111111111111
0.0 0.7475490196078431 0.24027777777777778 0.03431372549019608 0.06388888888888888
0.0 0.7990196078431373 0.11527777777777778 0.014705882352941176 0.025
0.0 0.7941176470588235 0.10972222222222222 0.014705882352941176 0.019444444444444445
0.0 0.7953431372549019 0.10972222222222222 0.01715686274509804 0.025
0.0 0.8174019607843137 0.12777777777777777 0.01715686274509804 0.022222222222222223
0.0 0.8308823529411765 0.13472222222222222 0.014705882352941176 0.025
0.0 0.8075980392156863 0.1 0.012254901960784314 0.016666666666666666
0.0 0.8186274509803921 0.10833333333333334 0.014705882352941176 0.016666666666666666
9.0 0.821078431372549 0.1125 0.014705882352941176 0.013888888888888888
9.0 0.8443627450980392 0.1375 0.012254901960784314 0.013888888888888888
1.0 0.8406862745098039 0.13055555555555556 0.014705882352941176 0.016666666666666666
1.0 0.8357843137254902 0.125 0.014705882352941176 0.016666666666666666
1.0 0.8321078431372549 0.12083333333333333 0.012254901960784314 0.013888888888888888
0.0 0.866421568627451 0.16666666666666666 0.012254901960784314 0.022222222222222223
1.0 0.8946078431372549 0.19583333333333333 0.00980392156862745 0.013888888888888888
0.0 0.9313725490196079 0.23472222222222222 0.00980392156862745 0.019444444444444445
0.0 0.9129901960784313 0.22777777777777777 0.012254901960784314 0.022222222222222223
0.0 0.9129901960784313 0.225 0.012254901960784314 0.022222222222222223
2.0 0.9571078431372549 0.26666666666666666 0.007352941176470588 0.016666666666666666
0.0 0.9669117647058824 0.29305555555555557 0.007352941176470588 0.019444444444444445
6.0 0.9767156862745098 0.43194444444444446 0.01715686274509804 0.04722222222222222
1.0 0.9816176470588235 0.4166666666666667 0.007352941176470588 0.03333333333333333
1.0 0.9803921568627451 0.4097222222222222 0.004901960784313725 0.025
1.0 0.9767156862745098 0.38333333333333336 0.007352941176470588 0.03333333333333333
1.0 0.9742647058823529 0.37222222222222223 0.007352941176470588 0.016666666666666666
1.0 0.9718137254901961 0.35138888888888886 0.007352941176470588 0.025
1.0 0.9693627450980392 0.3472222222222222 0.007352941176470588 0.022222222222222223
1.0 0.9705882352941176 0.3402777777777778 0.00980392156862745 0.025
0.0 0.9718137254901961 0.3402777777777778 0.007352941176470588 0.030555555555555555
1.0 0.9693627450980392 0.33055555555555555 0.007352941176470588 0.022222222222222223
1.0 0.9693627450980392 0.325 0.007352941176470588 0.022222222222222223
2.0 0.9754901960784313 0.33194444444444443 0.00980392156862745 0.025
1.0 0.9718137254901961 0.32222222222222224 0.007352941176470588 0.016666666666666666
0.0 0.9742647058823529 0.32083333333333336 0.007352941176470588 0.025
