3.0 0.24607329842931938 0.9109375 0.11518324607329843 0.096875
3.0 0.06806282722513089 0.775 0.05759162303664921 0.0875
3.0 0.08769633507853403 0.7109375 0.0549738219895288 0.078125
0.0 0.14921465968586387 0.8671875 0.020942408376963352 0.040625
1.0 0.05235602094240838 0.740625 0.010471204188481676 0.025
9.0 0.05366492146596859 0.746875 0.01832460732984293 0.0375
0.0 0.061518324607329845 0.734375 0.013089005235602094 0.0375
0.0 0.06675392670157068 0.7375 0.013089005235602094 0.0375
0.0 0.07329842931937172 0.7421875 0.015706806282722512 0.040625
0.0 0.07853403141361257 0.74375 0.015706806282722512 0.0375
0.0 0.07853403141361257 0.73125 0.015706806282722512 0.0375
0.0 0.08900523560209424 0.7765625 0.015706806282722512 0.034375
0.0 0.17015706806282724 0.7859375 0.020942408376963352 0.046875
0.0 0.13743455497382198 0.803125 0.02356020942408377 0.04375
0.0 0.193717277486911 0.7984375 0.020942408376963352 0.040625
9.0 0.12958115183246074 0.7921875 0.03926701570680628 0.053125
9.0 0.1387434554973822 0.8125 0.031413612565445025 0.0375
1.0 0.09554973821989529 0.7734375 0.01832460732984293 0.040625
1.0 0.10602094240837696 0.7796875 0.01832460732984293 0.034375
9.0 0.09554973821989529 0.7796875 0.013089005235602094 0.028125
9.0 0.10732984293193717 0.7828125 0.015706806282722512 0.028125
0.0 0.1256544502617801 0.66875 0.015706806282722512 0.04375
0.0 0.12827225130890052 0.665625 0.015706806282722512 0.04375
4.0 0.18324607329842932 0.6640625 0.04712041884816754 0.078125
3.0 0.4397905759162304 0.6203125 0.05235602094240838 0.065625
1.0 0.8848167539267016 0.7984375 0.020942408376963352 0.040625
9.0 0.8782722513089005 0.8078125 0.03926701570680628 0.053125
9.0 0.912303664921466 0.784375 0.02356020942408377 0.0375
1.0 0.9162303664921466 0.7765625 0.015706806282722512 0.034375
0.0 0.849476439790576 0.7859375 0.01832460732984293 0.034375
0.0 0.9057591623036649 0.740625 0.015706806282722512 0.0375
1.0 0.8887434554973822 0.7796875 0.01832460732984293 0.034375
1.0 0.8835078534031413 0.7828125 0.01832460732984293 0.034375
9.0 0.8848167539267016 0.7875 0.031413612565445025 0.04375
0.0 0.9057591623036649 0.7640625 0.015706806282722512 0.040625
0.0 0.9149214659685864 0.74375 0.013089005235602094 0.03125
0.0 0.9227748691099477 0.7390625 0.013089005235602094 0.028125
1.0 0.9175392670157068 0.759375 0.013089005235602094 0.03125
9.0 0.9149214659685864 0.7640625 0.02356020942408377 0.040625
9.0 0.9267015706806283 0.684375 0.015706806282722512 0.0375
0.0 0.8219895287958116 0.6890625 0.015706806282722512 0.040625
1.0 0.7447643979057592 0.8171875 0.02356020942408377 0.028125
1.0 0.7303664921465969 0.8171875 0.020942408376963352 0.028125
0.0 0.7774869109947644 0.7515625 0.015706806282722512 0.040625
0.0 0.7774869109947644 0.759375 0.015706806282722512 0.03125
1.0 0.33638743455497383 0.9265625 0.028795811518324606 0.034375
1.0 0.34554973821989526 0.9375 0.031413612565445025 0.03125
9.0 0.3390052356020942 0.9328125 0.049738219895287955 0.040625
3.0 0.6047120418848168 0.5359375 0.10471204188481675 0.059375
4.0 0.39790575916230364 0.35625 0.02617801047120419 0.03125
4.0 0.45549738219895286 0.3921875 0.02617801047120419 0.040625
9.0 0.8730366492146597 0.753125 0.028795811518324606 0.04375
1.0 0.7225130890052356 0.89375 0.02617801047120419 0.0375
1.0 0.7342931937172775 0.890625 0.02356020942408377 0.03125
9.0 0.7185863874345549 0.9 0.049738219895287955 0.0375
1.0 0.7238219895287958 0.8765625 0.02356020942408377 0.034375
9.0 0.7185863874345549 0.8859375 0.0549738219895288 0.040625
1.0 0.6924083769633508 0.8765625 0.02356020942408377 0.034375
9.0 0.6897905759162304 0.8796875 0.04450261780104712 0.034375
1.0 0.556282722513089 0.85625 0.02356020942408377 0.03125
9.0 0.556282722513089 0.8703125 0.01832460732984293 0.028125
9.0 0.5039267015706806 0.8078125 0.01832460732984293 0.028125
1.0 0.5026178010471204 0.790625 0.020942408376963352 0.03125
1.0 0.4175392670157068 0.775 0.01832460732984293 0.03125
1.0 0.41492146596858637 0.7921875 0.01832460732984293 0.021875
9.0 0.41492146596858637 0.7921875 0.01832460732984293 0.034375
0.0 0.643979057591623 0.8046875 0.020942408376963352 0.034375
6.0 0.6675392670157068 0.8140625 0.05759162303664921 0.040625
0.0 0.6714659685863874 0.8140625 0.028795811518324606 0.040625
0.0 0.693717277486911 0.721875 0.015706806282722512 0.04375
0.0 0.6767015706806283 0.75 0.01832460732984293 0.05
6.0 0.569371727748691 0.7578125 0.07068062827225131 0.046875
6.0 0.5287958115183246 0.615625 0.03664921465968586 0.04375
9.0 0.518324607329843 0.5765625 0.020942408376963352 0.034375
6.0 0.14659685863874344 0.778125 0.031413612565445025 0.05625
6.0 0.17539267015706805 0.7890625 0.03664921465968586 0.046875
1.0 0.22643979057591623 0.7875 0.01832460732984293 0.03125
0.0 0.24345549738219896 0.771875 0.020942408376963352 0.0375
1.0 0.2604712041884817 0.771875 0.02356020942408377 0.025
0.0 0.22905759162303665 0.775 0.01832460732984293 0.03125
0.0 0.3206806282722513 0.740625 0.01832460732984293 0.04375
9.0 0.14921465968586387 0.678125 0.015706806282722512 0.03125
9.0 0.17015706806282724 0.6921875 0.020942408376963352 0.034375
6.0 0.31282722513089006 0.696875 0.034031413612565446 0.05
1.0 0.031413612565445025 0.70625 0.010471204188481676 0.025
9.0 0.32329842931937175 0.615625 0.04450261780104712 0.04375
9.0 0.31675392670157065 0.55 0.02617801047120419 0.0375
0.0 0.3586387434554974 0.496875 0.015706806282722512 0.0375
1.0 0.33638743455497383 0.503125 0.013089005235602094 0.01875
6.0 0.32460732984293195 0.515625 0.05235602094240838 0.03125
1.0 0.4201570680628272 0.4234375 0.013089005235602094 0.028125
1.0 0.4476439790575916 0.4515625 0.010471204188481676 0.028125
1.0 0.49476439790575916 0.434375 0.010471204188481676 0.025
1.0 0.4005235602094241 0.421875 0.010471204188481676 0.025
