4.0 0.9823943661971831 0.4153846153846154 0.007042253521126761 0.02564102564102564
4.0 0.8368544600938967 0.2602564102564103 0.04929577464788732 0.05384615384615385
0.0 0.05046948356807512 0.7474358974358974 0.02112676056338028 0.04358974358974359
3.0 0.1643192488262911 0.8589743589743589 0.10328638497652583 0.11282051282051282
3.0 0.5293427230046949 0.9615384615384616 0.09624413145539906 0.041025641025641026
3.0 0.24882629107981222 0.8487179487179487 0.107981220657277 0.1076923076923077
3.0 0.3814553990610329 0.8076923076923077 0.11971830985915492 0.09230769230769231
8.0 0.1255868544600939 0.708974358974359 0.12910798122065728 0.23333333333333334
5.0 0.16666666666666666 0.5128205128205128 0.056338028169014086 0.11282051282051282
5.0 0.22183098591549297 0.3730769230769231 0.07276995305164319 0.09487179487179487
3.0 0.19248826291079812 0.34487179487179487 0.03755868544600939 0.05897435897435897
3.0 0.7053990610328639 0.42435897435897435 0.06807511737089202 0.09487179487179487
3.0 0.5774647887323944 0.32051282051282054 0.07511737089201878 0.07179487179487179
3.0 0.29694835680751175 0.28205128205128205 0.05868544600938967 0.05641025641025641
4.0 0.681924882629108 0.2358974358974359 0.04929577464788732 0.05128205128205128
4.0 0.6161971830985915 0.20256410256410257 0.04929577464788732 0.05128205128205128
3.0 0.6913145539906104 0.191025641025641 0.035211267605633804 0.03333333333333333
3.0 0.7617370892018779 0.21794871794871795 0.06807511737089202 0.05128205128205128
3.0 0.5046948356807511 0.1987179487179487 0.046948356807511735 0.028205128205128206
3.0 0.3626760563380282 0.18205128205128204 0.04460093896713615 0.035897435897435895
1.0 0.3286384976525822 0.17051282051282052 0.014084507042253521 0.017948717948717947
9.0 0.3286384976525822 0.17435897435897435 0.014084507042253521 0.015384615384615385
1.0 0.6255868544600939 0.1294871794871795 0.011737089201877934 0.01282051282051282
9.0 0.6267605633802817 0.13333333333333333 0.009389671361502348 0.010256410256410256
2.0 0.30164319248826293 0.16794871794871793 0.011737089201877934 0.01282051282051282
0.0 0.3286384976525822 0.15 0.009389671361502348 0.01282051282051282
0.0 0.3345070422535211 0.14615384615384616 0.011737089201877934 0.015384615384615385
0.0 0.33215962441314556 0.14615384615384616 0.011737089201877934 0.015384615384615385
0.0 0.3227699530516432 0.14615384615384616 0.011737089201877934 0.015384615384615385
9.0 0.3192488262910798 0.15384615384615385 0.018779342723004695 0.015384615384615385
3.0 0.44366197183098594 0.14358974358974358 0.03286384976525822 0.020512820512820513
3.0 0.5105633802816901 0.14102564102564102 0.03051643192488263 0.015384615384615385
5.0 0.5762910798122066 0.1346153846153846 0.04929577464788732 0.04358974358974359
5.0 0.6056338028169014 0.09743589743589744 0.06103286384976526 0.020512820512820513
1.0 0.5915492957746479 0.10897435897435898 0.009389671361502348 0.007692307692307693
9.0 0.5915492957746479 0.11153846153846154 0.009389671361502348 0.007692307692307693
0.0 0.573943661971831 0.1 0.007042253521126761 0.010256410256410256
1.0 0.5715962441314554 0.10384615384615385 0.007042253521126761 0.007692307692307693
9.0 0.5715962441314554 0.10512820512820513 0.007042253521126761 0.005128205128205128
3.0 0.5598591549295775 0.11666666666666667 0.02112676056338028 0.01282051282051282
3.0 0.5492957746478874 0.11025641025641025 0.023474178403755867 0.010256410256410256
3.0 0.5152582159624414 0.11025641025641025 0.025821596244131457 0.010256410256410256
3.0 0.5598591549295775 0.09871794871794871 0.02112676056338028 0.007692307692307693
3.0 0.5375586854460094 0.09487179487179487 0.028169014084507043 0.010256410256410256
3.0 0.5129107981220657 0.09615384615384616 0.02112676056338028 0.007692307692307693
3.0 0.5293427230046949 0.09871794871794871 0.02112676056338028 0.007692307692307693
3.0 0.5387323943661971 0.10384615384615385 0.02112676056338028 0.007692307692307693
3.0 0.1960093896713615 0.16153846153846155 0.011737089201877934 0.010256410256410256
4.0 0.20774647887323944 0.15256410256410258 0.007042253521126761 0.007692307692307693
1.0 0.5035211267605634 0.08461538461538462 0.002347417840375587 0.005128205128205128
9.0 0.5046948356807511 0.08461538461538462 0.014084507042253521 0.005128205128205128
3.0 0.4225352112676056 0.11794871794871795 0.028169014084507043 0.015384615384615385
3.0 0.4835680751173709 0.08974358974358974 0.018779342723004695 0.005128205128205128
3.0 0.4835680751173709 0.09102564102564102 0.014084507042253521 0.007692307692307693
3.0 0.47300469483568075 0.09487179487179487 0.02112676056338028 0.010256410256410256
3.0 0.4565727699530516 0.09358974358974359 0.02112676056338028 0.007692307692307693
3.0 0.4448356807511737 0.09102564102564102 0.02112676056338028 0.007692307692307693
5.0 0.4213615023474178 0.1064102564102564 0.03051643192488263 0.023076923076923078
3.0 0.4072769953051643 0.10512820512820513 0.02112676056338028 0.010256410256410256
3.0 0.42018779342723006 0.09615384615384616 0.018779342723004695 0.007692307692307693
4.0 0.41431924882629106 0.09230769230769231 0.03051643192488263 0.010256410256410256
5.0 0.4225352112676056 0.08205128205128205 0.023474178403755867 0.010256410256410256
8.0 0.3967136150234742 0.09743589743589744 0.03286384976525822 0.020512820512820513
3.0 0.3755868544600939 0.09871794871794871 0.018779342723004695 0.007692307692307693
3.0 0.36619718309859156 0.09871794871794871 0.018779342723004695 0.007692307692307693
4.0 0.3884976525821596 0.08846153846153847 0.01643192488262911 0.007692307692307693
3.0 0.30633802816901406 0.11923076923076924 0.03051643192488263 0.017948717948717947
3.0 0.36502347417840375 0.08974358974358974 0.01643192488262911 0.005128205128205128
3.0 0.3474178403755869 0.1 0.014084507042253521 0.010256410256410256
3.0 0.32981220657276994 0.09487179487179487 0.011737089201877934 0.005128205128205128
