6.0 0.11518324607329843 0.7890625 0.041884816753926704 0.071875
3.0 0.16099476439790575 0.871875 0.08638743455497382 0.0875
3.0 0.1544502617801047 0.8390625 0.06806282722513089 0.090625
3.0 0.2905759162303665 0.834375 0.07853403141361257 0.1
3.0 0.17146596858638743 0.784375 0.06544502617801047 0.09375
3.0 0.2918848167539267 0.63125 0.04450261780104712 0.075
3.0 0.5759162303664922 0.60625 0.05235602094240838 0.06875
3.0 0.331151832460733 0.484375 0.03926701570680628 0.04375
3.0 0.28403141361256545 0.4578125 0.034031413612565446 0.046875
7.0 0.3102094240837696 0.371875 0.034031413612565446 0.0375
3.0 0.35471204188481675 0.4140625 0.028795811518324606 0.046875
3.0 0.6793193717277487 0.334375 0.04450261780104712 0.03125
3.0 0.5968586387434555 0.325 0.04712041884816754 0.025
3.0 0.5615183246073299 0.3140625 0.03926701570680628 0.021875
4.0 0.5327225130890052 0.3171875 0.04450261780104712 0.028125
3.0 0.5026178010471204 0.3421875 0.02617801047120419 0.028125
3.0 0.47513089005235604 0.3125 0.049738219895287955 0.025
6.0 0.4856020942408377 0.3234375 0.01832460732984293 0.015625
3.0 0.39659685863874344 0.3375 0.028795811518324606 0.03125
4.0 0.36518324607329844 0.328125 0.02356020942408377 0.03125
4.0 0.337696335078534 0.3140625 0.02617801047120419 0.028125
3.0 0.35340314136125656 0.2578125 0.020942408376963352 0.021875
3.0 0.3586387434554974 0.2421875 0.020942408376963352 0.015625
3.0 0.387434554973822 0.2390625 0.015706806282722512 0.009375
3.0 0.38481675392670156 0.2921875 0.020942408376963352 0.021875
3.0 0.39397905759162305 0.28125 0.02356020942408377 0.01875
3.0 0.39790575916230364 0.2640625 0.015706806282722512 0.009375
3.0 0.4031413612565445 0.2546875 0.015706806282722512 0.009375
3.0 0.4083769633507853 0.240625 0.010471204188481676 0.0125
3.0 0.3992146596858639 0.2328125 0.013089005235602094 0.009375
3.0 0.39790575916230364 0.2234375 0.010471204188481676 0.009375
3.0 0.4109947643979058 0.209375 0.010471204188481676 0.0125
3.0 0.5497382198952879 0.2734375 0.03664921465968586 0.015625
3.0 0.5287958115183246 0.2625 0.010471204188481676 0.0125
3.0 0.47774869109947643 0.2359375 0.007853403141361256 0.009375
7.0 0.4986910994764398 0.2359375 0.007853403141361256 0.009375
3.0 0.46465968586387435 0.221875 0.007853403141361256 0.00625
3.0 0.4829842931937173 0.225 0.007853403141361256 0.00625
3.0 0.47774869109947643 0.21875 0.007853403141361256 0.00625
3.0 0.4803664921465969 0.2140625 0.007853403141361256 0.003125
5.0 0.468586387434555 0.209375 0.010471204188481676 0.0125
0.0 0.7277486910994765 0.6046875 0.010471204188481676 0.040625
0.0 0.7329842931937173 0.58125 0.010471204188481676 0.0375
0.0 0.6413612565445026 0.434375 0.010471204188481676 0.03125
0.0 0.6531413612565445 0.44375 0.013089005235602094 0.03125
