0.0 0.34558823529411764 0.3013888888888889 0.08333333333333333 0.13055555555555556
4.0 0.1090686274509804 0.2125 0.061274509803921566 0.09166666666666666
0.0 0.0196078431372549 0.3486111111111111 0.00980392156862745 0.03611111111111111
0.0 0.01715686274509804 0.35138888888888886 0.00980392156862745 0.041666666666666664
3.0 0.16544117647058823 0.12083333333333333 0.061274509803921566 0.058333333333333334
3.0 0.08333333333333333 0.19166666666666668 0.0392156862745098 0.05
1.0 0.2536764705882353 0.06805555555555555 0.022058823529411766 0.019444444444444445
0.0 0.18627450980392157 0.16944444444444445 0.029411764705882353 0.044444444444444446
9.0 0.2549019607843137 0.07222222222222222 0.029411764705882353 0.022222222222222223
1.0 0.24632352941176472 0.06944444444444445 0.01715686274509804 0.016666666666666666
9.0 0.24019607843137256 0.07777777777777778 0.024509803921568627 0.016666666666666666
0.0 0.14215686274509803 0.16944444444444445 0.024509803921568627 0.03888888888888889
0.0 0.13480392156862744 0.1763888888888889 0.0196078431372549 0.03611111111111111
1.0 0.9522058823529411 0.7152777777777778 0.022058823529411766 0.05277777777777778
1.0 0.9424019607843137 0.7125 0.022058823529411766 0.05277777777777778
0.0 0.9325980392156863 0.6236111111111111 0.022058823529411766 0.06388888888888888
1.0 0.9754901960784313 0.6611111111111111 0.014705882352941176 0.05
1.0 0.8848039215686274 0.7041666666666667 0.029411764705882353 0.06944444444444445
