4.0 0.8345588235294118 0.8611111111111112 0.041666666666666664 0.05555555555555555
5.0 0.883578431372549 0.7513888888888889 0.051470588235294115 0.09722222222222222
9.0 0.9068627450980392 0.7222222222222222 0.00980392156862745 0.022222222222222223
5.0 0.9497549019607843 0.4888888888888889 0.01715686274509804 0.07222222222222222
3.0 0.5330882352941176 0.9833333333333333 0.02696078431372549 0.022222222222222223
3.0 0.6188725490196079 0.8986111111111111 0.08088235294117647 0.03611111111111111
3.0 0.31985294117647056 0.9597222222222223 0.061274509803921566 0.030555555555555555
3.0 0.29411764705882354 0.9013888888888889 0.06862745098039216 0.041666666666666664
9.0 0.36151960784313725 0.9597222222222223 0.01715686274509804 0.013888888888888888
1.0 0.3639705882352941 0.9625 0.012254901960784314 0.008333333333333333
3.0 0.4534313725490196 0.9152777777777777 0.03431372549019608 0.041666666666666664
3.0 0.5049019607843137 0.8430555555555556 0.0392156862745098 0.058333333333333334
3.0 0.5637254901960784 0.7902777777777777 0.0392156862745098 0.06944444444444445
0.0 0.5857843137254902 0.9222222222222223 0.00980392156862745 0.005555555555555556
0.0 0.6936274509803921 0.8513888888888889 0.00980392156862745 0.008333333333333333
0.0 0.678921568627451 0.8430555555555556 0.00980392156862745 0.008333333333333333
3.0 0.6409313725490197 0.8291666666666667 0.07598039215686274 0.075
0.0 0.7022058823529411 0.7541666666666667 0.012254901960784314 0.013888888888888888
0.0 0.6936274509803921 0.7458333333333333 0.00980392156862745 0.013888888888888888
9.0 0.5257352941176471 0.7583333333333333 0.012254901960784314 0.027777777777777776
1.0 0.5245098039215687 0.7625 0.014705882352941176 0.013888888888888888
3.0 0.23039215686274508 0.6722222222222223 0.08333333333333333 0.08333333333333333
3.0 0.2867647058823529 0.6055555555555555 0.049019607843137254 0.11666666666666667
3.0 0.3602941176470588 0.6208333333333333 0.05392156862745098 0.125
0.0 0.17647058823529413 0.5097222222222222 0.004901960784313725 0.013888888888888888
0.0 0.16544117647058823 0.5013888888888889 0.007352941176470588 0.013888888888888888
0.0 0.1642156862745098 0.4875 0.004901960784313725 0.008333333333333333
3.0 0.2181372549019608 0.44027777777777777 0.07352941176470588 0.06388888888888888
3.0 0.2916666666666667 0.3263888888888889 0.049019607843137254 0.10277777777777777
3.0 0.22303921568627452 0.3375 0.06372549019607843 0.058333333333333334
0.0 0.1875 0.34305555555555556 0.007352941176470588 0.008333333333333333
3.0 0.25735294117647056 0.2375 0.07352941176470588 0.06388888888888888
0.0 0.19730392156862744 0.3111111111111111 0.012254901960784314 0.027777777777777776
3.0 0.4019607843137255 0.20972222222222223 0.049019607843137254 0.08055555555555556
0.0 0.23529411764705882 0.19027777777777777 0.00980392156862745 0.013888888888888888
3.0 0.2708333333333333 0.17777777777777778 0.07598039215686274 0.06111111111111111
3.0 0.43137254901960786 0.075 0.03431372549019608 0.03888888888888889
0.0 0.34558823529411764 0.0625 0.00980392156862745 0.008333333333333333
0.0 0.26838235294117646 0.09861111111111111 0.007352941176470588 0.008333333333333333
0.0 0.28921568627450983 0.07222222222222222 0.00980392156862745 0.011111111111111112
9.0 0.4105392156862745 0.03194444444444444 0.007352941176470588 0.008333333333333333
1.0 0.4105392156862745 0.030555555555555555 0.007352941176470588 0.005555555555555556
0.0 0.3075980392156863 0.058333333333333334 0.012254901960784314 0.011111111111111112
3.0 0.2512254901960784 0.07777777777777778 0.041666666666666664 0.03333333333333333
3.0 0.44485294117647056 0.02361111111111111 0.031862745098039214 0.025
3.0 0.6715686274509803 0.44166666666666665 0.10294117647058823 0.06666666666666667
9.0 0.6862745098039216 0.23472222222222222 0.0196078431372549 0.03611111111111111
0.0 0.6936274509803921 0.23333333333333334 0.014705882352941176 0.022222222222222223
0.0 0.6470588235294118 0.10833333333333334 0.00980392156862745 0.011111111111111112
0.0 0.571078431372549 0.10277777777777777 0.00980392156862745 0.011111111111111112
0.0 0.5784313725490197 0.10416666666666667 0.00980392156862745 0.008333333333333333
2.0 0.5894607843137255 0.06944444444444445 0.02696078431372549 0.011111111111111112
9.0 0.5919117647058824 0.06111111111111111 0.022058823529411766 0.011111111111111112
1.0 0.571078431372549 0.044444444444444446 0.00980392156862745 0.005555555555555556
3.0 0.5281862745098039 0.04722222222222222 0.031862745098039214 0.027777777777777776
0.0 0.6139705882352942 0.02638888888888889 0.007352941176470588 0.008333333333333333
0.0 0.616421568627451 0.019444444444444445 0.012254901960784314 0.005555555555555556
3.0 0.7573529411764706 0.08194444444444444 0.049019607843137254 0.03611111111111111
6.0 0.7095588235294118 0.05694444444444444 0.02696078431372549 0.025
3.0 0.04534313725490196 0.5666666666666667 0.01715686274509804 0.03888888888888889
3.0 0.04411764705882353 0.5291666666666667 0.014705882352941176 0.030555555555555555
3.0 0.051470588235294115 0.4222222222222222 0.0196078431372549 0.03333333333333333
4.0 0.031862745098039214 0.4736111111111111 0.00980392156862745 0.030555555555555555
3.0 0.0392156862745098 0.39861111111111114 0.014705882352941176 0.05277777777777778
3.0 0.029411764705882353 0.4083333333333333 0.00980392156862745 0.044444444444444446
3.0 0.02696078431372549 0.5486111111111112 0.00980392156862745 0.04722222222222222
3.0 0.020833333333333332 0.5458333333333333 0.007352941176470588 0.05277777777777778
3.0 0.011029411764705883 0.5347222222222222 0.007352941176470588 0.04722222222222222
3.0 0.006127450980392157 0.5416666666666666 0.007352941176470588 0.044444444444444446
4.0 0.024509803921568627 0.4125 0.00980392156862745 0.041666666666666664
3.0 0.0196078431372549 0.41805555555555557 0.00980392156862745 0.04722222222222222
5.0 0.013480392156862746 0.4236111111111111 0.007352941176470588 0.04722222222222222
9.0 0.007352941176470588 0.41805555555555557 0.004901960784313725 0.019444444444444445
3.0 0.003676470588235294 0.5388888888888889 0.0024509803921568627 0.044444444444444446
0.0 0.18872549019607843 0.10277777777777777 0.014705882352941176 0.016666666666666666
4.0 0.1409313725490196 0.14166666666666666 0.04656862745098039 0.05555555555555555
3.0 0.0821078431372549 0.19027777777777777 0.01715686274509804 0.025
9.0 0.08823529411764706 0.19583333333333333 0.00980392156862745 0.019444444444444445
9.0 0.06985294117647059 0.2125 0.007352941176470588 0.013888888888888888
9.0 0.07720588235294118 0.20972222222222223 0.007352941176470588 0.013888888888888888
4.0 0.061274509803921566 0.2263888888888889 0.0196078431372549 0.041666666666666664
3.0 0.056372549019607844 0.23055555555555557 0.0196078431372549 0.03888888888888889
