3.0 0.018779342723004695 0.6371794871794871 0.023474178403755867 0.07435897435897436
3.0 0.015258215962441314 0.5474358974358975 0.011737089201877934 0.0641025641025641
0.0 0.018779342723004695 0.5717948717948718 0.004694835680751174 0.03076923076923077
0.0 0.02112676056338028 0.5794871794871795 0.004694835680751174 0.02564102564102564
3.0 0.011737089201877934 0.41794871794871796 0.014084507042253521 0.041025641025641026
0.0 0.02464788732394366 0.3423076923076923 0.007042253521126761 0.028205128205128206
0.0 0.025821596244131457 0.3423076923076923 0.004694835680751174 0.01282051282051282
0.0 0.036384976525821594 0.308974358974359 0.007042253521126761 0.017948717948717947
3.0 0.08450704225352113 0.21153846153846154 0.023474178403755867 0.03333333333333333
3.0 0.10915492957746478 0.18461538461538463 0.02112676056338028 0.03076923076923077
0.0 0.107981220657277 0.1858974358974359 0.009389671361502348 0.01282051282051282
0.0 0.08568075117370892 0.22692307692307692 0.007042253521126761 0.01282051282051282
0.0 0.0880281690140845 0.22692307692307692 0.007042253521126761 0.01282051282051282
0.0 0.10328638497652583 0.2064102564102564 0.009389671361502348 0.017948717948717947
0.0 0.11032863849765258 0.20512820512820512 0.009389671361502348 0.020512820512820513
1.0 0.11150234741784038 0.20256410256410257 0.007042253521126761 0.010256410256410256
0.0 0.09624413145539906 0.21666666666666667 0.009389671361502348 0.017948717948717947
0.0 0.09507042253521127 0.22179487179487178 0.007042253521126761 0.01282051282051282
0.0 0.09741784037558686 0.21923076923076923 0.007042253521126761 0.01282051282051282
2.0 0.12441314553990611 0.18846153846153846 0.014084507042253521 0.017948717948717947
0.0 0.13145539906103287 0.1858974358974359 0.014084507042253521 0.017948717948717947
0.0 0.13380281690140844 0.18076923076923077 0.009389671361502348 0.017948717948717947
2.0 0.09976525821596244 0.8115384615384615 0.025821596244131457 0.03333333333333333
2.0 0.09624413145539906 0.7987179487179488 0.023474178403755867 0.03333333333333333
2.0 0.09507042253521127 0.791025641025641 0.025821596244131457 0.038461538461538464
9.0 0.09389671361502347 0.7858974358974359 0.023474178403755867 0.038461538461538464
6.0 0.0892018779342723 0.7666666666666667 0.03286384976525822 0.05128205128205128
2.0 0.07746478873239436 0.7448717948717949 0.014084507042253521 0.028205128205128206
2.0 0.08685446009389672 0.7564102564102564 0.018779342723004695 0.03076923076923077
0.0 0.08450704225352113 0.28974358974358977 0.014084507042253521 0.03076923076923077
0.0 0.10915492957746478 0.21153846153846154 0.011737089201877934 0.017948717948717947
8.0 0.15023474178403756 0.15256410256410258 0.07981220657276995 0.07948717948717948
3.0 0.18896713615023475 0.11923076923076924 0.03990610328638498 0.03333333333333333
3.0 0.23591549295774647 0.09102564102564102 0.04929577464788732 0.03333333333333333
3.0 0.24295774647887325 0.08205128205128205 0.04460093896713615 0.03076923076923077
2.0 0.3204225352112676 0.04358974358974359 0.007042253521126761 0.005128205128205128
1.0 0.3215962441314554 0.041025641025641026 0.009389671361502348 0.005128205128205128
0.0 0.3004694835680751 0.04230769230769231 0.009389671361502348 0.007692307692307693
3.0 0.5176056338028169 0.01282051282051282 0.03990610328638498 0.005128205128205128
3.0 0.5516431924882629 0.008974358974358974 0.028169014084507043 0.007692307692307693
3.0 0.7089201877934272 0.06538461538461539 0.051643192488262914 0.028205128205128206
3.0 0.9049295774647887 0.2 0.02112676056338028 0.02564102564102564
3.0 0.9424882629107981 0.25 0.011737089201877934 0.023076923076923078
3.0 0.9389671361502347 0.25384615384615383 0.018779342723004695 0.03076923076923077
3.0 0.9366197183098591 0.26282051282051283 0.018779342723004695 0.03333333333333333
3.0 0.9753521126760564 0.3564102564102564 0.011737089201877934 0.03076923076923077
2.0 0.10328638497652583 0.4025641025641026 0.018779342723004695 0.03076923076923077
2.0 0.1068075117370892 0.38974358974358975 0.02112676056338028 0.035897435897435895
2.0 0.11150234741784038 0.3641025641025641 0.02112676056338028 0.035897435897435895
3.0 0.16666666666666666 0.30512820512820515 0.056338028169014086 0.09743589743589744
3.0 0.21009389671361503 0.22564102564102564 0.06338028169014084 0.08205128205128205
3.0 0.2676056338028169 0.1423076923076923 0.056338028169014086 0.04871794871794872
2.0 0.20657276995305165 0.15897435897435896 0.014084507042253521 0.020512820512820513
2.0 0.19718309859154928 0.16282051282051282 0.014084507042253521 0.017948717948717947
2.0 0.20187793427230047 0.16153846153846155 0.014084507042253521 0.020512820512820513
2.0 0.22300469483568075 0.16153846153846155 0.03286384976525822 0.02564102564102564
2.0 0.7065727699530516 0.04487179487179487 0.014084507042253521 0.007692307692307693
3.0 0.7676056338028169 0.0858974358974359 0.04225352112676056 0.028205128205128206
3.0 0.744131455399061 0.06153846153846154 0.028169014084507043 0.015384615384615385
3.0 0.7769953051643192 0.07948717948717948 0.018779342723004695 0.015384615384615385
3.0 0.7805164319248826 0.09871794871794871 0.03990610328638498 0.028205128205128206
0.0 0.778169014084507 0.10512820512820513 0.01643192488262911 0.015384615384615385
0.0 0.7852112676056338 0.11025641025641025 0.011737089201877934 0.015384615384615385
0.0 0.8039906103286385 0.12051282051282051 0.011737089201877934 0.015384615384615385
0.0 0.812206572769953 0.12564102564102564 0.009389671361502348 0.010256410256410256
0.0 0.823943661971831 0.15512820512820513 0.014084507042253521 0.017948717948717947
0.0 0.823943661971831 0.15256410256410258 0.014084507042253521 0.017948717948717947
3.0 0.8450704225352113 0.13974358974358975 0.028169014084507043 0.028205128205128206
9.0 0.8544600938967136 0.14615384615384616 0.009389671361502348 0.010256410256410256
1.0 0.8532863849765259 0.14358974358974358 0.007042253521126761 0.010256410256410256
0.0 0.8838028169014085 0.20512820512820512 0.011737089201877934 0.020512820512820513
0.0 0.926056338028169 0.2794871794871795 0.011737089201877934 0.02564102564102564
3.0 0.8744131455399061 0.18974358974358974 0.03051643192488263 0.035897435897435895
3.0 0.9507042253521126 0.27692307692307694 0.014084507042253521 0.02564102564102564
3.0 0.9553990610328639 0.2858974358974359 0.014084507042253521 0.028205128205128206
3.0 0.9612676056338029 0.29615384615384616 0.011737089201877934 0.023076923076923078
3.0 0.9624413145539906 0.3038461538461538 0.009389671361502348 0.023076923076923078
4.0 0.994131455399061 0.5217948717948718 0.007042253521126761 0.04871794871794872
3.0 0.9823943661971831 0.3974358974358974 0.011737089201877934 0.02564102564102564
3.0 0.9730046948356808 0.36666666666666664 0.01643192488262911 0.035897435897435895
3.0 0.9683098591549296 0.35 0.01643192488262911 0.03333333333333333
3.0 0.9636150234741784 0.33589743589743587 0.01643192488262911 0.035897435897435895
3.0 0.9577464788732394 0.3217948717948718 0.018779342723004695 0.03333333333333333
3.0 0.9530516431924883 0.308974358974359 0.018779342723004695 0.03333333333333333
3.0 0.9448356807511737 0.29102564102564105 0.02112676056338028 0.038461538461538464
3.0 0.937793427230047 0.27692307692307694 0.02112676056338028 0.035897435897435895
3.0 0.9354460093896714 0.2705128205128205 0.01643192488262911 0.028205128205128206
3.0 0.9284037558685446 0.25769230769230766 0.02112676056338028 0.03333333333333333
3.0 0.9237089201877934 0.24615384615384617 0.02112676056338028 0.03076923076923077
3.0 0.9166666666666666 0.2358974358974359 0.025821596244131457 0.035897435897435895
3.0 0.9107981220657277 0.22692307692307692 0.023474178403755867 0.03333333333333333
3.0 0.9753521126760564 0.6423076923076924 0.02112676056338028 0.05897435897435897
3.0 0.9765258215962441 0.617948717948718 0.018779342723004695 0.05128205128205128
3.0 0.9788732394366197 0.5897435897435898 0.018779342723004695 0.05128205128205128
3.0 0.9800469483568075 0.5384615384615384 0.01643192488262911 0.046153846153846156
3.0 0.9776995305164319 0.5025641025641026 0.011737089201877934 0.035897435897435895
3.0 0.9730046948356808 0.47435897435897434 0.011737089201877934 0.035897435897435895
3.0 0.9694835680751174 0.44358974358974357 0.014084507042253521 0.041025641025641026
3.0 0.9636150234741784 0.41794871794871796 0.01643192488262911 0.041025641025641026
3.0 0.9589201877934272 0.39615384615384613 0.01643192488262911 0.038461538461538464
3.0 0.9518779342723005 0.36923076923076925 0.02112676056338028 0.046153846153846156
3.0 0.9448356807511737 0.3474358974358974 0.02112676056338028 0.04871794871794872
3.0 0.937793427230047 0.3282051282051282 0.02112676056338028 0.041025641025641026
3.0 0.931924882629108 0.3128205128205128 0.023474178403755867 0.046153846153846156
3.0 0.9237089201877934 0.2923076923076923 0.03051643192488263 0.046153846153846156
3.0 0.9166666666666666 0.2782051282051282 0.025821596244131457 0.04358974358974359
3.0 0.9084507042253521 0.2602564102564103 0.028169014084507043 0.038461538461538464
3.0 0.8990610328638498 0.24487179487179486 0.03286384976525822 0.04358974358974359
3.0 0.8908450704225352 0.23076923076923078 0.03051643192488263 0.041025641025641026
3.0 0.8849765258215962 0.21923076923076923 0.03286384976525822 0.04358974358974359
4.0 0.8744131455399061 0.20384615384615384 0.03051643192488263 0.038461538461538464
3.0 0.8591549295774648 0.1782051282051282 0.03286384976525822 0.038461538461538464
3.0 0.8661971830985915 0.191025641025641 0.028169014084507043 0.03333333333333333
3.0 0.9389671361502347 0.7448717948717949 0.04225352112676056 0.07435897435897436
3.0 0.8990610328638498 0.7961538461538461 0.06103286384976526 0.08974358974358974
3.0 0.8591549295774648 0.8358974358974359 0.07511737089201878 0.09743589743589744
5.0 0.8908450704225352 0.735897435897436 0.08685446009389672 0.15897435897435896
3.0 0.9436619718309859 0.6333333333333333 0.028169014084507043 0.08205128205128205
3.0 0.9471830985915493 0.5564102564102564 0.02112676056338028 0.07692307692307693
3.0 0.9330985915492958 0.41025641025641024 0.02112676056338028 0.06666666666666667
1.0 0.8286384976525821 0.17307692307692307 0.014084507042253521 0.023076923076923078
9.0 0.8309859154929577 0.17692307692307693 0.014084507042253521 0.015384615384615385
3.0 0.7863849765258216 0.15128205128205127 0.04225352112676056 0.041025641025641026
3.0 0.8215962441314554 0.20384615384615384 0.04225352112676056 0.05384615384615385
3.0 0.8544600938967136 0.2602564102564103 0.03755868544600939 0.05897435897435897
3.0 0.8838028169014085 0.33974358974358976 0.035211267605633804 0.06923076923076923
4.0 0.9178403755868545 0.49230769230769234 0.028169014084507043 0.1282051282051282
3.0 0.9096244131455399 0.6423076923076924 0.03990610328638498 0.1
3.0 0.863849765258216 0.7192307692307692 0.06572769953051644 0.12051282051282051
3.0 0.7253521126760564 0.9217948717948717 0.09859154929577464 0.07948717948717948
3.0 0.75 0.85 0.11971830985915492 0.12051282051282051
3.0 0.7734741784037559 0.7256410256410256 0.10093896713615023 0.14358974358974358
3.0 0.7711267605633803 0.5974358974358974 0.08215962441314555 0.14358974358974358
3.0 0.8380281690140845 0.5089743589743589 0.046948356807511735 0.13076923076923078
3.0 0.8826291079812206 0.5102564102564102 0.028169014084507043 0.09743589743589744
3.0 0.8650234741784038 0.3858974358974359 0.04460093896713615 0.09487179487179487
3.0 0.8110328638497653 0.36538461538461536 0.0539906103286385 0.09487179487179487
3.0 0.7464788732394366 0.4012820512820513 0.07511737089201878 0.12051282051282051
3.0 0.7253521126760564 0.2833333333333333 0.07981220657276995 0.10512820512820513
3.0 0.7723004694835681 0.24743589743589745 0.06103286384976526 0.07948717948717948
3.0 0.8333333333333334 0.28974358974358977 0.046948356807511735 0.07692307692307693
3.0 0.8039906103286385 0.2205128205128205 0.04929577464788732 0.06153846153846154
3.0 0.7746478873239436 0.17051282051282052 0.046948356807511735 0.04871794871794872
3.0 0.7488262910798122 0.13333333333333333 0.04225352112676056 0.035897435897435895
3.0 0.6995305164319249 0.11025641025641025 0.046948356807511735 0.035897435897435895
3.0 0.721830985915493 0.14358974358974358 0.04929577464788732 0.041025641025641026
3.0 0.7453051643192489 0.18846153846153846 0.0539906103286385 0.05897435897435897
3.0 0.6854460093896714 0.1987179487179487 0.07042253521126761 0.06923076923076923
3.0 0.6737089201877934 0.14871794871794872 0.056338028169014086 0.046153846153846156
3.0 0.6584507042253521 0.1141025641025641 0.04929577464788732 0.03333333333333333
3.0 0.6443661971830986 0.08974358974358974 0.04929577464788732 0.03076923076923077
9.0 0.18896713615023475 0.8615384615384616 0.035211267605633804 0.041025641025641026
3.0 0.5892018779342723 0.6705128205128205 0.11737089201877934 0.1717948717948718
3.0 0.4284037558685446 0.191025641025641 0.07746478873239436 0.06923076923076923
3.0 0.4706572769953052 0.09615384615384616 0.0539906103286385 0.028205128205128206
3.0 0.38028169014084506 0.06923076923076923 0.06103286384976526 0.03076923076923077
