3.0 0.9350490196078431 0.7694444444444445 0.051470588235294115 0.08333333333333333
3.0 0.8823529411764706 0.825 0.07352941176470588 0.09444444444444444
3.0 0.9669117647058824 0.6861111111111111 0.022058823529411766 0.05555555555555555
4.0 0.9767156862745098 0.6347222222222222 0.02696078431372549 0.075
4.0 0.9399509803921569 0.725 0.04656862745098039 0.08333333333333333
5.0 0.875 0.7819444444444444 0.12254901960784313 0.1638888888888889
4.0 0.8921568627450981 0.7333333333333333 0.06862745098039216 0.1
4.0 0.9436274509803921 0.6708333333333333 0.049019607843137254 0.09722222222222222
9.0 0.9901960784313726 0.4513888888888889 0.004901960784313725 0.019444444444444445
9.0 0.9828431372549019 0.4527777777777778 0.004901960784313725 0.016666666666666666
4.0 0.991421568627451 0.5180555555555556 0.007352941176470588 0.04722222222222222
0.0 0.9938725490196079 0.5402777777777777 0.0024509803921568627 0.025
0.0 0.9889705882352942 0.5513888888888889 0.0024509803921568627 0.025
3.0 0.9852941176470589 0.5777777777777777 0.0196078431372549 0.05
0.0 0.9803921568627451 0.5541666666666667 0.004901960784313725 0.030555555555555555
0.0 0.9865196078431373 0.5472222222222223 0.0024509803921568627 0.027777777777777776
0.0 0.9852941176470589 0.5444444444444444 0.004901960784313725 0.022222222222222223
3.0 0.9693627450980392 0.5430555555555555 0.022058823529411766 0.06388888888888888
3.0 0.9558823529411765 0.5388888888888889 0.0196078431372549 0.07777777777777778
0.0 0.9509803921568627 0.6194444444444445 0.00980392156862745 0.03333333333333333
0.0 0.946078431372549 0.6361111111111111 0.00980392156862745 0.03333333333333333
6.0 0.9546568627450981 0.6055555555555555 0.022058823529411766 0.06666666666666667
6.0 0.9313725490196079 0.5166666666666667 0.004901960784313725 0.03888888888888889
0.0 0.9411764705882353 0.6416666666666667 0.00980392156862745 0.03888888888888889
0.0 0.9338235294117647 0.6541666666666667 0.00980392156862745 0.03611111111111111
6.0 0.9387254901960784 0.6277777777777778 0.024509803921568627 0.07222222222222222
1.0 0.928921568627451 0.6444444444444445 0.00980392156862745 0.03333333333333333
6.0 0.9227941176470589 0.6444444444444445 0.031862745098039214 0.07777777777777778
0.0 0.9105392156862745 0.6791666666666667 0.01715686274509804 0.041666666666666664
6.0 0.9056372549019608 0.6638888888888889 0.031862745098039214 0.07222222222222222
6.0 0.8811274509803921 0.6819444444444445 0.041666666666666664 0.08611111111111111
0.0 0.8958333333333334 0.6722222222222223 0.01715686274509804 0.044444444444444446
0.0 0.9080882352941176 0.6027777777777777 0.012254901960784314 0.03888888888888889
2.0 0.8958333333333334 0.6 0.022058823529411766 0.05
1.0 0.8713235294117647 0.7 0.01715686274509804 0.03888888888888889
1.0 0.6433823529411765 0.46944444444444444 0.022058823529411766 0.05
0.0 0.5845588235294118 0.4305555555555556 0.022058823529411766 0.07222222222222222
1.0 0.8308823529411765 0.4777777777777778 0.014705882352941176 0.05
1.0 0.8406862745098039 0.475 0.00980392156862745 0.044444444444444446
0.0 0.7524509803921569 0.41388888888888886 0.014705882352941176 0.06666666666666667
0.0 0.7365196078431373 0.3958333333333333 0.01715686274509804 0.06388888888888888
9.0 0.8823529411764706 0.5319444444444444 0.0196078431372549 0.041666666666666664
9.0 0.8860294117647058 0.5861111111111111 0.022058823529411766 0.044444444444444446
2.0 0.8713235294117647 0.6222222222222222 0.02696078431372549 0.044444444444444446
9.0 0.8688725490196079 0.5597222222222222 0.022058823529411766 0.041666666666666664
9.0 0.8370098039215687 0.6277777777777778 0.01715686274509804 0.05555555555555555
2.0 0.7843137254901961 0.6416666666666667 0.05392156862745098 0.05
9.0 0.8333333333333334 0.7680555555555556 0.04411764705882353 0.05277777777777778
1.0 0.8357843137254902 0.7611111111111111 0.029411764705882353 0.05
6.0 0.8100490196078431 0.7291666666666666 0.056372549019607844 0.09166666666666666
0.0 0.7879901960784313 0.7527777777777778 0.022058823529411766 0.044444444444444446
0.0 0.7769607843137255 0.7527777777777778 0.024509803921568627 0.05
0.0 0.7671568627450981 0.7763888888888889 0.029411764705882353 0.04722222222222222
0.0 0.7487745098039216 0.7875 0.02696078431372549 0.04722222222222222
9.0 0.7205882352941176 0.8208333333333333 0.058823529411764705 0.04722222222222222
1.0 0.7242647058823529 0.8166666666666667 0.03676470588235294 0.05555555555555555
6.0 0.7438725490196079 0.7638888888888888 0.07598039215686274 0.1
9.0 0.5649509803921569 0.8611111111111112 0.061274509803921566 0.03888888888888889
0.0 0.6899509803921569 0.7763888888888889 0.031862745098039214 0.05277777777777778
0.0 0.6629901960784313 0.8013888888888889 0.031862745098039214 0.05277777777777778
0.0 0.6090686274509803 0.8055555555555556 0.02696078431372549 0.05
0.0 0.5674019607843137 0.8208333333333333 0.02696078431372549 0.05277777777777778
6.0 0.6605392156862745 0.7763888888888889 0.0857843137254902 0.10833333333333334
6.0 0.5796568627450981 0.775 0.07107843137254902 0.09444444444444444
9.0 0.5049019607843137 0.65 0.06862745098039216 0.05
0.0 0.4987745098039216 0.7208333333333333 0.02696078431372549 0.06944444444444445
0.0 0.36519607843137253 0.8041666666666667 0.029411764705882353 0.05277777777777778
0.0 0.19975490196078433 0.7819444444444444 0.031862745098039214 0.05277777777777778
0.0 0.39950980392156865 0.6291666666666667 0.024509803921568627 0.075
0.0 0.4215686274509804 0.6083333333333333 0.029411764705882353 0.07222222222222222
1.0 0.4215686274509804 0.5902777777777778 0.0196078431372549 0.04722222222222222
1.0 0.41544117647058826 0.7736111111111111 0.031862745098039214 0.04722222222222222
6.0 0.4375 0.7208333333333333 0.08088235294117647 0.09722222222222222
1.0 0.2928921568627451 0.7916666666666666 0.031862745098039214 0.044444444444444446
6.0 0.3075980392156863 0.7875 0.0857843137254902 0.09722222222222222
6.0 0.25857843137254904 0.75 0.09558823529411764 0.10555555555555556
0.0 0.24754901960784315 0.7388888888888889 0.03431372549019608 0.05
1.0 0.19607843137254902 0.6833333333333333 0.0196078431372549 0.03888888888888889
0.0 0.22794117647058823 0.7069444444444445 0.029411764705882353 0.06388888888888888
6.0 0.20833333333333334 0.6888888888888889 0.058823529411764705 0.10555555555555556
6.0 0.23529411764705882 0.6 0.09803921568627451 0.07222222222222222
0.0 0.23039215686274508 0.5722222222222222 0.014705882352941176 0.06111111111111111
0.0 0.3161764705882353 0.475 0.0196078431372549 0.07222222222222222
5.0 0.3443627450980392 0.6569444444444444 0.125 0.20277777777777778
9.0 0.4840686274509804 0.5208333333333334 0.061274509803921566 0.05277777777777778
9.0 0.4534313725490196 0.4888888888888889 0.08823529411764706 0.06666666666666667
2.0 0.48651960784313725 0.46111111111111114 0.031862745098039214 0.07222222222222222
9.0 0.4019607843137255 0.225 0.0196078431372549 0.03888888888888889
4.0 0.36764705882352944 0.4222222222222222 0.1568627450980392 0.1111111111111111
3.0 0.3014705882352941 0.36666666666666664 0.10294117647058823 0.10555555555555556
3.0 0.2610294117647059 0.3277777777777778 0.09068627450980392 0.1
0.0 0.21568627450980393 0.3472222222222222 0.0196078431372549 0.05
9.0 0.42892156862745096 0.3638888888888889 0.05392156862745098 0.044444444444444446
6.0 0.44730392156862747 0.31527777777777777 0.03676470588235294 0.06388888888888888
9.0 0.4178921568627451 0.29583333333333334 0.031862745098039214 0.030555555555555555
5.0 0.34558823529411764 0.1638888888888889 0.09313725490196079 0.06111111111111111
3.0 0.3272058823529412 0.14027777777777778 0.10049019607843138 0.05277777777777778
4.0 0.33700980392156865 0.11944444444444445 0.07107843137254902 0.03888888888888889
3.0 0.24754901960784315 0.12083333333333333 0.04411764705882353 0.03611111111111111
8.0 0.2965686274509804 0.09722222222222222 0.0784313725490196 0.07777777777777778
4.0 0.30637254901960786 0.08055555555555556 0.05392156862745098 0.03333333333333333
3.0 0.3075980392156863 0.06111111111111111 0.051470588235294115 0.027777777777777776
0.0 0.2659313725490196 0.08472222222222223 0.012254901960784314 0.013888888888888888
0.0 0.25 0.09027777777777778 0.00980392156862745 0.013888888888888888
1.0 0.2536764705882353 0.09583333333333334 0.007352941176470588 0.008333333333333333
5.0 0.26348039215686275 0.07777777777777778 0.03676470588235294 0.03333333333333333
5.0 0.30514705882352944 0.04861111111111111 0.10049019607843138 0.05277777777777778
0.0 0.26348039215686275 0.0625 0.007352941176470588 0.008333333333333333
6.0 0.28921568627450983 0.0625 0.03431372549019608 0.019444444444444445
1.0 0.1213235294117647 0.5472222222222223 0.012254901960784314 0.03888888888888889
9.0 0.12254901960784313 0.5583333333333333 0.00980392156862745 0.05
3.0 0.08088235294117647 0.5305555555555556 0.0196078431372549 0.08333333333333333
1.0 0.01715686274509804 0.6486111111111111 0.004901960784313725 0.019444444444444445
6.0 0.022058823529411766 0.6611111111111111 0.014705882352941176 0.03888888888888889
9.0 0.05269607843137255 0.7194444444444444 0.01715686274509804 0.03888888888888889
1.0 0.051470588235294115 0.7166666666666667 0.014705882352941176 0.03333333333333333
0.0 0.02696078431372549 0.6555555555555556 0.00980392156862745 0.03333333333333333
0.0 0.03676470588235294 0.6291666666666667 0.00980392156862745 0.03611111111111111
0.0 0.03553921568627451 0.6375 0.012254901960784314 0.03611111111111111
0.0 0.03431372549019608 0.6652777777777777 0.00980392156862745 0.030555555555555555
0.0 0.02696078431372549 0.6527777777777778 0.004901960784313725 0.022222222222222223
0.0 0.025735294117647058 0.6430555555555556 0.012254901960784314 0.041666666666666664
0.0 0.02696078431372549 0.6444444444444445 0.00980392156862745 0.03333333333333333
0.0 0.024509803921568627 0.6333333333333333 0.00980392156862745 0.03333333333333333
0.0 0.029411764705882353 0.6444444444444445 0.00980392156862745 0.03888888888888889
0.0 0.031862745098039214 0.6430555555555556 0.00980392156862745 0.03611111111111111
0.0 0.031862745098039214 0.6569444444444444 0.00980392156862745 0.030555555555555555
6.0 0.029411764705882353 0.6277777777777778 0.0196078431372549 0.06111111111111111
0.0 0.028186274509803922 0.5972222222222222 0.007352941176470588 0.03333333333333333
0.0 0.028186274509803922 0.5847222222222223 0.007352941176470588 0.030555555555555555
6.0 0.025735294117647058 0.5819444444444445 0.012254901960784314 0.04722222222222222
4.0 0.028186274509803922 0.49027777777777776 0.012254901960784314 0.06944444444444445
4.0 0.03431372549019608 0.41944444444444445 0.014705882352941176 0.07222222222222222
4.0 0.0428921568627451 0.4263888888888889 0.01715686274509804 0.06944444444444445
3.0 0.056372549019607844 0.32222222222222224 0.0196078431372549 0.044444444444444446
6.0 0.0784313725490196 0.33055555555555555 0.014705882352941176 0.03888888888888889
1.0 0.07965686274509803 0.33055555555555555 0.007352941176470588 0.027777777777777776
4.0 0.09436274509803921 0.2791666666666667 0.02696078431372549 0.058333333333333334
2.0 0.09191176470588236 0.2638888888888889 0.007352941176470588 0.022222222222222223
1.0 0.09313725490196079 0.25972222222222224 0.00980392156862745 0.019444444444444445
4.0 0.07352941176470588 0.275 0.0196078431372549 0.044444444444444446
3.0 0.08455882352941177 0.26805555555555555 0.022058823529411766 0.041666666666666664
3.0 0.08333333333333333 0.2513888888888889 0.0196078431372549 0.03611111111111111
0.0 0.09068627450980392 0.24444444444444444 0.00980392156862745 0.022222222222222223
6.0 0.09558823529411764 0.24027777777777778 0.014705882352941176 0.025
3.0 0.10294117647058823 0.2111111111111111 0.0196078431372549 0.03333333333333333
4.0 0.11887254901960784 0.19305555555555556 0.022058823529411766 0.03611111111111111
0.0 0.13970588235294118 0.16527777777777777 0.00980392156862745 0.013888888888888888
0.0 0.14338235294117646 0.16111111111111112 0.012254901960784314 0.016666666666666666
5.0 0.13602941176470587 0.15 0.041666666666666664 0.06111111111111111
4.0 0.16299019607843138 0.125 0.022058823529411766 0.027777777777777776
4.0 0.16544117647058823 0.11527777777777778 0.022058823529411766 0.025
