6.0 0.5661764705882353 0.8097222222222222 0.0784313725490196 0.09166666666666666
3.0 0.46691176470588236 0.6333333333333333 0.11519607843137254 0.13333333333333333
3.0 0.6776960784313726 0.5916666666666667 0.1053921568627451 0.13333333333333333
3.0 0.6384803921568627 0.4013888888888889 0.10049019607843138 0.09722222222222222
3.0 0.6004901960784313 0.25416666666666665 0.07352941176470588 0.06388888888888888
3.0 0.5514705882352942 0.14583333333333334 0.04411764705882353 0.030555555555555555
3.0 0.4534313725490196 0.1111111111111111 0.03431372549019608 0.022222222222222223
3.0 0.30392156862745096 0.1527777777777778 0.03431372549019608 0.03333333333333333
3.0 0.2659313725490196 0.20555555555555555 0.041666666666666664 0.03888888888888889
6.0 0.17647058823529413 0.44166666666666665 0.04411764705882353 0.1
4.0 0.9117647058823529 0.6902777777777778 0.058823529411764705 0.11944444444444445
4.0 0.9191176470588235 0.7791666666666667 0.0784313725490196 0.13055555555555556
4.0 0.9093137254901961 0.5777777777777777 0.029411764705882353 0.08888888888888889
3.0 0.883578431372549 0.5319444444444444 0.03676470588235294 0.08611111111111111
4.0 0.8553921568627451 0.44166666666666665 0.0392156862745098 0.09444444444444444
3.0 0.8125 0.31805555555555554 0.07598039215686274 0.06388888888888888
3.0 0.049019607843137254 0.49166666666666664 0.0196078431372549 0.06111111111111111
3.0 0.051470588235294115 0.45555555555555555 0.029411764705882353 0.06111111111111111
3.0 0.06862745098039216 0.425 0.0196078431372549 0.06111111111111111
3.0 0.08700980392156862 0.3416666666666667 0.03676470588235294 0.044444444444444446
3.0 0.15808823529411764 0.25833333333333336 0.031862745098039214 0.044444444444444446
3.0 0.18259803921568626 0.23194444444444445 0.02696078431372549 0.03611111111111111
3.0 0.17647058823529413 0.2152777777777778 0.04411764705882353 0.041666666666666664
3.0 0.12254901960784313 0.26944444444444443 0.03431372549019608 0.05
4.0 0.3431372549019608 0.11666666666666667 0.04411764705882353 0.022222222222222223
3.0 0.3639705882352941 0.09722222222222222 0.022058823529411766 0.016666666666666666
3.0 0.4178921568627451 0.07777777777777778 0.01715686274509804 0.011111111111111112
3.0 0.48651960784313725 0.06944444444444445 0.01715686274509804 0.005555555555555556
3.0 0.46078431372549017 0.06388888888888888 0.00980392156862745 0.005555555555555556
3.0 0.4325980392156863 0.06388888888888888 0.012254901960784314 0.005555555555555556
3.0 0.4889705882352941 0.058333333333333334 0.012254901960784314 0.005555555555555556
3.0 0.4730392156862745 0.05277777777777778 0.024509803921568627 0.005555555555555556
3.0 0.41299019607843135 0.059722222222222225 0.02696078431372549 0.008333333333333333
3.0 0.44607843137254904 0.04861111111111111 0.00980392156862745 0.002777777777777778
3.0 0.5269607843137255 0.1 0.024509803921568627 0.011111111111111112
3.0 0.7659313725490197 0.26805555555555555 0.04656862745098039 0.05277777777777778
3.0 0.7389705882352942 0.23472222222222222 0.04656862745098039 0.041666666666666664
3.0 0.7279411764705882 0.20694444444444443 0.07352941176470588 0.04722222222222222
3.0 0.6654411764705882 0.1527777777777778 0.041666666666666664 0.027777777777777776
3.0 0.6519607843137255 0.1361111111111111 0.029411764705882353 0.022222222222222223
3.0 0.6323529411764706 0.12222222222222222 0.0392156862745098 0.022222222222222223
0.0 0.758578431372549 0.30833333333333335 0.02696078431372549 0.05555555555555555
3.0 0.25735294117647056 0.15 0.024509803921568627 0.022222222222222223
3.0 0.22794117647058823 0.1763888888888889 0.024509803921568627 0.025
3.0 0.21446078431372548 0.19027777777777777 0.02696078431372549 0.030555555555555555
3.0 0.26348039215686275 0.1388888888888889 0.03676470588235294 0.027777777777777776
3.0 0.4411764705882353 0.05416666666666667 0.00980392156862745 0.002777777777777778
3.0 0.6409313725490197 0.11388888888888889 0.04656862745098039 0.016666666666666666
3.0 0.633578431372549 0.10972222222222222 0.04656862745098039 0.019444444444444445
3.0 0.5992647058823529 0.09444444444444444 0.022058823529411766 0.011111111111111112
3.0 0.5906862745098039 0.08888888888888889 0.0196078431372549 0.011111111111111112
3.0 0.5796568627450981 0.08055555555555556 0.01715686274509804 0.011111111111111112
3.0 0.5674019607843137 0.07222222222222222 0.012254901960784314 0.005555555555555556
0.0 0.7156862745098039 0.24444444444444444 0.014705882352941176 0.027777777777777776
3.0 0.7181372549019608 0.25416666666666665 0.0196078431372549 0.025
3.0 0.022058823529411766 0.6513888888888889 0.0196078431372549 0.058333333333333334
0.0 0.8872549019607843 0.6555555555555556 0.0196078431372549 0.06111111111111111
3.0 0.8848039215686274 0.6694444444444444 0.024509803921568627 0.06111111111111111
9.0 0.8455882352941176 0.5305555555555556 0.014705882352941176 0.05
0.0 0.8468137254901961 0.5111111111111111 0.012254901960784314 0.05
0.0 0.8063725490196079 0.4 0.0196078431372549 0.044444444444444446
9.0 0.8088235294117647 0.4166666666666667 0.0196078431372549 0.05555555555555555
1.0 0.9215686274509803 0.41388888888888886 0.00980392156862745 0.027777777777777776
2.0 0.9375 0.6694444444444444 0.01715686274509804 0.03888888888888889
0.0 0.9129901960784313 0.4375 0.007352941176470588 0.04722222222222222
3.0 0.7977941176470589 0.2763888888888889 0.051470588235294115 0.04722222222222222
0.0 0.8566176470588235 0.32083333333333336 0.012254901960784314 0.03611111111111111
1.0 0.883578431372549 0.3458333333333333 0.007352941176470588 0.025
