3.0 0.061518324607329845 0.78125 0.060209424083769635 0.10625
9.0 0.03534031413612566 0.69375 0.02356020942408377 0.04375
9.0 0.03534031413612566 0.68125 0.02356020942408377 0.04375
9.0 0.04319371727748691 0.640625 0.01832460732984293 0.05
9.0 0.10602094240837696 0.615625 0.013089005235602094 0.05
1.0 0.10340314136125654 0.596875 0.013089005235602094 0.05
1.0 0.11518324607329843 0.6015625 0.015706806282722512 0.053125
9.0 0.11649214659685864 0.615625 0.01832460732984293 0.05625
0.0 0.0968586387434555 0.425 0.010471204188481676 0.05
9.0 0.10471204188481675 0.43125 0.020942408376963352 0.04375
9.0 0.1243455497382199 0.396875 0.02356020942408377 0.0375
3.0 0.16099476439790575 0.321875 0.028795811518324606 0.04375
5.0 0.18455497382198952 0.2828125 0.03926701570680628 0.040625
3.0 0.24738219895287958 0.20625 0.02356020942408377 0.03125
9.0 0.2094240837696335 0.303125 0.010471204188481676 0.025
3.0 0.41492146596858637 0.6125 0.09162303664921466 0.10625
9.0 0.6845549738219895 0.6328125 0.034031413612565446 0.078125
1.0 0.6858638743455497 0.61875 0.031413612565445025 0.06875
1.0 0.8324607329842932 0.8640625 0.03664921465968586 0.046875
1.0 0.837696335078534 0.8765625 0.03664921465968586 0.046875
1.0 0.2107329842931937 0.2953125 0.013089005235602094 0.028125
6.0 0.2356020942408377 0.2921875 0.02617801047120419 0.040625
1.0 0.2369109947643979 0.2828125 0.01832460732984293 0.028125
3.0 0.34424083769633507 0.2046875 0.028795811518324606 0.028125
4.0 0.3743455497382199 0.1546875 0.020942408376963352 0.021875
3.0 0.3782722513089005 0.14375 0.01832460732984293 0.0125
7.0 0.29581151832460734 0.1828125 0.015706806282722512 0.021875
9.0 0.2787958115183246 0.2078125 0.007853403141361256 0.009375
1.0 0.2801047120418848 0.2 0.005235602094240838 0.0125
3.0 0.44502617801047123 0.2015625 0.03664921465968586 0.028125
3.0 0.443717277486911 0.15 0.02356020942408377 0.01875
7.0 0.450261780104712 0.121875 0.010471204188481676 0.0125
7.0 0.4908376963350785 0.1171875 0.007853403141361256 0.009375
3.0 0.4829842931937173 0.1359375 0.01832460732984293 0.015625
4.0 0.3704188481675393 0.1140625 0.013089005235602094 0.015625
9.0 0.5026178010471204 0.2046875 0.005235602094240838 0.021875
1.0 0.5026178010471204 0.203125 0.005235602094240838 0.0125
1.0 0.5026178010471204 0.2 0.005235602094240838 0.01875
9.0 0.5078534031413613 0.2015625 0.010471204188481676 0.015625
1.0 0.5052356020942408 0.19375 0.010471204188481676 0.01875
9.0 0.4816753926701571 0.15 0.005235602094240838 0.0125
1.0 0.4816753926701571 0.146875 0.005235602094240838 0.0125
9.0 0.6086387434554974 0.3765625 0.02356020942408377 0.046875
1.0 0.6073298429319371 0.36875 0.031413612565445025 0.05
3.0 0.7185863874345549 0.4078125 0.0549738219895288 0.078125
