3.0 0.17034313725490197 0.5069444444444444 0.0661764705882353 0.11944444444444445
3.0 0.23651960784313725 0.6055555555555555 0.11029411764705882 0.15
3.0 0.7095588235294118 0.5458333333333333 0.1053921568627451 0.13055555555555556
3.0 0.5514705882352942 0.2986111111111111 0.07352941176470588 0.06388888888888888
3.0 0.4571078431372549 0.1763888888888889 0.03676470588235294 0.030555555555555555
3.0 0.5477941176470589 0.19166666666666668 0.03676470588235294 0.03333333333333333
3.0 0.5747549019607843 0.23472222222222222 0.051470588235294115 0.04722222222222222
3.0 0.9595588235294118 0.4777777777777778 0.022058823529411766 0.05555555555555555
4.0 0.029411764705882353 0.6680555555555555 0.0392156862745098 0.10833333333333334
5.0 0.8946078431372549 0.5152777777777777 0.0392156862745098 0.11388888888888889
5.0 0.5514705882352942 0.16111111111111112 0.0392156862745098 0.03333333333333333
3.0 0.8897058823529411 0.3458333333333333 0.0196078431372549 0.030555555555555555
3.0 0.06372549019607843 0.37777777777777777 0.03431372549019608 0.05
3.0 0.07475490196078431 0.35833333333333334 0.03676470588235294 0.05
4.0 0.08946078431372549 0.33611111111111114 0.02696078431372549 0.03888888888888889
4.0 0.02696078431372549 0.4513888888888889 0.0196078431372549 0.03611111111111111
9.0 0.8443627450980392 0.8013888888888889 0.056372549019607844 0.06388888888888888
9.0 0.8492647058823529 0.8666666666666667 0.051470588235294115 0.05
6.0 0.32230392156862747 0.675 0.056372549019607844 0.1111111111111111
6.0 0.9669117647058824 0.5430555555555555 0.01715686274509804 0.05277777777777778
6.0 0.9497549019607843 0.5277777777777778 0.012254901960784314 0.027777777777777776
9.0 0.8419117647058824 0.49444444444444446 0.01715686274509804 0.06111111111111111
0.0 0.9865196078431373 0.5041666666666667 0.0024509803921568627 0.03611111111111111
1.0 0.8627450980392157 0.7708333333333334 0.029411764705882353 0.058333333333333334
1.0 0.866421568627451 0.8444444444444444 0.02696078431372549 0.03888888888888889
1.0 0.8725490196078431 0.8430555555555556 0.0196078431372549 0.030555555555555555
0.0 0.041666666666666664 0.5638888888888889 0.00980392156862745 0.05555555555555555
0.0 0.023284313725490197 0.55 0.007352941176470588 0.05555555555555555
0.0 0.028186274509803922 0.5569444444444445 0.007352941176470588 0.05277777777777778
0.0 0.04656862745098039 0.5291666666666667 0.004901960784313725 0.041666666666666664
0.0 0.04044117647058824 0.5208333333333334 0.0024509803921568627 0.041666666666666664
9.0 0.03799019607843137 0.5194444444444445 0.007352941176470588 0.027777777777777776
3.0 0.4730392156862745 0.14583333333333334 0.024509803921568627 0.019444444444444445
1.0 0.6862745098039216 0.25277777777777777 0.024509803921568627 0.05
0.0 0.8504901960784313 0.39861111111111114 0.0196078431372549 0.030555555555555555
0.0 0.866421568627451 0.39166666666666666 0.012254901960784314 0.05
0.0 0.8713235294117647 0.4097222222222222 0.01715686274509804 0.06944444444444445
0.0 0.8774509803921569 0.3902777777777778 0.014705882352941176 0.058333333333333334
0.0 0.9313725490196079 0.4583333333333333 0.004901960784313725 0.027777777777777776
0.0 0.9338235294117647 0.3861111111111111 0.00980392156862745 0.03888888888888889
0.0 0.051470588235294115 0.3625 0.00980392156862745 0.03611111111111111
0.0 0.04779411764705882 0.3611111111111111 0.007352941176470588 0.03333333333333333
3.0 0.1213235294117647 0.29444444444444445 0.022058823529411766 0.03888888888888889
3.0 0.1409313725490196 0.28055555555555556 0.031862745098039214 0.044444444444444446
3.0 0.2340686274509804 0.20277777777777778 0.03676470588235294 0.03333333333333333
3.0 0.22303921568627452 0.18333333333333332 0.029411764705882353 0.03333333333333333
1.0 0.39338235294117646 0.15833333333333333 0.012254901960784314 0.016666666666666666
1.0 0.41911764705882354 0.12916666666666668 0.004901960784313725 0.008333333333333333
0.0 0.9178921568627451 0.4263888888888889 0.007352941176470588 0.041666666666666664
0.0 0.7904411764705882 0.25277777777777777 0.022058823529411766 0.03333333333333333
0.0 0.8112745098039216 0.2847222222222222 0.0196078431372549 0.04722222222222222
0.0 0.8504901960784313 0.325 0.00980392156862745 0.03333333333333333
0.0 0.8455882352941176 0.29583333333333334 0.00980392156862745 0.030555555555555555
0.0 0.8247549019607843 0.2861111111111111 0.01715686274509804 0.044444444444444446
0.0 0.8321078431372549 0.2875 0.01715686274509804 0.04722222222222222
4.0 0.8529411764705882 0.28888888888888886 0.024509803921568627 0.044444444444444446
5.0 0.8223039215686274 0.25972222222222224 0.041666666666666664 0.05277777777777778
0.0 0.9546568627450981 0.5069444444444444 0.0024509803921568627 0.030555555555555555
0.0 0.9632352941176471 0.5416666666666666 0.004901960784313725 0.044444444444444446
0.0 0.9718137254901961 0.5458333333333333 0.007352941176470588 0.04722222222222222
0.0 0.9693627450980392 0.5152777777777777 0.0024509803921568627 0.03611111111111111
0.0 0.9644607843137255 0.49166666666666664 0.0024509803921568627 0.044444444444444446
0.0 0.9681372549019608 0.49166666666666664 0.004901960784313725 0.05
9.0 0.9142156862745098 0.5722222222222222 0.0196078431372549 0.044444444444444446
0.0 0.9093137254901961 0.5097222222222222 0.004901960784313725 0.041666666666666664
1.0 0.9178921568627451 0.5416666666666666 0.012254901960784314 0.07222222222222222
