3.0 0.4119718309859155 0.11923076923076924 0.0539906103286385 0.05384615384615385
3.0 0.715962441314554 0.18974358974358974 0.051643192488262914 0.07692307692307693
3.0 0.5833333333333334 0.04487179487179487 0.035211267605633804 0.023076923076923078
3.0 0.5821596244131455 0.02435897435897436 0.028169014084507043 0.017948717948717947
3.0 0.5809859154929577 0.008974358974358974 0.02112676056338028 0.01282051282051282
3.0 0.3215962441314554 0.3230769230769231 0.056338028169014086 0.11282051282051282
3.0 0.2934272300469484 0.5487179487179488 0.04225352112676056 0.07692307692307693
3.0 0.35563380281690143 0.5243589743589744 0.06807511737089202 0.15128205128205127
3.0 0.6115023474178404 0.5564102564102564 0.05868544600938967 0.13846153846153847
3.0 0.6584507042253521 0.6628205128205128 0.05868544600938967 0.1
3.0 0.05046948356807512 0.4166666666666667 0.01643192488262911 0.038461538461538464
3.0 0.06690140845070422 0.43333333333333335 0.02112676056338028 0.05128205128205128
3.0 0.0892018779342723 0.46282051282051284 0.023474178403755867 0.04871794871794872
3.0 0.07042253521126761 0.49230769230769234 0.018779342723004695 0.041025641025641026
3.0 0.04812206572769953 0.45897435897435895 0.011737089201877934 0.035897435897435895
3.0 0.036384976525821594 0.441025641025641 0.011737089201877934 0.035897435897435895
3.0 0.025821596244131457 0.4282051282051282 0.009389671361502348 0.035897435897435895
3.0 0.01643192488262911 0.4115384615384615 0.009389671361502348 0.028205128205128206
3.0 0.017605633802816902 0.48333333333333334 0.007042253521126761 0.023076923076923078
3.0 0.01056338028169014 0.4 0.007042253521126761 0.02564102564102564
5.0 0.062206572769953054 0.5512820512820513 0.03990610328638498 0.07692307692307693
3.0 0.10328638497652583 0.632051282051282 0.03286384976525822 0.05897435897435897
3.0 0.12089201877934272 0.5679487179487179 0.03051643192488263 0.05897435897435897
3.0 0.20774647887323944 0.7666666666666667 0.04929577464788732 0.07179487179487179
3.0 0.22535211267605634 0.7333333333333333 0.06103286384976526 0.09230769230769231
3.0 0.34624413145539906 0.7128205128205128 0.07276995305164319 0.11794871794871795
3.0 0.30633802816901406 0.8141025641025641 0.05868544600938967 0.07435897435897436
3.0 0.30633802816901406 0.9538461538461539 0.04460093896713615 0.03076923076923077
3.0 0.2664319248826291 0.9153846153846154 0.03990610328638498 0.035897435897435895
3.0 0.284037558685446 0.9025641025641026 0.051643192488262914 0.046153846153846156
3.0 0.318075117370892 0.9256410256410257 0.04929577464788732 0.035897435897435895
4.0 0.397887323943662 0.9794871794871794 0.035211267605633804 0.015384615384615385
3.0 0.4025821596244131 0.9653846153846154 0.04460093896713615 0.023076923076923078
5.0 0.3568075117370892 0.926923076923077 0.06572769953051644 0.04871794871794872
3.0 0.5821596244131455 0.926923076923077 0.051643192488262914 0.03333333333333333
3.0 0.7089201877934272 0.8128205128205128 0.08450704225352113 0.07179487179487179
3.0 0.9131455399061033 0.6025641025641025 0.028169014084507043 0.06153846153846154
3.0 0.9647887323943662 0.6115384615384616 0.014084507042253521 0.03333333333333333
3.0 0.9612676056338029 0.6371794871794871 0.011737089201877934 0.03333333333333333
3.0 0.9025821596244131 0.65 0.03051643192488263 0.05384615384615385
3.0 0.9225352112676056 0.6551282051282051 0.023474178403755867 0.04871794871794872
3.0 0.9354460093896714 0.6602564102564102 0.02112676056338028 0.04358974358974359
3.0 0.9471830985915493 0.6615384615384615 0.01643192488262911 0.035897435897435895
3.0 0.9553990610328639 0.6666666666666666 0.014084507042253521 0.035897435897435895
3.0 0.9624413145539906 0.6653846153846154 0.014084507042253521 0.03333333333333333
3.0 0.9694835680751174 0.6666666666666666 0.014084507042253521 0.03076923076923077
3.0 0.9741784037558685 0.6666666666666666 0.009389671361502348 0.02564102564102564
3.0 0.7112676056338029 0.08461538461538462 0.03755868544600939 0.035897435897435895
3.0 0.7734741784037559 0.12179487179487179 0.03990610328638498 0.04358974358974359
3.0 0.7523474178403756 0.08846153846153847 0.035211267605633804 0.03333333333333333
3.0 0.7276995305164319 0.052564102564102565 0.018779342723004695 0.01282051282051282
3.0 0.7981220657276995 0.09487179487179487 0.03755868544600939 0.03076923076923077
3.0 0.8051643192488263 0.1064102564102564 0.03755868544600939 0.03333333333333333
3.0 0.8133802816901409 0.11923076923076924 0.035211267605633804 0.03333333333333333
3.0 0.8215962441314554 0.13076923076923078 0.03286384976525822 0.03076923076923077
3.0 0.8321596244131455 0.14743589743589744 0.03051643192488263 0.03333333333333333
3.0 0.8415492957746479 0.16538461538461538 0.035211267605633804 0.038461538461538464
3.0 0.8497652582159625 0.18461538461538463 0.03286384976525822 0.035897435897435895
3.0 0.857981220657277 0.20256410256410257 0.035211267605633804 0.041025641025641026
3.0 0.8673708920187794 0.22435897435897437 0.035211267605633804 0.04358974358974359
3.0 0.8767605633802817 0.24615384615384617 0.02112676056338028 0.03076923076923077
3.0 0.8849765258215962 0.27307692307692305 0.028169014084507043 0.038461538461538464
3.0 0.8509389671361502 0.13974358974358975 0.03051643192488263 0.03333333333333333
4.0 0.8615023474178404 0.16025641025641027 0.023474178403755867 0.03333333333333333
3.0 0.9107981220657277 0.3 0.028169014084507043 0.06153846153846154
3.0 0.6455399061032864 0.9730769230769231 0.056338028169014086 0.023076923076923078
3.0 0.6596244131455399 0.9628205128205128 0.056338028169014086 0.028205128205128206
4.0 0.6772300469483568 0.9487179487179487 0.04929577464788732 0.02564102564102564
3.0 0.6971830985915493 0.9320512820512821 0.056338028169014086 0.03333333333333333
3.0 0.7194835680751174 0.9128205128205128 0.06338028169014084 0.041025641025641026
3.0 0.7394366197183099 0.8910256410256411 0.06103286384976526 0.04358974358974359
3.0 0.7887323943661971 0.8615384615384616 0.051643192488262914 0.05641025641025641
3.0 0.8321596244131455 0.8423076923076923 0.04460093896713615 0.04358974358974359
3.0 0.8169014084507042 0.8641025641025641 0.04225352112676056 0.041025641025641026
3.0 0.8039906103286385 0.882051282051282 0.04460093896713615 0.041025641025641026
3.0 0.7852112676056338 0.9 0.04460093896713615 0.035897435897435895
3.0 0.7699530516431925 0.9179487179487179 0.03755868544600939 0.02564102564102564
3.0 0.7546948356807511 0.9294871794871795 0.035211267605633804 0.023076923076923078
3.0 0.8908450704225352 0.8076923076923077 0.025821596244131457 0.035897435897435895
3.0 0.8720657276995305 0.8294871794871795 0.03051643192488263 0.038461538461538464
3.0 0.8615023474178404 0.8461538461538461 0.028169014084507043 0.03076923076923077
3.0 0.846244131455399 0.8641025641025641 0.03051643192488263 0.03076923076923077
3.0 0.9389671361502347 0.7474358974358974 0.018779342723004695 0.03333333333333333
3.0 0.9213615023474179 0.7782051282051282 0.02112676056338028 0.03333333333333333
3.0 0.9272300469483568 0.7756410256410257 0.014084507042253521 0.023076923076923078
3.0 0.9119718309859155 0.7961538461538461 0.02112676056338028 0.03333333333333333
3.0 0.9061032863849765 0.8076923076923077 0.018779342723004695 0.02564102564102564
