5.0 0.5431937172774869 0.0640625 0.007853403141361256 0.009375
3.0 0.5209424083769634 0.0671875 0.005235602094240838 0.003125
3.0 0.5117801047120419 0.0703125 0.013089005235602094 0.003125
3.0 0.5890052356020943 0.0890625 0.015706806282722512 0.009375
8.0 0.5667539267015707 0.09375 0.013089005235602094 0.0125
3.0 0.5510471204188482 0.0984375 0.013089005235602094 0.009375
5.0 0.5680628272251309 0.1015625 0.010471204188481676 0.009375
3.0 0.5667539267015707 0.1078125 0.007853403141361256 0.009375
3.0 0.5117801047120419 0.0921875 0.013089005235602094 0.003125
3.0 0.5091623036649214 0.096875 0.007853403141361256 0.00625
3.0 0.4829842931937173 0.09375 0.013089005235602094 0.00625
3.0 0.4698952879581152 0.1078125 0.007853403141361256 0.009375
3.0 0.4594240837696335 0.1203125 0.013089005235602094 0.009375
7.0 0.45287958115183247 0.121875 0.010471204188481676 0.0125
3.0 0.5575916230366492 0.14375 0.015706806282722512 0.0125
3.0 0.6034031413612565 0.146875 0.013089005235602094 0.0125
3.0 0.6073298429319371 0.1609375 0.02617801047120419 0.015625
1.0 0.587696335078534 0.1578125 0.007853403141361256 0.009375
2.0 0.5863874345549738 0.1609375 0.005235602094240838 0.009375
3.0 0.6138743455497382 0.1796875 0.01832460732984293 0.015625
3.0 0.43455497382198954 0.1421875 0.010471204188481676 0.009375
0.0 0.4397905759162304 0.1390625 0.005235602094240838 0.009375
0.0 0.4476439790575916 0.14375 0.005235602094240838 0.0125
4.0 0.450261780104712 0.1578125 0.015706806282722512 0.015625
3.0 0.42670157068062825 0.1609375 0.015706806282722512 0.015625
3.0 0.34554973821989526 0.1515625 0.015706806282722512 0.015625
5.0 0.3992146596858639 0.1859375 0.034031413612565446 0.028125
3.0 0.38219895287958117 0.20625 0.02617801047120419 0.025
3.0 0.35471204188481675 0.2515625 0.034031413612565446 0.034375
5.0 0.32460732984293195 0.29375 0.06806282722513089 0.05625
1.0 0.3416230366492147 0.2953125 0.013089005235602094 0.028125
3.0 0.5353403141361257 0.315625 0.034031413612565446 0.0375
0.0 0.16361256544502617 0.3640625 0.007853403141361256 0.028125
0.0 0.14267015706806283 0.3671875 0.007853403141361256 0.028125
0.0 0.2198952879581152 0.425 0.010471204188481676 0.0375
0.0 0.20287958115183247 0.45625 0.007853403141361256 0.0375
0.0 0.19764397905759162 0.4671875 0.007853403141361256 0.034375
3.0 0.2395287958115183 0.453125 0.034031413612565446 0.0625
9.0 0.2094240837696335 0.5015625 0.015706806282722512 0.034375
3.0 0.18324607329842932 0.6015625 0.041884816753926704 0.078125
7.0 0.1387434554973822 0.753125 0.041884816753926704 0.06875
1.0 0.19764397905759162 0.7796875 0.02356020942408377 0.034375
6.0 0.20418848167539266 0.7828125 0.04712041884816754 0.071875
1.0 0.3023560209424084 0.6390625 0.013089005235602094 0.040625
9.0 0.3036649214659686 0.653125 0.02617801047120419 0.05
3.0 0.3769633507853403 0.471875 0.05235602094240838 0.075
3.0 0.49607329842931935 0.5359375 0.049738219895287955 0.071875
5.0 0.6308900523560209 0.215625 0.015706806282722512 0.03125
5.0 0.6387434554973822 0.2453125 0.020942408376963352 0.040625
5.0 0.6426701570680629 0.28125 0.02356020942408377 0.025
5.0 0.6387434554973822 0.3140625 0.04712041884816754 0.065625
3.0 0.6740837696335078 0.49375 0.03926701570680628 0.0625
3.0 0.6819371727748691 0.5578125 0.049738219895287955 0.059375
1.0 0.6963350785340314 0.5515625 0.010471204188481676 0.040625
9.0 0.6858638743455497 0.73125 0.02617801047120419 0.05625
7.0 0.6793193717277487 0.815625 0.04450261780104712 0.0625
7.0 0.6819371727748691 0.8546875 0.04450261780104712 0.053125
3.0 0.6727748691099477 0.896875 0.04712041884816754 0.05625
6.0 0.9136125654450262 0.8125 0.05235602094240838 0.075
6.0 0.918848167539267 0.7921875 0.031413612565445025 0.046875
7.0 0.9214659685863874 0.73125 0.03664921465968586 0.0625
0.0 0.9410994764397905 0.7328125 0.013089005235602094 0.034375
1.0 0.9410994764397905 0.7234375 0.007853403141361256 0.028125
6.0 0.8547120418848168 0.8546875 0.034031413612565446 0.040625
6.0 0.8586387434554974 0.8390625 0.02617801047120419 0.034375
6.0 0.856020942408377 0.8296875 0.041884816753926704 0.046875
6.0 0.8599476439790575 0.8125 0.03926701570680628 0.05
6.0 0.8599476439790575 0.8015625 0.04450261780104712 0.053125
6.0 0.8102094240837696 0.8953125 0.07068062827225131 0.065625
6.0 0.8102094240837696 0.8765625 0.06544502617801047 0.059375
6.0 0.8102094240837696 0.8625 0.060209424083769635 0.05
0.0 0.7735602094240838 0.8734375 0.01832460732984293 0.034375
6.0 0.81282722513089 0.8453125 0.060209424083769635 0.053125
6.0 0.8180628272251309 0.825 0.060209424083769635 0.0625
7.0 0.862565445026178 0.76875 0.049738219895287955 0.06875
7.0 0.8154450261780105 0.79375 0.07068062827225131 0.075
6.0 0.8167539267015707 0.7703125 0.06282722513089005 0.065625
6.0 0.862565445026178 0.7484375 0.04450261780104712 0.053125
6.0 0.8638743455497382 0.721875 0.041884816753926704 0.05
6.0 0.8154450261780105 0.7421875 0.060209424083769635 0.059375
1.0 0.9345549738219895 0.696875 0.010471204188481676 0.025
0.0 0.918848167539267 0.690625 0.010471204188481676 0.0375
1.0 0.9136125654450262 0.690625 0.010471204188481676 0.03125
6.0 0.9057591623036649 0.696875 0.031413612565445025 0.0625
9.0 0.8180628272251309 0.684375 0.02356020942408377 0.04375
6.0 0.9057591623036649 0.609375 0.02617801047120419 0.04375
3.0 0.8992146596858639 0.59375 0.028795811518324606 0.0375
6.0 0.8979057591623036 0.5796875 0.02617801047120419 0.034375
6.0 0.9162303664921466 0.5765625 0.010471204188481676 0.040625
6.0 0.8219895287958116 0.628125 0.04712041884816754 0.05
6.0 0.8206806282722513 0.6125 0.04450261780104712 0.04375
6.0 0.8180628272251309 0.5953125 0.04450261780104712 0.046875
0.0 0.7643979057591623 0.5546875 0.010471204188481676 0.046875
9.0 0.6832460732984293 0.159375 0.010471204188481676 0.0125
7.0 0.6740837696335078 0.1484375 0.013089005235602094 0.015625
3.0 0.7761780104712042 0.4046875 0.0549738219895288 0.040625
3.0 0.7814136125654451 0.3890625 0.0549738219895288 0.040625
6.0 0.831151832460733 0.371875 0.034031413612565446 0.03125
7.0 0.8049738219895288 0.3640625 0.013089005235602094 0.021875
6.0 0.824607329842932 0.3640625 0.031413612565445025 0.028125
6.0 0.8206806282722513 0.3546875 0.02356020942408377 0.021875
6.0 0.7931937172774869 0.3453125 0.020942408376963352 0.028125
6.0 0.8180628272251309 0.340625 0.034031413612565446 0.03125
7.0 0.8089005235602095 0.321875 0.02617801047120419 0.025
7.0 0.8049738219895288 0.3140625 0.02356020942408377 0.028125
6.0 0.7958115183246073 0.3125 0.020942408376963352 0.01875
6.0 0.7670157068062827 0.315625 0.015706806282722512 0.025
6.0 0.7421465968586387 0.346875 0.03926701570680628 0.03125
6.0 0.7421465968586387 0.334375 0.034031413612565446 0.03125
6.0 0.7395287958115183 0.3265625 0.034031413612565446 0.028125
6.0 0.7356020942408377 0.3140625 0.03664921465968586 0.028125
6.0 0.7290575916230366 0.303125 0.034031413612565446 0.03125
6.0 0.7133507853403142 0.2734375 0.03926701570680628 0.028125
6.0 0.7107329842931938 0.2640625 0.034031413612565446 0.021875
6.0 0.7054973821989529 0.2578125 0.034031413612565446 0.021875
6.0 0.7028795811518325 0.246875 0.034031413612565446 0.025
6.0 0.6976439790575916 0.240625 0.034031413612565446 0.025
5.0 0.7015706806282722 0.221875 0.02617801047120419 0.03125
9.0 0.7382198952879581 0.221875 0.005235602094240838 0.0125
3.0 0.7578534031413613 0.2390625 0.028795811518324606 0.028125
7.0 0.7709424083769634 0.2828125 0.02356020942408377 0.028125
7.0 0.7853403141361257 0.2703125 0.020942408376963352 0.021875
7.0 0.7643979057591623 0.2640625 0.020942408376963352 0.021875
1.0 0.7447643979057592 0.2515625 0.007853403141361256 0.015625
9.0 0.7447643979057592 0.2578125 0.007853403141361256 0.015625
1.0 0.81282722513089 0.2953125 0.007853403141361256 0.015625
5.0 0.10078534031413612 0.4625 0.034031413612565446 0.0875
