1.0 0.9803921568627451 0.6430555555555556 0.00980392156862745 0.03611111111111111
6.0 0.9791666666666666 0.6472222222222223 0.012254901960784314 0.03888888888888889
3.0 0.8223039215686274 0.875 0.08088235294117647 0.08333333333333333
1.0 0.7879901960784313 0.7694444444444445 0.041666666666666664 0.07222222222222222
9.0 0.7794117647058824 0.7888888888888889 0.0392156862745098 0.06111111111111111
3.0 0.6740196078431373 0.8680555555555556 0.17647058823529413 0.1527777777777778
1.0 0.6017156862745098 0.9263888888888889 0.041666666666666664 0.03611111111111111
9.0 0.5980392156862745 0.9291666666666667 0.05392156862745098 0.05277777777777778
0.0 0.0625 0.5513888888888889 0.007352941176470588 0.05277777777777778
0.0 0.08333333333333333 0.5680555555555555 0.00980392156862745 0.06388888888888888
0.0 0.09068627450980392 0.5569444444444445 0.014705882352941176 0.06388888888888888
0.0 0.10661764705882353 0.5638888888888889 0.012254901960784314 0.06666666666666667
1.0 0.11397058823529412 0.5277777777777778 0.012254901960784314 0.05
0.0 0.13970588235294118 0.5888888888888889 0.014705882352941176 0.07222222222222222
2.0 0.20588235294117646 0.6652777777777777 0.03431372549019608 0.058333333333333334
1.0 0.003676470588235294 0.5055555555555555 0.0024509803921568627 0.03333333333333333
0.0 0.003676470588235294 0.49722222222222223 0.0024509803921568627 0.03333333333333333
9.0 0.003676470588235294 0.5111111111111111 0.0024509803921568627 0.022222222222222223
2.0 0.03308823529411765 0.3861111111111111 0.007352941176470588 0.022222222222222223
2.0 0.05269607843137255 0.37222222222222223 0.012254901960784314 0.027777777777777776
2.0 0.35294117647058826 0.14305555555555555 0.0196078431372549 0.025
2.0 0.08455882352941177 0.3486111111111111 0.01715686274509804 0.03611111111111111
2.0 0.12254901960784313 0.2972222222222222 0.014705882352941176 0.03333333333333333
2.0 0.16911764705882354 0.29305555555555557 0.024509803921568627 0.041666666666666664
2.0 0.1213235294117647 0.2791666666666667 0.012254901960784314 0.025
0.0 0.4166666666666667 0.10833333333333334 0.014705882352941176 0.022222222222222223
0.0 0.4497549019607843 0.1111111111111111 0.01715686274509804 0.022222222222222223
9.0 0.44730392156862747 0.11527777777777778 0.01715686274509804 0.019444444444444445
0.0 0.375 0.12083333333333333 0.0196078431372549 0.025
3.0 0.8970588235294118 0.5097222222222222 0.0392156862745098 0.11944444444444445
3.0 0.6605392156862745 0.3625 0.125 0.15833333333333333
3.0 0.7671568627450981 0.36527777777777776 0.11274509803921569 0.10833333333333334
5.0 0.051470588235294115 0.4791666666666667 0.06372549019607843 0.14166666666666666
4.0 0.6715686274509803 0.075 0.03431372549019608 0.022222222222222223
3.0 0.571078431372549 0.04583333333333333 0.029411764705882353 0.013888888888888888
3.0 0.4534313725490196 0.03611111111111111 0.029411764705882353 0.011111111111111112
3.0 0.4362745098039216 0.02638888888888889 0.024509803921568627 0.008333333333333333
3.0 0.4583333333333333 0.019444444444444445 0.0196078431372549 0.005555555555555556
3.0 0.5147058823529411 0.013888888888888888 0.0196078431372549 0.005555555555555556
3.0 0.4681372549019608 0.001388888888888889 0.014705882352941176 0.002777777777777778
3.0 0.4338235294117647 0.008333333333333333 0.014705882352941176 0.005555555555555556
5.0 0.4056372549019608 0.009722222222222222 0.01715686274509804 0.008333333333333333
0.0 0.3639705882352941 0.10972222222222222 0.01715686274509804 0.025
3.0 0.625 0.03333333333333333 0.0392156862745098 0.016666666666666666
3.0 0.5845588235294118 0.02638888888888889 0.03676470588235294 0.013888888888888888
9.0 0.5796568627450981 0.03611111111111111 0.007352941176470588 0.005555555555555556
1.0 0.5796568627450981 0.034722222222222224 0.007352941176470588 0.008333333333333333
3.0 0.7316176470588235 0.058333333333333334 0.031862745098039214 0.022222222222222223
3.0 0.7549019607843137 0.06944444444444445 0.024509803921568627 0.016666666666666666
3.0 0.7536764705882353 0.06805555555555555 0.022058823529411766 0.013888888888888888
3.0 0.7941176470588235 0.08888888888888889 0.0196078431372549 0.016666666666666666
3.0 0.8051470588235294 0.09722222222222222 0.01715686274509804 0.016666666666666666
3.0 0.8149509803921569 0.10416666666666667 0.01715686274509804 0.013888888888888888
3.0 0.8186274509803921 0.10833333333333334 0.0196078431372549 0.016666666666666666
4.0 0.8651960784313726 0.15 0.0196078431372549 0.022222222222222223
4.0 0.8651960784313726 0.14444444444444443 0.014705882352941176 0.016666666666666666
3.0 0.8688725490196079 0.15 0.01715686274509804 0.016666666666666666
3.0 0.8651960784313726 0.15833333333333333 0.0196078431372549 0.022222222222222223
3.0 0.8774509803921569 0.16944444444444445 0.0196078431372549 0.022222222222222223
3.0 0.8860294117647058 0.16666666666666666 0.01715686274509804 0.022222222222222223
3.0 0.8958333333333334 0.17777777777777778 0.01715686274509804 0.022222222222222223
3.0 0.8933823529411765 0.18333333333333332 0.01715686274509804 0.022222222222222223
4.0 0.9044117647058824 0.2 0.014705882352941176 0.022222222222222223
3.0 0.9031862745098039 0.19444444444444445 0.01715686274509804 0.022222222222222223
3.0 0.9056372549019608 0.2 0.01715686274509804 0.022222222222222223
3.0 0.9215686274509803 0.21666666666666667 0.014705882352941176 0.022222222222222223
3.0 0.9227941176470589 0.21944444444444444 0.01715686274509804 0.022222222222222223
3.0 0.9264705882352942 0.2263888888888889 0.014705882352941176 0.019444444444444445
3.0 0.9375 0.24166666666666667 0.012254901960784314 0.022222222222222223
4.0 0.9411764705882353 0.24722222222222223 0.014705882352941176 0.022222222222222223
4.0 0.9424019607843137 0.24861111111111112 0.012254901960784314 0.019444444444444445
3.0 0.9301470588235294 0.2222222222222222 0.012254901960784314 0.016666666666666666
3.0 0.9325980392156863 0.2263888888888889 0.012254901960784314 0.019444444444444445
4.0 0.9350490196078431 0.23194444444444445 0.012254901960784314 0.019444444444444445
3.0 0.9375 0.23472222222222222 0.012254901960784314 0.019444444444444445
4.0 0.946078431372549 0.24583333333333332 0.00980392156862745 0.019444444444444445
3.0 0.9558823529411765 0.25833333333333336 0.00980392156862745 0.016666666666666666
4.0 0.9571078431372549 0.2611111111111111 0.007352941176470588 0.016666666666666666
4.0 0.9571078431372549 0.2722222222222222 0.012254901960784314 0.022222222222222223
3.0 0.9534313725490197 0.2722222222222222 0.014705882352941176 0.027777777777777776
3.0 0.9546568627450981 0.26666666666666666 0.012254901960784314 0.022222222222222223
3.0 0.9497549019607843 0.2611111111111111 0.012254901960784314 0.016666666666666666
4.0 0.9607843137254902 0.28055555555555556 0.00980392156862745 0.022222222222222223
3.0 0.9644607843137255 0.2916666666666667 0.012254901960784314 0.022222222222222223
