4.0 0.25 0.7987179487179488 0.18544600938967137 0.15128205128205127
4.0 0.11150234741784038 0.7012820512820512 0.09624413145539906 0.13076923076923078
3.0 0.8204225352112676 0.7525641025641026 0.14788732394366197 0.15128205128205127
3.0 0.3779342723004695 0.5666666666666667 0.10328638497652583 0.13333333333333333
3.0 0.20539906103286384 0.5128205128205128 0.06338028169014084 0.1282051282051282
3.0 0.57981220657277 0.4782051282051282 0.13145539906103287 0.1358974358974359
3.0 0.9636150234741784 0.6564102564102564 0.03051643192488263 0.06666666666666667
9.0 0.397887323943662 0.4423076923076923 0.035211267605633804 0.05384615384615385
1.0 0.397887323943662 0.4166666666666667 0.02112676056338028 0.05384615384615385
9.0 0.3544600938967136 0.441025641025641 0.028169014084507043 0.05641025641025641
1.0 0.35563380281690143 0.41923076923076924 0.02112676056338028 0.05384615384615385
0.0 0.8755868544600939 0.6141025641025641 0.018779342723004695 0.0641025641025641
9.0 0.8626760563380281 0.6923076923076923 0.03990610328638498 0.05641025641025641
1.0 0.8673708920187794 0.676923076923077 0.02112676056338028 0.046153846153846156
0.0 0.4565727699530516 0.35 0.02112676056338028 0.07948717948717948
0.0 0.4354460093896714 0.32564102564102565 0.02112676056338028 0.06153846153846154
9.0 0.2652582159624413 0.41794871794871796 0.028169014084507043 0.046153846153846156
9.0 0.3286384976525822 0.28205128205128205 0.023474178403755867 0.041025641025641026
9.0 0.06572769953051644 0.5538461538461539 0.014084507042253521 0.041025641025641026
5.0 0.06103286384976526 0.5012820512820513 0.03286384976525822 0.06923076923076923
3.0 0.08098591549295775 0.4641025641025641 0.035211267605633804 0.05128205128205128
1.0 0.8849765258215962 0.5846153846153846 0.014084507042253521 0.041025641025641026
9.0 0.7265258215962441 0.6294871794871795 0.07746478873239436 0.07435897435897436
1.0 0.7276995305164319 0.6089743589743589 0.03755868544600939 0.07435897435897436
4.0 0.392018779342723 0.2653846153846154 0.04225352112676056 0.05897435897435897
9.0 0.22887323943661972 0.40384615384615385 0.01643192488262911 0.04358974358974359
1.0 0.2312206572769953 0.38846153846153847 0.011737089201877934 0.038461538461538464
3.0 0.34976525821596244 0.2153846153846154 0.056338028169014086 0.046153846153846156
4.0 0.35563380281690143 0.18333333333333332 0.0539906103286385 0.04358974358974359
9.0 0.22300469483568075 0.28846153846153844 0.014084507042253521 0.028205128205128206
1.0 0.22652582159624413 0.27564102564102566 0.011737089201877934 0.023076923076923078
1.0 0.33098591549295775 0.26666666666666666 0.014084507042253521 0.035897435897435895
1.0 0.8931924882629108 0.5935897435897436 0.011737089201877934 0.028205128205128206
