3.0 0.928921568627451 0.2125 0.014705882352941176 0.025
3.0 0.9252450980392157 0.2111111111111111 0.01715686274509804 0.027777777777777776
3.0 0.9436274509803921 0.2361111111111111 0.014705882352941176 0.027777777777777776
3.0 0.9546568627450981 0.25972222222222224 0.012254901960784314 0.025
3.0 0.9669117647058824 0.3013888888888889 0.012254901960784314 0.030555555555555555
0.0 0.7794117647058824 0.10277777777777777 0.014705882352941176 0.016666666666666666
3.0 0.803921568627451 0.14722222222222223 0.05392156862745098 0.044444444444444446
3.0 0.8186274509803921 0.1625 0.05392156862745098 0.04722222222222222
3.0 0.8345588235294118 0.18333333333333332 0.051470588235294115 0.05555555555555555
3.0 0.8578431372549019 0.21666666666666667 0.04411764705882353 0.05
3.0 0.8713235294117647 0.24305555555555555 0.041666666666666664 0.05277777777777778
3.0 0.8884803921568627 0.2708333333333333 0.04656862745098039 0.058333333333333334
3.0 0.9080882352941176 0.31666666666666665 0.03676470588235294 0.05555555555555555
3.0 0.8247549019607843 0.3736111111111111 0.056372549019607844 0.10833333333333334
3.0 0.7573529411764706 0.21666666666666667 0.058823529411764705 0.06666666666666667
3.0 0.7230392156862745 0.1625 0.058823529411764705 0.058333333333333334
0.0 0.7107843137254902 0.17083333333333334 0.024509803921568627 0.03611111111111111
0.0 0.6629901960784313 0.04583333333333333 0.012254901960784314 0.013888888888888888
3.0 0.6029411764705882 0.027777777777777776 0.03431372549019608 0.016666666666666666
3.0 0.5870098039215687 0.015277777777777777 0.02696078431372549 0.013888888888888888
0.0 0.4852941176470588 0.06111111111111111 0.014705882352941176 0.016666666666666666
3.0 0.5674019607843137 0.09027777777777778 0.04656862745098039 0.030555555555555555
3.0 0.38235294117647056 0.020833333333333332 0.04411764705882353 0.019444444444444445
4.0 0.38235294117647056 0.029166666666666667 0.03431372549019608 0.019444444444444445
3.0 0.3737745098039216 0.041666666666666664 0.03676470588235294 0.022222222222222223
3.0 0.40808823529411764 0.034722222222222224 0.031862745098039214 0.019444444444444445
3.0 0.40808823529411764 0.05694444444444444 0.041666666666666664 0.025
0.0 0.3958333333333333 0.05416666666666667 0.01715686274509804 0.019444444444444445
3.0 0.3602941176470588 0.075 0.04411764705882353 0.03333333333333333
4.0 0.3492647058823529 0.1 0.04656862745098039 0.044444444444444446
4.0 0.31495098039215685 0.26805555555555555 0.08088235294117647 0.11944444444444445
0.0 0.3492647058823529 0.3055555555555556 0.02696078431372549 0.06111111111111111
3.0 0.2928921568627451 0.5375 0.07107843137254902 0.15833333333333333
0.0 0.29044117647058826 0.6027777777777777 0.031862745098039214 0.06666666666666667
3.0 0.20833333333333334 0.7319444444444444 0.11764705882352941 0.1361111111111111
9.0 0.35171568627450983 0.9486111111111111 0.031862745098039214 0.030555555555555555
2.0 0.3112745098039216 0.9236111111111112 0.0392156862745098 0.03611111111111111
3.0 0.2549019607843137 0.19166666666666668 0.09313725490196079 0.07222222222222222
0.0 0.2916666666666667 0.09027777777777778 0.014705882352941176 0.019444444444444445
9.0 0.2867647058823529 0.08888888888888889 0.014705882352941176 0.016666666666666666
3.0 0.058823529411764705 0.2222222222222222 0.014705882352941176 0.027777777777777776
0.0 0.9424019607843137 0.7472222222222222 0.012254901960784314 0.027777777777777776
0.0 0.9509803921568627 0.7444444444444445 0.014705882352941176 0.027777777777777776
0.0 0.9485294117647058 0.75 0.014705882352941176 0.027777777777777776
3.0 0.9571078431372549 0.7263888888888889 0.022058823529411766 0.05277777777777778
3.0 0.9889705882352942 0.5805555555555556 0.012254901960784314 0.06111111111111111
0.0 0.16053921568627452 0.5722222222222222 0.01715686274509804 0.05555555555555555
9.0 0.21691176470588236 0.5305555555555556 0.031862745098039214 0.044444444444444446
9.0 0.2193627450980392 0.4791666666666667 0.03676470588235294 0.041666666666666664
9.0 0.22058823529411764 0.42083333333333334 0.03431372549019608 0.04722222222222222
