3.0 0.9399509803921569 0.6722222222222223 0.051470588235294115 0.09444444444444444
3.0 0.9142156862745098 0.5152777777777777 0.0392156862745098 0.09166666666666666
3.0 0.7524509803921569 0.5638888888888889 0.10294117647058823 0.16111111111111112
3.0 0.8419117647058824 0.3875 0.07107843137254902 0.09722222222222222
0.0 0.6580882352941176 0.48333333333333334 0.031862745098039214 0.1
0.0 0.6017156862745098 0.4791666666666667 0.031862745098039214 0.10833333333333334
0.0 0.6151960784313726 0.44583333333333336 0.029411764705882353 0.10833333333333334
3.0 0.6433823529411765 0.4166666666666667 0.13480392156862744 0.12222222222222222
3.0 0.7316176470588235 0.25972222222222224 0.10049019607843138 0.125
3.0 0.4362745098039216 0.6458333333333334 0.11764705882352941 0.16944444444444445
3.0 0.3602941176470588 0.45694444444444443 0.1323529411764706 0.14722222222222223
3.0 0.2647058823529412 0.31666666666666665 0.08333333333333333 0.1388888888888889
4.0 0.051470588235294115 0.43333333333333335 0.024509803921568627 0.1
4.0 0.05759803921568627 0.5666666666666667 0.031862745098039214 0.13333333333333333
0.0 0.03553921568627451 0.2777777777777778 0.007352941176470588 0.016666666666666666
1.0 0.03431372549019608 0.28194444444444444 0.004901960784313725 0.013888888888888888
0.0 0.04044117647058824 0.2708333333333333 0.007352941176470588 0.013888888888888888
1.0 0.03676470588235294 0.2777777777777778 0.004901960784313725 0.011111111111111112
1.0 0.0392156862745098 0.2763888888888889 0.004901960784313725 0.013888888888888888
1.0 0.04044117647058824 0.2763888888888889 0.007352941176470588 0.013888888888888888
1.0 0.04411764705882353 0.26805555555555555 0.004901960784313725 0.013888888888888888
1.0 0.04656862745098039 0.2652777777777778 0.004901960784313725 0.013888888888888888
1.0 0.049019607843137254 0.2625 0.004901960784313725 0.008333333333333333
0.0 0.051470588235294115 0.2611111111111111 0.00980392156862745 0.022222222222222223
0.0 0.06004901960784314 0.24861111111111112 0.007352941176470588 0.019444444444444445
0.0 0.07475490196078431 0.22361111111111112 0.007352941176470588 0.019444444444444445
3.0 0.07352941176470588 0.23472222222222222 0.014705882352941176 0.025
3.0 0.06862745098039216 0.2361111111111111 0.014705882352941176 0.027777777777777776
3.0 0.05514705882352941 0.25 0.022058823529411766 0.03333333333333333
3.0 0.0625 0.2375 0.022058823529411766 0.030555555555555555
3.0 0.0625 0.22916666666666666 0.01715686274509804 0.025
3.0 0.07720588235294118 0.21388888888888888 0.01715686274509804 0.027777777777777776
3.0 0.09068627450980392 0.19722222222222222 0.014705882352941176 0.022222222222222223
0.0 0.07352941176470588 0.22361111111111112 0.00980392156862745 0.019444444444444445
0.0 0.05269607843137255 0.24166666666666667 0.007352941176470588 0.016666666666666666
0.0 0.05024509803921569 0.24305555555555555 0.007352941176470588 0.013888888888888888
0.0 0.05759803921568627 0.23333333333333334 0.007352941176470588 0.016666666666666666
0.0 0.0625 0.225 0.007352941176470588 0.016666666666666666
4.0 0.8100490196078431 0.16527777777777777 0.051470588235294115 0.05277777777777778
4.0 0.8296568627450981 0.2222222222222222 0.056372549019607844 0.06111111111111111
4.0 0.8553921568627451 0.25972222222222224 0.049019607843137254 0.075
4.0 0.9448529411764706 0.31527777777777777 0.02696078431372549 0.058333333333333334
3.0 0.9693627450980392 0.3638888888888889 0.022058823529411766 0.044444444444444446
3.0 0.9411764705882353 0.3402777777777778 0.0196078431372549 0.05277777777777778
3.0 0.8700980392156863 0.2263888888888889 0.0392156862745098 0.05277777777777778
