3.0 0.07853403141361257 0.6953125 0.05759162303664921 0.134375
4.0 0.07984293193717278 0.8078125 0.0549738219895288 0.084375
3.0 0.5863874345549738 0.8546875 0.09947643979057591 0.128125
3.0 0.7630890052356021 0.834375 0.14397905759162305 0.11875
0.0 0.8808900523560209 0.7921875 0.02356020942408377 0.046875
4.0 0.8232984293193717 0.69375 0.09162303664921466 0.15625
3.0 0.7290575916230366 0.7828125 0.12303664921465969 0.103125
4.0 0.7120418848167539 0.70625 0.14659685863874344 0.13125
4.0 0.7329842931937173 0.6015625 0.14136125654450263 0.121875
4.0 0.819371727748691 0.50625 0.06282722513089005 0.11875
3.0 0.8965968586387435 0.44375 0.03926701570680628 0.09375
0.0 0.9424083769633508 0.5609375 0.010471204188481676 0.046875
3.0 0.7212041884816754 0.5234375 0.1387434554973822 0.103125
3.0 0.7172774869109948 0.4453125 0.13089005235602094 0.084375
5.0 0.8010471204188482 0.3796875 0.06282722513089005 0.121875
6.0 0.49607329842931935 0.5 0.04450261780104712 0.1
6.0 0.5942408376963351 0.378125 0.041884816753926704 0.0875
6.0 0.12827225130890052 0.665625 0.041884816753926704 0.09375
0.0 0.112565445026178 0.6078125 0.015706806282722512 0.046875
3.0 0.1544502617801047 0.40625 0.06282722513089005 0.09375
3.0 0.2670157068062827 0.340625 0.06282722513089005 0.1
3.0 0.3193717277486911 0.1984375 0.05235602094240838 0.059375
0.0 0.05366492146596859 0.621875 0.013089005235602094 0.04375
0.0 0.051047120418848166 0.6140625 0.007853403141361256 0.034375
0.0 0.058900523560209424 0.615625 0.007853403141361256 0.0375
0.0 0.051047120418848166 0.509375 0.007853403141361256 0.0375
0.0 0.0549738219895288 0.4203125 0.010471204188481676 0.034375
0.0 0.112565445026178 0.346875 0.010471204188481676 0.0375
3.0 0.058900523560209424 0.3875 0.034031413612565446 0.05
3.0 0.06675392670157068 0.359375 0.034031413612565446 0.04375
5.0 0.6675392670157068 0.253125 0.12041884816753927 0.08125
5.0 0.6570680628272252 0.215625 0.1256544502617801 0.06875
4.0 0.6335078534031413 0.1859375 0.08900523560209424 0.053125
3.0 0.6596858638743456 0.178125 0.08900523560209424 0.05
5.0 0.6282722513089005 0.1578125 0.09947643979057591 0.053125
5.0 0.643979057591623 0.109375 0.09424083769633508 0.05
4.0 0.13089005235602094 0.3703125 0.041884816753926704 0.090625
6.0 0.14790575916230367 0.321875 0.034031413612565446 0.04375
6.0 0.18193717277486912 0.2828125 0.028795811518324606 0.053125
3.0 0.16753926701570682 0.271875 0.04712041884816754 0.06875
0.0 0.18193717277486912 0.2640625 0.013089005235602094 0.034375
9.0 0.24214659685863874 0.2390625 0.02356020942408377 0.034375
0.0 0.24345549738219896 0.23125 0.015706806282722512 0.03125
3.0 0.21335078534031413 0.203125 0.049738219895287955 0.05625
8.0 0.11649214659685864 0.2953125 0.060209424083769635 0.121875
0.0 0.07591623036649214 0.3421875 0.010471204188481676 0.034375
3.0 0.07853403141361257 0.328125 0.03664921465968586 0.05625
3.0 0.08900523560209424 0.303125 0.041884816753926704 0.05625
3.0 0.10340314136125654 0.2796875 0.04450261780104712 0.053125
5.0 0.11910994764397906 0.2421875 0.0549738219895288 0.071875
0.0 0.2094240837696335 0.1671875 0.015706806282722512 0.034375
5.0 0.2342931937172775 0.153125 0.04450261780104712 0.05625
6.0 0.28534031413612565 0.14375 0.02617801047120419 0.03125
1.0 0.28664921465968585 0.1359375 0.013089005235602094 0.015625
6.0 0.3193717277486911 0.121875 0.031413612565445025 0.03125
6.0 0.27225130890052357 0.1375 0.02617801047120419 0.03125
3.0 0.2879581151832461 0.11875 0.06282722513089005 0.0375
1.0 0.12303664921465969 0.665625 0.015706806282722512 0.0375
1.0 0.49476439790575916 0.478125 0.020942408376963352 0.04375
1.0 0.5942408376963351 0.3640625 0.02617801047120419 0.046875
9.0 0.8900523560209425 0.3890625 0.02617801047120419 0.040625
4.0 0.7356020942408377 0.125 0.03664921465968586 0.04375
3.0 0.5458115183246073 0.0984375 0.034031413612565446 0.028125
3.0 0.5458115183246073 0.0765625 0.034031413612565446 0.021875
3.0 0.5981675392670157 0.065625 0.06544502617801047 0.03125
6.0 0.6295811518324608 0.0671875 0.034031413612565446 0.021875
6.0 0.6963350785340314 0.0734375 0.02617801047120419 0.021875
3.0 0.6714659685863874 0.053125 0.02356020942408377 0.01875
3.0 0.680628272251309 0.05 0.041884816753926704 0.025
0.0 0.650523560209424 0.0421875 0.007853403141361256 0.009375
0.0 0.6570680628272252 0.0421875 0.010471204188481676 0.009375
0.0 0.4410994764397906 0.04375 0.007853403141361256 0.0125
0.0 0.5104712041884817 0.040625 0.010471204188481676 0.0125
3.0 0.5327225130890052 0.0546875 0.02356020942408377 0.015625
4.0 0.5353403141361257 0.04375 0.02356020942408377 0.0125
0.0 0.5209424083769634 0.0375 0.005235602094240838 0.0125
0.0 0.5170157068062827 0.034375 0.007853403141361256 0.0125
0.0 0.017015706806282723 0.415625 0.007853403141361256 0.03125
0.0 0.005235602094240838 0.4546875 0.005235602094240838 0.028125
0.0 0.05759162303664921 0.3046875 0.010471204188481676 0.021875
0.0 0.056282722513089 0.30625 0.007853403141361256 0.025
3.0 0.3769633507853403 0.071875 0.031413612565445025 0.025
3.0 0.3599476439790576 0.0578125 0.028795811518324606 0.021875
3.0 0.31675392670157065 0.06875 0.031413612565445025 0.025
6.0 0.33638743455497383 0.078125 0.01832460732984293 0.01875
1.0 0.33507853403141363 0.075 0.010471204188481676 0.0125
6.0 0.3206806282722513 0.096875 0.028795811518324606 0.025
1.0 0.3180628272251309 0.0953125 0.013089005235602094 0.015625
3.0 0.27225130890052357 0.1171875 0.05759162303664921 0.040625
3.0 0.4031413612565445 0.0375 0.02617801047120419 0.01875
3.0 0.3756544502617801 0.04375 0.02356020942408377 0.01875
3.0 0.3193717277486911 0.0546875 0.02617801047120419 0.021875
3.0 0.4856020942408377 0.01875 0.034031413612565446 0.0125
3.0 0.412303664921466 0.0203125 0.02356020942408377 0.015625
7.0 0.3782722513089005 0.0265625 0.013089005235602094 0.009375
4.0 0.29712041884816753 0.053125 0.03926701570680628 0.025
0.0 0.2591623036649215 0.075 0.010471204188481676 0.0125
6.0 0.28272251308900526 0.09375 0.041884816753926704 0.0375
3.0 0.014397905759162303 0.3734375 0.013089005235602094 0.034375
3.0 0.01963350785340314 0.353125 0.01832460732984293 0.0375
3.0 0.02617801047120419 0.3375 0.020942408376963352 0.0375
3.0 0.032722513089005235 0.321875 0.02356020942408377 0.0375
3.0 0.04319371727748691 0.3046875 0.02356020942408377 0.040625
3.0 0.05759162303664921 0.275 0.02617801047120419 0.0375
6.0 0.07460732984293193 0.2609375 0.013089005235602094 0.028125
3.0 0.10340314136125654 0.240625 0.028795811518324606 0.04375
3.0 0.09424083769633508 0.2421875 0.031413612565445025 0.046875
3.0 0.3507853403141361 0.025 0.020942408376963352 0.0125
3.0 0.3900523560209424 0.015625 0.020942408376963352 0.0125
3.0 0.4175392670157068 0.0109375 0.01832460732984293 0.009375
3.0 0.45549738219895286 0.00625 0.015706806282722512 0.00625
0.0 0.08638743455497382 0.228125 0.010471204188481676 0.025
0.0 0.08900523560209424 0.2328125 0.010471204188481676 0.021875
6.0 0.2513089005235602 0.10625 0.020942408376963352 0.025
0.0 0.2905759162303665 0.071875 0.010471204188481676 0.01875
0.0 0.2931937172774869 0.0703125 0.010471204188481676 0.015625
3.0 0.2931937172774869 0.053125 0.041884816753926704 0.025
6.0 0.5327225130890052 0.0296875 0.013089005235602094 0.015625
6.0 0.2630890052356021 0.0640625 0.013089005235602094 0.015625
0.0 0.2670157068062827 0.0609375 0.005235602094240838 0.009375
6.0 0.04450261780104712 0.290625 0.015706806282722512 0.03125
6.0 0.03664921465968586 0.2984375 0.010471204188481676 0.028125
6.0 0.05235602094240838 0.265625 0.015706806282722512 0.03125
0.0 0.056282722513089 0.2953125 0.007853403141361256 0.015625
0.0 0.058900523560209424 0.2890625 0.007853403141361256 0.028125
0.0 0.051047120418848166 0.2703125 0.007853403141361256 0.021875
2.0 0.93717277486911 0.509375 0.010471204188481676 0.0375
0.0 0.6178010471204188 0.0203125 0.010471204188481676 0.009375
