9.0 0.3075916230366492 0.815625 0.028795811518324606 0.04375
9.0 0.5890052356020943 0.7046875 0.020942408376963352 0.053125
9.0 0.5929319371727748 0.5984375 0.02356020942408377 0.053125
9.0 0.4410994764397906 0.534375 0.02356020942408377 0.04375
9.0 0.4410994764397906 0.3984375 0.013089005235602094 0.034375
9.0 0.4594240837696335 0.33125 0.013089005235602094 0.025
9.0 0.4725130890052356 0.3453125 0.013089005235602094 0.028125
3.0 0.5680628272251309 0.475 0.041884816753926704 0.05625
7.0 0.38089005235602097 0.63125 0.03926701570680628 0.0875
1.0 0.3036649214659686 0.7984375 0.02617801047120419 0.040625
1.0 0.5890052356020943 0.6921875 0.020942408376963352 0.053125
1.0 0.5916230366492147 0.5859375 0.02617801047120419 0.046875
1.0 0.4424083769633508 0.5171875 0.020942408376963352 0.034375
1.0 0.4424083769633508 0.3875 0.015706806282722512 0.03125
1.0 0.4725130890052356 0.3375 0.013089005235602094 0.03125
1.0 0.4581151832460733 0.31875 0.010471204188481676 0.0125
1.0 0.5143979057591623 0.26875 0.007853403141361256 0.03125
9.0 0.5130890052356021 0.2734375 0.010471204188481676 0.021875
3.0 0.40706806282722513 0.35625 0.03926701570680628 0.0375
