0.0 0.08568075117370892 0.7692307692307693 0.007042253521126761 0.010256410256410256
3.0 0.14553990610328638 0.8576923076923076 0.028169014084507043 0.03333333333333333
3.0 0.12441314553990611 0.823076923076923 0.03286384976525822 0.05128205128205128
3.0 0.1983568075117371 0.8858974358974359 0.04929577464788732 0.05384615384615385
3.0 0.17136150234741784 0.8448717948717949 0.046948356807511735 0.05897435897435897
3.0 0.142018779342723 0.7807692307692308 0.03990610328638498 0.06923076923076923
3.0 0.09741784037558686 0.7692307692307693 0.035211267605633804 0.06153846153846154
3.0 0.07863849765258216 0.717948717948718 0.025821596244131457 0.05641025641025641
3.0 0.06455399061032864 0.6653846153846154 0.02112676056338028 0.0641025641025641
3.0 0.0539906103286385 0.6551282051282051 0.018779342723004695 0.05897435897435897
0.0 0.04812206572769953 0.6435897435897436 0.002347417840375587 0.010256410256410256
3.0 0.062206572769953054 0.6230769230769231 0.02112676056338028 0.06666666666666667
3.0 0.11737089201877934 0.7141025641025641 0.03755868544600939 0.07948717948717948
3.0 0.09507042253521127 0.6230769230769231 0.025821596244131457 0.09230769230769231
5.0 0.12441314553990611 0.7782051282051282 0.046948356807511735 0.08461538461538462
0.0 0.04107981220657277 0.5871794871794872 0.002347417840375587 0.010256410256410256
1.0 0.03169014084507042 0.5692307692307692 0.002347417840375587 0.010256410256410256
1.0 0.03755868544600939 0.5717948717948718 0.004694835680751174 0.010256410256410256
1.0 0.036384976525821594 0.5615384615384615 0.002347417840375587 0.010256410256410256
1.0 0.03403755868544601 0.44743589743589746 0.002347417840375587 0.007692307692307693
1.0 0.03403755868544601 0.44743589743589746 0.002347417840375587 0.007692307692307693
1.0 0.03403755868544601 0.43333333333333335 0.002347417840375587 0.010256410256410256
7.0 0.03990610328638498 0.3935897435897436 0.009389671361502348 0.023076923076923078
9.0 0.045774647887323945 0.367948717948718 0.007042253521126761 0.017948717948717947
0.0 0.06572769953051644 0.33076923076923076 0.004694835680751174 0.010256410256410256
0.0 0.06338028169014084 0.3153846153846154 0.004694835680751174 0.010256410256410256
0.0 0.06103286384976526 0.31794871794871793 0.004694835680751174 0.015384615384615385
3.0 0.04929577464788732 0.5448717948717948 0.009389671361502348 0.05897435897435897
4.0 0.045774647887323945 0.48205128205128206 0.007042253521126761 0.05641025641025641
3.0 0.05046948356807512 0.42435897435897435 0.011737089201877934 0.05897435897435897
3.0 0.07276995305164319 0.517948717948718 0.014084507042253521 0.07692307692307693
3.0 0.08685446009389672 0.5384615384615384 0.014084507042253521 0.08717948717948718
3.0 0.0903755868544601 0.4230769230769231 0.02112676056338028 0.08205128205128205
3.0 0.10446009389671361 0.34487179487179487 0.025821596244131457 0.07435897435897436
3.0 0.1267605633802817 0.2705128205128205 0.03286384976525822 0.0641025641025641
9.0 0.06924882629107981 0.3371794871794872 0.007042253521126761 0.017948717948717947
3.0 0.07746478873239436 0.31153846153846154 0.028169014084507043 0.05384615384615385
3.0 0.09624413145539906 0.28974358974358977 0.023474178403755867 0.05641025641025641
3.0 0.12793427230046947 0.23974358974358975 0.03051643192488263 0.05384615384615385
3.0 0.14788732394366197 0.2153846153846154 0.03286384976525822 0.05641025641025641
3.0 0.17370892018779344 0.16538461538461538 0.03755868544600939 0.04871794871794872
3.0 0.17253521126760563 0.23717948717948717 0.03990610328638498 0.06923076923076923
3.0 0.1467136150234742 0.31153846153846154 0.035211267605633804 0.07948717948717948
3.0 0.19131455399061034 0.26282051282051283 0.04460093896713615 0.07948717948717948
3.0 0.2007042253521127 0.17435897435897435 0.03990610328638498 0.05128205128205128
3.0 0.22652582159624413 0.13205128205128205 0.035211267605633804 0.04358974358974359
3.0 0.24530516431924881 0.1 0.035211267605633804 0.035897435897435895
3.0 0.1983568075117371 0.12435897435897436 0.03990610328638498 0.04358974358974359
3.0 0.16784037558685447 0.14102564102564102 0.03051643192488263 0.035897435897435895
3.0 0.17018779342723006 0.1282051282051282 0.03051643192488263 0.035897435897435895
3.0 0.10915492957746478 0.23717948717948717 0.03051643192488263 0.05384615384615385
3.0 0.0880281690140845 0.28076923076923077 0.03051643192488263 0.04871794871794872
3.0 0.09389671361502347 0.2564102564102564 0.023474178403755867 0.046153846153846156
3.0 0.08450704225352113 0.26282051282051283 0.023474178403755867 0.038461538461538464
2.0 0.06690140845070422 0.28205128205128205 0.007042253521126761 0.015384615384615385
3.0 0.09976525821596244 0.23717948717948717 0.025821596244131457 0.038461538461538464
3.0 0.1068075117370892 0.21794871794871795 0.025821596244131457 0.035897435897435895
0.0 0.10446009389671361 0.2153846153846154 0.007042253521126761 0.010256410256410256
0.0 0.11737089201877934 0.20384615384615384 0.009389671361502348 0.01282051282051282
0.0 0.12323943661971831 0.19743589743589743 0.007042253521126761 0.010256410256410256
0.0 0.12793427230046947 0.18974358974358974 0.007042253521126761 0.010256410256410256
3.0 0.11971830985915492 0.19615384615384615 0.028169014084507043 0.038461538461538464
3.0 0.13028169014084506 0.17692307692307693 0.03051643192488263 0.035897435897435895
0.0 0.12206572769953052 0.18333333333333332 0.009389671361502348 0.01282051282051282
3.0 0.10915492957746478 0.2 0.025821596244131457 0.03076923076923077
9.0 0.0880281690140845 0.23205128205128206 0.007042253521126761 0.01282051282051282
9.0 0.09154929577464789 0.22564102564102564 0.009389671361502348 0.015384615384615385
9.0 0.09507042253521127 0.21923076923076923 0.007042253521126761 0.01282051282051282
9.0 0.09741784037558686 0.2153846153846154 0.007042253521126761 0.010256410256410256
9.0 0.13849765258215962 0.15512820512820513 0.009389671361502348 0.01282051282051282
9.0 0.11971830985915492 0.17307692307692307 0.009389671361502348 0.01282051282051282
0.0 0.15258215962441316 0.1358974358974359 0.009389671361502348 0.010256410256410256
0.0 0.15610328638497653 0.13205128205128205 0.007042253521126761 0.007692307692307693
3.0 0.1443661971830986 0.14615384615384616 0.03051643192488263 0.03076923076923077
3.0 0.15845070422535212 0.12435897435897436 0.02112676056338028 0.023076923076923078
3.0 0.17488262910798122 0.11282051282051282 0.02112676056338028 0.02564102564102564
8.0 0.22769953051643194 0.08461538461538462 0.056338028169014086 0.05128205128205128
3.0 0.04929577464788732 0.2551282051282051 0.014084507042253521 0.023076923076923078
1.0 0.3532863849765258 0.9717948717948718 0.011737089201877934 0.005128205128205128
1.0 0.3755868544600939 0.9794871794871794 0.009389671361502348 0.005128205128205128
1.0 0.3086854460093897 0.9371794871794872 0.011737089201877934 0.007692307692307693
9.0 0.3086854460093897 0.9371794871794872 0.01643192488262911 0.01282051282051282
2.0 0.3532863849765258 0.9717948717948718 0.01643192488262911 0.010256410256410256
9.0 0.3744131455399061 0.9782051282051282 0.011737089201877934 0.007692307692307693
0.0 0.40375586854460094 0.9769230769230769 0.014084507042253521 0.005128205128205128
0.0 0.42370892018779344 0.9717948717948718 0.011737089201877934 0.005128205128205128
3.0 0.3931924882629108 0.9628205128205128 0.04460093896713615 0.028205128205128206
4.0 0.4084507042253521 0.985897435897436 0.028169014084507043 0.01282051282051282
3.0 0.36971830985915494 0.9243589743589744 0.0539906103286385 0.04358974358974359
3.0 0.20305164319248825 0.8346153846153846 0.04929577464788732 0.0641025641025641
3.0 0.3427230046948357 0.8730769230769231 0.056338028169014086 0.05897435897435897
1.0 0.2992957746478873 0.8705128205128205 0.01643192488262911 0.01282051282051282
2.0 0.3004694835680751 0.8717948717948718 0.018779342723004695 0.020512820512820513
3.0 0.318075117370892 0.7974358974358975 0.06807511737089202 0.08717948717948718
3.0 0.2863849765258216 0.6871794871794872 0.06572769953051644 0.11794871794871795
3.0 0.2676056338028169 0.5512820512820513 0.051643192488262914 0.12307692307692308
3.0 0.26173708920187794 0.4025641025641026 0.0539906103286385 0.1282051282051282
3.0 0.2875586854460094 0.2743589743589744 0.07276995305164319 0.11282051282051282
3.0 0.15845070422535212 0.48846153846153845 0.02112676056338028 0.11025641025641025
3.0 0.17018779342723006 0.7615384615384615 0.0539906103286385 0.08717948717948718
3.0 0.142018779342723 0.6679487179487179 0.03990610328638498 0.08974358974358974
3.0 0.1255868544600939 0.5602564102564103 0.025821596244131457 0.08974358974358974
3.0 0.13262910798122066 0.42435897435897435 0.025821596244131457 0.1
3.0 0.30633802816901406 0.17564102564102563 0.06338028169014084 0.06923076923076923
3.0 0.33098591549295775 0.12051282051282051 0.051643192488262914 0.046153846153846156
3.0 0.3438967136150235 0.08717948717948718 0.04460093896713615 0.035897435897435895
3.0 0.3568075117370892 0.06025641025641026 0.04225352112676056 0.028205128205128206
3.0 0.3685446009389671 0.03974358974358974 0.03755868544600939 0.023076923076923078
3.0 0.37910798122065725 0.02435897435897436 0.03051643192488263 0.017948717948717947
3.0 0.2664319248826291 0.06923076923076923 0.03990610328638498 0.03076923076923077
3.0 0.2863849765258216 0.047435897435897434 0.028169014084507043 0.017948717948717947
3.0 0.38497652582159625 0.014102564102564103 0.023474178403755867 0.01282051282051282
3.0 0.7112676056338029 0.047435897435897434 0.023474178403755867 0.017948717948717947
3.0 0.7230046948356808 0.06025641025641026 0.023474178403755867 0.017948717948717947
3.0 0.6596244131455399 0.03333333333333333 0.051643192488262914 0.02564102564102564
3.0 0.7476525821596244 0.08461538461538462 0.035211267605633804 0.03076923076923077
3.0 0.6866197183098591 0.06153846153846154 0.0539906103286385 0.02564102564102564
3.0 0.7194835680751174 0.10128205128205128 0.05868544600938967 0.038461538461538464
3.0 0.7723004694835681 0.18333333333333332 0.07042253521126761 0.05897435897435897
2.0 0.4014084507042254 0.014102564102564103 0.009389671361502348 0.002564102564102564
2.0 0.3955399061032864 0.02435897435897436 0.011737089201877934 0.007692307692307693
2.0 0.3438967136150235 0.22179487179487178 0.035211267605633804 0.028205128205128206
0.0 0.7910798122065728 0.9076923076923077 0.009389671361502348 0.010256410256410256
3.0 0.7429577464788732 0.9346153846153846 0.04929577464788732 0.03333333333333333
3.0 0.7582159624413145 0.9128205128205128 0.056338028169014086 0.041025641025641026
3.0 0.823943661971831 0.8641025641025641 0.03755868544600939 0.046153846153846156
3.0 0.795774647887324 0.8474358974358974 0.06103286384976526 0.05384615384615385
3.0 0.8720657276995305 0.7589743589743589 0.035211267605633804 0.06153846153846154
3.0 0.8791079812206573 0.7807692307692308 0.035211267605633804 0.04358974358974359
3.0 0.8157276995305164 0.7961538461538461 0.06338028169014084 0.05897435897435897
3.0 0.8262910798122066 0.7653846153846153 0.051643192488262914 0.05384615384615385
3.0 0.8884976525821596 0.7051282051282052 0.03051643192488263 0.06153846153846154
3.0 0.9025821596244131 0.6358974358974359 0.03051643192488263 0.08717948717948718
3.0 0.8438967136150235 0.6974358974358974 0.0539906103286385 0.06666666666666667
3.0 0.8568075117370892 0.6089743589743589 0.046948356807511735 0.05897435897435897
3.0 0.8556338028169014 0.45897435897435895 0.03990610328638498 0.05128205128205128
3.0 0.8509389671361502 0.4076923076923077 0.03990610328638498 0.05128205128205128
3.0 0.8403755868544601 0.36153846153846153 0.046948356807511735 0.05128205128205128
3.0 0.8908450704225352 0.36538461538461536 0.025821596244131457 0.07435897435897436
3.0 0.7992957746478874 0.24358974358974358 0.06338028169014084 0.06153846153846154
3.0 0.8145539906103286 0.2782051282051282 0.06103286384976526 0.05897435897435897
3.0 0.8755868544600939 0.3 0.03755868544600939 0.06153846153846154
3.0 0.8509389671361502 0.24871794871794872 0.03990610328638498 0.06666666666666667
3.0 0.8227699530516432 0.1935897435897436 0.03990610328638498 0.05384615384615385
3.0 0.7969483568075117 0.15128205128205127 0.03990610328638498 0.046153846153846156
3.0 0.7922535211267606 0.13333333333333333 0.04460093896713615 0.041025641025641026
0.0 0.7136150234741784 0.07179487179487179 0.009389671361502348 0.010256410256410256
3.0 0.8368544600938967 0.17435897435897435 0.03051643192488263 0.041025641025641026
3.0 0.8532863849765259 0.19230769230769232 0.03051643192488263 0.046153846153846156
3.0 0.8708920187793427 0.2076923076923077 0.028169014084507043 0.046153846153846156
3.0 0.8838028169014085 0.2230769230769231 0.025821596244131457 0.046153846153846156
3.0 0.9366197183098591 0.32564102564102565 0.018779342723004695 0.041025641025641026
3.0 0.9483568075117371 0.391025641025641 0.018779342723004695 0.04358974358974359
0.0 0.9553990610328639 0.3628205128205128 0.004694835680751174 0.01282051282051282
3.0 0.9553990610328639 0.44358974358974357 0.014084507042253521 0.035897435897435895
3.0 0.9225352112676056 0.40512820512820513 0.018779342723004695 0.07179487179487179
3.0 0.9413145539906104 0.4307692307692308 0.014084507042253521 0.06666666666666667
3.0 0.9589201877934272 0.34487179487179487 0.01643192488262911 0.038461538461538464
3.0 0.9553990610328639 0.3269230769230769 0.014084507042253521 0.03333333333333333
3.0 0.9471830985915493 0.2948717948717949 0.01643192488262911 0.03076923076923077
3.0 0.9354460093896714 0.2705128205128205 0.01643192488262911 0.03333333333333333
3.0 0.9166666666666666 0.24487179487179486 0.02112676056338028 0.03333333333333333
3.0 0.937793427230047 0.767948717948718 0.01643192488262911 0.028205128205128206
3.0 0.9225352112676056 0.7884615384615384 0.018779342723004695 0.028205128205128206
3.0 0.9330985915492958 0.7653846153846153 0.02112676056338028 0.04358974358974359
3.0 0.92018779342723 0.7807692307692308 0.028169014084507043 0.04871794871794872
3.0 0.8955399061032864 0.808974358974359 0.03051643192488263 0.04358974358974359
3.0 0.8720657276995305 0.8320512820512821 0.035211267605633804 0.04871794871794872
9.0 0.9448356807511737 0.7192307692307692 0.007042253521126761 0.017948717948717947
0.0 0.9436619718309859 0.24487179487179486 0.004694835680751174 0.01282051282051282
0.0 0.9413145539906104 0.23846153846153847 0.004694835680751174 0.010256410256410256
0.0 0.9389671361502347 0.23461538461538461 0.004694835680751174 0.007692307692307693
0.0 0.9389671361502347 0.23333333333333334 0.004694835680751174 0.010256410256410256
0.0 0.9342723004694836 0.22948717948717948 0.004694835680751174 0.007692307692307693
0.0 0.09507042253521127 0.7897435897435897 0.007042253521126761 0.010256410256410256
0.0 0.09272300469483569 0.7858974358974359 0.007042253521126761 0.007692307692307693
