3.0 0.8137254901960784 0.7958333333333333 0.11764705882352941 0.11944444444444445
3.0 0.7230392156862745 0.9236111111111112 0.11274509803921569 0.09166666666666666
3.0 0.35294117647058826 0.9513888888888888 0.10784313725490197 0.075
3.0 0.2977941176470588 0.7944444444444444 0.12009803921568628 0.14444444444444443
5.0 0.22058823529411764 0.49166666666666664 0.11764705882352941 0.22777777777777777
3.0 0.45465686274509803 0.38333333333333336 0.08088235294117647 0.10555555555555556
5.0 0.31862745098039214 0.36666666666666664 0.0784313725490196 0.14444444444444443
5.0 0.25 0.2013888888888889 0.07352941176470588 0.09166666666666666
3.0 0.1323529411764706 0.2986111111111111 0.058823529411764705 0.06944444444444445
3.0 0.10661764705882353 0.7 0.08088235294117647 0.10555555555555556
3.0 0.125 0.7597222222222222 0.08823529411764706 0.10833333333333334
3.0 0.1090686274509804 0.7777777777777778 0.0857843137254902 0.11666666666666667
3.0 0.17401960784313725 0.8597222222222223 0.11764705882352941 0.11388888888888889
4.0 0.125 0.8361111111111111 0.10294117647058823 0.1111111111111111
5.0 0.09803921568627451 0.6416666666666667 0.09313725490196079 0.13333333333333333
3.0 0.7512254901960784 0.1986111111111111 0.04656862745098039 0.04722222222222222
3.0 0.45465686274509803 0.0625 0.02696078431372549 0.013888888888888888
3.0 0.5306372549019608 0.034722222222222224 0.01715686274509804 0.008333333333333333
3.0 0.13112745098039216 0.3472222222222222 0.0661764705882353 0.07777777777777778
3.0 0.19852941176470587 0.19166666666666668 0.06862745098039216 0.06111111111111111
5.0 0.1801470588235294 0.36527777777777776 0.0661764705882353 0.1527777777777778
6.0 0.8051470588235294 0.5333333333333333 0.041666666666666664 0.1111111111111111
5.0 0.6041666666666666 0.12361111111111112 0.1053921568627451 0.06944444444444445
5.0 0.5833333333333334 0.09722222222222222 0.11274509803921569 0.05
5.0 0.5306372549019608 0.07361111111111111 0.09068627450980392 0.030555555555555555
5.0 0.4215686274509804 0.034722222222222224 0.024509803921568627 0.013888888888888888
5.0 0.30269607843137253 0.10555555555555556 0.051470588235294115 0.05
5.0 0.3112745098039216 0.08611111111111111 0.04411764705882353 0.03888888888888889
3.0 0.33700980392156865 0.06388888888888888 0.031862745098039214 0.022222222222222223
3.0 0.45588235294117646 0.020833333333333332 0.0196078431372549 0.008333333333333333
3.0 0.49387254901960786 0.016666666666666666 0.01715686274509804 0.005555555555555556
4.0 0.49387254901960786 0.002777777777777778 0.012254901960784314 0.005555555555555556
4.0 0.4522058823529412 0.009722222222222222 0.01715686274509804 0.008333333333333333
3.0 0.4227941176470588 0.018055555555555554 0.01715686274509804 0.008333333333333333
3.0 0.42034313725490197 0.0125 0.01715686274509804 0.008333333333333333
0.0 0.7205882352941176 0.7458333333333333 0.03431372549019608 0.06944444444444445
0.0 0.6495098039215687 0.4736111111111111 0.029411764705882353 0.08055555555555556
3.0 0.20588235294117646 0.175 0.058823529411764705 0.05
3.0 0.23284313725490197 0.14305555555555555 0.05392156862745098 0.041666666666666664
3.0 0.2426470588235294 0.12916666666666668 0.058823529411764705 0.041666666666666664
3.0 0.2512254901960784 0.11944444444444445 0.056372549019607844 0.03888888888888889
3.0 0.2610294117647059 0.10694444444444444 0.056372549019607844 0.03611111111111111
3.0 0.2647058823529412 0.10138888888888889 0.049019607843137254 0.030555555555555555
3.0 0.2696078431372549 0.09583333333333334 0.049019607843137254 0.030555555555555555
3.0 0.2769607843137255 0.08888888888888889 0.049019607843137254 0.027777777777777776
3.0 0.28431372549019607 0.08333333333333333 0.049019607843137254 0.027777777777777776
3.0 0.2855392156862745 0.07916666666666666 0.04656862745098039 0.025
4.0 0.2916666666666667 0.07361111111111111 0.049019607843137254 0.025
3.0 0.3002450980392157 0.06805555555555555 0.04656862745098039 0.025
4.0 0.30392156862745096 0.06388888888888888 0.049019607843137254 0.027777777777777776
8.0 0.36764705882352944 0.041666666666666664 0.04411764705882353 0.03333333333333333
3.0 0.2855392156862745 0.04583333333333333 0.012254901960784314 0.008333333333333333
3.0 0.2610294117647059 0.06944444444444445 0.022058823529411766 0.016666666666666666
3.0 0.24877450980392157 0.08333333333333333 0.041666666666666664 0.027777777777777776
0.0 0.25735294117647056 0.08194444444444444 0.014705882352941176 0.013888888888888888
3.0 0.2181372549019608 0.10555555555555556 0.0392156862745098 0.027777777777777776
3.0 0.2193627450980392 0.10277777777777777 0.03676470588235294 0.027777777777777776
4.0 0.17401960784313725 0.1625 0.029411764705882353 0.041666666666666664
3.0 0.17892156862745098 0.14722222222222223 0.029411764705882353 0.03333333333333333
2.0 0.15808823529411764 0.17083333333333334 0.01715686274509804 0.019444444444444445
5.0 0.22181372549019607 0.09027777777777778 0.041666666666666664 0.030555555555555555
0.0 0.34558823529411764 0.04583333333333333 0.00980392156862745 0.008333333333333333
0.0 0.3247549019607843 0.05138888888888889 0.007352941176470588 0.008333333333333333
0.0 0.3897058823529412 0.041666666666666664 0.00980392156862745 0.011111111111111112
0.0 0.38235294117647056 0.043055555555555555 0.00980392156862745 0.008333333333333333
0.0 0.38357843137254904 0.03611111111111111 0.007352941176470588 0.005555555555555556
3.0 0.3909313725490196 0.027777777777777776 0.01715686274509804 0.011111111111111112
4.0 0.35784313725490197 0.034722222222222224 0.0196078431372549 0.013888888888888888
3.0 0.3174019607843137 0.04861111111111111 0.03676470588235294 0.019444444444444445
4.0 0.3247549019607843 0.041666666666666664 0.031862745098039214 0.016666666666666666
3.0 0.3958333333333333 0.013888888888888888 0.012254901960784314 0.005555555555555556
4.0 0.3786764705882353 0.015277777777777777 0.01715686274509804 0.008333333333333333
4.0 0.37254901960784315 0.019444444444444445 0.014705882352941176 0.005555555555555556
3.0 0.32965686274509803 0.0375 0.031862745098039214 0.013888888888888888
3.0 0.3443627450980392 0.02638888888888889 0.031862745098039214 0.013888888888888888
3.0 0.3382352941176471 0.030555555555555555 0.029411764705882353 0.011111111111111112
2.0 0.25 0.29583333333333334 0.0196078431372549 0.03611111111111111
0.0 0.25245098039215685 0.28055555555555556 0.024509803921568627 0.05
0.0 0.11887254901960784 0.41388888888888886 0.007352941176470588 0.044444444444444446
0.0 0.11519607843137254 0.41388888888888886 0.00980392156862745 0.044444444444444446
9.0 0.0857843137254902 0.4597222222222222 0.0196078431372549 0.030555555555555555
0.0 0.09313725490196079 0.4361111111111111 0.00980392156862745 0.044444444444444446
9.0 0.10784313725490197 0.4152777777777778 0.0196078431372549 0.030555555555555555
9.0 0.14583333333333334 0.25277777777777777 0.01715686274509804 0.022222222222222223
0.0 0.14460784313725492 0.24722222222222223 0.00980392156862745 0.022222222222222223
9.0 0.05024509803921569 0.5166666666666667 0.012254901960784314 0.027777777777777776
9.0 0.1482843137254902 0.5333333333333333 0.012254901960784314 0.06111111111111111
0.0 0.13970588235294118 0.5166666666666667 0.00980392156862745 0.07222222222222222
9.0 0.07965686274509803 0.5111111111111111 0.01715686274509804 0.03333333333333333
9.0 0.0857843137254902 0.5 0.0196078431372549 0.03888888888888889
3.0 0.8161764705882353 0.8527777777777777 0.12745098039215685 0.12222222222222222
3.0 0.8198529411764706 0.12222222222222222 0.02696078431372549 0.022222222222222223
8.0 0.8406862745098039 0.13472222222222222 0.0392156862745098 0.04722222222222222
8.0 0.9227941176470589 0.22361111111111112 0.031862745098039214 0.05277777777777778
3.0 0.9840686274509803 0.3763888888888889 0.007352941176470588 0.030555555555555555
3.0 0.9791666666666666 0.36944444444444446 0.012254901960784314 0.03333333333333333
4.0 0.9693627450980392 0.3541666666666667 0.01715686274509804 0.04722222222222222
8.0 0.9485294117647058 0.24861111111111112 0.0196078431372549 0.03611111111111111
