3.0 0.09191176470588236 0.19027777777777777 0.01715686274509804 0.025
3.0 0.12377450980392157 0.18472222222222223 0.02696078431372549 0.03611111111111111
3.0 0.15441176470588236 0.17083333333333334 0.029411764705882353 0.03611111111111111
3.0 0.2193627450980392 0.09027777777777778 0.02696078431372549 0.025
3.0 0.26838235294117646 0.05416666666666667 0.022058823529411766 0.013888888888888888
4.0 0.061274509803921566 0.27361111111111114 0.029411764705882353 0.06388888888888888
8.0 0.13357843137254902 0.25833333333333336 0.07598039215686274 0.13333333333333333
3.0 0.2708333333333333 0.925 0.11029411764705882 0.08888888888888889
3.0 0.3897058823529412 0.9569444444444445 0.12745098039215685 0.075
3.0 0.5453431372549019 0.9361111111111111 0.15441176470588236 0.10555555555555556
3.0 0.16176470588235295 0.7361111111111112 0.12745098039215685 0.18888888888888888
3.0 0.24754901960784315 0.8152777777777778 0.14215686274509803 0.16944444444444445
3.0 0.26348039215686275 0.6972222222222222 0.11029411764705882 0.15555555555555556
3.0 0.5575980392156863 0.7986111111111112 0.15931372549019607 0.175
3.0 0.5196078431372549 0.6055555555555555 0.14215686274509803 0.17777777777777778
3.0 0.5551470588235294 0.4263888888888889 0.11029411764705882 0.1638888888888889
3.0 0.3713235294117647 0.6694444444444444 0.13970588235294118 0.19444444444444445
4.0 0.3700980392156863 0.8236111111111111 0.16666666666666666 0.19722222222222222
3.0 0.35784313725490197 0.4847222222222222 0.10784313725490197 0.175
3.0 0.3492647058823529 0.325 0.09558823529411764 0.13333333333333333
3.0 0.2549019607843137 0.30833333333333335 0.08333333333333333 0.12222222222222222
8.0 0.2267156862745098 0.48194444444444445 0.16911764705882354 0.3972222222222222
3.0 0.36642156862745096 0.21944444444444444 0.09068627450980392 0.08888888888888889
3.0 0.3174019607843137 0.1736111111111111 0.08088235294117647 0.06944444444444445
3.0 0.3946078431372549 0.15 0.06862745098039216 0.05
3.0 0.47794117647058826 0.15416666666666667 0.07352941176470588 0.05277777777777778
5.0 0.553921568627451 0.24444444444444444 0.1568627450980392 0.17777777777777778
3.0 0.4840686274509804 0.0763888888888889 0.056372549019607844 0.025
0.0 0.30637254901960786 0.12638888888888888 0.0196078431372549 0.030555555555555555
0.0 0.3321078431372549 0.10138888888888889 0.01715686274509804 0.025
3.0 0.45588235294117646 0.05138888888888889 0.04411764705882353 0.019444444444444445
3.0 0.40931372549019607 0.11388888888888889 0.06372549019607843 0.044444444444444446
3.0 0.33700980392156865 0.09583333333333334 0.051470588235294115 0.03611111111111111
3.0 0.33578431372549017 0.11944444444444445 0.058823529411764705 0.044444444444444446
3.0 0.41544117647058826 0.09027777777777778 0.061274509803921566 0.03611111111111111
3.0 0.44362745098039214 0.03194444444444444 0.03431372549019608 0.013888888888888888
3.0 0.38357843137254904 0.06666666666666667 0.051470588235294115 0.03333333333333333
8.0 0.39338235294117646 0.0375 0.061274509803921566 0.041666666666666664
5.0 0.4522058823529412 0.0125 0.04656862745098039 0.025
5.0 0.40441176470588236 0.016666666666666666 0.0392156862745098 0.022222222222222223
3.0 0.7867647058823529 0.08472222222222223 0.03431372549019608 0.025
3.0 0.8002450980392157 0.09722222222222222 0.03676470588235294 0.03333333333333333
3.0 0.8321078431372549 0.125 0.041666666666666664 0.03888888888888889
3.0 0.8553921568627451 0.13333333333333333 0.029411764705882353 0.027777777777777776
3.0 0.866421568627451 0.14583333333333334 0.022058823529411766 0.025
3.0 0.8725490196078431 0.15416666666666667 0.024509803921568627 0.025
3.0 0.8823529411764706 0.16527777777777777 0.029411764705882353 0.030555555555555555
3.0 0.8946078431372549 0.18055555555555555 0.029411764705882353 0.03333333333333333
3.0 0.8909313725490197 0.19027777777777777 0.031862745098039214 0.041666666666666664
3.0 0.9068627450980392 0.18472222222222223 0.024509803921568627 0.030555555555555555
3.0 0.9399509803921569 0.225 0.01715686274509804 0.027777777777777776
3.0 0.9375 0.2152777777777778 0.012254901960784314 0.019444444444444445
3.0 0.9313725490196079 0.20694444444444443 0.014705882352941176 0.019444444444444445
