3.0 0.34068627450980393 0.6375 0.20588235294117646 0.14166666666666666
3.0 0.0196078431372549 0.4652777777777778 0.0196078431372549 0.05277777777777778
4.0 0.09313725490196079 0.33611111111111114 0.03431372549019608 0.07222222222222222
3.0 0.3137254901960784 0.2652777777777778 0.10294117647058823 0.075
3.0 0.4877450980392157 0.26666666666666666 0.15196078431372548 0.06666666666666667
0.0 0.36887254901960786 0.24166666666666667 0.02696078431372549 0.05
3.0 0.3431372549019608 0.22916666666666666 0.0784313725490196 0.06388888888888888
3.0 0.2916666666666667 0.22083333333333333 0.0784313725490196 0.06388888888888888
0.0 0.31862745098039214 0.20555555555555555 0.024509803921568627 0.03888888888888889
0.0 0.36764705882352944 0.20555555555555555 0.024509803921568627 0.044444444444444446
0.0 0.40931372549019607 0.20972222222222223 0.0196078431372549 0.04722222222222222
3.0 0.34681372549019607 0.14444444444444443 0.04656862745098039 0.03333333333333333
3.0 0.9056372549019608 0.3527777777777778 0.04656862745098039 0.06666666666666667
3.0 0.9558823529411765 0.34444444444444444 0.014705882352941176 0.03333333333333333
3.0 0.9632352941176471 0.3527777777777778 0.014705882352941176 0.03333333333333333
4.0 0.9448529411764706 0.26805555555555555 0.012254901960784314 0.025
3.0 0.9558823529411765 0.2791666666666667 0.00980392156862745 0.019444444444444445
6.0 0.04656862745098039 0.3736111111111111 0.014705882352941176 0.030555555555555555
4.0 0.024509803921568627 0.33055555555555555 0.00980392156862745 0.027777777777777776
4.0 0.03676470588235294 0.30694444444444446 0.0196078431372549 0.04722222222222222
3.0 0.05759803921568627 0.2986111111111111 0.022058823529411766 0.03611111111111111
4.0 0.06495098039215687 0.2833333333333333 0.022058823529411766 0.03333333333333333
4.0 0.07352941176470588 0.26666666666666666 0.0196078431372549 0.03333333333333333
3.0 0.07720588235294118 0.24722222222222223 0.01715686274509804 0.027777777777777776
9.0 0.08088235294117647 0.24861111111111112 0.004901960784313725 0.013888888888888888
9.0 0.07965686274509803 0.24861111111111112 0.007352941176470588 0.013888888888888888
1.0 0.0821078431372549 0.24583333333333332 0.007352941176470588 0.013888888888888888
5.0 0.20098039215686275 0.19722222222222222 0.05392156862745098 0.07222222222222222
5.0 0.13970588235294118 0.24166666666666667 0.05392156862745098 0.08333333333333333
0.0 0.15931372549019607 0.225 0.014705882352941176 0.027777777777777776
5.0 0.17279411764705882 0.1986111111111111 0.056372549019607844 0.06944444444444445
5.0 0.20220588235294118 0.1625 0.051470588235294115 0.058333333333333334
1.0 0.20710784313725492 0.17083333333333334 0.012254901960784314 0.013888888888888888
0.0 0.29534313725490197 0.09027777777777778 0.012254901960784314 0.013888888888888888
0.0 0.38112745098039214 0.12083333333333333 0.012254901960784314 0.019444444444444445
5.0 0.5490196078431373 0.10972222222222222 0.31862745098039214 0.075
5.0 0.5416666666666666 0.10555555555555556 0.28431372549019607 0.06111111111111111
8.0 0.6348039215686274 0.0763888888888889 0.08333333333333333 0.03611111111111111
0.0 0.6740196078431373 0.0875 0.014705882352941176 0.013888888888888888
6.0 0.4424019607843137 0.05555555555555555 0.022058823529411766 0.011111111111111112
4.0 0.24754901960784315 0.1 0.0196078431372549 0.016666666666666666
3.0 0.2193627450980392 0.11527777777777778 0.022058823529411766 0.019444444444444445
3.0 0.20220588235294118 0.12222222222222222 0.02696078431372549 0.022222222222222223
3.0 0.19117647058823528 0.12361111111111112 0.014705882352941176 0.013888888888888888
3.0 0.20098039215686275 0.11805555555555555 0.014705882352941176 0.013888888888888888
3.0 0.2267156862745098 0.10277777777777777 0.01715686274509804 0.011111111111111112
3.0 0.23529411764705882 0.09305555555555556 0.024509803921568627 0.013888888888888888
5.0 0.2696078431372549 0.075 0.08823529411764706 0.05
5.0 0.2977941176470588 0.06111111111111111 0.08088235294117647 0.044444444444444446
3.0 0.3553921568627451 0.041666666666666664 0.024509803921568627 0.011111111111111112
4.0 0.45955882352941174 0.018055555555555554 0.007352941176470588 0.002777777777777778
5.0 0.4411764705882353 0.019444444444444445 0.00980392156862745 0.005555555555555556
5.0 0.4338235294117647 0.018055555555555554 0.014705882352941176 0.008333333333333333
5.0 0.41911764705882354 0.019444444444444445 0.0196078431372549 0.011111111111111112
5.0 0.44607843137254904 0.011111111111111112 0.00980392156862745 0.005555555555555556
5.0 0.5208333333333334 0.016666666666666666 0.022058823529411766 0.005555555555555556
4.0 0.5367647058823529 0.016666666666666666 0.014705882352941176 0.005555555555555556
5.0 0.4877450980392157 0.011111111111111112 0.014705882352941176 0.005555555555555556
3.0 0.47549019607843135 0.006944444444444444 0.004901960784313725 0.002777777777777778
9.0 0.36151960784313725 0.05 0.007352941176470588 0.005555555555555556
1.0 0.36151960784313725 0.05 0.007352941176470588 0.005555555555555556
3.0 0.8578431372549019 0.3055555555555556 0.029411764705882353 0.05555555555555555
