0.0 0.15931372549019607 0.7569444444444444 0.03431372549019608 0.075
1.0 0.18995098039215685 0.7722222222222223 0.051470588235294115 0.07777777777777778
0.0 0.3125 0.8416666666666667 0.07107843137254902 0.07777777777777778
0.0 0.25980392156862747 0.8722222222222222 0.08333333333333333 0.09444444444444444
0.0 0.44730392156862747 0.9111111111111111 0.061274509803921566 0.07777777777777778
0.0 0.5588235294117647 0.8166666666666667 0.058823529411764705 0.11666666666666667
1.0 0.5073529411764706 0.8152777777777778 0.049019607843137254 0.041666666666666664
9.0 0.5747549019607843 0.9541666666666667 0.08088235294117647 0.06388888888888888
1.0 0.5257352941176471 0.9875 0.041666666666666664 0.019444444444444445
0.0 0.7561274509803921 0.8208333333333333 0.07107843137254902 0.10833333333333334
0.0 0.9019607843137255 0.7930555555555555 0.0392156862745098 0.06944444444444445
0.0 0.8884803921568627 0.8027777777777778 0.041666666666666664 0.07222222222222222
0.0 0.8455882352941176 0.8513888888888889 0.06862745098039216 0.09166666666666666
1.0 0.8541666666666666 0.8166666666666667 0.051470588235294115 0.07222222222222222
0.0 0.8921568627450981 0.7208333333333333 0.049019607843137254 0.11388888888888889
1.0 0.9424019607843137 0.7666666666666667 0.02696078431372549 0.05555555555555555
6.0 0.9620098039215687 0.6694444444444444 0.03676470588235294 0.11666666666666667
0.0 0.9509803921568627 0.6777777777777778 0.029411764705882353 0.08888888888888889
0.0 0.8296568627450981 0.7166666666666667 0.04656862745098039 0.11666666666666667
0.0 0.8296568627450981 0.6819444444444445 0.051470588235294115 0.125
0.0 0.7365196078431373 0.7194444444444444 0.0661764705882353 0.12222222222222222
0.0 0.6654411764705882 0.7166666666666667 0.061274509803921566 0.15
0.0 0.6299019607843137 0.6652777777777777 0.06372549019607843 0.16944444444444445
0.0 0.5723039215686274 0.5694444444444444 0.056372549019607844 0.19444444444444445
0.0 0.7720588235294118 0.6222222222222222 0.04411764705882353 0.15
0.0 0.8406862745098039 0.5597222222222222 0.029411764705882353 0.125
0.0 0.9019607843137255 0.6055555555555555 0.029411764705882353 0.11666666666666667
0.0 0.9436274509803921 0.5694444444444444 0.014705882352941176 0.08333333333333333
0.0 0.9497549019607843 0.5611111111111111 0.01715686274509804 0.09444444444444444
0.0 0.9509803921568627 0.5194444444444445 0.00980392156862745 0.07222222222222222
0.0 0.9571078431372549 0.5375 0.012254901960784314 0.08055555555555556
0.0 0.9607843137254902 0.5111111111111111 0.00980392156862745 0.07222222222222222
0.0 0.9669117647058824 0.5097222222222222 0.007352941176470588 0.06388888888888888
9.0 0.9718137254901961 0.5694444444444444 0.01715686274509804 0.05555555555555555
0.0 0.9546568627450981 0.45 0.012254901960784314 0.05555555555555555
0.0 0.9497549019607843 0.42777777777777776 0.007352941176470588 0.05
0.0 0.9399509803921569 0.3902777777777778 0.01715686274509804 0.075
0.0 0.39705882352941174 0.06805555555555555 0.029411764705882353 0.030555555555555555
3.0 0.9215686274509803 0.2513888888888889 0.0392156862745098 0.06944444444444445
3.0 0.9338235294117647 0.2569444444444444 0.0392156862745098 0.06388888888888888
3.0 0.9730392156862745 0.3347222222222222 0.0196078431372549 0.05277777777777778
3.0 0.9583333333333334 0.28055555555555556 0.024509803921568627 0.05
0.0 0.9166666666666666 0.40555555555555556 0.014705882352941176 0.06666666666666667
0.0 0.9031862745098039 0.4041666666666667 0.01715686274509804 0.06944444444444445
0.0 0.9044117647058824 0.33194444444444443 0.024509803921568627 0.075
3.0 0.7671568627450981 0.18472222222222223 0.19117647058823528 0.1527777777777778
0.0 0.7303921568627451 0.5430555555555555 0.0392156862745098 0.14166666666666666
0.0 0.6568627450980392 0.46111111111111114 0.049019607843137254 0.16111111111111112
0.0 0.6115196078431373 0.3958333333333333 0.056372549019607844 0.15833333333333333
0.0 0.5257352941176471 0.32222222222222224 0.056372549019607844 0.1111111111111111
0.0 0.4644607843137255 0.2763888888888889 0.041666666666666664 0.10277777777777777
0.0 0.33700980392156865 0.2861111111111111 0.04656862745098039 0.12222222222222222
0.0 0.49387254901960786 0.49166666666666664 0.04656862745098039 0.17222222222222222
0.0 0.43995098039215685 0.41805555555555557 0.04656862745098039 0.15833333333333333
0.0 0.3737745098039216 0.3486111111111111 0.056372549019607844 0.11944444444444445
0.0 0.8186274509803921 0.5055555555555555 0.024509803921568627 0.11666666666666667
0.0 0.7696078431372549 0.4597222222222222 0.03431372549019608 0.11944444444444445
0.0 0.7034313725490197 0.3736111111111111 0.049019607843137254 0.14166666666666666
0.0 0.6151960784313726 0.3138888888888889 0.04411764705882353 0.10555555555555556
0.0 0.5882352941176471 0.2722222222222222 0.04411764705882353 0.09444444444444444
0.0 0.8406862745098039 0.45555555555555555 0.0196078431372549 0.1
0.0 0.7781862745098039 0.38333333333333336 0.03676470588235294 0.12222222222222222
0.0 0.7218137254901961 0.31805555555555554 0.04656862745098039 0.10833333333333334
0.0 0.6924019607843137 0.2875 0.03676470588235294 0.06944444444444445
0.0 0.8198529411764706 0.3819444444444444 0.031862745098039214 0.11944444444444445
0.0 0.7904411764705882 0.31805555555555554 0.031862745098039214 0.10277777777777777
0.0 0.7659313725490197 0.2972222222222222 0.04656862745098039 0.12777777777777777
0.0 0.6936274509803921 0.22361111111111112 0.04411764705882353 0.08055555555555556
0.0 0.6752450980392157 0.18611111111111112 0.041666666666666664 0.06666666666666667
0.0 0.8480392156862745 0.38472222222222224 0.029411764705882353 0.10833333333333334
0.0 0.8774509803921569 0.37916666666666665 0.024509803921568627 0.09722222222222222
1.0 0.8762254901960784 0.3277777777777778 0.01715686274509804 0.044444444444444446
0.0 0.8688725490196079 0.3236111111111111 0.01715686274509804 0.03611111111111111
0.0 0.8235294117647058 0.3013888888888889 0.03431372549019608 0.08611111111111111
0.0 0.7843137254901961 0.25972222222222224 0.03431372549019608 0.06388888888888888
0.0 0.7855392156862745 0.22777777777777777 0.031862745098039214 0.05555555555555555
0.0 0.8394607843137255 0.2833333333333333 0.031862745098039214 0.07777777777777778
2.0 0.8321078431372549 0.2875 0.022058823529411766 0.06388888888888888
