3.0 0.7671568627450981 0.41805555555555557 0.16176470588235295 0.13055555555555556
3.0 0.1053921568627451 0.6416666666666667 0.08333333333333333 0.16666666666666666
4.0 0.03553921568627451 0.4847222222222222 0.041666666666666664 0.11388888888888889
3.0 0.06495098039215687 0.4583333333333333 0.041666666666666664 0.07777777777777778
3.0 0.2659313725490196 0.3597222222222222 0.13480392156862744 0.1527777777777778
1.0 0.022058823529411766 0.6638888888888889 0.00980392156862745 0.03333333333333333
6.0 0.03676470588235294 0.6527777777777778 0.029411764705882353 0.07777777777777778
0.0 0.04411764705882353 0.6041666666666666 0.014705882352941176 0.058333333333333334
2.0 0.0428921568627451 0.5541666666666667 0.01715686274509804 0.041666666666666664
6.0 0.030637254901960783 0.5527777777777778 0.01715686274509804 0.05
9.0 0.004901960784313725 0.4708333333333333 0.004901960784313725 0.030555555555555555
9.0 0.06004901960784314 0.4152777777777778 0.01715686274509804 0.041666666666666664
2.0 0.06740196078431372 0.3902777777777778 0.012254901960784314 0.03611111111111111
6.0 0.0821078431372549 0.35555555555555557 0.031862745098039214 0.06111111111111111
9.0 0.07965686274509803 0.38333333333333336 0.01715686274509804 0.03888888888888889
1.0 0.10784313725490197 0.37777777777777777 0.014705882352941176 0.03888888888888889
0.0 0.09803921568627451 0.33055555555555555 0.014705882352941176 0.044444444444444446
0.0 0.1053921568627451 0.325 0.014705882352941176 0.044444444444444446
0.0 0.0857843137254902 0.3194444444444444 0.014705882352941176 0.044444444444444446
0.0 0.17769607843137256 0.26805555555555555 0.031862745098039214 0.06388888888888888
0.0 0.17769607843137256 0.31527777777777777 0.022058823529411766 0.058333333333333334
0.0 0.18504901960784315 0.3263888888888889 0.012254901960784314 0.03611111111111111
1.0 0.17647058823529413 0.3611111111111111 0.024509803921568627 0.07222222222222222
9.0 0.16911764705882354 0.3736111111111111 0.024509803921568627 0.05277777777777778
3.0 0.20588235294117646 0.22361111111111112 0.09313725490196079 0.08611111111111111
4.0 0.23651960784313725 0.18888888888888888 0.09558823529411764 0.08333333333333333
3.0 0.26715686274509803 0.15694444444444444 0.10294117647058823 0.075
0.0 0.27818627450980393 0.17916666666666667 0.02696078431372549 0.041666666666666664
3.0 0.33088235294117646 0.11388888888888889 0.10784313725490197 0.06111111111111111
3.0 0.36642156862745096 0.09861111111111111 0.11029411764705882 0.04722222222222222
3.0 0.3872549019607843 0.08611111111111111 0.10294117647058823 0.03888888888888889
3.0 0.4215686274509804 0.07361111111111111 0.11274509803921569 0.03611111111111111
3.0 0.48284313725490197 0.05694444444444444 0.09313725490196079 0.019444444444444445
0.0 0.23651960784313725 0.2875 0.02696078431372549 0.06944444444444445
1.0 0.25735294117647056 0.2791666666666667 0.0392156862745098 0.06388888888888888
9.0 0.2549019607843137 0.2847222222222222 0.04411764705882353 0.075
1.0 0.2818627450980392 0.24861111111111112 0.03431372549019608 0.058333333333333334
2.0 0.27450980392156865 0.25972222222222224 0.0392156862745098 0.05277777777777778
2.0 0.3125 0.26805555555555555 0.02696078431372549 0.04722222222222222
1.0 0.31495098039215685 0.25 0.031862745098039214 0.06111111111111111
3.0 0.4644607843137255 0.20555555555555555 0.13480392156862744 0.08333333333333333
3.0 0.5159313725490197 0.12916666666666668 0.09068627450980392 0.04722222222222222
3.0 0.5845588235294118 0.10694444444444444 0.07598039215686274 0.041666666666666664
3.0 0.6029411764705882 0.20277777777777778 0.12745098039215685 0.08333333333333333
3.0 0.6286764705882353 0.08888888888888889 0.07598039215686274 0.05
0.0 0.5012254901960784 0.07083333333333333 0.012254901960784314 0.019444444444444445
0.0 0.5245098039215687 0.07222222222222222 0.014705882352941176 0.016666666666666666
1.0 0.5894607843137255 0.07361111111111111 0.01715686274509804 0.019444444444444445
9.0 0.5906862745098039 0.07916666666666666 0.014705882352941176 0.013888888888888888
9.0 0.5269607843137255 0.03333333333333333 0.029411764705882353 0.011111111111111112
0.0 0.5404411764705882 0.025 0.007352941176470588 0.011111111111111112
0.0 0.5612745098039216 0.03194444444444444 0.004901960784313725 0.008333333333333333
0.0 0.5674019607843137 0.03194444444444444 0.012254901960784314 0.008333333333333333
0.0 0.5833333333333334 0.04027777777777778 0.00980392156862745 0.013888888888888888
0.0 0.5906862745098039 0.041666666666666664 0.00980392156862745 0.011111111111111112
9.0 0.5857843137254902 0.027777777777777776 0.029411764705882353 0.011111111111111112
9.0 0.6200980392156863 0.025 0.0196078431372549 0.011111111111111112
4.0 0.6397058823529411 0.05 0.0392156862745098 0.027777777777777776
4.0 0.6360294117647058 0.02638888888888889 0.04656862745098039 0.019444444444444445
3.0 0.6666666666666666 0.03333333333333333 0.0392156862745098 0.016666666666666666
3.0 0.6715686274509803 0.034722222222222224 0.0392156862745098 0.019444444444444445
3.0 0.6936274509803921 0.04027777777777778 0.03431372549019608 0.019444444444444445
3.0 0.6973039215686274 0.05138888888888889 0.031862745098039214 0.019444444444444445
3.0 0.7009803921568627 0.06111111111111111 0.03431372549019608 0.022222222222222223
0.0 0.6875 0.059722222222222225 0.012254901960784314 0.013888888888888888
3.0 0.6715686274509803 0.08611111111111111 0.049019607843137254 0.03333333333333333
3.0 0.6924019607843137 0.08055555555555556 0.041666666666666664 0.03333333333333333
4.0 0.7046568627450981 0.12361111111111112 0.056372549019607844 0.04722222222222222
6.0 0.7144607843137255 0.175 0.041666666666666664 0.05
1.0 0.7095588235294118 0.1597222222222222 0.022058823529411766 0.025
9.0 0.7683823529411765 0.21805555555555556 0.041666666666666664 0.041666666666666664
1.0 0.7671568627450981 0.2111111111111111 0.029411764705882353 0.05
1.0 0.7781862745098039 0.21666666666666667 0.022058823529411766 0.03888888888888889
0.0 0.6973039215686274 0.26805555555555555 0.031862745098039214 0.06944444444444445
6.0 0.6274509803921569 0.30277777777777776 0.06862745098039216 0.08888888888888889
1.0 0.6323529411764706 0.2777777777777778 0.03431372549019608 0.05
3.0 0.8284313725490197 0.3263888888888889 0.10294117647058823 0.10833333333333334
3.0 0.7867647058823529 0.275 0.12745098039215685 0.10555555555555556
3.0 0.8100490196078431 0.21944444444444444 0.0857843137254902 0.07777777777777778
3.0 0.8075980392156863 0.19305555555555556 0.07598039215686274 0.06944444444444445
3.0 0.8149509803921569 0.15694444444444444 0.04656862745098039 0.041666666666666664
3.0 0.8235294117647058 0.15416666666666667 0.04411764705882353 0.041666666666666664
3.0 0.8897058823529411 0.27361111111111114 0.03431372549019608 0.058333333333333334
2.0 0.866421568627451 0.19305555555555556 0.01715686274509804 0.019444444444444445
9.0 0.9031862745098039 0.24166666666666667 0.012254901960784314 0.022222222222222223
3.0 0.9485294117647058 0.32222222222222224 0.0196078431372549 0.05
0.0 0.9632352941176471 0.35 0.00980392156862745 0.03333333333333333
0.0 0.9779411764705882 0.4638888888888889 0.004901960784313725 0.044444444444444446
4.0 0.9779411764705882 0.38055555555555554 0.024509803921568627 0.06111111111111111
0.0 0.9828431372549019 0.40694444444444444 0.004901960784313725 0.025
0.0 0.024509803921568627 0.4 0.00980392156862745 0.03888888888888889
2.0 0.883578431372549 0.2013888888888889 0.007352941176470588 0.008333333333333333
2.0 0.8688725490196079 0.1986111111111111 0.012254901960784314 0.019444444444444445
1.0 0.03799019607843137 0.5944444444444444 0.012254901960784314 0.044444444444444446
9.0 0.8799019607843137 0.17222222222222222 0.014705882352941176 0.016666666666666666
3.0 0.7524509803921569 0.07222222222222222 0.0196078431372549 0.016666666666666666
