3.0 0.051643192488262914 0.7282051282051282 0.051643192488262914 0.10256410256410256
3.0 0.045774647887323945 0.6782051282051282 0.03990610328638498 0.09487179487179487
3.0 0.029342723004694836 0.6538461538461539 0.03051643192488263 0.08205128205128205
9.0 0.017605633802816902 0.6358974358974359 0.011737089201877934 0.046153846153846156
1.0 0.01643192488262911 0.6333333333333333 0.009389671361502348 0.035897435897435895
3.0 0.046948356807511735 0.6256410256410256 0.028169014084507043 0.07179487179487179
3.0 0.051643192488262914 0.5833333333333334 0.018779342723004695 0.05897435897435897
3.0 0.03873239436619718 0.5717948717948718 0.01643192488262911 0.05128205128205128
1.0 0.03286384976525822 0.5512820512820513 0.004694835680751174 0.035897435897435895
2.0 0.03286384976525822 0.558974358974359 0.004694835680751174 0.02564102564102564
3.0 0.029342723004694836 0.5487179487179488 0.011737089201877934 0.041025641025641026
0.0 0.035211267605633804 0.5294871794871795 0.004694835680751174 0.03333333333333333
3.0 0.035211267605633804 0.5256410256410257 0.009389671361502348 0.035897435897435895
3.0 0.011737089201877934 0.5974358974358974 0.014084507042253521 0.046153846153846156
3.0 0.015258215962441314 0.5794871794871795 0.011737089201877934 0.041025641025641026
3.0 0.017605633802816902 0.558974358974359 0.011737089201877934 0.041025641025641026
3.0 0.02464788732394366 0.532051282051282 0.007042253521126761 0.03333333333333333
3.0 0.029342723004694836 0.514102564102564 0.007042253521126761 0.028205128205128206
3.0 0.036384976525821594 0.4935897435897436 0.007042253521126761 0.028205128205128206
1.0 0.035211267605633804 0.5025641025641026 0.0 0.015384615384615385
3.0 0.04342723004694836 0.46923076923076923 0.007042253521126761 0.03076923076923077
3.0 0.06455399061032864 0.43333333333333335 0.011737089201877934 0.03076923076923077
1.0 0.04812206572769953 0.47307692307692306 0.002347417840375587 0.028205128205128206
2.0 0.0528169014084507 0.46794871794871795 0.002347417840375587 0.017948717948717947
1.0 0.0539906103286385 0.46153846153846156 0.004694835680751174 0.02564102564102564
2.0 0.04812206572769953 0.4794871794871795 0.002347417840375587 0.015384615384615385
3.0 0.04812206572769953 0.46282051282051284 0.007042253521126761 0.028205128205128206
3.0 0.051643192488262914 0.4512820512820513 0.009389671361502348 0.03076923076923077
3.0 0.0539906103286385 0.4423076923076923 0.009389671361502348 0.028205128205128206
3.0 0.057511737089201875 0.4346153846153846 0.007042253521126761 0.023076923076923078
3.0 0.062206572769953054 0.4230769230769231 0.007042253521126761 0.020512820512820513
4.0 0.06807511737089202 0.4076923076923077 0.009389671361502348 0.02564102564102564
0.0 0.03169014084507042 0.4807692307692308 0.002347417840375587 0.023076923076923078
0.0 0.03403755868544601 0.4641025641025641 0.002347417840375587 0.02564102564102564
3.0 0.49178403755868544 0.9525641025641025 0.1572769953051643 0.04871794871794872
3.0 0.6807511737089202 0.9435897435897436 0.15492957746478872 0.08717948717948718
3.0 0.6572769953051644 0.9141025641025641 0.15492957746478872 0.08974358974358974
3.0 0.6009389671361502 0.8846153846153846 0.15023474178403756 0.08205128205128205
3.0 0.5598591549295775 0.8384615384615385 0.15258215962441316 0.08717948717948718
3.0 0.5269953051643192 0.782051282051282 0.15258215962441316 0.08205128205128205
3.0 0.4636150234741784 0.7256410256410256 0.1431924882629108 0.09743589743589744
3.0 0.4213615023474178 0.6794871794871795 0.13849765258215962 0.10256410256410256
3.0 0.40023474178403756 0.6307692307692307 0.12910798122065728 0.09230769230769231
3.0 0.38615023474178406 0.8294871794871795 0.12910798122065728 0.09487179487179487
3.0 0.27699530516431925 0.6487179487179487 0.0892018779342723 0.10256410256410256
2.0 0.36384976525821594 0.7564102564102564 0.056338028169014086 0.06666666666666667
0.0 0.8615023474178404 0.8474358974358974 0.03755868544600939 0.04871794871794872
3.0 0.36384976525821594 0.5782051282051283 0.10328638497652583 0.09487179487179487
3.0 0.3474178403755869 0.5371794871794872 0.08450704225352113 0.07948717948717948
3.0 0.32981220657276994 0.49615384615384617 0.07746478873239436 0.07948717948717948
3.0 0.3051643192488263 0.46153846153846156 0.07981220657276995 0.07692307692307693
1.0 0.2476525821596244 0.5153846153846153 0.01643192488262911 0.07692307692307693
2.0 0.2476525821596244 0.5307692307692308 0.011737089201877934 0.035897435897435895
1.0 0.2476525821596244 0.48333333333333334 0.01643192488262911 0.05897435897435897
1.0 0.22300469483568075 0.48333333333333334 0.018779342723004695 0.06923076923076923
2.0 0.22300469483568075 0.49230769230769234 0.014084507042253521 0.046153846153846156
0.0 0.5246478873239436 0.5897435897435898 0.035211267605633804 0.09743589743589744
0.0 0.3967136150234742 0.5089743589743589 0.028169014084507043 0.08461538461538462
0.0 0.44014084507042256 0.5051282051282051 0.02112676056338028 0.08717948717948718
3.0 0.15258215962441316 0.4012820512820513 0.028169014084507043 0.04871794871794872
3.0 0.19131455399061034 0.38846153846153847 0.03051643192488263 0.04358974358974359
0.0 0.03873239436619718 0.4512820512820513 0.002347417840375587 0.020512820512820513
3.0 0.15610328638497653 0.3782051282051282 0.025821596244131457 0.03333333333333333
3.0 0.1795774647887324 0.3628205128205128 0.025821596244131457 0.03333333333333333
3.0 0.19718309859154928 0.3346153846153846 0.028169014084507043 0.03333333333333333
3.0 0.13849765258215962 0.35128205128205126 0.018779342723004695 0.03076923076923077
3.0 0.1396713615023474 0.37051282051282053 0.01643192488262911 0.028205128205128206
3.0 0.17370892018779344 0.3230769230769231 0.023474178403755867 0.02564102564102564
3.0 0.25938967136150237 0.3076923076923077 0.04929577464788732 0.035897435897435895
3.0 0.2676056338028169 0.35 0.04225352112676056 0.038461538461538464
3.0 0.27230046948356806 0.37435897435897436 0.04225352112676056 0.046153846153846156
3.0 0.2746478873239437 0.3871794871794872 0.04225352112676056 0.046153846153846156
3.0 0.289906103286385 0.39871794871794874 0.05868544600938967 0.04871794871794872
3.0 0.29694835680751175 0.4128205128205128 0.05868544600938967 0.05128205128205128
3.0 0.30164319248826293 0.43333333333333335 0.0539906103286385 0.046153846153846156
1.0 0.15492957746478872 0.3435897435897436 0.009389671361502348 0.020512820512820513
2.0 0.15375586854460094 0.35 0.01643192488262911 0.023076923076923078
9.0 0.16784037558685447 0.33974358974358976 0.011737089201877934 0.017948717948717947
1.0 0.17018779342723006 0.3333333333333333 0.007042253521126761 0.020512820512820513
1.0 0.18896713615023475 0.3128205128205128 0.007042253521126761 0.015384615384615385
9.0 0.18779342723004694 0.3192307692307692 0.009389671361502348 0.01282051282051282
9.0 0.19718309859154928 0.3128205128205128 0.009389671361502348 0.015384615384615385
1.0 0.1983568075117371 0.3076923076923077 0.007042253521126761 0.020512820512820513
1.0 0.23591549295774647 0.3974358974358974 0.01643192488262911 0.046153846153846156
2.0 0.2347417840375587 0.41410256410256413 0.014084507042253521 0.023076923076923078
1.0 0.2335680751173709 0.3423076923076923 0.011737089201877934 0.03333333333333333
2.0 0.2312206572769953 0.3487179487179487 0.007042253521126761 0.020512820512820513
2.0 0.22183098591549297 0.33205128205128204 0.02112676056338028 0.023076923076923078
1.0 0.22417840375586853 0.3282051282051282 0.011737089201877934 0.03076923076923077
3.0 0.22300469483568075 0.2987179487179487 0.018779342723004695 0.028205128205128206
2.0 0.11502347417840375 0.37948717948717947 0.009389671361502348 0.020512820512820513
1.0 0.11384976525821597 0.37564102564102564 0.007042253521126761 0.023076923076923078
0.0 0.12206572769953052 0.3487179487179487 0.004694835680751174 0.020512820512820513
0.0 0.07394366197183098 0.4012820512820513 0.002347417840375587 0.023076923076923078
0.0 0.07511737089201878 0.4 0.004694835680751174 0.020512820512820513
0.0 0.07981220657276995 0.3923076923076923 0.004694835680751174 0.020512820512820513
1.0 0.08215962441314555 0.39487179487179486 0.004694835680751174 0.020512820512820513
2.0 0.08098591549295775 0.4 0.002347417840375587 0.010256410256410256
3.0 0.0892018779342723 0.3769230769230769 0.014084507042253521 0.020512820512820513
9.0 0.7089201877934272 0.7141025641025641 0.046948356807511735 0.06923076923076923
9.0 0.7053990610328639 0.6961538461538461 0.035211267605633804 0.05897435897435897
2.0 0.6936619718309859 0.6820512820512821 0.03990610328638498 0.06666666666666667
2.0 0.6161971830985915 0.5987179487179487 0.03051643192488263 0.06923076923076923
9.0 0.4823943661971831 0.5064102564102564 0.03051643192488263 0.0641025641025641
2.0 0.7687793427230047 0.8782051282051282 0.07276995305164319 0.05897435897435897
0.0 0.3615023474178404 0.43974358974358974 0.014084507042253521 0.05897435897435897
0.0 0.4061032863849765 0.3628205128205128 0.018779342723004695 0.04871794871794872
0.0 0.3814553990610329 0.36538461538461536 0.01643192488262911 0.05384615384615385
0.0 0.017605633802816902 0.46153846153846156 0.002347417840375587 0.020512820512820513
0.0 0.022300469483568074 0.44871794871794873 0.002347417840375587 0.015384615384615385
0.0 0.02464788732394366 0.44487179487179485 0.002347417840375587 0.023076923076923078
0.0 0.025821596244131457 0.44487179487179485 0.0 0.017948717948717947
2.0 0.02464788732394366 0.49230769230769234 0.002347417840375587 0.015384615384615385
0.0 0.028169014084507043 0.4897435897435897 0.0 0.020512820512820513
2.0 0.03755868544600939 0.4564102564102564 0.004694835680751174 0.015384615384615385
2.0 0.04460093896713615 0.4423076923076923 0.004694835680751174 0.01282051282051282
3.0 0.04929577464788732 0.4025641025641026 0.009389671361502348 0.020512820512820513
3.0 0.06807511737089202 0.391025641025641 0.014084507042253521 0.023076923076923078
3.0 0.06807511737089202 0.382051282051282 0.014084507042253521 0.02564102564102564
9.0 0.011737089201877934 0.5333333333333333 0.004694835680751174 0.020512820512820513
2.0 0.01056338028169014 0.5628205128205128 0.007042253521126761 0.023076923076923078
2.0 0.009389671361502348 0.5705128205128205 0.004694835680751174 0.023076923076923078
4.0 0.13732394366197184 0.33589743589743587 0.01643192488262911 0.03076923076923077
0.0 0.2852112676056338 0.3217948717948718 0.01643192488262911 0.038461538461538464
0.0 0.30164319248826293 0.31794871794871793 0.01643192488262911 0.041025641025641026
0.0 0.3028169014084507 0.3 0.014084507042253521 0.03076923076923077
0.0 0.34507042253521125 0.4358974358974359 0.018779342723004695 0.05641025641025641
2.0 0.37910798122065725 0.44487179487179485 0.02112676056338028 0.04871794871794872
9.0 0.43309859154929575 0.41410256410256413 0.02112676056338028 0.04358974358974359
