3.0 0.38380281690140844 0.9448717948717948 0.12441314553990611 0.06923076923076923
3.0 0.2863849765258216 0.7217948717948718 0.107981220657277 0.12564102564102564
3.0 0.29107981220657275 0.5666666666666667 0.08450704225352113 0.11794871794871795
3.0 0.6161971830985915 0.4153846153846154 0.09624413145539906 0.10256410256410256
3.0 0.31220657276995306 0.4269230769230769 0.07981220657276995 0.1
3.0 0.20892018779342722 0.2846153846153846 0.046948356807511735 0.06153846153846154
3.0 0.36384976525821594 0.28974358974358977 0.07511737089201878 0.07179487179487179
3.0 0.4753521126760563 0.23333333333333334 0.06807511737089202 0.046153846153846156
3.0 0.5938967136150235 0.23205128205128206 0.07042253521126761 0.05384615384615385
3.0 0.573943661971831 0.1858974358974359 0.0539906103286385 0.038461538461538464
3.0 0.6338028169014085 0.17307692307692307 0.046948356807511735 0.03333333333333333
3.0 0.6572769953051644 0.20897435897435898 0.056338028169014086 0.04358974358974359
3.0 0.4847417840375587 0.18461538461538463 0.04929577464788732 0.03076923076923077
3.0 0.6068075117370892 0.12051282051282051 0.035211267605633804 0.020512820512820513
3.0 0.3615023474178404 0.09358974358974359 0.023474178403755867 0.01282051282051282
3.0 0.38967136150234744 0.08717948717948718 0.023474178403755867 0.010256410256410256
3.0 0.4225352112676056 0.08205128205128205 0.023474178403755867 0.010256410256410256
3.0 0.4096244131455399 0.06025641025641026 0.011737089201877934 0.007692307692307693
3.0 0.5774647887323944 0.06538461538461539 0.018779342723004695 0.007692307692307693
4.0 0.4565727699530516 0.6756410256410257 0.13380281690140844 0.1358974358974359
4.0 0.4448356807511737 0.08974358974358974 0.05868544600938967 0.015384615384615385
4.0 0.5563380281690141 0.1423076923076923 0.03755868544600939 0.023076923076923078
4.0 0.47300469483568075 0.16282051282051282 0.03990610328638498 0.03333333333333333
4.0 0.397887323943662 0.18205128205128204 0.0539906103286385 0.046153846153846156
4.0 0.4284037558685446 0.07435897435897436 0.01643192488262911 0.010256410256410256
4.0 0.5598591549295775 0.05128205128205128 0.011737089201877934 0.005128205128205128
4.0 0.9671361502347418 0.3384615384615385 0.009389671361502348 0.020512820512820513
4.0 0.0528169014084507 0.2948717948717949 0.011737089201877934 0.020512820512820513
4.0 0.06103286384976526 0.2833333333333333 0.009389671361502348 0.017948717948717947
4.0 0.036384976525821594 0.3141025641025641 0.007042253521126761 0.017948717948717947
4.0 0.025821596244131457 0.3294871794871795 0.004694835680751174 0.01282051282051282
4.0 0.025821596244131457 0.32564102564102565 0.004694835680751174 0.010256410256410256
3.0 0.3779342723004695 0.23974358974358975 0.06572769953051644 0.04871794871794872
3.0 0.38497652582159625 0.2064102564102564 0.056338028169014086 0.038461538461538464
3.0 0.4107981220657277 0.16666666666666666 0.04225352112676056 0.03076923076923077
3.0 0.4154929577464789 0.15256410256410258 0.03755868544600939 0.023076923076923078
3.0 0.41784037558685444 0.14102564102564102 0.04225352112676056 0.020512820512820513
3.0 0.42488262910798125 0.13205128205128205 0.03755868544600939 0.017948717948717947
3.0 0.426056338028169 0.12051282051282051 0.03051643192488263 0.015384615384615385
3.0 0.43427230046948356 0.11538461538461539 0.028169014084507043 0.015384615384615385
3.0 0.4812206572769953 0.15 0.03755868544600939 0.017948717948717947
3.0 0.48708920187793425 0.14102564102564102 0.035211267605633804 0.020512820512820513
3.0 0.4835680751173709 0.1294871794871795 0.03286384976525822 0.017948717948717947
3.0 0.49295774647887325 0.12051282051282051 0.03286384976525822 0.015384615384615385
3.0 0.49061032863849763 0.11153846153846154 0.03286384976525822 0.01282051282051282
3.0 0.5610328638497653 0.16282051282051282 0.046948356807511735 0.03333333333333333
3.0 0.6197183098591549 0.15256410256410258 0.04225352112676056 0.028205128205128206
3.0 0.5539906103286385 0.1358974358974359 0.03755868544600939 0.020512820512820513
3.0 0.5563380281690141 0.12564102564102564 0.03755868544600939 0.020512820512820513
3.0 0.545774647887324 0.1141025641025641 0.035211267605633804 0.017948717948717947
3.0 0.5715962441314554 0.1 0.06338028169014084 0.015384615384615385
3.0 0.5481220657276995 0.09487179487179487 0.05868544600938967 0.015384615384615385
3.0 0.34507042253521125 0.10897435897435898 0.046948356807511735 0.023076923076923078
3.0 0.9671361502347418 0.3423076923076923 0.009389671361502348 0.017948717948717947
3.0 0.7887323943661971 0.1717948717948718 0.03755868544600939 0.03076923076923077
3.0 0.6713615023474179 0.11666666666666667 0.051643192488262914 0.023076923076923078
3.0 0.6924882629107981 0.1282051282051282 0.056338028169014086 0.03076923076923077
3.0 0.7535211267605634 0.1564102564102564 0.046948356807511735 0.03076923076923077
3.0 0.2605633802816901 0.13846153846153847 0.046948356807511735 0.03076923076923077
3.0 0.23591549295774647 0.14871794871794872 0.03990610328638498 0.02564102564102564
3.0 0.04812206572769953 0.30128205128205127 0.007042253521126761 0.01282051282051282
3.0 0.03990610328638498 0.31025641025641026 0.004694835680751174 0.010256410256410256
3.0 0.03990610328638498 0.3076923076923077 0.004694835680751174 0.010256410256410256
3.0 0.04225352112676056 0.30641025641025643 0.004694835680751174 0.01282051282051282
3.0 0.05516431924882629 0.28974358974358977 0.007042253521126761 0.015384615384615385
3.0 0.02699530516431925 0.3243589743589744 0.002347417840375587 0.007692307692307693
3.0 0.028169014084507043 0.32564102564102565 0.004694835680751174 0.010256410256410256
3.0 0.7429577464788732 0.9256410256410257 0.09624413145539906 0.06666666666666667
1.0 0.846244131455399 0.7038461538461539 0.025821596244131457 0.04871794871794872
9.0 0.8415492957746479 0.7205128205128205 0.035211267605633804 0.06666666666666667
9.0 0.7570422535211268 0.25384615384615383 0.01643192488262911 0.02564102564102564
9.0 0.5880281690140845 0.09102564102564102 0.011737089201877934 0.007692307692307693
9.0 0.31338028169014087 0.11025641025641025 0.007042253521126761 0.005128205128205128
1.0 0.7523474178403756 0.24358974358974358 0.01643192488262911 0.02564102564102564
1.0 0.5856807511737089 0.08846153846153847 0.007042253521126761 0.007692307692307693
1.0 0.48708920187793425 0.08333333333333333 0.007042253521126761 0.007692307692307693
1.0 0.3145539906103286 0.1076923076923077 0.009389671361502348 0.010256410256410256
1.0 0.3438967136150235 0.08717948717948718 0.007042253521126761 0.005128205128205128
2.0 0.3438967136150235 0.08717948717948718 0.007042253521126761 0.005128205128205128
0.0 0.47183098591549294 0.05897435897435897 0.004694835680751174 0.005128205128205128
0.0 0.5363849765258216 0.06153846153846154 0.007042253521126761 0.005128205128205128
0.0 0.528169014084507 0.06153846153846154 0.004694835680751174 0.005128205128205128
0.0 0.6854460093896714 0.13974358974358975 0.014084507042253521 0.017948717948717947
0.0 0.6232394366197183 0.09743589743589744 0.007042253521126761 0.010256410256410256
2.0 0.48826291079812206 0.08461538461538462 0.018779342723004695 0.005128205128205128
5.0 0.318075117370892 0.12051282051282051 0.0539906103286385 0.03076923076923077
5.0 0.6056338028169014 0.12564102564102564 0.051643192488262914 0.035897435897435895
8.0 0.3673708920187793 0.08461538461538462 0.03990610328638498 0.02564102564102564
3.0 0.392018779342723 0.08461538461538462 0.018779342723004695 0.010256410256410256
3.0 0.397887323943662 0.07948717948717948 0.02112676056338028 0.010256410256410256
3.0 0.4272300469483568 0.0782051282051282 0.018779342723004695 0.007692307692307693
3.0 0.4354460093896714 0.07051282051282051 0.01643192488262911 0.007692307692307693
3.0 0.43896713615023475 0.06666666666666667 0.014084507042253521 0.005128205128205128
3.0 0.40492957746478875 0.07564102564102564 0.01643192488262911 0.007692307692307693
3.0 0.4131455399061033 0.06794871794871794 0.014084507042253521 0.007692307692307693
3.0 0.4225352112676056 0.06282051282051282 0.014084507042253521 0.007692307692307693
3.0 0.3908450704225352 0.07307692307692308 0.01643192488262911 0.007692307692307693
3.0 0.3720657276995305 0.07564102564102564 0.02112676056338028 0.007692307692307693
3.0 0.37910798122065725 0.07948717948717948 0.01643192488262911 0.010256410256410256
3.0 0.4096244131455399 0.07051282051282051 0.01643192488262911 0.007692307692307693
4.0 0.43896713615023475 0.0641025641025641 0.014084507042253521 0.005128205128205128
3.0 0.43779342723004694 0.052564102564102565 0.011737089201877934 0.002564102564102564
