2.0 0.450261780104712 0.1578125 0.010471204188481676 0.015625
1.0 0.450261780104712 0.153125 0.015706806282722512 0.01875
2.0 0.43324607329842935 0.1625 0.013089005235602094 0.01875
1.0 0.43455497382198954 0.15625 0.010471204188481676 0.01875
9.0 0.3769633507853403 0.16875 0.010471204188481676 0.01875
1.0 0.3769633507853403 0.1625 0.015706806282722512 0.01875
3.0 0.26570680628272253 0.2453125 0.03926701570680628 0.053125
4.0 0.2774869109947644 0.2171875 0.041884816753926704 0.046875
3.0 0.5143979057591623 0.1390625 0.034031413612565446 0.028125
0.0 0.3206806282722513 0.1953125 0.01832460732984293 0.034375
3.0 0.28403141361256545 0.19375 0.034031413612565446 0.0375
3.0 0.29450261780104714 0.18125 0.034031413612565446 0.0375
0.0 0.5091623036649214 0.165625 0.007853403141361256 0.025
0.0 0.5 0.1734375 0.010471204188481676 0.028125
0.0 0.5170157068062827 0.16875 0.007853403141361256 0.025
0.0 0.5274869109947644 0.1734375 0.007853403141361256 0.021875
5.0 0.36649214659685864 0.2203125 0.05759162303664921 0.096875
0.0 0.3036649214659686 0.2984375 0.015706806282722512 0.040625
0.0 0.3285340314136126 0.3984375 0.028795811518324606 0.071875
1.0 0.46727748691099474 0.334375 0.01832460732984293 0.03125
1.0 0.46727748691099474 0.31875 0.01832460732984293 0.0375
9.0 0.468586387434555 0.3375 0.020942408376963352 0.0375
9.0 0.4973821989528796 0.315625 0.015706806282722512 0.0375
9.0 0.5130890052356021 0.290625 0.015706806282722512 0.03125
1.0 0.4973821989528796 0.3125 0.015706806282722512 0.03125
1.0 0.49607329842931935 0.3 0.013089005235602094 0.0375
1.0 0.5117801047120419 0.2765625 0.013089005235602094 0.028125
1.0 0.5130890052356021 0.284375 0.010471204188481676 0.03125
1.0 0.337696335078534 0.465625 0.020942408376963352 0.0625
9.0 0.337696335078534 0.4875 0.020942408376963352 0.0625
0.0 0.29581151832460734 0.4953125 0.015706806282722512 0.071875
6.0 0.5170157068062827 0.4796875 0.034031413612565446 0.065625
1.0 0.5143979057591623 0.459375 0.028795811518324606 0.0625
0.0 0.5615183246073299 0.34375 0.02356020942408377 0.06875
0.0 0.5863874345549738 0.3484375 0.020942408376963352 0.065625
1.0 0.08900523560209424 0.590625 0.010471204188481676 0.0375
0.0 0.643979057591623 0.4328125 0.02617801047120419 0.084375
0.0 0.5903141361256544 0.5703125 0.028795811518324606 0.096875
5.0 0.7198952879581152 0.125 0.06806282722513089 0.04375
1.0 0.7408376963350786 0.1578125 0.010471204188481676 0.015625
1.0 0.731675392670157 0.1546875 0.013089005235602094 0.015625
1.0 0.7198952879581152 0.146875 0.015706806282722512 0.01875
1.0 0.768324607329843 0.1671875 0.007853403141361256 0.009375
4.0 0.693717277486911 0.4890625 0.07329842931937172 0.121875
3.0 0.6714659685863874 0.578125 0.14921465968586387 0.11875
3.0 0.506544502617801 0.63125 0.10209424083769633 0.1375
3.0 0.40575916230366493 0.5015625 0.08900523560209424 0.153125
3.0 0.3743455497382199 0.70625 0.10471204188481675 0.16875
7.0 0.6780104712041884 0.6828125 0.07853403141361257 0.165625
0.0 0.599476439790576 0.825 0.041884816753926704 0.08125
7.0 0.2395287958115183 0.6171875 0.049738219895287955 0.134375
0.0 0.25523560209424084 0.609375 0.01832460732984293 0.075
9.0 0.18324607329842932 0.5859375 0.04712041884816754 0.053125
9.0 0.18979057591623036 0.5453125 0.049738219895287955 0.053125
9.0 0.17801047120418848 0.6390625 0.03664921465968586 0.065625
9.0 0.1662303664921466 0.65 0.049738219895287955 0.06875
9.0 0.1649214659685864 0.709375 0.04712041884816754 0.0625
9.0 0.11649214659685864 0.715625 0.034031413612565446 0.05625
9.0 0.6073298429319371 0.7515625 0.041884816753926704 0.078125
1.0 0.6034031413612565 0.74375 0.03926701570680628 0.05625
1.0 0.6099476439790575 0.7359375 0.041884816753926704 0.065625
1.0 0.3324607329842932 0.56875 0.031413612565445025 0.08125
1.0 0.281413612565445 0.7234375 0.028795811518324606 0.065625
1.0 0.2696335078534031 0.8203125 0.041884816753926704 0.071875
1.0 0.30497382198952877 0.7890625 0.03926701570680628 0.065625
1.0 0.28664921465968585 0.65625 0.028795811518324606 0.05
0.0 0.31544502617801046 0.6234375 0.028795811518324606 0.084375
0.0 0.3010471204188482 0.60625 0.031413612565445025 0.09375
1.0 0.2892670157068063 0.6546875 0.04450261780104712 0.071875
9.0 0.28664921465968585 0.68125 0.034031413612565446 0.05625
9.0 0.1243455497382199 0.8140625 0.04450261780104712 0.065625
3.0 0.23167539267015708 0.871875 0.12303664921465969 0.15625
3.0 0.7513089005235603 0.896875 0.13089005235602094 0.1375
9.0 0.6793193717277487 0.934375 0.03926701570680628 0.05
9.0 0.6256544502617801 0.9078125 0.05235602094240838 0.059375
9.0 0.5471204188481675 0.915625 0.041884816753926704 0.05625
1.0 0.6832460732984293 0.9234375 0.041884816753926704 0.053125
1.0 0.6269633507853403 0.9015625 0.04450261780104712 0.059375
1.0 0.5497382198952879 0.9140625 0.041884816753926704 0.034375
1.0 0.5458115183246073 0.8984375 0.03926701570680628 0.040625
9.0 0.9607329842931938 0.4921875 0.010471204188481676 0.034375
1.0 0.9607329842931938 0.4859375 0.005235602094240838 0.034375
9.0 0.8979057591623036 0.403125 0.020942408376963352 0.0375
1.0 0.10078534031413612 0.8328125 0.01832460732984293 0.028125
9.0 0.8337696335078534 0.290625 0.028795811518324606 0.04375
