1.0 0.23826291079812206 0.8884615384615384 0.03051643192488263 0.03333333333333333
9.0 0.25 0.9076923076923077 0.0539906103286385 0.046153846153846156
3.0 0.4624413145539906 0.9256410256410257 0.13145539906103287 0.06153846153846154
3.0 0.2793427230046948 0.4987179487179487 0.07042253521126761 0.13076923076923078
3.0 0.3744131455399061 0.5115384615384615 0.09624413145539906 0.13076923076923078
3.0 0.32629107981220656 0.3487179487179487 0.09389671361502347 0.10256410256410256
9.0 0.2793427230046948 0.3141025641025641 0.03286384976525822 0.038461538461538464
1.0 0.5586854460093896 0.31153846153846154 0.023474178403755867 0.03333333333333333
0.0 0.5492957746478874 0.2551282051282051 0.028169014084507043 0.04358974358974359
1.0 0.6349765258215962 0.8166666666666667 0.03990610328638498 0.04358974358974359
9.0 0.6279342723004695 0.8371794871794872 0.03051643192488263 0.028205128205128206
