1.0 0.13848039215686275 0.6736111111111112 0.022058823529411766 0.04722222222222222
9.0 0.14338235294117646 0.6875 0.02696078431372549 0.04722222222222222
9.0 0.2426470588235294 0.8666666666666667 0.0392156862745098 0.03888888888888889
0.0 0.32230392156862747 0.5125 0.02696078431372549 0.075
1.0 0.633578431372549 0.4152777777777778 0.022058823529411766 0.041666666666666664
9.0 0.633578431372549 0.4388888888888889 0.022058823529411766 0.044444444444444446
3.0 0.4264705882352941 0.9527777777777777 0.09803921568627451 0.06111111111111111
4.0 0.2647058823529412 0.8986111111111111 0.11274509803921569 0.10277777777777777
3.0 0.5024509803921569 0.6819444444444445 0.10784313725490197 0.125
3.0 0.5821078431372549 0.5875 0.10049019607843138 0.125
3.0 0.2867647058823529 0.44166666666666665 0.058823529411764705 0.1
3.0 0.21200980392156862 0.3527777777777778 0.0857843137254902 0.07222222222222222
0.0 0.19730392156862744 0.24722222222222223 0.01715686274509804 0.03333333333333333
3.0 0.22426470588235295 0.1763888888888889 0.051470588235294115 0.041666666666666664
5.0 0.2818627450980392 0.2638888888888889 0.05392156862745098 0.08888888888888889
3.0 0.6286764705882353 0.30416666666666664 0.0661764705882353 0.06944444444444445
3.0 0.5857843137254902 0.24166666666666667 0.05392156862745098 0.05
3.0 0.5490196078431373 0.20416666666666666 0.05392156862745098 0.041666666666666664
4.0 0.5220588235294118 0.14444444444444443 0.03431372549019608 0.03333333333333333
3.0 0.4007352941176471 0.12083333333333333 0.031862745098039214 0.025
3.0 0.36519607843137253 0.08055555555555556 0.024509803921568627 0.016666666666666666
3.0 0.3333333333333333 0.0875 0.029411764705882353 0.019444444444444445
1.0 0.3480392156862745 0.25277777777777777 0.0196078431372549 0.027777777777777776
1.0 0.5134803921568627 0.25416666666666665 0.01715686274509804 0.025
1.0 0.4411764705882353 0.1527777777777778 0.014705882352941176 0.016666666666666666
1.0 0.4791666666666667 0.1486111111111111 0.012254901960784314 0.013888888888888888
9.0 0.5147058823529411 0.26666666666666666 0.0196078431372549 0.027777777777777776
9.0 0.43995098039215685 0.1625 0.01715686274509804 0.019444444444444445
9.0 0.4791666666666667 0.15555555555555556 0.01715686274509804 0.016666666666666666
2.0 0.34681372549019607 0.2652777777777778 0.022058823529411766 0.030555555555555555
4.0 0.30514705882352944 0.21805555555555556 0.041666666666666664 0.05277777777777778
4.0 0.28921568627450983 0.19444444444444445 0.0392156862745098 0.05
3.0 0.7965686274509803 0.8513888888888889 0.08823529411764706 0.10277777777777777
1.0 0.7818627450980392 0.8916666666666667 0.024509803921568627 0.03333333333333333
9.0 0.7757352941176471 0.8958333333333334 0.04656862745098039 0.03611111111111111
9.0 0.7634803921568627 0.9180555555555555 0.041666666666666664 0.041666666666666664
9.0 0.7794117647058824 0.9125 0.024509803921568627 0.025
3.0 0.8443627450980392 0.7152777777777778 0.07598039215686274 0.10833333333333334
3.0 0.8321078431372549 0.5916666666666667 0.0857843137254902 0.1111111111111111
3.0 0.8247549019607843 0.5277777777777778 0.0857843137254902 0.08888888888888889
3.0 0.7316176470588235 0.3597222222222222 0.1053921568627451 0.075
9.0 0.8296568627450981 0.35138888888888886 0.031862745098039214 0.041666666666666664
0.0 0.8272058823529411 0.30833333333333335 0.01715686274509804 0.044444444444444446
0.0 0.8223039215686274 0.30277777777777776 0.01715686274509804 0.044444444444444446
1.0 0.8468137254901961 0.35 0.012254901960784314 0.022222222222222223
1.0 0.8431372549019608 0.34305555555555556 0.00980392156862745 0.025
1.0 0.9264705882352942 0.6041666666666666 0.00980392156862745 0.03611111111111111
2.0 0.9240196078431373 0.6125 0.014705882352941176 0.03611111111111111
0.0 0.9325980392156863 0.6069444444444444 0.007352941176470588 0.025
1.0 0.8700980392156863 0.3736111111111111 0.014705882352941176 0.030555555555555555
5.0 0.1568627450980392 0.47638888888888886 0.08823529411764706 0.09166666666666666
0.0 0.25612745098039214 0.1527777777777778 0.01715686274509804 0.016666666666666666
0.0 0.25980392156862747 0.1486111111111111 0.00980392156862745 0.013888888888888888
3.0 0.29901960784313725 0.17083333333333334 0.04411764705882353 0.041666666666666664
3.0 0.3088235294117647 0.1527777777777778 0.049019607843137254 0.03888888888888889
3.0 0.3112745098039216 0.14305555555555555 0.049019607843137254 0.03611111111111111
4.0 0.2928921568627451 0.12916666666666668 0.056372549019607844 0.03611111111111111
3.0 0.27328431372549017 0.13194444444444445 0.051470588235294115 0.03611111111111111
6.0 0.41544117647058826 0.09305555555555556 0.02696078431372549 0.019444444444444445
3.0 0.5073529411764706 0.10694444444444444 0.06862745098039216 0.019444444444444445
3.0 0.46568627450980393 0.1 0.029411764705882353 0.016666666666666666
3.0 0.4485294117647059 0.08194444444444444 0.024509803921568627 0.013888888888888888
0.0 0.4325980392156863 0.0763888888888889 0.007352941176470588 0.008333333333333333
5.0 0.36151960784313725 0.07083333333333333 0.022058823529411766 0.013888888888888888
3.0 0.30637254901960786 0.1111111111111111 0.029411764705882353 0.022222222222222223
3.0 0.25735294117647056 0.125 0.04411764705882353 0.027777777777777776
3.0 0.2340686274509804 0.13194444444444445 0.041666666666666664 0.030555555555555555
3.0 0.2622549019607843 0.11944444444444445 0.04411764705882353 0.027777777777777776
3.0 0.25857843137254904 0.11666666666666667 0.041666666666666664 0.027777777777777776
3.0 0.24754901960784315 0.11944444444444445 0.0392156862745098 0.027777777777777776
3.0 0.27205882352941174 0.10277777777777777 0.0392156862745098 0.027777777777777776
3.0 0.2806372549019608 0.09583333333333334 0.03676470588235294 0.025
3.0 0.3002450980392157 0.10138888888888889 0.041666666666666664 0.025
4.0 0.44607843137254904 0.06805555555555555 0.03431372549019608 0.013888888888888888
3.0 0.43504901960784315 0.06388888888888888 0.04656862745098039 0.016666666666666666
3.0 0.42769607843137253 0.058333333333333334 0.041666666666666664 0.016666666666666666
3.0 0.3137254901960784 0.0875 0.024509803921568627 0.019444444444444445
4.0 0.3125 0.08194444444444444 0.02696078431372549 0.019444444444444445
3.0 0.37745098039215685 0.059722222222222225 0.0196078431372549 0.008333333333333333
1.0 0.9424019607843137 0.75 0.012254901960784314 0.027777777777777776
