9.0 0.8955399061032864 0.8141025641025641 0.025821596244131457 0.04358974358974359
0.0 0.9354460093896714 0.7435897435897436 0.01643192488262911 0.035897435897435895
1.0 0.9295774647887324 0.7525641025641026 0.018779342723004695 0.038461538461538464
9.0 0.9307511737089202 0.7525641025641026 0.02112676056338028 0.04358974358974359
0.0 0.9237089201877934 0.7589743589743589 0.02112676056338028 0.041025641025641026
9.0 0.937793427230047 0.7461538461538462 0.02112676056338028 0.035897435897435895
0.0 0.9530516431924883 0.717948717948718 0.014084507042253521 0.035897435897435895
9.0 0.9119718309859155 0.7615384615384615 0.025821596244131457 0.041025641025641026
9.0 0.9166666666666666 0.7525641025641026 0.03051643192488263 0.04871794871794872
9.0 0.9624413145539906 0.6576923076923077 0.014084507042253521 0.038461538461538464
3.0 0.8650234741784038 0.8051282051282052 0.08215962441314555 0.11794871794871795
3.0 0.7946009389671361 0.8474358974358974 0.11032863849765258 0.12051282051282051
3.0 0.7969483568075117 0.8897435897435897 0.11032863849765258 0.09743589743589744
7.0 0.7230046948356808 0.9371794871794872 0.11267605633802817 0.0641025641025641
3.0 0.8110328638497653 0.7564102564102564 0.09624413145539906 0.13333333333333333
3.0 0.823943661971831 0.6243589743589744 0.07511737089201878 0.1358974358974359
1.0 0.14084507042253522 0.8025641025641026 0.03286384976525822 0.046153846153846156
9.0 0.14788732394366197 0.8166666666666667 0.03755868544600939 0.04871794871794872
9.0 0.11150234741784038 0.7333333333333333 0.025821596244131457 0.05128205128205128
6.0 0.12910798122065728 0.7551282051282051 0.04225352112676056 0.06923076923076923
7.0 0.11971830985915492 0.6679487179487179 0.06103286384976526 0.14102564102564102
3.0 0.11502347417840375 0.5602564102564103 0.03755868544600939 0.10512820512820513
6.0 0.11971830985915492 0.44487179487179485 0.023474178403755867 0.07435897435897436
1.0 0.15140845070422534 0.4653846153846154 0.02112676056338028 0.07435897435897436
9.0 0.15023474178403756 0.47435897435897434 0.018779342723004695 0.07692307692307693
6.0 0.13380281690140844 0.382051282051282 0.03286384976525822 0.06666666666666667
9.0 0.13732394366197184 0.4423076923076923 0.01643192488262911 0.05897435897435897
1.0 0.13732394366197184 0.42948717948717946 0.01643192488262911 0.04871794871794872
3.0 0.16549295774647887 0.31794871794871793 0.05868544600938967 0.09743589743589744
3.0 0.2652582159624413 0.27307692307692305 0.08450704225352113 0.09487179487179487
1.0 0.20657276995305165 0.26666666666666666 0.023474178403755867 0.046153846153846156
6.0 0.20539906103286384 0.27564102564102566 0.04460093896713615 0.0641025641025641
1.0 0.24413145539906103 0.23205128205128206 0.023474178403755867 0.03333333333333333
9.0 0.24295774647887325 0.23846153846153847 0.025821596244131457 0.041025641025641026
9.0 0.19014084507042253 0.24358974358974358 0.023474178403755867 0.041025641025641026
3.0 0.23826291079812206 0.20384615384615384 0.05868544600938967 0.05897435897435897
0.0 0.2664319248826291 0.18461538461538463 0.025821596244131457 0.035897435897435895
3.0 0.3673708920187793 0.2551282051282051 0.08685446009389672 0.08974358974358974
3.0 0.3415492957746479 0.18974358974358974 0.08685446009389672 0.06666666666666667
0.0 0.21948356807511737 0.19615384615384615 0.02112676056338028 0.03333333333333333
0.0 0.21830985915492956 0.1935897435897436 0.018779342723004695 0.028205128205128206
0.0 0.3732394366197183 0.10512820512820513 0.018779342723004695 0.020512820512820513
2.0 0.3744131455399061 0.1064102564102564 0.03051643192488263 0.017948717948717947
1.0 0.2805164319248826 0.13333333333333333 0.02112676056338028 0.020512820512820513
6.0 0.284037558685446 0.1346153846153846 0.03286384976525822 0.028205128205128206
1.0 0.34507042253521125 0.1 0.018779342723004695 0.015384615384615385
9.0 0.3438967136150235 0.10512820512820513 0.01643192488262911 0.015384615384615385
1.0 0.3720657276995305 0.08205128205128205 0.01643192488262911 0.015384615384615385
9.0 0.36971830985915494 0.0858974358974359 0.01643192488262911 0.01282051282051282
7.0 0.289906103286385 0.1141025641025641 0.03990610328638498 0.028205128205128206
3.0 0.3368544600938967 0.07948717948717948 0.03051643192488263 0.020512820512820513
0.0 0.3615023474178404 0.06794871794871794 0.014084507042253521 0.01282051282051282
6.0 0.3485915492957746 0.06923076923076923 0.02112676056338028 0.015384615384615385
1.0 0.3967136150234742 0.04871794871794872 0.009389671361502348 0.005128205128205128
6.0 0.3955399061032864 0.04871794871794872 0.02112676056338028 0.010256410256410256
7.0 0.4072769953051643 0.041025641025641026 0.02112676056338028 0.010256410256410256
3.0 0.3544600938967136 0.05384615384615385 0.03286384976525822 0.015384615384615385
0.0 0.36619718309859156 0.047435897435897434 0.009389671361502348 0.007692307692307693
0.0 0.36384976525821594 0.047435897435897434 0.009389671361502348 0.007692307692307693
3.0 0.43427230046948356 0.010256410256410256 0.023474178403755867 0.005128205128205128
7.0 0.4096244131455399 0.017948717948717947 0.007042253521126761 0.005128205128205128
0.0 0.4096244131455399 0.021794871794871794 0.007042253521126761 0.002564102564102564
8.0 0.4284037558685446 0.019230769230769232 0.03051643192488263 0.01282051282051282
4.0 0.42018779342723006 0.021794871794871794 0.023474178403755867 0.007692307692307693
4.0 0.4295774647887324 0.02435897435897436 0.018779342723004695 0.007692307692307693
3.0 0.4354460093896714 0.026923076923076925 0.02112676056338028 0.007692307692307693
7.0 0.4413145539906103 0.026923076923076925 0.014084507042253521 0.007692307692307693
4.0 0.4424882629107981 0.020512820512820513 0.01643192488262911 0.005128205128205128
3.0 0.44835680751173707 0.023076923076923078 0.018779342723004695 0.005128205128205128
4.0 0.4694835680751174 0.02435897435897436 0.023474178403755867 0.007692307692307693
1.0 0.5305164319248826 0.041025641025641026 0.004694835680751174 0.005128205128205128
1.0 0.5328638497652582 0.041025641025641026 0.004694835680751174 0.005128205128205128
9.0 0.5305164319248826 0.041025641025641026 0.009389671361502348 0.005128205128205128
1.0 0.5363849765258216 0.04358974358974359 0.007042253521126761 0.005128205128205128
9.0 0.5352112676056338 0.046153846153846156 0.009389671361502348 0.005128205128205128
1.0 0.5446009389671361 0.05 0.009389671361502348 0.007692307692307693
9.0 0.5469483568075117 0.05128205128205128 0.014084507042253521 0.005128205128205128
1.0 0.5727699530516432 0.057692307692307696 0.009389671361502348 0.007692307692307693
9.0 0.5727699530516432 0.06025641025641026 0.009389671361502348 0.007692307692307693
1.0 0.5809859154929577 0.0641025641025641 0.011737089201877934 0.010256410256410256
9.0 0.5809859154929577 0.06538461538461539 0.011737089201877934 0.007692307692307693
3.0 0.6056338028169014 0.0858974358974359 0.046948356807511735 0.023076923076923078
0.0 0.6173708920187794 0.08717948717948718 0.018779342723004695 0.015384615384615385
9.0 0.57981220657277 0.08333333333333333 0.018779342723004695 0.01282051282051282
1.0 0.5786384976525821 0.08205128205128205 0.011737089201877934 0.010256410256410256
3.0 0.49061032863849763 0.09743589743589744 0.046948356807511735 0.020512820512820513
1.0 0.47300469483568075 0.1076923076923077 0.02112676056338028 0.020512820512820513
9.0 0.47183098591549294 0.11025641025641025 0.03286384976525822 0.015384615384615385
4.0 0.5833333333333334 0.1346153846153846 0.06338028169014084 0.04358974358974359
1.0 0.5809859154929577 0.19743589743589743 0.025821596244131457 0.035897435897435895
9.0 0.5809859154929577 0.20384615384615384 0.03051643192488263 0.04358974358974359
1.0 0.6619718309859155 0.1987179487179487 0.028169014084507043 0.038461538461538464
9.0 0.6643192488262911 0.2064102564102564 0.03286384976525822 0.04358974358974359
1.0 0.6373239436619719 0.22948717948717948 0.025821596244131457 0.038461538461538464
9.0 0.6373239436619719 0.2358974358974359 0.035211267605633804 0.046153846153846156
1.0 0.6619718309859155 0.3 0.03286384976525822 0.06153846153846154
9.0 0.6654929577464789 0.3141025641025641 0.035211267605633804 0.05897435897435897
1.0 0.5903755868544601 0.37051282051282053 0.025821596244131457 0.04358974358974359
1.0 0.5927230046948356 0.3576923076923077 0.03051643192488263 0.05897435897435897
9.0 0.5938967136150235 0.3769230769230769 0.03755868544600939 0.07179487179487179
1.0 0.6995305164319249 0.40512820512820513 0.03286384976525822 0.06153846153846154
9.0 0.6995305164319249 0.41794871794871796 0.03286384976525822 0.08205128205128205
1.0 0.7429577464788732 0.28205128205128205 0.025821596244131457 0.046153846153846156
2.0 0.7453051643192489 0.2935897435897436 0.025821596244131457 0.04871794871794872
3.0 0.9765258215962441 0.4256410256410256 0.014084507042253521 0.035897435897435895
3.0 0.9694835680751174 0.4076923076923077 0.014084507042253521 0.035897435897435895
3.0 0.9495305164319249 0.36538461538461536 0.025821596244131457 0.05384615384615385
3.0 0.9389671361502347 0.3435897435897436 0.023474178403755867 0.046153846153846156
3.0 0.8838028169014085 0.25 0.035211267605633804 0.04871794871794872
3.0 0.8708920187793427 0.23461538461538461 0.04225352112676056 0.04871794871794872
4.0 0.8661971830985915 0.22564102564102564 0.03755868544600939 0.046153846153846156
4.0 0.8603286384976526 0.21666666666666667 0.03990610328638498 0.04358974358974359
3.0 0.8509389671361502 0.2076923076923077 0.03990610328638498 0.046153846153846156
3.0 0.8450704225352113 0.2012820512820513 0.04225352112676056 0.04358974358974359
3.0 0.8438967136150235 0.19487179487179487 0.03990610328638498 0.041025641025641026
3.0 0.8345070422535211 0.1858974358974359 0.03990610328638498 0.038461538461538464
4.0 0.8262910798122066 0.17307692307692307 0.03755868544600939 0.038461538461538464
3.0 0.8192488262910798 0.16666666666666666 0.03755868544600939 0.035897435897435895
3.0 0.7946009389671361 0.14487179487179488 0.035211267605633804 0.03333333333333333
4.0 0.7676056338028169 0.12435897435897436 0.04225352112676056 0.03333333333333333
5.0 0.7429577464788732 0.10384615384615385 0.04460093896713615 0.028205128205128206
7.0 0.7359154929577465 0.09230769230769231 0.025821596244131457 0.020512820512820513
