0.0 0.2536764705882353 0.9055555555555556 0.07107843137254902 0.07777777777777778
0.0 0.28308823529411764 0.9166666666666666 0.061274509803921566 0.07222222222222222
0.0 0.31495098039215685 0.925 0.061274509803921566 0.06666666666666667
0.0 0.07230392156862746 0.7444444444444445 0.031862745098039214 0.07222222222222222
0.0 0.024509803921568627 0.6444444444444445 0.0196078431372549 0.06666666666666667
1.0 0.06740196078431372 0.6 0.01715686274509804 0.06111111111111111
0.0 0.04044117647058824 0.4791666666666667 0.007352941176470588 0.06944444444444445
9.0 0.03799019607843137 0.43333333333333335 0.012254901960784314 0.05555555555555555
0.0 0.014705882352941176 0.4888888888888889 0.004901960784313725 0.06111111111111111
0.0 0.00980392156862745 0.4875 0.004901960784313725 0.05277777777777778
0.0 0.12990196078431374 0.2916666666666667 0.024509803921568627 0.06666666666666667
0.0 0.13725490196078433 0.28888888888888886 0.024509803921568627 0.06666666666666667
1.0 0.2107843137254902 0.2222222222222222 0.03431372549019608 0.05555555555555555
1.0 0.22181372549019607 0.2152777777777778 0.03676470588235294 0.058333333333333334
1.0 0.24019607843137256 0.20277777777777778 0.04411764705882353 0.06111111111111111
1.0 0.30392156862745096 0.17083333333333334 0.0392156862745098 0.04722222222222222
1.0 0.32107843137254904 0.1625 0.03431372549019608 0.04722222222222222
1.0 0.35294117647058826 0.15 0.03431372549019608 0.05
0.0 0.24142156862745098 0.37083333333333335 0.03676470588235294 0.125
0.0 0.8370098039215687 0.4375 0.022058823529411766 0.075
0.0 0.7401960784313726 0.2708333333333333 0.04411764705882353 0.09722222222222222
0.0 0.7267156862745098 0.2569444444444444 0.041666666666666664 0.09722222222222222
0.0 0.7046568627450981 0.20416666666666666 0.03676470588235294 0.058333333333333334
0.0 0.6801470588235294 0.18472222222222223 0.041666666666666664 0.06944444444444445
0.0 0.6384803921568627 0.17777777777777778 0.041666666666666664 0.06666666666666667
0.0 0.04656862745098039 0.2569444444444444 0.00980392156862745 0.025
0.0 0.04411764705882353 0.25972222222222224 0.00980392156862745 0.025
1.0 0.049019607843137254 0.25416666666666665 0.00980392156862745 0.025
0.0 0.05024509803921569 0.2611111111111111 0.012254901960784314 0.027777777777777776
0.0 0.06862745098039216 0.2375 0.014705882352941176 0.030555555555555555
0.0 0.02696078431372549 0.30972222222222223 0.00980392156862745 0.03611111111111111
0.0 0.025735294117647058 0.3125 0.007352941176470588 0.019444444444444445
0.0 0.05269607843137255 0.24722222222222223 0.012254901960784314 0.027777777777777776
0.0 0.05759803921568627 0.24305555555555555 0.012254901960784314 0.030555555555555555
2.0 0.06862745098039216 0.2263888888888889 0.0196078431372549 0.030555555555555555
2.0 0.09803921568627451 0.20694444444444443 0.0196078431372549 0.030555555555555555
0.0 0.03676470588235294 0.275 0.00980392156862745 0.027777777777777776
0.0 0.03799019607843137 0.275 0.007352941176470588 0.022222222222222223
0.0 0.03676470588235294 0.2833333333333333 0.00980392156862745 0.027777777777777776
1.0 0.0428921568627451 0.25277777777777777 0.007352941176470588 0.016666666666666666
0.0 0.05392156862745098 0.2388888888888889 0.00980392156862745 0.022222222222222223
1.0 0.08333333333333333 0.20833333333333334 0.00980392156862745 0.022222222222222223
1.0 0.07598039215686274 0.21666666666666667 0.00980392156862745 0.022222222222222223
1.0 0.4522058823529412 0.12361111111111112 0.031862745098039214 0.041666666666666664
1.0 0.5845588235294118 0.11805555555555555 0.031862745098039214 0.041666666666666664
0.0 0.1801470588235294 0.15833333333333333 0.022058823529411766 0.03333333333333333
1.0 0.2340686274509804 0.11805555555555555 0.012254901960784314 0.013888888888888888
0.0 0.24019607843137256 0.11666666666666667 0.0196078431372549 0.027777777777777776
0.0 0.30392156862745096 0.08194444444444444 0.024509803921568627 0.025
6.0 0.26838235294117646 0.11944444444444445 0.07107843137254902 0.044444444444444446
0.0 0.27818627450980393 0.10694444444444444 0.01715686274509804 0.019444444444444445
0.0 0.49142156862745096 0.0625 0.01715686274509804 0.025
0.0 0.46568627450980393 0.058333333333333334 0.0196078431372549 0.022222222222222223
3.0 0.5968137254901961 0.06805555555555555 0.12990196078431374 0.04722222222222222
0.0 0.8272058823529411 0.2 0.031862745098039214 0.05
0.0 0.8909313725490197 0.27361111111111114 0.022058823529411766 0.05277777777777778
9.0 0.6458333333333334 0.12777777777777777 0.051470588235294115 0.03888888888888889
9.0 0.6482843137254902 0.12083333333333333 0.04656862745098039 0.030555555555555555
9.0 0.6862745098039216 0.12777777777777777 0.049019607843137254 0.03888888888888889
0.0 0.6997549019607843 0.11388888888888889 0.02696078431372549 0.03888888888888889
0.0 0.7561274509803921 0.12361111111111112 0.02696078431372549 0.03611111111111111
1.0 0.7401960784313726 0.11527777777777778 0.024509803921568627 0.025
0.0 0.7549019607843137 0.18333333333333332 0.024509803921568627 0.03333333333333333
0.0 0.741421568627451 0.16666666666666666 0.031862745098039214 0.05
0.0 0.7904411764705882 0.14583333333333334 0.022058823529411766 0.030555555555555555
0.0 0.803921568627451 0.15416666666666667 0.024509803921568627 0.03611111111111111
0.0 0.8161764705882353 0.15555555555555556 0.0196078431372549 0.027777777777777776
1.0 0.8272058823529411 0.15555555555555556 0.01715686274509804 0.022222222222222223
0.0 0.8259803921568627 0.14444444444444443 0.0196078431372549 0.027777777777777776
0.0 0.8504901960784313 0.17777777777777778 0.0196078431372549 0.03333333333333333
1.0 0.866421568627451 0.18611111111111112 0.012254901960784314 0.022222222222222223
0.0 0.8713235294117647 0.18333333333333332 0.01715686274509804 0.03333333333333333
0.0 0.8394607843137255 0.15555555555555556 0.022058823529411766 0.03333333333333333
0.0 0.8639705882352942 0.16527777777777777 0.01715686274509804 0.025
1.0 0.8995098039215687 0.2111111111111111 0.00980392156862745 0.016666666666666666
0.0 0.9044117647058824 0.21944444444444444 0.004901960784313725 0.016666666666666666
0.0 0.9044117647058824 0.25 0.0196078431372549 0.044444444444444446
0.0 0.9056372549019608 0.24027777777777778 0.012254901960784314 0.030555555555555555
0.0 0.9080882352941176 0.24444444444444444 0.01715686274509804 0.03888888888888889
0.0 0.9178921568627451 0.26805555555555555 0.01715686274509804 0.041666666666666664
0.0 0.9252450980392157 0.2791666666666667 0.01715686274509804 0.041666666666666664
0.0 0.9227941176470589 0.2722222222222222 0.01715686274509804 0.03888888888888889
1.0 0.9436274509803921 0.6583333333333333 0.0196078431372549 0.044444444444444446
1.0 0.9509803921568627 0.6638888888888889 0.014705882352941176 0.044444444444444446
1.0 0.9571078431372549 0.6458333333333334 0.012254901960784314 0.041666666666666664
0.0 0.9644607843137255 0.4111111111111111 0.012254901960784314 0.06111111111111111
0.0 0.9816176470588235 0.36527777777777776 0.007352941176470588 0.03611111111111111
0.0 0.9816176470588235 0.3597222222222222 0.007352941176470588 0.03611111111111111
0.0 0.9509803921568627 0.2777777777777778 0.014705882352941176 0.03333333333333333
0.0 0.9681372549019608 0.3 0.00980392156862745 0.027777777777777776
1.0 0.9595588235294118 0.2916666666666667 0.007352941176470588 0.022222222222222223
1.0 0.9571078431372549 0.2861111111111111 0.007352941176470588 0.022222222222222223
0.0 0.9252450980392157 0.25416666666666665 0.012254901960784314 0.030555555555555555
0.0 0.9338235294117647 0.25972222222222224 0.014705882352941176 0.03611111111111111
1.0 0.9068627450980392 0.20277777777777778 0.00980392156862745 0.016666666666666666
0.0 0.9080882352941176 0.21666666666666667 0.01715686274509804 0.03333333333333333
0.0 0.9387254901960784 0.25972222222222224 0.014705882352941176 0.03611111111111111
1.0 0.9240196078431373 0.22361111111111112 0.00980392156862745 0.019444444444444445
1.0 0.9215686274509803 0.22083333333333333 0.00980392156862745 0.019444444444444445
0.0 0.9252450980392157 0.25 0.01715686274509804 0.03333333333333333
0.0 0.9129901960784313 0.225 0.012254901960784314 0.027777777777777776
0.0 0.9154411764705882 0.22916666666666666 0.012254901960784314 0.030555555555555555
0.0 0.9191176470588235 0.23472222222222222 0.014705882352941176 0.030555555555555555
