3.0 0.3368544600938967 0.11025641025641025 0.03990610328638498 0.035897435897435895
5.0 0.3673708920187793 0.10384615384615385 0.05868544600938967 0.038461538461538464
3.0 0.33568075117370894 0.1717948717948718 0.056338028169014086 0.046153846153846156
3.0 0.49061032863849763 0.1358974358974359 0.056338028169014086 0.02564102564102564
5.0 0.5305164319248826 0.3141025641025641 0.3145539906103286 0.2948717948717949
3.0 0.7417840375586855 0.3782051282051282 0.11267605633802817 0.14615384615384616
5.0 0.29107981220657275 0.6564102564102564 0.3568075117370892 0.6615384615384615
0.0 0.07511737089201878 0.6948717948717948 0.03755868544600939 0.09743589743589744
3.0 0.09154929577464789 0.37435897435897436 0.03286384976525822 0.08205128205128205
3.0 0.13262910798122066 0.26282051282051283 0.035211267605633804 0.05384615384615385
3.0 0.11267605633802817 0.29743589743589743 0.03755868544600939 0.06153846153846154
3.0 0.1596244131455399 0.22435897435897437 0.028169014084507043 0.038461538461538464
