3.0 0.7593896713615024 0.9038461538461539 0.08215962441314555 0.0641025641025641
3.0 0.7511737089201878 0.882051282051282 0.07511737089201878 0.06153846153846154
0.0 0.7183098591549296 0.8794871794871795 0.03286384976525822 0.035897435897435895
3.0 0.7488262910798122 0.8615384615384616 0.07511737089201878 0.06153846153846154
8.0 0.09976525821596244 0.7987179487179488 0.08685446009389672 0.12564102564102564
3.0 0.11150234741784038 0.7987179487179488 0.04460093896713615 0.0641025641025641
3.0 0.10093896713615023 0.764102564102564 0.03755868544600939 0.06153846153846154
3.0 0.14788732394366197 0.8551282051282051 0.056338028169014086 0.06923076923076923
4.0 0.1396713615023474 0.8256410256410256 0.0539906103286385 0.07179487179487179
4.0 0.18544600938967137 0.882051282051282 0.07511737089201878 0.07692307692307693
4.0 0.13262910798122066 0.7974358974358975 0.04929577464788732 0.06666666666666667
3.0 0.1784037558685446 0.8564102564102564 0.056338028169014086 0.06153846153846154
3.0 0.16784037558685447 0.823076923076923 0.0539906103286385 0.06153846153846154
3.0 0.13262910798122066 0.7794871794871795 0.03990610328638498 0.05641025641025641
3.0 0.13028169014084506 0.7576923076923077 0.03990610328638498 0.05897435897435897
3.0 0.1255868544600939 0.7282051282051282 0.035211267605633804 0.05641025641025641
3.0 0.1068075117370892 0.691025641025641 0.03051643192488263 0.05384615384615385
3.0 0.2112676056338028 0.8397435897435898 0.056338028169014086 0.05897435897435897
3.0 0.21713615023474178 0.8692307692307693 0.05868544600938967 0.06153846153846154
3.0 0.2323943661971831 0.9038461538461539 0.06572769953051644 0.05897435897435897
3.0 0.24178403755868544 0.9256410256410257 0.056338028169014086 0.041025641025641026
4.0 0.29694835680751175 0.9435897435897436 0.07276995305164319 0.05128205128205128
3.0 0.2934272300469484 0.9243589743589744 0.07042253521126761 0.05384615384615385
4.0 0.27230046948356806 0.8833333333333333 0.07042253521126761 0.0641025641025641
3.0 0.11619718309859155 0.5538461538461539 0.011737089201877934 0.03076923076923077
3.0 0.45422535211267606 0.7064102564102565 0.0539906103286385 0.04358974358974359
3.0 0.5246478873239436 0.6833333333333333 0.0539906103286385 0.04871794871794872
3.0 0.4061032863849765 0.6743589743589744 0.06103286384976526 0.05128205128205128
3.0 0.4284037558685446 0.6512820512820513 0.0539906103286385 0.046153846153846156
3.0 0.49765258215962443 0.6435897435897436 0.051643192488262914 0.041025641025641026
3.0 0.42018779342723006 0.6217948717948718 0.04225352112676056 0.038461538461538464
3.0 0.4847417840375587 0.6076923076923076 0.04460093896713615 0.041025641025641026
3.0 0.47183098591549294 0.5782051282051283 0.04225352112676056 0.04358974358974359
3.0 0.4025821596244131 0.5833333333333334 0.04460093896713615 0.04358974358974359
3.0 0.397887323943662 0.5576923076923077 0.035211267605633804 0.03333333333333333
3.0 0.4565727699530516 0.55 0.04460093896713615 0.04358974358974359
3.0 0.4507042253521127 0.532051282051282 0.03755868544600939 0.03333333333333333
3.0 0.392018779342723 0.541025641025641 0.03286384976525822 0.035897435897435895
3.0 0.5 0.5102564102564102 0.03286384976525822 0.041025641025641026
3.0 0.49178403755868544 0.4756410256410256 0.03051643192488263 0.028205128205128206
3.0 0.4835680751173709 0.4576923076923077 0.03286384976525822 0.03333333333333333
3.0 0.47769953051643194 0.4461538461538462 0.03051643192488263 0.03076923076923077
3.0 0.465962441314554 0.4346153846153846 0.03051643192488263 0.028205128205128206
3.0 0.465962441314554 0.4217948717948718 0.03051643192488263 0.028205128205128206
4.0 0.4636150234741784 0.40897435897435896 0.03051643192488263 0.023076923076923078
8.0 0.45892018779342725 0.38076923076923075 0.04460093896713615 0.04871794871794872
8.0 0.45539906103286387 0.35128205128205126 0.03286384976525822 0.041025641025641026
3.0 0.4812206572769953 0.34487179487179487 0.03755868544600939 0.017948717948717947
3.0 0.49413145539906106 0.3346153846153846 0.03990610328638498 0.023076923076923078
3.0 0.4225352112676056 0.3371794871794872 0.03755868544600939 0.017948717948717947
0.0 0.4307511737089202 0.35512820512820514 0.002347417840375587 0.017948717948717947
0.0 0.397887323943662 0.34487179487179487 0.007042253521126761 0.017948717948717947
3.0 0.3779342723004695 0.3435897435897436 0.04225352112676056 0.020512820512820513
3.0 0.35093896713615025 0.3435897435897436 0.025821596244131457 0.015384615384615385
3.0 0.3415492957746479 0.33974358974358976 0.03990610328638498 0.023076923076923078
1.0 0.30633802816901406 0.35 0.007042253521126761 0.01282051282051282
9.0 0.3075117370892019 0.3564102564102564 0.014084507042253521 0.015384615384615385
3.0 0.29107981220657275 0.3487179487179487 0.03286384976525822 0.020512820512820513
0.0 0.25821596244131456 0.36025641025641025 0.004694835680751174 0.017948717948717947
3.0 0.23591549295774647 0.358974358974359 0.03051643192488263 0.020512820512820513
3.0 0.22769953051643194 0.38461538461538464 0.014084507042253521 0.020512820512820513
3.0 0.21244131455399062 0.41025641025641024 0.01643192488262911 0.02564102564102564
1.0 0.19953051643192488 0.3717948717948718 0.004694835680751174 0.010256410256410256
2.0 0.1983568075117371 0.37564102564102564 0.007042253521126761 0.007692307692307693
3.0 0.20657276995305165 0.37564102564102564 0.014084507042253521 0.017948717948717947
3.0 0.20539906103286384 0.36666666666666664 0.02112676056338028 0.015384615384615385
3.0 0.20657276995305165 0.36025641025641025 0.018779342723004695 0.017948717948717947
3.0 0.1936619718309859 0.36153846153846153 0.01643192488262911 0.015384615384615385
3.0 0.18427230046948356 0.38461538461538464 0.011737089201877934 0.015384615384615385
3.0 0.1807511737089202 0.37564102564102564 0.018779342723004695 0.017948717948717947
3.0 0.18427230046948356 0.36923076923076925 0.01643192488262911 0.015384615384615385
3.0 0.17136150234741784 0.4115384615384615 0.009389671361502348 0.023076923076923078
3.0 0.1772300469483568 0.41794871794871796 0.011737089201877934 0.020512820512820513
1.0 0.16666666666666666 0.42948717948717946 0.004694835680751174 0.01282051282051282
2.0 0.16666666666666666 0.43974358974358974 0.004694835680751174 0.01282051282051282
4.0 0.15610328638497653 0.4307692307692308 0.011737089201877934 0.02564102564102564
3.0 0.1431924882629108 0.4641025641025641 0.009389671361502348 0.020512820512820513
3.0 0.13615023474178403 0.4782051282051282 0.009389671361502348 0.017948717948717947
3.0 0.13145539906103287 0.491025641025641 0.009389671361502348 0.023076923076923078
0.0 0.036384976525821594 0.48846153846153845 0.002347417840375587 0.01282051282051282
3.0 0.29225352112676056 0.37564102564102564 0.01643192488262911 0.023076923076923078
3.0 0.2875586854460094 0.391025641025641 0.02112676056338028 0.023076923076923078
3.0 0.28169014084507044 0.4064102564102564 0.018779342723004695 0.023076923076923078
3.0 0.27816901408450706 0.4153846153846154 0.01643192488262911 0.020512820512820513
3.0 0.32629107981220656 0.37051282051282053 0.018779342723004695 0.017948717948717947
4.0 0.3215962441314554 0.38974358974358975 0.018779342723004695 0.02564102564102564
3.0 0.3215962441314554 0.44358974358974357 0.023474178403755867 0.03076923076923077
3.0 0.3615023474178404 0.37435897435897436 0.023474178403755867 0.03076923076923077
3.0 0.3591549295774648 0.38846153846153847 0.023474178403755867 0.023076923076923078
3.0 0.357981220657277 0.4153846153846154 0.025821596244131457 0.03076923076923077
4.0 0.3615023474178404 0.42948717948717946 0.023474178403755867 0.028205128205128206
3.0 0.3673708920187793 0.44743589743589746 0.025821596244131457 0.028205128205128206
3.0 0.3673708920187793 0.46025641025641023 0.025821596244131457 0.023076923076923078
3.0 0.3720657276995305 0.48717948717948717 0.025821596244131457 0.03076923076923077
3.0 0.3779342723004695 0.5038461538461538 0.03286384976525822 0.028205128205128206
3.0 0.3685446009389671 0.5217948717948718 0.03286384976525822 0.03333333333333333
3.0 0.3931924882629108 0.5423076923076923 0.03051643192488263 0.03333333333333333
3.0 0.39906103286384975 0.5576923076923077 0.03755868544600939 0.028205128205128206
3.0 0.4014084507042254 0.5820512820512821 0.04225352112676056 0.041025641025641026
3.0 0.42018779342723006 0.6230769230769231 0.046948356807511735 0.035897435897435895
3.0 0.4272300469483568 0.6551282051282051 0.051643192488262914 0.04358974358974359
3.0 0.4061032863849765 0.6743589743589744 0.06103286384976526 0.05128205128205128
3.0 0.45305164319248825 0.7051282051282052 0.056338028169014086 0.05128205128205128
3.0 0.4424882629107981 0.5166666666666667 0.035211267605633804 0.03333333333333333
3.0 0.43309859154929575 0.4987179487179487 0.035211267605633804 0.023076923076923078
3.0 0.4272300469483568 0.4794871794871795 0.03286384976525822 0.035897435897435895
3.0 0.42018779342723006 0.46025641025641023 0.028169014084507043 0.03333333333333333
8.0 0.4166666666666667 0.4256410256410256 0.04929577464788732 0.07179487179487179
3.0 0.4025821596244131 0.391025641025641 0.025821596244131457 0.028205128205128206
3.0 0.4025821596244131 0.37435897435897436 0.02112676056338028 0.015384615384615385
3.0 0.40375586854460094 0.36538461538461536 0.018779342723004695 0.017948717948717947
