3.0 0.6151832460732984 0.93125 0.09424083769633508 0.1
3.0 0.7212041884816754 0.903125 0.10209424083769633 0.1125
3.0 0.6387434554973822 0.8109375 0.09424083769633508 0.128125
3.0 0.3900523560209424 0.484375 0.06282722513089005 0.1
3.0 0.23821989528795812 0.5875 0.06806282722513089 0.125
3.0 0.49476439790575916 0.5640625 0.12041884816753927 0.109375
3.0 0.08900523560209424 0.6953125 0.06282722513089005 0.128125
3.0 0.06806282722513089 0.5390625 0.03664921465968586 0.096875
3.0 0.03926701570680628 0.4828125 0.02617801047120419 0.046875
3.0 0.5641361256544503 0.353125 0.06544502617801047 0.075
3.0 0.43324607329842935 0.2046875 0.03926701570680628 0.034375
3.0 0.42277486910994766 0.14375 0.028795811518324606 0.025
3.0 0.3586387434554974 0.1875 0.03664921465968586 0.0375
3.0 0.3468586387434555 0.1578125 0.028795811518324606 0.028125
3.0 0.20680628272251309 0.3390625 0.04712041884816754 0.065625
3.0 0.2696335078534031 0.246875 0.04712041884816754 0.05625
5.0 0.29581151832460734 0.9109375 0.12041884816753927 0.134375
4.0 0.41361256544502617 0.890625 0.07329842931937172 0.1
6.0 0.5863874345549738 0.653125 0.05235602094240838 0.0875
1.0 0.5890052356020943 0.6296875 0.031413612565445025 0.040625
4.0 0.6649214659685864 0.64375 0.07329842931937172 0.125
3.0 0.7552356020942408 0.5453125 0.0968586387434555 0.084375
3.0 0.7539267015706806 0.490625 0.08900523560209424 0.075
3.0 0.7486910994764397 0.4328125 0.09424083769633508 0.065625
3.0 0.7395287958115183 0.2921875 0.07068062827225131 0.059375
3.0 0.5824607329842932 0.2921875 0.060209424083769635 0.053125
3.0 0.5837696335078534 0.1625 0.04712041884816754 0.03125
3.0 0.03926701570680628 0.6796875 0.03664921465968586 0.096875
3.0 0.07068062827225131 0.8046875 0.041884816753926704 0.059375
3.0 0.04319371727748691 0.759375 0.028795811518324606 0.06875
9.0 0.05366492146596859 0.6625 0.013089005235602094 0.05
2.0 0.05759162303664921 0.7078125 0.015706806282722512 0.040625
9.0 0.06806282722513089 0.60625 0.020942408376963352 0.04375
3.0 0.06806282722513089 0.390625 0.015706806282722512 0.0375
5.0 0.14790575916230367 0.375 0.060209424083769635 0.06875
7.0 0.11125654450261781 0.321875 0.013089005235602094 0.0375
5.0 0.4698952879581152 0.3125 0.060209424083769635 0.075
8.0 0.4986910994764398 0.171875 0.0549738219895288 0.0625
7.0 0.5732984293193717 0.215625 0.041884816753926704 0.0375
3.0 0.3730366492146597 0.1265625 0.028795811518324606 0.021875
3.0 0.4816753926701571 0.0671875 0.015706806282722512 0.009375
4.0 0.3102094240837696 0.19375 0.034031413612565446 0.0375
6.0 0.8429319371727748 0.49375 0.015706806282722512 0.05
0.0 0.8272251308900523 0.6546875 0.020942408376963352 0.059375
0.0 0.8363874345549738 0.659375 0.01832460732984293 0.05
0.0 0.8363874345549738 0.7015625 0.01832460732984293 0.053125
0.0 0.8481675392670157 0.6953125 0.015706806282722512 0.046875
0.0 0.7918848167539267 0.371875 0.013089005235602094 0.04375
0.0 0.6557591623036649 0.4140625 0.02356020942408377 0.053125
1.0 0.6073298429319371 0.36875 0.020942408376963352 0.05
2.0 0.6073298429319371 0.3796875 0.015706806282722512 0.046875
0.0 0.5340314136125655 0.2578125 0.015706806282722512 0.040625
1.0 0.5117801047120419 0.325 0.01832460732984293 0.03125
6.0 0.518324607329843 0.334375 0.03664921465968586 0.05625
1.0 0.39659685863874344 0.3625 0.01832460732984293 0.0375
1.0 0.42277486910994766 0.346875 0.01832460732984293 0.0375
9.0 0.42408376963350786 0.3625 0.015706806282722512 0.0375
9.0 0.39528795811518325 0.36875 0.020942408376963352 0.05
4.0 0.2107329842931937 0.2734375 0.049738219895287955 0.046875
4.0 0.19240837696335078 0.303125 0.04450261780104712 0.05
1.0 0.13743455497382198 0.584375 0.013089005235602094 0.05
2.0 0.1400523560209424 0.6 0.01832460732984293 0.04375
1.0 0.15968586387434555 0.69375 0.020942408376963352 0.05625
9.0 0.16099476439790575 0.7015625 0.02356020942408377 0.059375
0.0 0.2630890052356021 0.2875 0.01832460732984293 0.0375
0.0 0.31544502617801046 0.2203125 0.013089005235602094 0.028125
0.0 0.32460732984293195 0.1953125 0.015706806282722512 0.028125
0.0 0.33507853403141363 0.196875 0.010471204188481676 0.025
3.0 0.30497382198952877 0.159375 0.0549738219895288 0.0375
4.0 0.3206806282722513 0.15 0.04450261780104712 0.03125
4.0 0.32329842931937175 0.1375 0.049738219895287955 0.03125
3.0 0.3285340314136126 0.13125 0.0549738219895288 0.03125
9.0 0.1518324607329843 0.259375 0.010471204188481676 0.01875
9.0 0.8586387434554974 0.5796875 0.02617801047120419 0.040625
2.0 0.7356020942408377 0.6140625 0.04712041884816754 0.040625
0.0 0.824607329842932 0.334375 0.010471204188481676 0.0375
0.0 0.8272251308900523 0.3671875 0.010471204188481676 0.034375
0.0 0.768324607329843 0.265625 0.013089005235602094 0.03125
4.0 0.6086387434554974 0.1453125 0.028795811518324606 0.028125
4.0 0.5602094240837696 0.1453125 0.031413612565445025 0.028125
3.0 0.5968586387434555 0.0953125 0.020942408376963352 0.015625
3.0 0.574607329842932 0.08125 0.01832460732984293 0.0125
3.0 0.5418848167539267 0.0515625 0.010471204188481676 0.009375
3.0 0.46465968586387435 0.059375 0.013089005235602094 0.00625
3.0 0.45287958115183247 0.0546875 0.015706806282722512 0.009375
5.0 0.7382198952879581 0.1875 0.06282722513089005 0.05
3.0 0.7146596858638743 0.15625 0.05235602094240838 0.0375
3.0 0.7028795811518325 0.1421875 0.04450261780104712 0.028125
3.0 0.7120418848167539 0.1515625 0.03664921465968586 0.021875
3.0 0.7827225130890052 0.16875 0.031413612565445025 0.025
3.0 0.7513089005235603 0.1375 0.031413612565445025 0.025
3.0 0.7761780104712042 0.1421875 0.02356020942408377 0.021875
3.0 0.7709424083769634 0.134375 0.02356020942408377 0.01875
3.0 0.6740837696335078 0.1078125 0.03926701570680628 0.021875
3.0 0.6714659685863874 0.103125 0.034031413612565446 0.01875
3.0 0.6583769633507853 0.0859375 0.034031413612565446 0.015625
3.0 0.6714659685863874 0.0984375 0.034031413612565446 0.015625
6.0 0.7329842931937173 0.1328125 0.015706806282722512 0.015625
4.0 0.7473821989528796 0.1171875 0.013089005235602094 0.015625
3.0 0.6544502617801047 0.071875 0.015706806282722512 0.0125
6.0 0.7879581151832461 0.1765625 0.020942408376963352 0.015625
1.0 0.518324607329843 0.11875 0.005235602094240838 0.0125
0.0 0.5759162303664922 0.11875 0.005235602094240838 0.0125
1.0 0.5497382198952879 0.103125 0.005235602094240838 0.00625
9.0 0.518324607329843 0.121875 0.005235602094240838 0.0125
9.0 0.5510471204188482 0.1078125 0.007853403141361256 0.009375
3.0 0.5052356020942408 0.0375 0.010471204188481676 0.00625
3.0 0.5196335078534031 0.034375 0.007853403141361256 0.00625
4.0 0.5157068062827225 0.04375 0.010471204188481676 0.00625
3.0 0.2513089005235602 0.215625 0.06282722513089005 0.05
4.0 0.25392670157068065 0.19375 0.05759162303664921 0.05
3.0 0.29450261780104714 0.1140625 0.034031413612565446 0.021875
4.0 0.3704188481675393 0.1015625 0.03926701570680628 0.021875
4.0 0.3599476439790576 0.0984375 0.03926701570680628 0.021875
4.0 0.3782722513089005 0.0890625 0.03926701570680628 0.021875
4.0 0.38612565445026176 0.078125 0.028795811518324606 0.0125
3.0 0.362565445026178 0.08125 0.01832460732984293 0.0125
3.0 0.38219895287958117 0.071875 0.031413612565445025 0.0125
3.0 0.3887434554973822 0.0671875 0.028795811518324606 0.009375
3.0 0.306282722513089 0.1 0.03664921465968586 0.01875
3.0 0.4790575916230366 0.0375 0.010471204188481676 0.00625
4.0 0.43586387434554974 0.0671875 0.01832460732984293 0.015625
3.0 0.4607329842931937 0.05 0.015706806282722512 0.00625
3.0 0.46727748691099474 0.046875 0.013089005235602094 0.00625
0.0 0.6858638743455497 0.1234375 0.005235602094240838 0.009375
0.0 0.6740837696335078 0.121875 0.007853403141361256 0.0125
8.0 0.6570680628272252 0.1296875 0.04712041884816754 0.065625
3.0 0.5968586387434555 0.13125 0.02617801047120419 0.01875
3.0 0.606020942408377 0.11875 0.02356020942408377 0.01875
4.0 0.48429319371727747 0.0328125 0.010471204188481676 0.009375
0.0 0.5706806282722513 0.046875 0.005235602094240838 0.00625
