3.0 0.3685446009389671 0.08974358974358974 0.018779342723004695 0.010256410256410256
0.0 0.05985915492957746 0.44871794871794873 0.007042253521126761 0.035897435897435895
0.0 0.06572769953051644 0.43205128205128207 0.004694835680751174 0.03333333333333333
0.0 0.06338028169014084 0.4307692307692308 0.004694835680751174 0.035897435897435895
0.0 0.06924882629107981 0.42435897435897435 0.007042253521126761 0.038461538461538464
0.0 0.0715962441314554 0.4115384615384615 0.007042253521126761 0.03333333333333333
0.0 0.07511737089201878 0.40384615384615385 0.004694835680751174 0.028205128205128206
0.0 0.06338028169014084 0.4256410256410256 0.004694835680751174 0.035897435897435895
1.0 0.04225352112676056 0.4217948717948718 0.004694835680751174 0.023076923076923078
2.0 0.04107981220657277 0.43205128205128207 0.002347417840375587 0.017948717948717947
2.0 0.03990610328638498 0.4256410256410256 0.004694835680751174 0.015384615384615385
0.0 0.04107981220657277 0.41923076923076924 0.002347417840375587 0.01282051282051282
0.0 0.7018779342723005 0.34487179487179487 0.018779342723004695 0.04871794871794872
0.0 0.7253521126760564 0.3628205128205128 0.014084507042253521 0.04358974358974359
0.0 0.7453051643192489 0.3769230769230769 0.011737089201877934 0.046153846153846156
0.0 0.7887323943661971 0.4653846153846154 0.009389671361502348 0.04871794871794872
0.0 0.7969483568075117 0.4653846153846154 0.011737089201877934 0.05384615384615385
0.0 0.7769953051643192 0.43974358974358974 0.009389671361502348 0.04358974358974359
0.0 0.7758215962441315 0.4256410256410256 0.011737089201877934 0.046153846153846156
0.0 0.7711267605633803 0.4115384615384615 0.011737089201877934 0.04358974358974359
1.0 0.7664319248826291 0.382051282051282 0.01643192488262911 0.041025641025641026
1.0 0.7629107981220657 0.3769230769230769 0.014084507042253521 0.041025641025641026
3.0 0.2535211267605634 0.10897435897435898 0.009389671361502348 0.007692307692307693
3.0 0.3075117370892019 0.08974358974358974 0.009389671361502348 0.005128205128205128
3.0 0.3145539906103286 0.08717948717948718 0.009389671361502348 0.005128205128205128
3.0 0.3145539906103286 0.08461538461538462 0.009389671361502348 0.005128205128205128
3.0 0.323943661971831 0.08333333333333333 0.009389671361502348 0.007692307692307693
3.0 0.3227699530516432 0.0858974358974359 0.011737089201877934 0.007692307692307693
3.0 0.3345070422535211 0.08461538461538462 0.011737089201877934 0.005128205128205128
5.0 0.34976525821596244 0.08205128205128205 0.023474178403755867 0.010256410256410256
3.0 0.3744131455399061 0.07692307692307693 0.011737089201877934 0.005128205128205128
3.0 0.38615023474178406 0.07307692307692308 0.01643192488262911 0.007692307692307693
8.0 0.4225352112676056 0.06666666666666667 0.028169014084507043 0.010256410256410256
4.0 0.4119718309859155 0.06923076923076923 0.011737089201877934 0.005128205128205128
3.0 0.40492957746478875 0.0858974358974359 0.01643192488262911 0.007692307692307693
3.0 0.42488262910798125 0.0858974358974359 0.018779342723004695 0.007692307692307693
3.0 0.4823943661971831 0.0782051282051282 0.02112676056338028 0.007692307692307693
3.0 0.49178403755868544 0.0858974358974359 0.02112676056338028 0.007692307692307693
8.0 0.5176056338028169 0.09102564102564102 0.03051643192488263 0.023076923076923078
3.0 0.4507042253521127 0.0858974358974359 0.018779342723004695 0.007692307692307693
3.0 0.4507042253521127 0.09230769230769231 0.018779342723004695 0.010256410256410256
1.0 0.4694835680751174 0.08846153846153847 0.004694835680751174 0.007692307692307693
2.0 0.4706572769953052 0.08974358974358974 0.011737089201877934 0.005128205128205128
3.0 0.4096244131455399 0.09487179487179487 0.02112676056338028 0.010256410256410256
3.0 0.40375586854460094 0.10384615384615385 0.018779342723004695 0.01282051282051282
3.0 0.4025821596244131 0.11666666666666667 0.025821596244131457 0.017948717948717947
3.0 0.38967136150234744 0.1371794871794872 0.03286384976525822 0.023076923076923078
3.0 0.44366197183098594 0.09615384615384616 0.018779342723004695 0.007692307692307693
4.0 0.44014084507042256 0.10128205128205128 0.02112676056338028 0.01282051282051282
3.0 0.4424882629107981 0.1076923076923077 0.02112676056338028 0.010256410256410256
3.0 0.44366197183098594 0.11282051282051282 0.023474178403755867 0.010256410256410256
3.0 0.44014084507042256 0.12307692307692308 0.025821596244131457 0.015384615384615385
0.0 0.49061032863849763 0.09615384615384616 0.004694835680751174 0.007692307692307693
4.0 0.4823943661971831 0.10384615384615385 0.02112676056338028 0.01282051282051282
3.0 0.49061032863849763 0.12051282051282051 0.03286384976525822 0.015384615384615385
3.0 0.47183098591549294 0.13846153846153847 0.03286384976525822 0.015384615384615385
3.0 0.4354460093896714 0.16923076923076924 0.03990610328638498 0.03076923076923077
3.0 0.38028169014084506 0.16538461538461538 0.03755868544600939 0.028205128205128206
3.0 0.3568075117370892 0.20384615384615384 0.046948356807511735 0.03333333333333333
3.0 0.568075117370892 0.18846153846153846 0.051643192488262914 0.03333333333333333
8.0 0.5410798122065728 0.2141025641025641 0.1056338028169014 0.07435897435897436
1.0 0.5974178403755869 0.3128205128205128 0.02112676056338028 0.035897435897435895
9.0 0.596244131455399 0.3282051282051282 0.023474178403755867 0.035897435897435895
3.0 0.5258215962441315 0.3487179487179487 0.07981220657276995 0.07179487179487179
3.0 0.37089201877934275 0.3782051282051282 0.07511737089201878 0.08461538461538462
3.0 0.2887323943661972 0.3435897435897436 0.056338028169014086 0.08205128205128205
3.0 0.5633802816901409 0.5102564102564102 0.0892018779342723 0.10256410256410256
3.0 0.5997652582159625 0.7051282051282052 0.12441314553990611 0.12307692307692308
3.0 0.6115023474178404 0.8423076923076923 0.12441314553990611 0.08974358974358974
3.0 0.42018779342723006 0.7948717948717948 0.107981220657277 0.09743589743589744
3.0 0.27816901408450706 0.6807692307692308 0.09624413145539906 0.12051282051282051
3.0 0.4448356807511737 0.9371794871794872 0.09624413145539906 0.04871794871794872
3.0 0.6150234741784038 0.941025641025641 0.107981220657277 0.06153846153846154
3.0 0.3227699530516432 0.9384615384615385 0.11502347417840375 0.07692307692307693
0.0 0.6596244131455399 0.22692307692307692 0.028169014084507043 0.04871794871794872
0.0 0.2546948356807512 0.2564102564102564 0.025821596244131457 0.046153846153846156
0.0 0.8028169014084507 0.30128205128205127 0.03286384976525822 0.0641025641025641
0.0 0.8075117370892019 0.2987179487179487 0.03286384976525822 0.0641025641025641
0.0 0.8227699530516432 0.2948717948717949 0.02112676056338028 0.05128205128205128
0.0 0.8227699530516432 0.2858974358974359 0.02112676056338028 0.04871794871794872
0.0 0.8204225352112676 0.28076923076923077 0.02112676056338028 0.04871794871794872
0.0 0.8215962441314554 0.2794871794871795 0.018779342723004695 0.046153846153846156
0.0 0.7711267605633803 0.2423076923076923 0.01643192488262911 0.03333333333333333
0.0 0.8474178403755869 0.31153846153846154 0.014084507042253521 0.03333333333333333
0.0 0.8603286384976526 0.3128205128205128 0.01643192488262911 0.046153846153846156
0.0 0.863849765258216 0.3141025641025641 0.018779342723004695 0.04871794871794872
0.0 0.8532863849765259 0.30128205128205127 0.02112676056338028 0.05384615384615385
0.0 0.8098591549295775 0.2230769230769231 0.014084507042253521 0.02564102564102564
0.0 0.818075117370892 0.22948717948717948 0.011737089201877934 0.023076923076923078
0.0 0.7887323943661971 0.191025641025641 0.009389671361502348 0.017948717948717947
0.0 0.7946009389671361 0.1935897435897436 0.011737089201877934 0.017948717948717947
2.0 0.8403755868544601 0.6 0.018779342723004695 0.06153846153846154
0.0 0.8497652582159625 0.7461538461538462 0.03286384976525822 0.06666666666666667
2.0 0.8603286384976526 0.7717948717948718 0.03051643192488263 0.041025641025641026
2.0 0.852112676056338 0.7897435897435897 0.03755868544600939 0.046153846153846156
2.0 0.8321596244131455 0.8166666666666667 0.04929577464788732 0.05384615384615385
0.0 0.9166666666666666 0.7256410256410256 0.01643192488262911 0.035897435897435895
1.0 0.9284037558685446 0.7025641025641025 0.011737089201877934 0.03076923076923077
2.0 0.9237089201877934 0.717948717948718 0.01643192488262911 0.035897435897435895
0.0 0.926056338028169 0.7166666666666667 0.01643192488262911 0.04358974358974359
0.0 0.931924882629108 0.7012820512820512 0.014084507042253521 0.038461538461538464
1.0 0.9401408450704225 0.6884615384615385 0.011737089201877934 0.028205128205128206
9.0 0.9342723004694836 0.7025641025641025 0.014084507042253521 0.03076923076923077
3.0 0.30633802816901406 0.09615384615384616 0.011737089201877934 0.007692307692307693
0.0 0.2535211267605634 0.12307692307692308 0.009389671361502348 0.010256410256410256
0.0 0.2112676056338028 0.14615384615384616 0.009389671361502348 0.010256410256410256
0.0 0.2147887323943662 0.14358974358974358 0.007042253521126761 0.010256410256410256
0.0 0.2312206572769953 0.13333333333333333 0.007042253521126761 0.010256410256410256
0.0 0.1772300469483568 0.16923076923076924 0.007042253521126761 0.010256410256410256
1.0 0.1795774647887324 0.19230769230769232 0.007042253521126761 0.010256410256410256
2.0 0.1772300469483568 0.19743589743589743 0.007042253521126761 0.010256410256410256
0.0 0.20892018779342722 0.17564102564102563 0.009389671361502348 0.01282051282051282
0.0 0.20774647887323944 0.17564102564102563 0.007042253521126761 0.01282051282051282
0.0 0.2136150234741784 0.17051282051282052 0.009389671361502348 0.01282051282051282
0.0 0.15845070422535212 0.23461538461538461 0.011737089201877934 0.023076923076923078
0.0 0.1467136150234742 0.25 0.011737089201877934 0.023076923076923078
0.0 0.14788732394366197 0.23974358974358975 0.009389671361502348 0.017948717948717947
1.0 0.142018779342723 0.25 0.007042253521126761 0.01282051282051282
2.0 0.1396713615023474 0.2564102564102564 0.007042253521126761 0.010256410256410256
3.0 0.0528169014084507 0.7423076923076923 0.04460093896713615 0.08974358974358974
4.0 0.07629107981220658 0.7602564102564102 0.06807511737089202 0.12564102564102564
3.0 0.10915492957746478 0.7653846153846153 0.06807511737089202 0.10512820512820513
8.0 0.1643192488262911 0.791025641025641 0.19248826291079812 0.2794871794871795
3.0 0.05516431924882629 0.6538461538461539 0.035211267605633804 0.08717948717948718
3.0 0.07394366197183098 0.6653846153846154 0.03990610328638498 0.08974358974358974
3.0 0.11384976525821597 0.6602564102564102 0.0539906103286385 0.1
3.0 0.1068075117370892 0.5769230769230769 0.035211267605633804 0.08205128205128205
3.0 0.08333333333333333 0.5269230769230769 0.02112676056338028 0.0641025641025641
3.0 0.06338028169014084 0.5038461538461538 0.014084507042253521 0.05384615384615385
3.0 0.12323943661971831 0.48846153846153845 0.025821596244131457 0.07435897435897436
3.0 0.13615023474178403 0.4269230769230769 0.03286384976525822 0.06923076923076923
3.0 0.2112676056338028 0.34102564102564104 0.046948356807511735 0.07179487179487179
3.0 0.1643192488262911 0.34615384615384615 0.04225352112676056 0.06666666666666667
3.0 0.1068075117370892 0.40384615384615385 0.025821596244131457 0.05384615384615385
8.0 0.10211267605633803 0.36538461538461536 0.035211267605633804 0.07948717948717948
8.0 0.7276995305164319 0.5038461538461538 0.1267605633802817 0.28974358974358977
0.0 0.1596244131455399 0.29615384615384616 0.018779342723004695 0.04358974358974359
0.0 0.15492957746478872 0.28846153846153844 0.018779342723004695 0.04871794871794872
0.0 0.10915492957746478 0.31794871794871793 0.01643192488262911 0.041025641025641026
0.0 0.09859154929577464 0.32564102564102565 0.014084507042253521 0.041025641025641026
0.0 0.07511737089201878 0.3525641025641026 0.009389671361502348 0.03333333333333333
0.0 0.057511737089201875 0.367948717948718 0.007042253521126761 0.028205128205128206
0.0 0.02699530516431925 0.6064102564102564 0.007042253521126761 0.038461538461538464
0.0 0.01995305164319249 0.6 0.007042253521126761 0.035897435897435895
0.0 0.017605633802816902 0.5935897435897436 0.007042253521126761 0.03333333333333333
0.0 0.015258215962441314 0.5961538461538461 0.007042253521126761 0.038461538461538464
0.0 0.009389671361502348 0.5923076923076923 0.004694835680751174 0.03076923076923077
0.0 0.007042253521126761 0.5794871794871795 0.004694835680751174 0.03076923076923077
2.0 0.028169014084507043 0.5923076923076923 0.004694835680751174 0.02564102564102564
2.0 0.029342723004694836 0.5743589743589743 0.007042253521126761 0.02564102564102564
2.0 0.035211267605633804 0.5782051282051283 0.004694835680751174 0.038461538461538464
0.0 0.02112676056338028 0.5538461538461539 0.004694835680751174 0.035897435897435895
9.0 0.025821596244131457 0.5551282051282052 0.004694835680751174 0.017948717948717947
2.0 0.025821596244131457 0.5525641025641026 0.004694835680751174 0.023076923076923078
2.0 0.028169014084507043 0.5448717948717948 0.004694835680751174 0.028205128205128206
0.0 0.011737089201877934 0.5461538461538461 0.004694835680751174 0.03076923076923077
1.0 0.008215962441314555 0.5448717948717948 0.002347417840375587 0.023076923076923078
2.0 0.009389671361502348 0.5551282051282052 0.004694835680751174 0.023076923076923078
1.0 0.008215962441314555 0.5333333333333333 0.002347417840375587 0.020512820512820513
2.0 0.008215962441314555 0.5435897435897435 0.002347417840375587 0.015384615384615385
0.0 0.0035211267605633804 0.5243589743589744 0.002347417840375587 0.028205128205128206
0.0 0.0035211267605633804 0.5230769230769231 0.002347417840375587 0.02564102564102564
0.0 0.005868544600938967 0.5256410256410257 0.002347417840375587 0.02564102564102564
0.0 0.008215962441314555 0.5102564102564102 0.002347417840375587 0.02564102564102564
0.0 0.009389671361502348 0.5115384615384615 0.0 0.023076923076923078
0.0 0.02112676056338028 0.48846153846153845 0.0 0.03333333333333333
0.0 0.022300469483568074 0.4858974358974359 0.002347417840375587 0.038461538461538464
0.0 0.03169014084507042 0.4128205128205128 0.007042253521126761 0.035897435897435895
0.0 0.03403755868544601 0.40897435897435896 0.007042253521126761 0.038461538461538464
0.0 0.023474178403755867 0.43333333333333335 0.004694835680751174 0.03076923076923077
0.0 0.0035211267605633804 0.48333333333333334 0.002347417840375587 0.023076923076923078
3.0 0.005868544600938967 0.48846153846153845 0.007042253521126761 0.023076923076923078
3.0 0.01056338028169014 0.4858974358974359 0.007042253521126761 0.04358974358974359
3.0 0.009389671361502348 0.46025641025641023 0.009389671361502348 0.028205128205128206
0.0 0.017605633802816902 0.44743589743589746 0.002347417840375587 0.023076923076923078
0.0 0.017605633802816902 0.44358974358974357 0.002347417840375587 0.020512820512820513
0.0 0.017605633802816902 0.44743589743589746 0.002347417840375587 0.023076923076923078
0.0 0.06103286384976526 0.34615384615384615 0.004694835680751174 0.015384615384615385
0.0 0.06103286384976526 0.34487179487179487 0.004694835680751174 0.017948717948717947
0.0 0.06455399061032864 0.34102564102564104 0.007042253521126761 0.020512820512820513
0.0 0.06690140845070422 0.34102564102564104 0.007042253521126761 0.02564102564102564
0.0 0.07629107981220658 0.3243589743589744 0.007042253521126761 0.023076923076923078
0.0 0.09272300469483569 0.31666666666666665 0.007042253521126761 0.017948717948717947
0.0 0.09507042253521127 0.31794871794871793 0.007042253521126761 0.020512820512820513
0.0 0.13028169014084506 0.27307692307692305 0.011737089201877934 0.023076923076923078
1.0 0.12793427230046947 0.2653846153846154 0.007042253521126761 0.01282051282051282
2.0 0.12323943661971831 0.27307692307692305 0.007042253521126761 0.01282051282051282
1.0 0.1255868544600939 0.258974358974359 0.007042253521126761 0.010256410256410256
2.0 0.12206572769953052 0.26666666666666666 0.004694835680751174 0.010256410256410256
1.0 0.13732394366197184 0.25 0.007042253521126761 0.01282051282051282
2.0 0.13380281690140844 0.258974358974359 0.004694835680751174 0.010256410256410256
1.0 0.13732394366197184 0.24743589743589745 0.007042253521126761 0.01282051282051282
2.0 0.13380281690140844 0.2564102564102564 0.004694835680751174 0.010256410256410256
0.0 0.09976525821596244 0.2987179487179487 0.007042253521126761 0.023076923076923078
0.0 0.09389671361502347 0.2987179487179487 0.009389671361502348 0.023076923076923078
0.0 0.09154929577464789 0.30128205128205127 0.009389671361502348 0.023076923076923078
0.0 0.08568075117370892 0.30256410256410254 0.007042253521126761 0.020512820512820513
0.0 0.08215962441314555 0.29615384615384616 0.004694835680751174 0.017948717948717947
0.0 0.07511737089201878 0.30128205128205127 0.004694835680751174 0.01282051282051282
0.0 0.07629107981220658 0.3 0.007042253521126761 0.015384615384615385
0.0 0.07042253521126761 0.3192307692307692 0.004694835680751174 0.017948717948717947
0.0 0.06924882629107981 0.3230769230769231 0.007042253521126761 0.020512820512820513
0.0 0.06690140845070422 0.3269230769230769 0.007042253521126761 0.023076923076923078
0.0 0.06338028169014084 0.3294871794871795 0.004694835680751174 0.017948717948717947
4.0 0.19014084507042253 0.17564102564102563 0.018779342723004695 0.023076923076923078
3.0 0.13380281690140844 0.2935897435897436 0.023474178403755867 0.03333333333333333
3.0 0.14906103286384975 0.28974358974358977 0.02112676056338028 0.035897435897435895
3.0 0.1807511737089202 0.27307692307692305 0.028169014084507043 0.038461538461538464
3.0 0.18544600938967137 0.2551282051282051 0.03286384976525822 0.038461538461538464
3.0 0.24295774647887325 0.21923076923076923 0.035211267605633804 0.038461538461538464
3.0 0.20892018779342722 0.22564102564102564 0.03286384976525822 0.035897435897435895
3.0 0.2300469483568075 0.20256410256410257 0.028169014084507043 0.03076923076923077
3.0 0.215962441314554 0.19615384615384615 0.028169014084507043 0.028205128205128206
3.0 0.24061032863849766 0.18846153846153846 0.025821596244131457 0.028205128205128206
3.0 0.2828638497652582 0.16794871794871793 0.03051643192488263 0.023076923076923078
3.0 0.30633802816901406 0.14358974358974358 0.025821596244131457 0.020512820512820513
3.0 0.352112676056338 0.11794871794871795 0.023474178403755867 0.015384615384615385
3.0 0.3192488262910798 0.1282051282051282 0.023474178403755867 0.015384615384615385
3.0 0.3286384976525822 0.11794871794871795 0.018779342723004695 0.015384615384615385
4.0 0.3392018779342723 0.10897435897435898 0.02112676056338028 0.01282051282051282
8.0 0.3438967136150235 0.10384615384615385 0.025821596244131457 0.017948717948717947
3.0 0.25234741784037557 0.17564102564102563 0.025821596244131457 0.023076923076923078
3.0 0.2652582159624413 0.1641025641025641 0.023474178403755867 0.020512820512820513
8.0 0.24061032863849766 0.16666666666666666 0.04460093896713615 0.046153846153846156
3.0 0.2793427230046948 0.14743589743589744 0.018779342723004695 0.017948717948717947
3.0 0.2875586854460094 0.13974358974358975 0.02112676056338028 0.017948717948717947
3.0 0.2992957746478873 0.1282051282051282 0.02112676056338028 0.015384615384615385
3.0 0.3075117370892019 0.12179487179487179 0.018779342723004695 0.01282051282051282
4.0 0.31690140845070425 0.11282051282051282 0.018779342723004695 0.015384615384615385
3.0 0.31572769953051644 0.11025641025641025 0.01643192488262911 0.010256410256410256
3.0 0.3086854460093897 0.11025641025641025 0.01643192488262911 0.010256410256410256
4.0 0.3215962441314554 0.10384615384615385 0.018779342723004695 0.01282051282051282
8.0 0.2699530516431925 0.13846153846153847 0.03755868544600939 0.035897435897435895
3.0 0.284037558685446 0.13076923076923078 0.018779342723004695 0.015384615384615385
3.0 0.29107981220657275 0.12179487179487179 0.018779342723004695 0.01282051282051282
3.0 0.29107981220657275 0.12051282051282051 0.014084507042253521 0.010256410256410256
3.0 0.29107981220657275 0.11666666666666667 0.018779342723004695 0.01282051282051282
1.0 0.12793427230046947 0.2423076923076923 0.007042253521126761 0.01282051282051282
2.0 0.1255868544600939 0.24871794871794872 0.007042253521126761 0.010256410256410256
3.0 0.13615023474178403 0.23205128205128206 0.009389671361502348 0.017948717948717947
0.0 0.1431924882629108 0.23205128205128206 0.009389671361502348 0.017948717948717947
0.0 0.1431924882629108 0.2282051282051282 0.009389671361502348 0.015384615384615385
0.0 0.1396713615023474 0.23076923076923078 0.007042253521126761 0.015384615384615385
