3.0 0.9143192488262911 0.7397435897435898 0.05868544600938967 0.1
3.0 0.6795774647887324 0.9461538461538461 0.11971830985915492 0.07692307692307693
4.0 0.47769953051643194 0.9141025641025641 0.15258215962441316 0.09487179487179487
3.0 0.6408450704225352 0.8 0.13615023474178403 0.13333333333333333
3.0 0.6384976525821596 0.6756410256410257 0.13615023474178403 0.14102564102564102
3.0 0.7852112676056338 0.6166666666666667 0.08215962441314555 0.11538461538461539
2.0 0.9401408450704225 0.5628205128205128 0.007042253521126761 0.038461538461538464
1.0 0.9424882629107981 0.5525641025641026 0.007042253521126761 0.04358974358974359
1.0 0.16549295774647887 0.29102564102564105 0.011737089201877934 0.023076923076923078
6.0 0.176056338028169 0.2794871794871795 0.018779342723004695 0.03076923076923077
3.0 0.5328638497652582 0.1346153846153846 0.04225352112676056 0.023076923076923078
1.0 0.6666666666666666 0.1346153846153846 0.009389671361502348 0.007692307692307693
6.0 0.6713615023474179 0.13846153846153847 0.018779342723004695 0.015384615384615385
3.0 0.5985915492957746 0.1076923076923077 0.03286384976525822 0.015384615384615385
3.0 0.5633802816901409 0.09358974358974359 0.028169014084507043 0.01282051282051282
3.0 0.704225352112676 0.11153846153846154 0.04225352112676056 0.023076923076923078
3.0 0.636150234741784 0.08846153846153847 0.04225352112676056 0.017948717948717947
3.0 0.6009389671361502 0.08461538461538462 0.04225352112676056 0.015384615384615385
3.0 0.24295774647887325 0.12692307692307692 0.025821596244131457 0.017948717948717947
