0.0 0.9656862745098039 0.3194444444444444 0.00980392156862745 0.03333333333333333
9.0 0.9583333333333334 0.3138888888888889 0.00980392156862745 0.022222222222222223
2.0 0.9656862745098039 0.3111111111111111 0.00980392156862745 0.022222222222222223
9.0 0.9534313725490197 0.3138888888888889 0.00980392156862745 0.022222222222222223
9.0 0.9056372549019608 0.2791666666666667 0.01715686274509804 0.03611111111111111
9.0 0.8958333333333334 0.2638888888888889 0.01715686274509804 0.03333333333333333
0.0 0.8492647058823529 0.26944444444444443 0.022058823529411766 0.05555555555555555
3.0 0.8946078431372549 0.36666666666666664 0.06862745098039216 0.10555555555555556
9.0 0.8811274509803921 0.3875 0.022058823529411766 0.058333333333333334
9.0 0.8786764705882353 0.41944444444444445 0.031862745098039214 0.06111111111111111
0.0 0.8958333333333334 0.44305555555555554 0.022058823529411766 0.075
3.0 0.9730392156862745 0.3541666666666667 0.0196078431372549 0.05277777777777778
3.0 0.9644607843137255 0.3680555555555556 0.02696078431372549 0.06944444444444445
3.0 0.9558823529411765 0.4 0.029411764705882353 0.07777777777777778
3.0 0.9791666666666666 0.48055555555555557 0.01715686274509804 0.07222222222222222
4.0 0.9889705882352942 0.425 0.012254901960784314 0.06111111111111111
3.0 0.9522058823529411 0.5777777777777777 0.041666666666666664 0.1111111111111111
3.0 0.8774509803921569 0.5486111111111112 0.08333333333333333 0.14722222222222223
3.0 0.8566176470588235 0.8222222222222222 0.13970588235294118 0.18888888888888888
4.0 0.8370098039215687 0.7666666666666667 0.14460784313725492 0.2111111111111111
0.0 0.7365196078431373 0.29444444444444445 0.031862745098039214 0.08333333333333333
0.0 0.7708333333333334 0.3388888888888889 0.03676470588235294 0.08333333333333333
9.0 0.7977941176470589 0.31805555555555554 0.041666666666666664 0.06388888888888888
9.0 0.7352941176470589 0.39861111111111114 0.058823529411764705 0.09722222222222222
9.0 0.7659313725490197 0.49583333333333335 0.07107843137254902 0.09722222222222222
9.0 0.7279411764705882 0.5625 0.058823529411764705 0.10277777777777777
9.0 0.6102941176470589 0.4736111111111111 0.0392156862745098 0.11944444444444445
4.0 0.6740196078431373 0.7180555555555556 0.24509803921568626 0.24722222222222223
0.0 0.6433823529411765 0.6736111111111112 0.03676470588235294 0.10833333333333334
0.0 0.5575980392156863 0.6972222222222222 0.051470588235294115 0.11666666666666667
0.0 0.5220588235294118 0.7347222222222223 0.04411764705882353 0.11388888888888889
2.0 0.508578431372549 0.3333333333333333 0.09558823529411764 0.06111111111111111
0.0 0.48161764705882354 0.37222222222222223 0.03676470588235294 0.08333333333333333
0.0 0.3860294117647059 0.2722222222222222 0.031862745098039214 0.07222222222222222
0.0 0.35784313725490197 0.3347222222222222 0.029411764705882353 0.09722222222222222
0.0 0.3700980392156863 0.3458333333333333 0.029411764705882353 0.09166666666666666
0.0 0.27205882352941174 0.4 0.0196078431372549 0.07222222222222222
9.0 0.31495098039215685 0.40694444444444444 0.07107843137254902 0.08611111111111111
1.0 0.3137254901960784 0.39305555555555555 0.0392156862745098 0.10833333333333334
2.0 0.40931372549019607 0.41388888888888886 0.04411764705882353 0.11666666666666667
2.0 0.36642156862745096 0.4361111111111111 0.051470588235294115 0.10555555555555556
9.0 0.39215686274509803 0.4986111111111111 0.0392156862745098 0.125
0.0 0.36151960784313725 0.5486111111111112 0.03676470588235294 0.13055555555555556
0.0 0.3333333333333333 0.5694444444444444 0.0392156862745098 0.1388888888888889
0.0 0.30392156862745096 0.5402777777777777 0.0392156862745098 0.1361111111111111
0.0 0.2965686274509804 0.5708333333333333 0.0392156862745098 0.11944444444444445
2.0 0.29411764705882354 0.6986111111111111 0.08333333333333333 0.10833333333333334
9.0 0.4227941176470588 0.6347222222222222 0.07598039215686274 0.11388888888888889
2.0 0.40931372549019607 0.6805555555555556 0.06372549019607843 0.1
2.0 0.23039215686274508 0.38333333333333336 0.029411764705882353 0.08333333333333333
9.0 0.21200980392156862 0.37777777777777777 0.031862745098039214 0.07777777777777778
9.0 0.19607843137254902 0.4444444444444444 0.024509803921568627 0.07777777777777778
0.0 0.13112745098039216 0.45555555555555555 0.01715686274509804 0.07777777777777778
9.0 0.18137254901960784 0.44305555555555554 0.024509803921568627 0.08611111111111111
1.0 0.21200980392156862 0.7694444444444445 0.051470588235294115 0.06666666666666667
9.0 0.09436274509803921 0.5902777777777778 0.02696078431372549 0.06944444444444445
9.0 0.0625 0.6625 0.02696078431372549 0.06944444444444445
3.0 0.09803921568627451 0.7611111111111111 0.10784313725490197 0.16111111111111112
0.0 0.09681372549019608 0.4861111111111111 0.007352941176470588 0.044444444444444446
0.0 0.08455882352941177 0.5041666666666667 0.012254901960784314 0.06944444444444445
0.0 0.09068627450980392 0.5013888888888889 0.00980392156862745 0.06944444444444445
0.0 0.0821078431372549 0.4888888888888889 0.007352941176470588 0.07222222222222222
0.0 0.08823529411764706 0.4736111111111111 0.00980392156862745 0.06944444444444445
0.0 0.0784313725490196 0.3972222222222222 0.014705882352941176 0.06111111111111111
0.0 0.07230392156862746 0.4013888888888889 0.012254901960784314 0.058333333333333334
0.0 0.025735294117647058 0.49722222222222223 0.007352941176470588 0.05555555555555555
0.0 0.05759803921568627 0.33611111111111114 0.012254901960784314 0.044444444444444446
0.0 0.06004901960784314 0.3472222222222222 0.012254901960784314 0.044444444444444446
0.0 0.03676470588235294 0.3527777777777778 0.00980392156862745 0.03888888888888889
3.0 0.03553921568627451 0.41388888888888886 0.02696078431372549 0.07777777777777778
9.0 0.03431372549019608 0.4722222222222222 0.00980392156862745 0.03888888888888889
9.0 0.03553921568627451 0.4861111111111111 0.012254901960784314 0.044444444444444446
9.0 0.04044117647058824 0.49722222222222223 0.012254901960784314 0.05555555555555555
9.0 0.0196078431372549 0.37777777777777777 0.00980392156862745 0.027777777777777776
9.0 0.01715686274509804 0.3611111111111111 0.004901960784313725 0.022222222222222223
0.0 0.025735294117647058 0.34305555555555556 0.012254901960784314 0.03611111111111111
0.0 0.03799019607843137 0.30694444444444446 0.012254901960784314 0.03611111111111111
9.0 0.051470588235294115 0.29305555555555557 0.014705882352941176 0.030555555555555555
0.0 0.0428921568627451 0.30833333333333335 0.012254901960784314 0.03333333333333333
9.0 0.041666666666666664 0.275 0.00980392156862745 0.022222222222222223
3.0 0.030637254901960783 0.3 0.012254901960784314 0.03333333333333333
1.0 0.4117647058823529 0.08333333333333333 0.03431372549019608 0.027777777777777776
1.0 0.5318627450980392 0.08194444444444444 0.029411764705882353 0.025
1.0 0.3639705882352941 0.09305555555555556 0.02696078431372549 0.030555555555555555
1.0 0.22426470588235295 0.14166666666666666 0.022058823529411766 0.027777777777777776
1.0 0.20220588235294118 0.15416666666666667 0.022058823529411766 0.030555555555555555
1.0 0.18137254901960784 0.16527777777777777 0.024509803921568627 0.030555555555555555
