0.0 0.9803921568627451 0.4986111111111111 0.0 0.008333333333333333
3.0 0.9718137254901961 0.33611111111111114 0.012254901960784314 0.044444444444444446
3.0 0.8982843137254902 0.2652777777777778 0.02696078431372549 0.058333333333333334
3.0 0.9068627450980392 0.2708333333333333 0.024509803921568627 0.05277777777777778
3.0 0.9154411764705882 0.2763888888888889 0.022058823529411766 0.05277777777777778
3.0 0.9264705882352942 0.2902777777777778 0.0196078431372549 0.05277777777777778
3.0 0.9362745098039216 0.2986111111111111 0.0196078431372549 0.05277777777777778
3.0 0.9411764705882353 0.3 0.0196078431372549 0.05
3.0 0.9448529411764706 0.2986111111111111 0.01715686274509804 0.04722222222222222
3.0 0.8578431372549019 0.8013888888888889 0.0392156862745098 0.041666666666666664
0.0 0.9607843137254902 0.6875 0.004901960784313725 0.008333333333333333
0.0 0.9007352941176471 0.7569444444444444 0.007352941176470588 0.008333333333333333
3.0 0.928921568627451 0.7388888888888889 0.014705882352941176 0.022222222222222223
3.0 0.9448529411764706 0.7208333333333333 0.01715686274509804 0.030555555555555555
9.0 0.9546568627450981 0.7125 0.007352941176470588 0.013888888888888888
4.0 0.875 0.8263888888888888 0.03431372549019608 0.05277777777777778
9.0 0.7120098039215687 0.9263888888888889 0.022058823529411766 0.013888888888888888
3.0 0.6617647058823529 0.9513888888888888 0.058823529411764705 0.041666666666666664
3.0 0.7205882352941176 0.7597222222222222 0.049019607843137254 0.08611111111111111
3.0 0.7389705882352942 0.6611111111111111 0.04656862745098039 0.10555555555555556
4.0 0.7279411764705882 0.31527777777777777 0.0392156862745098 0.08055555555555556
3.0 0.5955882352941176 0.4861111111111111 0.049019607843137254 0.13333333333333333
3.0 0.5600490196078431 0.1597222222222222 0.04656862745098039 0.06388888888888888
3.0 0.4583333333333333 0.12083333333333333 0.0392156862745098 0.05277777777777778
3.0 0.6678921568627451 0.09583333333333334 0.04656862745098039 0.04722222222222222
2.0 0.5588235294117647 0.07361111111111111 0.00980392156862745 0.013888888888888888
1.0 0.5575980392156863 0.07222222222222222 0.007352941176470588 0.005555555555555556
0.0 0.8517156862745098 0.8652777777777778 0.012254901960784314 0.013888888888888888
3.0 0.46691176470588236 0.9597222222222223 0.03676470588235294 0.030555555555555555
9.0 0.5318627450980392 0.6791666666666667 0.014705882352941176 0.041666666666666664
1.0 0.5318627450980392 0.6763888888888889 0.014705882352941176 0.019444444444444445
3.0 0.22549019607843138 0.8555555555555555 0.0392156862745098 0.05555555555555555
3.0 0.19117647058823528 0.7763888888888889 0.0392156862745098 0.06944444444444445
3.0 0.06495098039215687 0.775 0.01715686274509804 0.027777777777777776
3.0 0.05759803921568627 0.42083333333333334 0.012254901960784314 0.05277777777777778
3.0 0.023284313725490197 0.4097222222222222 0.012254901960784314 0.030555555555555555
4.0 0.022058823529411766 0.37916666666666665 0.00980392156862745 0.025
3.0 0.04411764705882353 0.31666666666666665 0.014705882352941176 0.044444444444444446
3.0 0.09558823529411764 0.2777777777777778 0.029411764705882353 0.06666666666666667
4.0 0.15318627450980393 0.44722222222222224 0.02696078431372549 0.11666666666666667
9.0 0.3639705882352941 0.027777777777777776 0.007352941176470588 0.005555555555555556
1.0 0.36519607843137253 0.025 0.00980392156862745 0.005555555555555556
