1.0 0.42670157068062825 0.9671875 0.02617801047120419 0.021875
1.0 0.4293193717277487 0.978125 0.031413612565445025 0.025
9.0 0.4306282722513089 0.9796875 0.03926701570680628 0.028125
2.0 0.3704188481675393 0.9109375 0.03926701570680628 0.046875
1.0 0.36649214659685864 0.896875 0.03664921465968586 0.04375
3.0 0.5091623036649214 0.525 0.08115183246073299 0.1125
4.0 0.4293193717277487 0.15625 0.041884816753926704 0.0375
7.0 0.32460732984293195 0.2 0.031413612565445025 0.04375
3.0 0.3769633507853403 0.115625 0.02617801047120419 0.025
3.0 0.2774869109947644 0.1453125 0.05759162303664921 0.040625
3.0 0.2774869109947644 0.13125 0.04712041884816754 0.03125
3.0 0.9345549738219895 0.7703125 0.07329842931937172 0.128125
0.0 0.36780104712041883 0.0546875 0.007853403141361256 0.009375
3.0 0.39528795811518325 0.0203125 0.010471204188481676 0.009375
3.0 0.38219895287958117 0.028125 0.005235602094240838 0.00625
9.0 0.3769633507853403 0.040625 0.005235602094240838 0.00625
9.0 0.3887434554973822 0.01875 0.002617801047120419 0.00625
1.0 0.3769633507853403 0.040625 0.005235602094240838 0.00625
1.0 0.3887434554973822 0.0171875 0.002617801047120419 0.003125
3.0 0.028795811518324606 0.328125 0.015706806282722512 0.03125
3.0 0.04057591623036649 0.3171875 0.01832460732984293 0.034375
3.0 0.030104712041884817 0.3390625 0.02356020942408377 0.040625
