3.0 0.13970588235294118 0.2513888888888889 0.00980392156862745 0.013888888888888888
3.0 0.16053921568627452 0.24027777777777778 0.012254901960784314 0.008333333333333333
5.0 0.20833333333333334 0.18888888888888888 0.024509803921568627 0.027777777777777776
3.0 0.22058823529411764 0.19305555555555556 0.00980392156862745 0.008333333333333333
3.0 0.23284313725490197 0.1875 0.00980392156862745 0.008333333333333333
5.0 0.14460784313725492 0.2875 0.0196078431372549 0.03611111111111111
5.0 0.20220588235294118 0.3013888888888889 0.04656862745098039 0.06944444444444445
3.0 0.23897058823529413 0.28888888888888886 0.022058823529411766 0.027777777777777776
3.0 0.1409313725490196 0.4 0.01715686274509804 0.027777777777777776
3.0 0.07598039215686274 0.5402777777777777 0.014705882352941176 0.030555555555555555
3.0 0.4068627450980392 0.3013888888888889 0.03431372549019608 0.030555555555555555
3.0 0.20955882352941177 0.9055555555555556 0.0661764705882353 0.05555555555555555
3.0 0.13480392156862744 0.8055555555555556 0.0392156862745098 0.05555555555555555
8.0 0.21200980392156862 0.8444444444444444 0.13480392156862744 0.15
4.0 0.30392156862745096 0.9277777777777778 0.09313725490196079 0.06666666666666667
3.0 0.38357843137254904 0.9486111111111111 0.0661764705882353 0.041666666666666664
3.0 0.375 0.8986111111111111 0.06862745098039216 0.04722222222222222
3.0 0.2928921568627451 0.8791666666666667 0.07107843137254902 0.058333333333333334
3.0 0.25245098039215685 0.8208333333333333 0.06372549019607843 0.06388888888888888
3.0 0.3284313725490196 0.8319444444444445 0.06862745098039216 0.058333333333333334
3.0 0.38480392156862747 0.85 0.08823529411764706 0.06111111111111111
3.0 0.2916666666666667 0.7763888888888889 0.058823529411764705 0.05277777777777778
4.0 0.3492647058823529 0.775 0.0857843137254902 0.08333333333333333
3.0 0.45955882352941174 0.7958333333333333 0.07107843137254902 0.05277777777777778
0.0 0.25 0.7430555555555556 0.014705882352941176 0.030555555555555555
8.0 0.22916666666666666 0.7361111111111112 0.11029411764705882 0.13333333333333333
3.0 0.31985294117647056 0.7125 0.07107843137254902 0.058333333333333334
3.0 0.4105392156862745 0.7416666666666667 0.0661764705882353 0.05555555555555555
3.0 0.38480392156862747 0.6847222222222222 0.058823529411764705 0.05277777777777778
3.0 0.3946078431372549 0.6069444444444444 0.06372549019607843 0.058333333333333334
3.0 0.44362745098039214 0.6958333333333333 0.06372549019607843 0.05277777777777778
3.0 0.44485294117647056 0.6430555555555556 0.061274509803921566 0.05277777777777778
3.0 0.49019607843137253 0.7277777777777777 0.06372549019607843 0.05
3.0 0.5416666666666666 0.6666666666666666 0.058823529411764705 0.06111111111111111
3.0 0.48284313725490197 0.5902777777777778 0.058823529411764705 0.05277777777777778
3.0 0.4730392156862745 0.5527777777777778 0.06372549019607843 0.05
3.0 0.5306372549019608 0.5111111111111111 0.061274509803921566 0.05
5.0 0.5906862745098039 0.5819444444444445 0.08333333333333333 0.125
3.0 0.5367647058823529 0.45 0.049019607843137254 0.044444444444444446
3.0 0.5674019607843137 0.4708333333333333 0.061274509803921566 0.05277777777777778
3.0 0.6433823529411765 0.5194444444444445 0.041666666666666664 0.044444444444444446
3.0 0.6041666666666666 0.49166666666666664 0.04656862745098039 0.044444444444444446
3.0 0.6605392156862745 0.4652777777777778 0.03676470588235294 0.041666666666666664
3.0 0.6703431372549019 0.4305555555555556 0.03676470588235294 0.03888888888888889
0.0 0.5526960784313726 0.37222222222222223 0.007352941176470588 0.03333333333333333
0.0 0.5428921568627451 0.3763888888888889 0.0024509803921568627 0.025
3.0 0.5747549019607843 0.3763888888888889 0.041666666666666664 0.03611111111111111
3.0 0.5845588235294118 0.3527777777777778 0.03676470588235294 0.027777777777777776
8.0 0.6213235294117647 0.39305555555555555 0.07107843137254902 0.10277777777777777
5.0 0.6372549019607843 0.31666666666666665 0.049019607843137254 0.08333333333333333
5.0 0.6446078431372549 0.27361111111111114 0.049019607843137254 0.06944444444444445
5.0 0.6838235294117647 0.36527777777777776 0.05392156862745098 0.10833333333333334
5.0 0.6911764705882353 0.30833333333333335 0.03431372549019608 0.05555555555555555
3.0 0.6862745098039216 0.275 0.024509803921568627 0.03333333333333333
3.0 0.6605392156862745 0.25 0.022058823529411766 0.022222222222222223
3.0 0.6948529411764706 0.2652777777777778 0.022058823529411766 0.025
3.0 0.6727941176470589 0.2375 0.01715686274509804 0.013888888888888888
3.0 0.6985294117647058 0.24722222222222223 0.014705882352941176 0.016666666666666666
3.0 0.7058823529411765 0.2388888888888889 0.014705882352941176 0.016666666666666666
3.0 0.7107843137254902 0.23194444444444445 0.014705882352941176 0.013888888888888888
8.0 0.6764705882352942 0.2152777777777778 0.0392156862745098 0.041666666666666664
3.0 0.7107843137254902 0.225 0.014705882352941176 0.016666666666666666
3.0 0.7144607843137255 0.21944444444444444 0.012254901960784314 0.011111111111111112
3.0 0.6887254901960784 0.20694444444444443 0.014705882352941176 0.013888888888888888
3.0 0.6936274509803921 0.20277777777777778 0.014705882352941176 0.011111111111111112
3.0 0.6924019607843137 0.1986111111111111 0.01715686274509804 0.013888888888888888
3.0 0.6973039215686274 0.19444444444444445 0.012254901960784314 0.011111111111111112
3.0 0.6948529411764706 0.18888888888888888 0.012254901960784314 0.011111111111111112
3.0 0.6985294117647058 0.18611111111111112 0.00980392156862745 0.011111111111111112
3.0 0.7009803921568627 0.18333333333333332 0.00980392156862745 0.011111111111111112
3.0 0.7046568627450981 0.18055555555555555 0.012254901960784314 0.011111111111111112
3.0 0.7181372549019608 0.20277777777777778 0.014705882352941176 0.011111111111111112
3.0 0.7169117647058824 0.20833333333333334 0.012254901960784314 0.011111111111111112
3.0 0.7156862745098039 0.21388888888888888 0.014705882352941176 0.011111111111111112
3.0 0.7205882352941176 0.2 0.00980392156862745 0.011111111111111112
3.0 0.7205882352941176 0.19305555555555556 0.014705882352941176 0.013888888888888888
3.0 0.7218137254901961 0.18888888888888888 0.012254901960784314 0.011111111111111112
3.0 0.9620098039215687 0.40555555555555556 0.007352941176470588 0.016666666666666666
3.0 0.9473039215686274 0.3888888888888889 0.012254901960784314 0.016666666666666666
3.0 0.9693627450980392 0.4 0.007352941176470588 0.016666666666666666
3.0 0.9669117647058824 0.3958333333333333 0.007352941176470588 0.013888888888888888
3.0 0.9644607843137255 0.3888888888888889 0.007352941176470588 0.016666666666666666
3.0 0.9620098039215687 0.3861111111111111 0.007352941176470588 0.011111111111111112
3.0 0.9607843137254902 0.3819444444444444 0.004901960784313725 0.013888888888888888
3.0 0.9154411764705882 0.39444444444444443 0.01715686274509804 0.03333333333333333
3.0 0.9019607843137255 0.36527777777777776 0.0196078431372549 0.025
3.0 0.8958333333333334 0.35 0.01715686274509804 0.022222222222222223
3.0 0.8933823529411765 0.34305555555555556 0.01715686274509804 0.019444444444444445
3.0 0.8884803921568627 0.33194444444444443 0.01715686274509804 0.019444444444444445
3.0 0.8811274509803921 0.3138888888888889 0.01715686274509804 0.022222222222222223
3.0 0.9338235294117647 0.3902777777777778 0.014705882352941176 0.019444444444444445
3.0 0.9325980392156863 0.38333333333333336 0.012254901960784314 0.016666666666666666
3.0 0.9264705882352942 0.3638888888888889 0.014705882352941176 0.022222222222222223
0.0 0.9068627450980392 0.33611111111111114 0.004901960784313725 0.011111111111111112
3.0 0.9301470588235294 0.3736111111111111 0.012254901960784314 0.019444444444444445
3.0 0.9203431372549019 0.3486111111111111 0.012254901960784314 0.019444444444444445
3.0 0.9227941176470589 0.3375 0.012254901960784314 0.019444444444444445
3.0 0.9154411764705882 0.3416666666666667 0.012254901960784314 0.016666666666666666
3.0 0.9142156862745098 0.3375 0.014705882352941176 0.019444444444444445
3.0 0.9129901960784313 0.31527777777777777 0.012254901960784314 0.019444444444444445
3.0 0.9191176470588235 0.3263888888888889 0.00980392156862745 0.013888888888888888
3.0 0.9191176470588235 0.325 0.00980392156862745 0.016666666666666666
3.0 0.9240196078431373 0.3138888888888889 0.00980392156862745 0.016666666666666666
3.0 0.9264705882352942 0.32083333333333336 0.00980392156862745 0.013888888888888888
3.0 0.928921568627451 0.32222222222222224 0.00980392156862745 0.011111111111111112
3.0 0.9313725490196079 0.3263888888888889 0.00980392156862745 0.013888888888888888
3.0 0.9338235294117647 0.33194444444444443 0.00980392156862745 0.013888888888888888
4.0 0.9375 0.33611111111111114 0.012254901960784314 0.016666666666666666
4.0 0.9497549019607843 0.3611111111111111 0.012254901960784314 0.022222222222222223
4.0 0.9485294117647058 0.35555555555555557 0.00980392156862745 0.016666666666666666
3.0 0.9448529411764706 0.35138888888888886 0.007352941176470588 0.013888888888888888
3.0 0.9411764705882353 0.34444444444444444 0.00980392156862745 0.016666666666666666
3.0 0.9436274509803921 0.3486111111111111 0.00980392156862745 0.013888888888888888
3.0 0.9387254901960784 0.3402777777777778 0.00980392156862745 0.013888888888888888
