0.0 0.7971204188481675 0.890625 0.04450261780104712 0.05
0.0 0.7133507853403142 0.8375 0.04450261780104712 0.05
0.0 0.9345549738219895 0.6734375 0.02617801047120419 0.059375
0.0 0.9502617801047121 0.5859375 0.015706806282722512 0.046875
0.0 0.8638743455497382 0.7140625 0.03664921465968586 0.059375
0.0 0.900523560209424 0.4828125 0.020942408376963352 0.078125
0.0 0.8952879581151832 0.3671875 0.02617801047120419 0.059375
0.0 0.40445026178010474 0.965625 0.04450261780104712 0.03125
0.0 0.4476439790575916 0.93125 0.03664921465968586 0.03125
0.0 0.48429319371727747 0.8453125 0.041884816753926704 0.059375
0.0 0.5706806282722513 0.6359375 0.04712041884816754 0.096875
0.0 0.7945026178010471 0.578125 0.028795811518324606 0.08125
0.0 0.6269633507853403 0.43125 0.03926701570680628 0.10625
0.0 0.8219895287958116 0.4296875 0.02617801047120419 0.078125
0.0 0.7539267015706806 0.2984375 0.041884816753926704 0.084375
0.0 0.5706806282722513 0.23125 0.03664921465968586 0.06875
0.0 0.7591623036649214 0.1953125 0.03664921465968586 0.065625
0.0 0.25523560209424084 0.0703125 0.034031413612565446 0.040625
0.0 0.09424083769633508 0.240625 0.020942408376963352 0.0375
0.0 0.10732984293193717 0.24375 0.02617801047120419 0.05625
0.0 0.03926701570680628 0.6171875 0.010471204188481676 0.034375
0.0 0.18979057591623036 0.2390625 0.04450261780104712 0.084375
0.0 0.20680628272251309 0.23125 0.041884816753926704 0.06875
0.0 0.8232984293193717 0.1328125 0.034031413612565446 0.053125
0.0 0.930628272251309 0.21875 0.02356020942408377 0.05
0.0 0.93717277486911 0.2234375 0.020942408376963352 0.046875
0.0 0.8141361256544503 0.1828125 0.02617801047120419 0.046875
0.0 0.8350785340314136 0.2 0.031413612565445025 0.0625
0.0 0.8259162303664922 0.1828125 0.028795811518324606 0.059375
0.0 0.3992146596858639 0.11875 0.028795811518324606 0.0375
0.0 0.29712041884816753 0.15 0.034031413612565446 0.05625
0.0 0.26570680628272253 0.153125 0.034031413612565446 0.05
0.0 0.38481675392670156 0.1703125 0.03664921465968586 0.065625
0.0 0.8821989528795812 0.1671875 0.020942408376963352 0.040625
0.0 0.8861256544502618 0.178125 0.028795811518324606 0.05
0.0 0.3599476439790576 0.1640625 0.034031413612565446 0.065625
0.0 0.03664921465968586 0.5828125 0.015706806282722512 0.046875
