3.0 0.2549019607843137 0.8041666666666667 0.05392156862745098 0.058333333333333334
3.0 0.4497549019607843 0.7888888888888889 0.051470588235294115 0.044444444444444446
3.0 0.5919117647058824 0.7208333333333333 0.0857843137254902 0.04722222222222222
3.0 0.7009803921568627 0.8152777777777778 0.058823529411764705 0.05277777777777778
3.0 0.8774509803921569 0.7458333333333333 0.029411764705882353 0.04722222222222222
3.0 0.6458333333333334 0.6486111111111111 0.041666666666666664 0.04722222222222222
3.0 0.4252450980392157 0.5805555555555556 0.03676470588235294 0.03888888888888889
3.0 0.3137254901960784 0.4097222222222222 0.024509803921568627 0.030555555555555555
3.0 0.18137254901960784 0.6597222222222222 0.024509803921568627 0.041666666666666664
3.0 0.14950980392156862 0.6458333333333334 0.029411764705882353 0.05277777777777778
4.0 0.8958333333333334 0.6930555555555555 0.031862745098039214 0.058333333333333334
4.0 0.7463235294117647 0.7541666666666667 0.061274509803921566 0.06388888888888888
3.0 0.7193627450980392 0.5222222222222223 0.02696078431372549 0.03888888888888889
3.0 0.1875 0.7430555555555556 0.04656862745098039 0.058333333333333334
3.0 0.12254901960784313 0.7166666666666667 0.03431372549019608 0.06111111111111111
3.0 0.9264705882352942 0.5263888888888889 0.00980392156862745 0.025
3.0 0.9019607843137255 0.5763888888888888 0.024509803921568627 0.03611111111111111
3.0 0.9473039215686274 0.6291666666666667 0.022058823529411766 0.03611111111111111
3.0 0.8602941176470589 0.5763888888888888 0.03431372549019608 0.030555555555555555
3.0 0.8848039215686274 0.5180555555555556 0.014705882352941176 0.025
3.0 0.8553921568627451 0.5652777777777778 0.029411764705882353 0.030555555555555555
3.0 0.9227941176470589 0.5527777777777778 0.012254901960784314 0.027777777777777776
3.0 0.1323529411764706 0.7055555555555556 0.0392156862745098 0.044444444444444446
0.0 0.2034313725490196 0.7944444444444444 0.0196078431372549 0.03888888888888889
0.0 0.12990196078431374 0.7694444444444445 0.014705882352941176 0.03333333333333333
0.0 0.803921568627451 0.6277777777777778 0.00980392156862745 0.027777777777777776
0.0 0.7561274509803921 0.6402777777777777 0.01715686274509804 0.041666666666666664
0.0 0.2647058823529412 0.7083333333333334 0.014705882352941176 0.03888888888888889
0.0 0.25245098039215685 0.7083333333333334 0.014705882352941176 0.03888888888888889
0.0 0.25857843137254904 0.6027777777777777 0.012254901960784314 0.044444444444444446
0.0 0.26838235294117646 0.6041666666666666 0.012254901960784314 0.03611111111111111
0.0 0.8823529411764706 0.6861111111111111 0.00980392156862745 0.03333333333333333
3.0 0.9203431372549019 0.5791666666666667 0.01715686274509804 0.025
3.0 0.9117647058823529 0.5569444444444445 0.00980392156862745 0.025
3.0 0.9007352941176471 0.5513888888888889 0.012254901960784314 0.025
3.0 0.9375 0.5638888888888889 0.01715686274509804 0.027777777777777776
3.0 0.9571078431372549 0.5541666666666667 0.012254901960784314 0.025
3.0 0.9791666666666666 0.5444444444444444 0.007352941176470588 0.016666666666666666
4.0 0.9865196078431373 0.5402777777777777 0.007352941176470588 0.019444444444444445
3.0 0.9632352941176471 0.5416666666666666 0.00980392156862745 0.022222222222222223
3.0 0.9571078431372549 0.5472222222222223 0.007352941176470588 0.022222222222222223
3.0 0.9485294117647058 0.5472222222222223 0.00980392156862745 0.022222222222222223
3.0 0.9681372549019608 0.5388888888888889 0.004901960784313725 0.016666666666666666
3.0 0.9742647058823529 0.5388888888888889 0.007352941176470588 0.022222222222222223
3.0 0.9779411764705882 0.5361111111111111 0.004901960784313725 0.016666666666666666
4.0 0.9803921568627451 0.5319444444444444 0.004901960784313725 0.019444444444444445
3.0 0.9718137254901961 0.525 0.007352941176470588 0.016666666666666666
3.0 0.9754901960784313 0.5222222222222223 0.004901960784313725 0.016666666666666666
3.0 0.8504901960784313 0.5555555555555556 0.0392156862745098 0.027777777777777776
3.0 0.8468137254901961 0.5458333333333333 0.031862745098039214 0.030555555555555555
3.0 0.8394607843137255 0.5375 0.031862745098039214 0.030555555555555555
3.0 0.8247549019607843 0.5361111111111111 0.031862745098039214 0.027777777777777776
3.0 0.8174019607843137 0.5180555555555556 0.04656862745098039 0.030555555555555555
3.0 0.8088235294117647 0.5013888888888889 0.04411764705882353 0.03611111111111111
3.0 0.8026960784313726 0.4888888888888889 0.03676470588235294 0.03888888888888889
3.0 0.7953431372549019 0.4625 0.03676470588235294 0.025
3.0 0.7830882352941176 0.45694444444444443 0.04656862745098039 0.030555555555555555
3.0 0.7708333333333334 0.44583333333333336 0.03676470588235294 0.025
3.0 0.8333333333333334 0.45555555555555555 0.014705882352941176 0.022222222222222223
3.0 0.9436274509803921 0.5319444444444444 0.014705882352941176 0.025
3.0 0.9571078431372549 0.5277777777777778 0.007352941176470588 0.022222222222222223
3.0 0.9669117647058824 0.5263888888888889 0.007352941176470588 0.019444444444444445
1.0 0.9767156862745098 0.5861111111111111 0.0024509803921568627 0.016666666666666666
0.0 0.991421568627451 0.5319444444444444 0.0024509803921568627 0.013888888888888888
1.0 0.11397058823529412 0.7666666666666667 0.012254901960784314 0.027777777777777776
1.0 0.11519607843137254 0.7652777777777777 0.014705882352941176 0.025
0.0 0.125 0.7763888888888889 0.014705882352941176 0.025
1.0 0.14460784313725492 0.8152777777777778 0.014705882352941176 0.025
0.0 0.7916666666666666 0.5708333333333333 0.00980392156862745 0.03611111111111111
0.0 0.7990196078431373 0.575 0.00980392156862745 0.03333333333333333
0.0 0.8063725490196079 0.5722222222222222 0.00980392156862745 0.03333333333333333
0.0 0.7487745098039216 0.6430555555555556 0.012254901960784314 0.03611111111111111
1.0 0.7426470588235294 0.5652777777777778 0.00980392156862745 0.019444444444444445
9.0 0.741421568627451 0.5777777777777777 0.01715686274509804 0.022222222222222223
1.0 0.7181372549019608 0.46944444444444444 0.00980392156862745 0.022222222222222223
1.0 0.6458333333333334 0.39861111111111114 0.007352941176470588 0.013888888888888888
1.0 0.6299019607843137 0.37222222222222223 0.00980392156862745 0.016666666666666666
1.0 0.4963235294117647 0.4375 0.007352941176470588 0.013888888888888888
1.0 0.8615196078431373 0.6777777777777778 0.012254901960784314 0.022222222222222223
2.0 0.8578431372549019 0.6875 0.014705882352941176 0.025
0.0 0.875 0.6736111111111112 0.00980392156862745 0.030555555555555555
3.0 0.8982843137254902 0.5194444444444445 0.012254901960784314 0.022222222222222223
3.0 0.9093137254901961 0.5222222222222223 0.014705882352941176 0.022222222222222223
3.0 0.9191176470588235 0.5263888888888889 0.00980392156862745 0.025
3.0 0.9007352941176471 0.5527777777777778 0.012254901960784314 0.027777777777777776
3.0 0.9325980392156863 0.5527777777777778 0.012254901960784314 0.027777777777777776
3.0 0.7389705882352942 0.42083333333333334 0.041666666666666664 0.025
3.0 0.7732843137254902 0.40555555555555556 0.022058823529411766 0.016666666666666666
3.0 0.7389705882352942 0.3902777777777778 0.031862745098039214 0.025
3.0 0.7610294117647058 0.4013888888888889 0.031862745098039214 0.025
3.0 0.6801470588235294 0.3902777777777778 0.04656862745098039 0.030555555555555555
3.0 0.6531862745098039 0.3763888888888889 0.02696078431372549 0.025
3.0 0.6482843137254902 0.3680555555555556 0.02696078431372549 0.025
3.0 0.7107843137254902 0.3458333333333333 0.03431372549019608 0.025
3.0 0.678921568627451 0.3347222222222222 0.029411764705882353 0.019444444444444445
3.0 0.6274509803921569 0.3458333333333333 0.0196078431372549 0.019444444444444445
4.0 0.5 0.3277777777777778 0.0196078431372549 0.022222222222222223
4.0 0.43995098039215685 0.30694444444444446 0.012254901960784314 0.019444444444444445
3.0 0.4117647058823529 0.3138888888888889 0.0196078431372549 0.016666666666666666
3.0 0.39215686274509803 0.30833333333333335 0.014705882352941176 0.016666666666666666
3.0 0.4411764705882353 0.28055555555555556 0.014705882352941176 0.016666666666666666
3.0 0.41911764705882354 0.28888888888888886 0.0196078431372549 0.016666666666666666
3.0 0.5122549019607843 0.2875 0.0196078431372549 0.013888888888888888
3.0 0.4987745098039216 0.2722222222222222 0.012254901960784314 0.011111111111111112
3.0 0.5012254901960784 0.25 0.007352941176470588 0.005555555555555556
3.0 0.47671568627450983 0.24861111111111112 0.012254901960784314 0.008333333333333333
3.0 0.5870098039215687 0.30416666666666664 0.01715686274509804 0.013888888888888888
3.0 0.5625 0.30694444444444446 0.022058823529411766 0.013888888888888888
3.0 0.6348039215686274 0.32083333333333336 0.0392156862745098 0.019444444444444445
3.0 0.22303921568627452 0.5694444444444444 0.049019607843137254 0.03888888888888889
3.0 0.2193627450980392 0.5486111111111112 0.041666666666666664 0.030555555555555555
3.0 0.14950980392156862 0.5958333333333333 0.029411764705882353 0.03611111111111111
3.0 0.15318627450980393 0.5847222222222223 0.02696078431372549 0.03611111111111111
3.0 0.15318627450980393 0.5805555555555556 0.031862745098039214 0.03333333333333333
7.0 0.17524509803921567 0.5930555555555556 0.022058823529411766 0.041666666666666664
7.0 0.1801470588235294 0.5736111111111111 0.01715686274509804 0.03611111111111111
3.0 0.2647058823529412 0.48194444444444445 0.049019607843137254 0.030555555555555555
3.0 0.25 0.44305555555555554 0.049019607843137254 0.030555555555555555
3.0 0.31985294117647056 0.39166666666666666 0.01715686274509804 0.022222222222222223
3.0 0.3112745098039216 0.38055555555555554 0.049019607843137254 0.022222222222222223
3.0 0.3247549019607843 0.36527777777777776 0.03676470588235294 0.025
3.0 0.35171568627450983 0.30277777777777776 0.01715686274509804 0.016666666666666666
5.0 0.34558823529411764 0.3347222222222222 0.029411764705882353 0.030555555555555555
6.0 0.49754901960784315 0.45 0.0196078431372549 0.016666666666666666
9.0 0.6446078431372549 0.40555555555555556 0.014705882352941176 0.011111111111111112
9.0 0.7169117647058824 0.4722222222222222 0.012254901960784314 0.022222222222222223
9.0 0.7524509803921569 0.5194444444444445 0.00980392156862745 0.022222222222222223
6.0 0.25735294117647056 0.7763888888888889 0.029411764705882353 0.030555555555555555
0.0 0.23774509803921567 0.7638888888888888 0.0196078431372549 0.027777777777777776
0.0 0.24387254901960784 0.7611111111111111 0.01715686274509804 0.03333333333333333
