3.0 0.6372549019607843 0.37083333333333335 0.12254901960784313 0.1527777777777778
3.0 0.04411764705882353 0.6222222222222222 0.04411764705882353 0.1388888888888889
3.0 0.05392156862745098 0.7208333333333333 0.06372549019607843 0.1361111111111111
3.0 0.03431372549019608 0.3472222222222222 0.029411764705882353 0.05555555555555555
3.0 0.0196078431372549 0.47638888888888886 0.024509803921568627 0.05277777777777778
3.0 0.1053921568627451 0.24444444444444444 0.03431372549019608 0.05555555555555555
4.0 0.01838235294117647 0.5236111111111111 0.022058823529411766 0.06944444444444445
3.0 0.17892156862745098 0.17777777777777778 0.049019607843137254 0.05555555555555555
3.0 0.20098039215686275 0.14722222222222223 0.04411764705882353 0.05
3.0 0.23897058823529413 0.10138888888888889 0.031862745098039214 0.030555555555555555
3.0 0.2549019607843137 0.08472222222222223 0.03431372549019608 0.030555555555555555
3.0 0.2769607843137255 0.0625 0.0392156862745098 0.025
5.0 0.2977941176470588 0.04583333333333333 0.022058823529411766 0.013888888888888888
0.0 0.05759803921568627 0.3263888888888889 0.012254901960784314 0.041666666666666664
0.0 0.030637254901960783 0.5388888888888889 0.007352941176470588 0.05
1.0 0.10049019607843138 0.3861111111111111 0.014705882352941176 0.05
1.0 0.16789215686274508 0.24305555555555555 0.012254901960784314 0.025
0.0 0.8174019607843137 0.17083333333333334 0.01715686274509804 0.025
0.0 0.8553921568627451 0.2222222222222222 0.014705882352941176 0.027777777777777776
0.0 0.8651960784313726 0.25555555555555554 0.014705882352941176 0.03888888888888889
0.0 0.9669117647058824 0.6430555555555556 0.012254901960784314 0.05277777777777778
0.0 0.9718137254901961 0.6430555555555556 0.007352941176470588 0.030555555555555555
0.0 0.9742647058823529 0.6388888888888888 0.012254901960784314 0.044444444444444446
0.0 0.9742647058823529 0.6652777777777777 0.012254901960784314 0.041666666666666664
0.0 0.9791666666666666 0.6444444444444445 0.007352941176470588 0.03333333333333333
2.0 0.09681372549019608 0.4041666666666667 0.007352941176470588 0.025
2.0 0.16176470588235295 0.26666666666666666 0.014705882352941176 0.027777777777777776
0.0 0.0784313725490196 0.28194444444444444 0.00980392156862745 0.030555555555555555
0.0 0.08946078431372549 0.2777777777777778 0.007352941176470588 0.022222222222222223
0.0 0.09558823529411764 0.26805555555555555 0.014705882352941176 0.030555555555555555
3.0 0.01715686274509804 0.3597222222222222 0.014705882352941176 0.03611111111111111
