5.0 0.5785340314136126 0.6046875 0.09947643979057591 0.296875
5.0 0.3089005235602094 0.321875 0.07329842931937172 0.15
1.0 0.2643979057591623 0.5046875 0.010471204188481676 0.034375
9.0 0.26570680628272253 0.525 0.028795811518324606 0.03125
3.0 0.3782722513089005 0.971875 0.07591623036649214 0.0375
3.0 0.6897905759162304 0.3640625 0.049738219895287955 0.059375
1.0 0.6531413612565445 0.36875 0.013089005235602094 0.03125
0.0 0.6256544502617801 0.3609375 0.015706806282722512 0.028125
9.0 0.6256544502617801 0.371875 0.02617801047120419 0.025
9.0 0.6570680628272252 0.3828125 0.02617801047120419 0.028125
3.0 0.6151832460732984 0.1546875 0.031413612565445025 0.028125
1.0 0.6570680628272252 0.1734375 0.010471204188481676 0.009375
9.0 0.6570680628272252 0.178125 0.02617801047120419 0.01875
5.0 0.5104712041884817 0.0953125 0.020942408376963352 0.015625
3.0 0.5104712041884817 0.0796875 0.020942408376963352 0.009375
1.0 0.5968586387434555 0.1234375 0.010471204188481676 0.009375
9.0 0.5968586387434555 0.1265625 0.020942408376963352 0.009375
4.0 0.6387434554973822 0.1359375 0.02617801047120419 0.028125
4.0 0.7028795811518325 0.2046875 0.034031413612565446 0.034375
1.0 0.7526178010471204 0.19375 0.01832460732984293 0.025
1.0 0.81282722513089 0.2765625 0.013089005235602094 0.028125
1.0 0.8206806282722513 0.2828125 0.013089005235602094 0.028125
1.0 0.975130890052356 0.3390625 0.002617801047120419 0.009375
9.0 0.9764397905759162 0.3453125 0.005235602094240838 0.015625
1.0 0.9672774869109948 0.3265625 0.002617801047120419 0.009375
9.0 0.9659685863874345 0.3296875 0.005235602094240838 0.009375
0.0 0.893979057591623 0.5171875 0.007853403141361256 0.034375
