0.0 0.11387434554973822 0.8421875 0.03926701570680628 0.053125
0.0 0.07329842931937172 0.80625 0.031413612565445025 0.05625
1.0 0.0824607329842932 0.7921875 0.034031413612565446 0.053125
0.0 0.06675392670157068 0.7875 0.034031413612565446 0.0625
0.0 0.061518324607329845 0.765625 0.028795811518324606 0.05625
0.0 0.049738219895287955 0.74375 0.02617801047120419 0.05
0.0 0.04057591623036649 0.7375 0.028795811518324606 0.0625
1.0 0.07853403141361257 0.7625 0.03664921465968586 0.06875
0.0 0.060209424083769635 0.7390625 0.02617801047120419 0.059375
0.0 0.060209424083769635 0.7234375 0.02617801047120419 0.059375
1.0 0.07591623036649214 0.7375 0.020942408376963352 0.04375
0.0 0.07329842931937172 0.709375 0.031413612565445025 0.06875
0.0 0.07198952879581152 0.690625 0.028795811518324606 0.06875
0.0 0.0549738219895288 0.678125 0.020942408376963352 0.0625
0.0 0.04712041884816754 0.6671875 0.020942408376963352 0.059375
1.0 0.01832460732984293 0.6140625 0.015706806282722512 0.046875
0.0 0.07068062827225131 0.6703125 0.02617801047120419 0.065625
0.0 0.07198952879581152 0.6546875 0.02356020942408377 0.071875
0.0 0.05366492146596859 0.653125 0.02356020942408377 0.06875
0.0 0.07591623036649214 0.6328125 0.020942408376963352 0.071875
0.0 0.04319371727748691 0.6046875 0.01832460732984293 0.065625
0.0 0.032722513089005235 0.55 0.013089005235602094 0.0625
0.0 0.058900523560209424 0.6234375 0.013089005235602094 0.053125
1.0 0.07198952879581152 0.59375 0.01832460732984293 0.05625
0.0 0.061518324607329845 0.5890625 0.01832460732984293 0.084375
1.0 0.06282722513089005 0.5640625 0.010471204188481676 0.028125
0.0 0.051047120418848166 0.578125 0.013089005235602094 0.05625
0.0 0.051047120418848166 0.5578125 0.013089005235602094 0.059375
0.0 0.041884816753926704 0.5375 0.015706806282722512 0.075
0.0 0.0968586387434555 0.540625 0.020942408376963352 0.08125
1.0 0.07853403141361257 0.51875 0.015706806282722512 0.05
0.0 0.058900523560209424 0.5296875 0.013089005235602094 0.071875
0.0 0.06544502617801047 0.5 0.010471204188481676 0.06875
0.0 0.05759162303664921 0.5109375 0.010471204188481676 0.053125
0.0 0.04712041884816754 0.5015625 0.015706806282722512 0.065625
0.0 0.04581151832460733 0.4671875 0.013089005235602094 0.059375
0.0 0.056282722513089 0.4703125 0.013089005235602094 0.065625
1.0 0.09293193717277487 0.46875 0.01832460732984293 0.0625
1.0 0.0968586387434555 0.4453125 0.015706806282722512 0.053125
0.0 0.07329842931937172 0.465625 0.015706806282722512 0.06875
0.0 0.07853403141361257 0.4484375 0.015706806282722512 0.065625
0.0 0.06544502617801047 0.44375 0.015706806282722512 0.06875
0.0 0.07068062827225131 0.428125 0.015706806282722512 0.0625
2.0 0.01832460732984293 0.484375 0.015706806282722512 0.04375
6.0 0.024869109947643978 0.4640625 0.01832460732984293 0.040625
0.0 0.031413612565445025 0.428125 0.010471204188481676 0.05625
0.0 0.04319371727748691 0.4296875 0.013089005235602094 0.059375
0.0 0.03795811518324607 0.409375 0.013089005235602094 0.05
2.0 0.03534031413612566 0.403125 0.01832460732984293 0.04375
0.0 0.014397905759162303 0.434375 0.013089005235602094 0.05625
0.0 0.007853403141361256 0.4421875 0.010471204188481676 0.053125
0.0 0.06282722513089005 0.415625 0.015706806282722512 0.075
0.0 0.07460732984293193 0.3515625 0.01832460732984293 0.065625
0.0 0.08638743455497382 0.4203125 0.015706806282722512 0.065625
0.0 0.07984293193717278 0.4046875 0.01832460732984293 0.059375
0.0 0.08376963350785341 0.3875 0.015706806282722512 0.05
0.0 0.09947643979057591 0.3953125 0.020942408376963352 0.078125
0.0 0.09554973821989529 0.378125 0.01832460732984293 0.0625
1.0 0.11518324607329843 0.3640625 0.02617801047120419 0.059375
0.0 0.10732984293193717 0.3515625 0.020942408376963352 0.059375
0.0 0.09293193717277487 0.35625 0.01832460732984293 0.05625
0.0 0.09816753926701571 0.3390625 0.013089005235602094 0.040625
0.0 0.09554973821989529 0.325 0.01832460732984293 0.05
0.0 0.12303664921465969 0.3203125 0.02617801047120419 0.059375
0.0 0.1099476439790576 0.3203125 0.020942408376963352 0.053125
0.0 0.11910994764397906 0.303125 0.02356020942408377 0.05625
0.0 0.1387434554973822 0.2921875 0.031413612565445025 0.071875
0.0 0.1518324607329843 0.2796875 0.02617801047120419 0.071875
0.0 0.1400523560209424 0.275 0.02356020942408377 0.05625
0.0 0.1256544502617801 0.28125 0.02617801047120419 0.06875
0.0 0.11780104712041885 0.2671875 0.020942408376963352 0.053125
0.0 0.13350785340314136 0.2484375 0.020942408376963352 0.046875
0.0 0.1243455497382199 0.2515625 0.01832460732984293 0.040625
0.0 0.16753926701570682 0.2640625 0.031413612565445025 0.065625
1.0 0.1793193717277487 0.2578125 0.01832460732984293 0.034375
0.0 0.24476439790575916 0.784375 0.060209424083769635 0.10625
0.0 0.5117801047120419 0.828125 0.060209424083769635 0.09375
0.0 0.7120418848167539 0.7875 0.06282722513089005 0.11875
0.0 0.8664921465968587 0.7359375 0.05235602094240838 0.096875
0.0 0.2369109947643979 0.6390625 0.060209424083769635 0.121875
0.0 0.4214659685863874 0.6390625 0.08900523560209424 0.134375
0.0 0.693717277486911 0.6328125 0.04712041884816754 0.109375
0.0 0.837696335078534 0.5703125 0.03664921465968586 0.115625
0.0 0.8861256544502618 0.6234375 0.034031413612565446 0.096875
0.0 0.9096858638743456 0.6140625 0.028795811518324606 0.078125
0.0 0.9096858638743456 0.684375 0.03926701570680628 0.0875
0.0 0.6479057591623036 0.4671875 0.0549738219895288 0.121875
0.0 0.4698952879581152 0.44375 0.060209424083769635 0.1375
0.0 0.23821989528795812 0.4828125 0.04712041884816754 0.115625
0.0 0.8010471204188482 0.459375 0.03664921465968586 0.10625
0.0 0.8756544502617801 0.4546875 0.02356020942408377 0.084375
0.0 0.25785340314136124 0.3875 0.03926701570680628 0.1125
0.0 0.41492146596858637 0.3546875 0.0549738219895288 0.115625
0.0 0.6282722513089005 0.35 0.05759162303664921 0.1
0.0 0.7408376963350786 0.34375 0.041884816753926704 0.1
0.0 0.7801047120418848 0.346875 0.041884816753926704 0.1
0.0 0.8507853403141361 0.3546875 0.031413612565445025 0.084375
0.0 0.7303664921465969 0.290625 0.04712041884816754 0.09375
0.0 0.5890052356020943 0.2609375 0.041884816753926704 0.078125
0.0 0.4581151832460733 0.2703125 0.041884816753926704 0.084375
0.0 0.2630890052356021 0.303125 0.04450261780104712 0.09375
0.0 0.2879581151832461 0.2390625 0.041884816753926704 0.084375
0.0 0.4280104712041885 0.21875 0.03926701570680628 0.075
0.0 0.5732984293193717 0.1984375 0.05235602094240838 0.071875
0.0 0.6308900523560209 0.1984375 0.041884816753926704 0.078125
0.0 0.7041884816753927 0.2375 0.03664921465968586 0.06875
0.0 0.68717277486911 0.2078125 0.03926701570680628 0.065625
0.0 0.3102094240837696 0.171875 0.04450261780104712 0.0625
0.0 0.3507853403141361 0.1578125 0.03664921465968586 0.053125
0.0 0.4096858638743455 0.1625 0.034031413612565446 0.05625
0.0 0.49214659685863876 0.15 0.02617801047120419 0.05625
0.0 0.5641361256544503 0.1421875 0.034031413612565446 0.053125
0.0 0.5039267015706806 0.1265625 0.02356020942408377 0.040625
0.0 0.4424083769633508 0.1390625 0.02617801047120419 0.040625
0.0 0.7329842931937173 0.9296875 0.06282722513089005 0.059375
0.0 0.14397905759162305 0.6640625 0.04712041884816754 0.109375
0.0 0.8154450261780105 0.8875 0.04450261780104712 0.05625
0.0 0.5458115183246073 0.978125 0.049738219895287955 0.03125
2.0 0.04581151832460733 0.3671875 0.02356020942408377 0.040625
2.0 0.04842931937172775 0.35625 0.02356020942408377 0.0375
1.0 0.04581151832460733 0.3484375 0.01832460732984293 0.053125
0.0 0.020942408376963352 0.3671875 0.015706806282722512 0.053125
0.0 0.024869109947643978 0.35625 0.013089005235602094 0.05
0.0 0.041884816753926704 0.325 0.015706806282722512 0.05
0.0 0.04057591623036649 0.3203125 0.013089005235602094 0.046875
0.0 0.05366492146596859 0.3125 0.01832460732984293 0.05
0.0 0.04842931937172775 0.315625 0.01832460732984293 0.05
0.0 0.06544502617801047 0.290625 0.020942408376963352 0.05625
6.0 0.10863874345549739 0.20625 0.02356020942408377 0.04375
0.0 0.04057591623036649 0.265625 0.013089005235602094 0.03125
0.0 0.03795811518324607 0.253125 0.013089005235602094 0.03125
0.0 0.034031413612565446 0.2578125 0.010471204188481676 0.028125
0.0 0.0549738219895288 0.215625 0.015706806282722512 0.03125
0.0 0.06806282722513089 0.190625 0.015706806282722512 0.03125
0.0 0.07329842931937172 0.1875 0.015706806282722512 0.03125
0.0 0.07984293193717278 0.178125 0.013089005235602094 0.025
0.0 0.08376963350785341 0.175 0.015706806282722512 0.025
0.0 0.10209424083769633 0.1671875 0.015706806282722512 0.028125
0.0 0.10732984293193717 0.1625 0.015706806282722512 0.025
0.0 0.13743455497382198 0.1453125 0.02356020942408377 0.040625
0.0 0.14397905759162305 0.140625 0.010471204188481676 0.01875
0.0 0.14921465968586387 0.1375 0.020942408376963352 0.0375
0.0 0.1649214659685864 0.140625 0.015706806282722512 0.025
0.0 0.1806282722513089 0.1265625 0.020942408376963352 0.034375
0.0 0.18324607329842932 0.1203125 0.020942408376963352 0.034375
2.0 0.19633507853403143 0.14375 0.03664921465968586 0.0375
2.0 0.18979057591623036 0.15 0.03926701570680628 0.0375
2.0 0.1793193717277487 0.1625 0.034031413612565446 0.03125
0.0 0.1649214659685864 0.1796875 0.020942408376963352 0.040625
0.0 0.16230366492146597 0.1875 0.02617801047120419 0.05
0.0 0.14659685863874344 0.2578125 0.02617801047120419 0.059375
0.0 0.15837696335078533 0.240625 0.02356020942408377 0.05
0.0 0.14790575916230367 0.2234375 0.02356020942408377 0.046875
0.0 0.1649214659685864 0.2484375 0.02617801047120419 0.053125
0.0 0.17277486910994763 0.228125 0.020942408376963352 0.0375
0.0 0.16361256544502617 0.2203125 0.02356020942408377 0.046875
0.0 0.18193717277486912 0.2171875 0.02356020942408377 0.046875
0.0 0.1950261780104712 0.2125 0.028795811518324606 0.0625
1.0 0.21204188481675393 0.2171875 0.02617801047120419 0.040625
1.0 0.2238219895287958 0.20625 0.028795811518324606 0.0375
1.0 0.2369109947643979 0.203125 0.028795811518324606 0.05625
0.0 0.17670157068062828 0.209375 0.01832460732984293 0.0375
1.0 0.19764397905759162 0.19375 0.02356020942408377 0.0375
0.0 0.18848167539267016 0.1859375 0.02617801047120419 0.046875
1.0 0.24738219895287958 0.175 0.01832460732984293 0.025
0.0 0.22643979057591623 0.175 0.028795811518324606 0.05
0.0 0.20680628272251309 0.184375 0.031413612565445025 0.05625
0.0 0.23821989528795812 0.159375 0.031413612565445025 0.05
0.0 0.20680628272251309 0.1765625 0.020942408376963352 0.040625
0.0 0.17408376963350786 0.1828125 0.02356020942408377 0.046875
0.0 0.18717277486910994 0.175 0.02356020942408377 0.0375
0.0 0.20418848167539266 0.1640625 0.020942408376963352 0.040625
0.0 0.2395287958115183 0.1421875 0.02356020942408377 0.034375
0.0 0.2526178010471204 0.1421875 0.02356020942408377 0.046875
0.0 0.2630890052356021 0.14375 0.028795811518324606 0.04375
0.0 0.3180628272251309 0.1078125 0.028795811518324606 0.040625
0.0 0.4489528795811518 0.1109375 0.028795811518324606 0.040625
0.0 0.39397905759162305 0.096875 0.01832460732984293 0.025
0.0 0.3769633507853403 0.08125 0.02617801047120419 0.0375
0.0 0.4175392670157068 0.0703125 0.02356020942408377 0.034375
0.0 0.4712041884816754 0.053125 0.020942408376963352 0.03125
0.0 0.5 0.0671875 0.020942408376963352 0.034375
0.0 0.56282722513089 0.11875 0.02617801047120419 0.05
0.0 0.6387434554973822 0.1453125 0.031413612565445025 0.059375
0.0 0.569371727748691 0.1046875 0.02356020942408377 0.040625
0.0 0.7028795811518325 0.1890625 0.034031413612565446 0.053125
1.0 0.7931937172774869 0.2828125 0.02617801047120419 0.053125
0.0 0.7958115183246073 0.253125 0.031413612565445025 0.06875
0.0 0.7879581151832461 0.221875 0.02617801047120419 0.05625
0.0 0.7539267015706806 0.18125 0.02617801047120419 0.05
0.0 0.7369109947643979 0.1703125 0.028795811518324606 0.053125
0.0 0.7408376963350786 0.146875 0.02617801047120419 0.05
0.0 0.8023560209424084 0.203125 0.01832460732984293 0.04375
0.0 0.743455497382199 0.134375 0.02617801047120419 0.0375
0.0 0.4581151832460733 0.021875 0.015706806282722512 0.025
0.0 0.6073298429319371 0.0203125 0.020942408376963352 0.021875
0.0 0.7081151832460733 0.075 0.028795811518324606 0.03125
0.0 0.774869109947644 0.1421875 0.015706806282722512 0.021875
0.0 0.7801047120418848 0.1328125 0.02617801047120419 0.040625
0.0 0.8010471204188482 0.15 0.02617801047120419 0.04375
0.0 0.819371727748691 0.2109375 0.02617801047120419 0.059375
1.0 0.8664921465968587 0.234375 0.020942408376963352 0.04375
0.0 0.8455497382198953 0.2375 0.020942408376963352 0.05
0.0 0.8507853403141361 0.2609375 0.02617801047120419 0.065625
0.0 0.8743455497382199 0.3390625 0.02617801047120419 0.071875
0.0 0.8900523560209425 0.35625 0.020942408376963352 0.06875
1.0 0.9083769633507853 0.396875 0.020942408376963352 0.04375
0.0 0.9149214659685864 0.4265625 0.013089005235602094 0.040625
6.0 0.8691099476439791 0.2875 0.031413612565445025 0.06875
1.0 0.9476439790575916 0.390625 0.015706806282722512 0.05625
0.0 0.9332460732984293 0.3375 0.01832460732984293 0.0625
0.0 0.930628272251309 0.4453125 0.01832460732984293 0.078125
0.0 0.9633507853403142 0.646875 0.020942408376963352 0.06875
1.0 0.9672774869109948 0.6140625 0.01832460732984293 0.046875
0.0 0.9554973821989529 0.6078125 0.020942408376963352 0.078125
0.0 0.9410994764397905 0.5671875 0.01832460732984293 0.078125
1.0 0.9554973821989529 0.5359375 0.010471204188481676 0.046875
0.0 0.9463350785340314 0.5375 0.013089005235602094 0.0625
0.0 0.8520942408376964 0.190625 0.028795811518324606 0.05625
0.0 0.8599476439790575 0.1921875 0.02356020942408377 0.053125
0.0 0.9528795811518325 0.7578125 0.02617801047120419 0.053125
0.0 0.9698952879581152 0.65625 0.02356020942408377 0.06875
1.0 0.9764397905759162 0.6203125 0.015706806282722512 0.053125
0.0 0.9777486910994765 0.6640625 0.01832460732984293 0.059375
0.0 0.9659685863874345 0.303125 0.015706806282722512 0.05
0.0 0.9698952879581152 0.309375 0.013089005235602094 0.04375
0.0 0.9267015706806283 0.190625 0.015706806282722512 0.03125
