6.0 0.18979057591623036 0.8390625 0.060209424083769635 0.084375
3.0 0.25785340314136124 0.834375 0.07591623036649214 0.11875
3.0 0.2513089005235602 0.6109375 0.05759162303664921 0.121875
3.0 0.20157068062827224 0.5078125 0.041884816753926704 0.115625
3.0 0.28534031413612565 0.3109375 0.041884816753926704 0.065625
3.0 0.43455497382198954 0.259375 0.04712041884816754 0.05
4.0 0.31544502617801046 0.1953125 0.034031413612565446 0.046875
3.0 0.4293193717277487 0.165625 0.031413612565445025 0.03125
3.0 0.3795811518324607 0.1125 0.02617801047120419 0.025
3.0 0.39267015706806285 0.0734375 0.020942408376963352 0.015625
4.0 0.4594240837696335 0.0796875 0.01832460732984293 0.015625
3.0 0.3193717277486911 0.0796875 0.020942408376963352 0.015625
3.0 0.5484293193717278 0.065625 0.04450261780104712 0.0125
3.0 0.5471204188481675 0.053125 0.015706806282722512 0.0125
0.0 0.693717277486911 0.2125 0.010471204188481676 0.025
1.0 0.3089005235602094 0.540625 0.015706806282722512 0.05
9.0 0.3102094240837696 0.5578125 0.01832460732984293 0.053125
3.0 0.5261780104712042 0.48125 0.06282722513089005 0.09375
6.0 0.6256544502617801 0.5359375 0.041884816753926704 0.078125
1.0 0.6191099476439791 0.5109375 0.01832460732984293 0.028125
0.0 0.912303664921466 0.553125 0.007853403141361256 0.0375
0.0 0.9921465968586387 0.5640625 0.005235602094240838 0.028125
3.0 0.7081151832460733 0.8921875 0.0968586387434555 0.109375
3.0 0.6832460732984293 0.7328125 0.08900523560209424 0.121875
3.0 0.01963350785340314 0.5734375 0.02356020942408377 0.053125
5.0 0.04712041884816754 0.5921875 0.04712041884816754 0.096875
1.0 0.3036649214659686 0.1640625 0.010471204188481676 0.015625
6.0 0.3036649214659686 0.16875 0.015706806282722512 0.01875
3.0 0.9345549738219895 0.375 0.02617801047120419 0.0375
3.0 0.9541884816753927 0.3546875 0.01832460732984293 0.034375
0.0 0.9764397905759162 0.340625 0.005235602094240838 0.01875
3.0 0.9803664921465969 0.3546875 0.013089005235602094 0.028125
