0.0 0.11518324607329843 0.7359375 0.020942408376963352 0.059375
0.0 0.09554973821989529 0.7125 0.02356020942408377 0.0625
1.0 0.1099476439790576 0.71875 0.015706806282722512 0.025
0.0 0.08115183246073299 0.690625 0.020942408376963352 0.06875
7.0 0.5785340314136126 0.9359375 0.10471204188481675 0.103125
1.0 0.6282722513089005 0.8546875 0.02617801047120419 0.034375
1.0 0.6282722513089005 0.8453125 0.04712041884816754 0.071875
9.0 0.6269633507853403 0.8546875 0.03926701570680628 0.059375
1.0 0.5903141361256544 0.8171875 0.04450261780104712 0.065625
9.0 0.5890052356020943 0.828125 0.03664921465968586 0.0625
0.0 0.68717277486911 0.784375 0.04450261780104712 0.08125
3.0 0.7526178010471204 0.7421875 0.09162303664921466 0.128125
3.0 0.8023560209424084 0.6265625 0.09162303664921466 0.109375
1.0 0.6479057591623036 0.5609375 0.034031413612565446 0.065625
9.0 0.6400523560209425 0.5765625 0.07591623036649214 0.065625
1.0 0.1531413612565445 0.5578125 0.013089005235602094 0.040625
1.0 0.15968586387434555 0.5609375 0.015706806282722512 0.059375
9.0 0.16099476439790575 0.565625 0.03926701570680628 0.0625
1.0 0.006544502617801047 0.5140625 0.002617801047120419 0.028125
9.0 0.006544502617801047 0.525 0.007853403141361256 0.025
1.0 0.024869109947643978 0.6484375 0.013089005235602094 0.040625
9.0 0.024869109947643978 0.65625 0.02356020942408377 0.05
1.0 0.024869109947643978 0.6375 0.007853403141361256 0.04375
1.0 0.020942408376963352 0.634375 0.005235602094240838 0.025
9.0 0.02617801047120419 0.64375 0.020942408376963352 0.04375
1.0 0.02225130890052356 0.6171875 0.007853403141361256 0.040625
9.0 0.024869109947643978 0.621875 0.01832460732984293 0.04375
1.0 0.04581151832460733 0.6359375 0.013089005235602094 0.053125
9.0 0.04712041884816754 0.640625 0.020942408376963352 0.04375
1.0 0.04450261780104712 0.6171875 0.010471204188481676 0.040625
1.0 0.04581151832460733 0.609375 0.007853403141361256 0.0375
9.0 0.049738219895287955 0.61875 0.020942408376963352 0.04375
5.0 0.010471204188481676 0.471875 0.020942408376963352 0.04375
5.0 0.020942408376963352 0.4546875 0.02617801047120419 0.040625
3.0 0.009162303664921465 0.428125 0.013089005235602094 0.03125
9.0 0.04712041884816754 0.4796875 0.010471204188481676 0.028125
3.0 0.0274869109947644 0.4421875 0.02356020942408377 0.034375
4.0 0.034031413612565446 0.4265625 0.020942408376963352 0.040625
0.0 0.04450261780104712 0.4296875 0.005235602094240838 0.034375
1.0 0.03926701570680628 0.4140625 0.02617801047120419 0.040625
0.0 0.051047120418848166 0.4265625 0.007853403141361256 0.034375
0.0 0.0549738219895288 0.425 0.005235602094240838 0.0375
0.0 0.058900523560209424 0.4234375 0.007853403141361256 0.040625
0.0 0.06675392670157068 0.421875 0.007853403141361256 0.0375
3.0 0.04842931937172775 0.4 0.028795811518324606 0.04375
3.0 0.056282722513089 0.3890625 0.02356020942408377 0.034375
4.0 0.058900523560209424 0.3734375 0.028795811518324606 0.040625
3.0 0.07068062827225131 0.3625 0.02617801047120419 0.0375
3.0 0.07853403141361257 0.3484375 0.031413612565445025 0.040625
4.0 0.08376963350785341 0.365625 0.020942408376963352 0.05
9.0 0.007853403141361256 0.403125 0.005235602094240838 0.01875
9.0 0.010471204188481676 0.396875 0.005235602094240838 0.01875
9.0 0.015706806282722512 0.384375 0.005235602094240838 0.0125
9.0 0.02356020942408377 0.3703125 0.005235602094240838 0.015625
9.0 0.0274869109947644 0.3640625 0.007853403141361256 0.015625
9.0 0.032722513089005235 0.3578125 0.007853403141361256 0.015625
1.0 0.032722513089005235 0.3546875 0.002617801047120419 0.015625
0.0 0.03795811518324607 0.353125 0.002617801047120419 0.0125
0.0 0.04450261780104712 0.34375 0.005235602094240838 0.01875
0.0 0.04712041884816754 0.334375 0.005235602094240838 0.01875
4.0 0.07853403141361257 0.3125 0.02617801047120419 0.0375
0.0 0.09554973821989529 0.3828125 0.007853403141361256 0.034375
0.0 0.0968586387434555 0.3859375 0.005235602094240838 0.021875
1.0 0.68717277486911 0.4859375 0.01832460732984293 0.065625
2.0 0.6884816753926701 0.509375 0.015706806282722512 0.05625
1.0 0.7735602094240838 0.509375 0.02356020942408377 0.05625
2.0 0.7722513089005235 0.5328125 0.04712041884816754 0.040625
1.0 0.581151832460733 0.440625 0.020942408376963352 0.06875
1.0 0.5981675392670157 0.4296875 0.013089005235602094 0.046875
9.0 0.581151832460733 0.4453125 0.06806282722513089 0.059375
1.0 0.7028795811518325 0.384375 0.01832460732984293 0.05
1.0 0.7133507853403142 0.3921875 0.013089005235602094 0.034375
9.0 0.7015706806282722 0.396875 0.031413612565445025 0.0375
1.0 0.8272251308900523 0.4734375 0.015706806282722512 0.053125
9.0 0.8232984293193717 0.48125 0.02356020942408377 0.0375
1.0 0.7617801047120419 0.4578125 0.010471204188481676 0.040625
1.0 0.768324607329843 0.45625 0.013089005235602094 0.05
1.0 0.7787958115183246 0.4515625 0.007853403141361256 0.034375
9.0 0.7670157068062827 0.4640625 0.04712041884816754 0.046875
1.0 0.7670157068062827 0.3484375 0.015706806282722512 0.034375
9.0 0.7670157068062827 0.359375 0.02617801047120419 0.03125
1.0 0.7657068062827225 0.4046875 0.013089005235602094 0.046875
9.0 0.7670157068062827 0.415625 0.020942408376963352 0.04375
1.0 0.7866492146596858 0.4359375 0.013089005235602094 0.046875
9.0 0.7866492146596858 0.4515625 0.028795811518324606 0.046875
1.0 0.7827225130890052 0.4140625 0.015706806282722512 0.046875
9.0 0.7814136125654451 0.421875 0.028795811518324606 0.0375
1.0 0.7945026178010471 0.425 0.013089005235602094 0.05625
9.0 0.7918848167539267 0.4375 0.028795811518324606 0.04375
1.0 0.8154450261780105 0.4515625 0.013089005235602094 0.053125
1.0 0.8206806282722513 0.4421875 0.007853403141361256 0.028125
9.0 0.8141361256544503 0.459375 0.020942408376963352 0.0375
1.0 0.8363874345549738 0.4125 0.013089005235602094 0.04375
1.0 0.8442408376963351 0.4234375 0.007853403141361256 0.034375
1.0 0.849476439790576 0.421875 0.007853403141361256 0.03125
9.0 0.8442408376963351 0.43125 0.02356020942408377 0.0375
3.0 0.9149214659685864 0.453125 0.049738219895287955 0.0625
1.0 0.887434554973822 0.378125 0.010471204188481676 0.025
1.0 0.8952879581151832 0.3859375 0.010471204188481676 0.021875
9.0 0.7094240837696335 0.278125 0.015706806282722512 0.03125
0.0 0.756544502617801 0.278125 0.010471204188481676 0.03125
9.0 0.7892670157068062 0.29375 0.013089005235602094 0.025
9.0 0.8023560209424084 0.303125 0.01832460732984293 0.03125
9.0 0.7630890052356021 0.284375 0.013089005235602094 0.025
0.0 0.7395287958115183 0.2734375 0.013089005235602094 0.034375
9.0 0.7277486910994765 0.28125 0.020942408376963352 0.03125
2.0 0.6583769633507853 0.2484375 0.01832460732984293 0.028125
0.0 0.6479057591623036 0.2203125 0.013089005235602094 0.034375
0.0 0.569371727748691 0.29375 0.013089005235602094 0.03125
1.0 0.5798429319371727 0.2953125 0.013089005235602094 0.034375
9.0 0.569371727748691 0.3015625 0.03926701570680628 0.040625
1.0 0.450261780104712 0.35625 0.020942408376963352 0.05
9.0 0.45287958115183247 0.3671875 0.041884816753926704 0.046875
1.0 0.4803664921465969 0.2703125 0.013089005235602094 0.034375
9.0 0.4803664921465969 0.2796875 0.013089005235602094 0.034375
1.0 0.518324607329843 0.234375 0.010471204188481676 0.025
1.0 0.5196335078534031 0.2375 0.007853403141361256 0.01875
9.0 0.5196335078534031 0.240625 0.007853403141361256 0.025
1.0 0.5261780104712042 0.19375 0.010471204188481676 0.01875
2.0 0.5261780104712042 0.1984375 0.010471204188481676 0.015625
1.0 0.4620418848167539 0.2421875 0.013089005235602094 0.021875
9.0 0.4620418848167539 0.246875 0.013089005235602094 0.03125
1.0 0.2787958115183246 0.3390625 0.01832460732984293 0.040625
1.0 0.281413612565445 0.3359375 0.013089005235602094 0.034375
9.0 0.281413612565445 0.3515625 0.01832460732984293 0.040625
3.0 0.2198952879581152 0.3609375 0.041884816753926704 0.059375
4.0 0.2369109947643979 0.321875 0.04450261780104712 0.05625
3.0 0.25392670157068065 0.29375 0.03664921465968586 0.04375
3.0 0.2617801047120419 0.26875 0.03664921465968586 0.04375
4.0 0.281413612565445 0.2453125 0.03926701570680628 0.040625
3.0 0.2931937172774869 0.221875 0.031413612565445025 0.03125
3.0 0.337696335078534 0.2078125 0.031413612565445025 0.034375
1.0 0.1662303664921466 0.384375 0.013089005235602094 0.04375
6.0 0.1649214659685864 0.3921875 0.020942408376963352 0.046875
1.0 0.18717277486910994 0.3234375 0.013089005235602094 0.028125
9.0 0.18455497382198952 0.3328125 0.013089005235602094 0.028125
1.0 0.28403141361256545 0.1921875 0.007853403141361256 0.015625
9.0 0.28403141361256545 0.1953125 0.007853403141361256 0.015625
1.0 0.3612565445026178 0.1828125 0.010471204188481676 0.015625
9.0 0.3586387434554974 0.1875 0.010471204188481676 0.01875
3.0 0.362565445026178 0.1375 0.01832460732984293 0.0125
3.0 0.3782722513089005 0.115625 0.013089005235602094 0.0125
4.0 0.47774869109947643 0.1109375 0.02356020942408377 0.009375
1.0 0.3193717277486911 0.1578125 0.005235602094240838 0.009375
9.0 0.3180628272251309 0.159375 0.007853403141361256 0.0125
3.0 0.6924083769633508 0.2078125 0.03926701570680628 0.040625
