9.0 0.8357843137254902 0.875 0.04411764705882353 0.044444444444444446
2.0 0.8345588235294118 0.8625 0.03676470588235294 0.041666666666666664
0.0 0.8468137254901961 0.6402777777777777 0.012254901960784314 0.03611111111111111
1.0 0.8529411764705882 0.6402777777777777 0.0196078431372549 0.06944444444444445
9.0 0.8651960784313726 0.6569444444444444 0.029411764705882353 0.041666666666666664
0.0 0.8002450980392157 0.6444444444444445 0.012254901960784314 0.044444444444444446
0.0 0.7794117647058824 0.6430555555555556 0.014705882352941176 0.04722222222222222
1.0 0.44485294117647056 0.9875 0.02696078431372549 0.013888888888888888
9.0 0.44485294117647056 0.9861111111111112 0.02696078431372549 0.016666666666666666
6.0 0.22058823529411764 0.9013888888888889 0.05392156862745098 0.058333333333333334
4.0 0.7291666666666666 0.7722222222222223 0.11029411764705882 0.15
3.0 0.5024509803921569 0.8208333333333333 0.11764705882352941 0.13055555555555556
1.0 0.9693627450980392 0.4 0.007352941176470588 0.022222222222222223
0.0 0.9411764705882353 0.3263888888888889 0.00980392156862745 0.030555555555555555
0.0 0.9203431372549019 0.30416666666666664 0.007352941176470588 0.025
0.0 0.6825980392156863 0.45694444444444443 0.02696078431372549 0.08611111111111111
1.0 0.3602941176470588 0.775 0.0392156862745098 0.05555555555555555
1.0 0.3553921568627451 0.7625 0.014705882352941176 0.025
2.0 0.36151960784313725 0.7888888888888889 0.03676470588235294 0.07222222222222222
0.0 0.20710784313725492 0.6152777777777778 0.031862745098039214 0.075
3.0 0.22058823529411764 0.5444444444444444 0.06372549019607843 0.16111111111111112
6.0 0.20588235294117646 0.36527777777777776 0.07352941176470588 0.075
3.0 0.5477941176470589 0.1527777777777778 0.07598039215686274 0.06111111111111111
9.0 0.6176470588235294 0.20694444444444443 0.029411764705882353 0.041666666666666664
0.0 0.6004901960784313 0.09166666666666666 0.014705882352941176 0.022222222222222223
2.0 0.5931372549019608 0.09444444444444444 0.0196078431372549 0.016666666666666666
0.0 0.5870098039215687 0.08472222222222223 0.012254901960784314 0.019444444444444445
0.0 0.33088235294117646 0.13194444444444445 0.024509803921568627 0.030555555555555555
2.0 0.3235294117647059 0.1361111111111111 0.0196078431372549 0.027777777777777776
9.0 0.5294117647058824 0.08194444444444444 0.014705882352941176 0.019444444444444445
1.0 0.5355392156862745 0.05 0.012254901960784314 0.005555555555555556
0.0 0.3112745098039216 0.10277777777777777 0.0196078431372549 0.022222222222222223
1.0 0.42769607843137253 0.043055555555555555 0.012254901960784314 0.008333333333333333
6.0 0.43137254901960786 0.04722222222222222 0.029411764705882353 0.016666666666666666
4.0 0.4742647058823529 0.019444444444444445 0.031862745098039214 0.016666666666666666
5.0 0.32598039215686275 0.034722222222222224 0.0392156862745098 0.025
3.0 0.049019607843137254 0.4986111111111111 0.024509803921568627 0.05277777777777778
3.0 0.056372549019607844 0.43333333333333335 0.03431372549019608 0.06111111111111111
4.0 0.07475490196078431 0.3736111111111111 0.03676470588235294 0.06944444444444445
4.0 0.1053921568627451 0.2902777777777778 0.04411764705882353 0.06388888888888888
3.0 0.00857843137254902 0.44305555555555554 0.012254901960784314 0.04722222222222222
4.0 0.025735294117647058 0.36666666666666664 0.02696078431372549 0.05555555555555555
3.0 0.031862745098039214 0.34444444444444444 0.024509803921568627 0.044444444444444446
4.0 0.04534313725490196 0.3111111111111111 0.03676470588235294 0.07222222222222222
3.0 0.12990196078431374 0.15555555555555556 0.0392156862745098 0.044444444444444446
