5.0 0.0715962441314554 0.26153846153846155 0.02112676056338028 0.03076923076923077
4.0 0.9835680751173709 0.4512820512820513 0.009389671361502348 0.046153846153846156
4.0 0.971830985915493 0.6576923076923077 0.028169014084507043 0.07948717948717948
4.0 0.9800469483568075 0.6153846153846154 0.025821596244131457 0.08205128205128205
3.0 0.9330985915492958 0.3243589743589744 0.025821596244131457 0.04358974358974359
3.0 0.9413145539906104 0.32564102564102565 0.018779342723004695 0.035897435897435895
3.0 0.9330985915492958 0.3141025641025641 0.02112676056338028 0.038461538461538464
5.0 0.8884976525821596 0.2512820512820513 0.035211267605633804 0.05128205128205128
1.0 0.9096244131455399 0.30512820512820515 0.011737089201877934 0.02564102564102564
5.0 0.8227699530516432 0.1858974358974359 0.0539906103286385 0.05384615384615385
5.0 0.8133802816901409 0.5012820512820513 0.09154929577464789 0.2128205128205128
1.0 0.7453051643192489 0.6064102564102564 0.04929577464788732 0.11025641025641025
9.0 0.7453051643192489 0.6333333333333333 0.04460093896713615 0.08205128205128205
4.0 0.7676056338028169 0.39615384615384613 0.0892018779342723 0.14102564102564102
5.0 0.715962441314554 0.29743589743589743 0.14553990610328638 0.18461538461538463
1.0 0.5927230046948356 0.2833333333333333 0.03990610328638498 0.07435897435897436
2.0 0.596244131455399 0.30512820512820515 0.03286384976525822 0.05641025641025641
0.0 0.29577464788732394 0.2128205128205128 0.028169014084507043 0.041025641025641026
5.0 0.5704225352112676 0.14871794871794872 0.07981220657276995 0.046153846153846156
3.0 0.5422535211267606 0.13333333333333333 0.051643192488262914 0.03076923076923077
0.0 0.4788732394366197 0.11538461538461539 0.014084507042253521 0.020512820512820513
0.0 0.48826291079812206 0.11153846153846154 0.018779342723004695 0.017948717948717947
5.0 0.49178403755868544 0.09358974358974359 0.0539906103286385 0.023076923076923078
5.0 0.4859154929577465 0.08717948717948718 0.046948356807511735 0.020512820512820513
4.0 0.38028169014084506 0.08333333333333333 0.028169014084507043 0.017948717948717947
5.0 0.4448356807511737 0.06666666666666667 0.035211267605633804 0.020512820512820513
8.0 0.41901408450704225 0.052564102564102565 0.025821596244131457 0.01282051282051282
3.0 0.3779342723004695 0.06282051282051282 0.014084507042253521 0.007692307692307693
3.0 0.3931924882629108 0.05641025641025641 0.011737089201877934 0.005128205128205128
3.0 0.35563380281690143 0.06923076923076923 0.01643192488262911 0.010256410256410256
