0.0 0.42401960784313725 0.2625 0.058823529411764705 0.11388888888888889
0.0 0.6115196078431373 0.18472222222222223 0.056372549019607844 0.10277777777777777
0.0 0.6764705882352942 0.19444444444444445 0.058823529411764705 0.1
0.0 0.7181372549019608 0.25972222222222224 0.06372549019607843 0.14166666666666666
0.0 0.7659313725490197 0.44305555555555554 0.051470588235294115 0.175
0.0 0.8026960784313726 0.4847222222222222 0.02696078431372549 0.1638888888888889
0.0 0.8284313725490197 0.5222222222222223 0.029411764705882353 0.15
0.0 0.8480392156862745 0.5722222222222222 0.029411764705882353 0.15555555555555556
0.0 0.8615196078431373 0.5277777777777778 0.02696078431372549 0.15
0.0 0.8455882352941176 0.8236111111111111 0.05392156862745098 0.08611111111111111
0.0 0.8897058823529411 0.7513888888888889 0.04411764705882353 0.09166666666666666
0.0 0.6776960784313726 0.5041666666666667 0.0661764705882353 0.16944444444444445
0.0 0.8970588235294118 0.7763888888888889 0.04411764705882353 0.08611111111111111
0.0 0.9313725490196079 0.7722222222222223 0.0392156862745098 0.07222222222222222
0.0 0.9276960784313726 0.7861111111111111 0.02696078431372549 0.05
1.0 0.9534313725490197 0.3625 0.014705882352941176 0.04722222222222222
0.0 0.9546568627450981 0.35555555555555557 0.01715686274509804 0.05555555555555555
1.0 0.5098039215686274 0.11666666666666667 0.05392156862745098 0.044444444444444446
6.0 0.40441176470588236 0.043055555555555555 0.09803921568627451 0.05277777777777778
0.0 0.5404411764705882 0.027777777777777776 0.031862745098039214 0.022222222222222223
0.0 0.6654411764705882 0.03611111111111111 0.02696078431372549 0.027777777777777776
0.0 0.7965686274509803 0.11666666666666667 0.029411764705882353 0.03888888888888889
0.0 0.7071078431372549 0.05277777777777778 0.02696078431372549 0.027777777777777776
3.0 0.25980392156862747 0.11388888888888889 0.16176470588235295 0.12222222222222222
4.0 0.31862745098039214 0.05138888888888889 0.1568627450980392 0.08055555555555556
3.0 0.9166666666666666 0.2263888888888889 0.05392156862745098 0.09166666666666666
3.0 0.9522058823529411 0.25555555555555554 0.02696078431372549 0.06111111111111111
0.0 0.991421568627451 0.43472222222222223 0.007352941176470588 0.05277777777777778
