1.0 0.9742647058823529 0.43333333333333335 0.0024509803921568627 0.016666666666666666
0.0 0.991421568627451 0.5 0.0024509803921568627 0.016666666666666666
3.0 0.9877450980392157 0.48194444444444445 0.00980392156862745 0.030555555555555555
0.0 0.9852941176470589 0.6166666666666667 0.004901960784313725 0.022222222222222223
0.0 0.9852941176470589 0.6041666666666666 0.004901960784313725 0.025
6.0 0.9865196078431373 0.6069444444444444 0.007352941176470588 0.025
3.0 0.9779411764705882 0.5402777777777777 0.00980392156862745 0.05277777777777778
0.0 0.9754901960784313 0.5138888888888888 0.004901960784313725 0.022222222222222223
0.0 0.9375 0.4666666666666667 0.007352941176470588 0.027777777777777776
3.0 0.9705882352941176 0.6277777777777778 0.024509803921568627 0.06111111111111111
0.0 0.9730392156862745 0.4930555555555556 0.004901960784313725 0.025
0.0 0.9705882352941176 0.48333333333333334 0.004901960784313725 0.022222222222222223
2.0 0.9632352941176471 0.4625 0.004901960784313725 0.025
9.0 0.9558823529411765 0.4597222222222222 0.004901960784313725 0.019444444444444445
3.0 0.9595588235294118 0.5375 0.012254901960784314 0.06388888888888888
0.0 0.9399509803921569 0.4305555555555556 0.007352941176470588 0.027777777777777776
0.0 0.9595588235294118 0.6486111111111111 0.007352941176470588 0.025
0.0 0.9546568627450981 0.6458333333333334 0.007352941176470588 0.025
0.0 0.9522058823529411 0.6375 0.007352941176470588 0.025
7.0 0.9583333333333334 0.6069444444444444 0.014705882352941176 0.04722222222222222
0.0 0.9411764705882353 0.6486111111111111 0.00980392156862745 0.025
0.0 0.9338235294117647 0.6486111111111111 0.00980392156862745 0.030555555555555555
0.0 0.9375 0.6402777777777777 0.007352941176470588 0.025
0.0 0.9411764705882353 0.6347222222222222 0.00980392156862745 0.030555555555555555
7.0 0.9485294117647058 0.5791666666666667 0.014705882352941176 0.04722222222222222
6.0 0.9080882352941176 0.3527777777777778 0.01715686274509804 0.044444444444444446
5.0 0.9362745098039216 0.5319444444444444 0.0196078431372549 0.08055555555555556
3.0 0.9240196078431373 0.5152777777777777 0.0196078431372549 0.06944444444444445
3.0 0.9154411764705882 0.4736111111111111 0.031862745098039214 0.05277777777777778
9.0 0.9080882352941176 0.5111111111111111 0.007352941176470588 0.027777777777777776
3.0 0.8676470588235294 0.3527777777777778 0.04411764705882353 0.07777777777777778
0.0 0.8125 0.30277777777777776 0.01715686274509804 0.03888888888888889
0.0 0.8051470588235294 0.35138888888888886 0.012254901960784314 0.041666666666666664
0.0 0.7058823529411765 0.19722222222222222 0.0196078431372549 0.03333333333333333
3.0 0.8357843137254902 0.29444444444444445 0.0392156862745098 0.06666666666666667
1.0 0.8186274509803921 0.16944444444444445 0.014705882352941176 0.016666666666666666
0.0 0.7965686274509803 0.12777777777777777 0.00980392156862745 0.016666666666666666
3.0 0.8100490196078431 0.2111111111111111 0.04656862745098039 0.05555555555555555
3.0 0.7769607843137255 0.17777777777777778 0.0392156862745098 0.044444444444444446
4.0 0.7549019607843137 0.14166666666666666 0.03431372549019608 0.03888888888888889
3.0 0.7120098039215687 0.0875 0.031862745098039214 0.025
9.0 0.7291666666666666 0.08055555555555556 0.01715686274509804 0.016666666666666666
3.0 0.6924019607843137 0.06527777777777778 0.031862745098039214 0.025
2.0 0.6629901960784313 0.05555555555555555 0.012254901960784314 0.011111111111111112
1.0 0.6617647058823529 0.05416666666666667 0.00980392156862745 0.008333333333333333
4.0 0.5870098039215687 0.06805555555555555 0.02696078431372549 0.019444444444444445
3.0 0.6703431372549019 0.04583333333333333 0.022058823529411766 0.013888888888888888
3.0 0.6727941176470589 0.041666666666666664 0.04656862745098039 0.022222222222222223
0.0 0.6605392156862745 0.030555555555555555 0.012254901960784314 0.011111111111111112
0.0 0.5845588235294118 0.013888888888888888 0.007352941176470588 0.005555555555555556
6.0 0.5637254901960784 0.018055555555555554 0.014705882352941176 0.008333333333333333
1.0 0.5637254901960784 0.015277777777777777 0.004901960784313725 0.002777777777777778
9.0 0.5490196078431373 0.009722222222222222 0.00980392156862745 0.008333333333333333
1.0 0.5477941176470589 0.008333333333333333 0.007352941176470588 0.005555555555555556
8.0 0.6360294117647058 0.3277777777777778 0.11519607843137254 0.21666666666666667
0.0 0.7879901960784313 0.725 0.022058823529411766 0.03888888888888889
9.0 0.8198529411764706 0.8263888888888888 0.031862745098039214 0.03611111111111111
1.0 0.8223039215686274 0.8263888888888888 0.01715686274509804 0.025
1.0 0.8161764705882353 0.8305555555555556 0.0196078431372549 0.022222222222222223
0.0 0.7536764705882353 0.7763888888888889 0.01715686274509804 0.03611111111111111
0.0 0.7450980392156863 0.775 0.014705882352941176 0.03333333333333333
9.0 0.7634803921568627 0.8055555555555556 0.041666666666666664 0.03888888888888889
1.0 0.7683823529411765 0.8055555555555556 0.022058823529411766 0.03888888888888889
1.0 0.7769607843137255 0.8 0.0196078431372549 0.03333333333333333
3.0 0.6090686274509803 0.8472222222222222 0.10049019607843138 0.09444444444444444
9.0 0.5465686274509803 0.7138888888888889 0.0196078431372549 0.05555555555555555
1.0 0.5502450980392157 0.7 0.02696078431372549 0.05555555555555555
3.0 0.5024509803921569 0.6305555555555555 0.0784313725490196 0.15
0.0 0.3284313725490196 0.7861111111111111 0.024509803921568627 0.03888888888888889
0.0 0.33088235294117646 0.7777777777777778 0.0196078431372549 0.03888888888888889
0.0 0.32965686274509803 0.5763888888888888 0.022058823529411766 0.058333333333333334
0.0 0.27941176470588236 0.5611111111111111 0.0196078431372549 0.05555555555555555
3.0 0.3480392156862745 0.9444444444444444 0.11274509803921569 0.06666666666666667
3.0 0.4742647058823529 0.4097222222222222 0.07107843137254902 0.14166666666666666
3.0 0.375 0.2763888888888889 0.06862745098039216 0.09722222222222222
3.0 0.3958333333333333 0.1375 0.04656862745098039 0.04722222222222222
3.0 0.40931372549019607 0.059722222222222225 0.03431372549019608 0.025
3.0 0.4325980392156863 0.029166666666666667 0.02696078431372549 0.013888888888888888
0.0 0.2867647058823529 0.2611111111111111 0.014705882352941176 0.03333333333333333
0.0 0.31985294117647056 0.22777777777777777 0.01715686274509804 0.027777777777777776
3.0 0.25 0.30277777777777776 0.08823529411764706 0.08888888888888889
3.0 0.3272058823529412 0.029166666666666667 0.02696078431372549 0.013888888888888888
3.0 0.3284313725490196 0.041666666666666664 0.024509803921568627 0.016666666666666666
3.0 0.2977941176470588 0.06388888888888888 0.051470588235294115 0.027777777777777776
4.0 0.29901960784313725 0.0763888888888889 0.03431372549019608 0.030555555555555555
3.0 0.2867647058823529 0.09861111111111111 0.03431372549019608 0.030555555555555555
3.0 0.2659313725490196 0.125 0.03676470588235294 0.03888888888888889
3.0 0.23897058823529413 0.16944444444444445 0.041666666666666664 0.05
3.0 0.21200980392156862 0.22777777777777777 0.041666666666666664 0.06666666666666667
0.0 0.31985294117647056 0.0625 0.012254901960784314 0.013888888888888888
0.0 0.32965686274509803 0.05555555555555555 0.012254901960784314 0.011111111111111112
0.0 0.3382352941176471 0.05277777777777778 0.00980392156862745 0.011111111111111112
0.0 0.32965686274509803 0.05277777777777778 0.012254901960784314 0.011111111111111112
9.0 0.27205882352941174 0.8472222222222222 0.024509803921568627 0.03333333333333333
1.0 0.2696078431372549 0.8388888888888889 0.024509803921568627 0.03333333333333333
9.0 0.2536764705882353 0.8375 0.02696078431372549 0.03611111111111111
1.0 0.2512254901960784 0.8305555555555556 0.02696078431372549 0.03333333333333333
9.0 0.1801470588235294 0.7486111111111111 0.022058823529411766 0.04722222222222222
1.0 0.17647058823529413 0.7375 0.0196078431372549 0.03611111111111111
0.0 0.09926470588235294 0.7597222222222222 0.012254901960784314 0.025
0.0 0.09558823529411764 0.7486111111111111 0.014705882352941176 0.030555555555555555
3.0 0.03431372549019608 0.6972222222222222 0.024509803921568627 0.05555555555555555
0.0 0.04411764705882353 0.7125 0.00980392156862745 0.025
9.0 0.051470588235294115 0.7236111111111111 0.014705882352941176 0.030555555555555555
0.0 0.05024509803921569 0.7194444444444444 0.012254901960784314 0.027777777777777776
3.0 0.0428921568627451 0.6875 0.031862745098039214 0.058333333333333334
3.0 0.061274509803921566 0.6583333333333333 0.03431372549019608 0.07222222222222222
6.0 0.023284313725490197 0.6472222222222223 0.012254901960784314 0.027777777777777776
9.0 0.20955882352941177 0.3902777777777778 0.01715686274509804 0.05277777777777778
1.0 0.20955882352941177 0.3861111111111111 0.01715686274509804 0.03888888888888889
3.0 0.1642156862745098 0.3972222222222222 0.04411764705882353 0.1
9.0 0.12377450980392157 0.4791666666666667 0.022058823529411766 0.041666666666666664
1.0 0.12254901960784313 0.4361111111111111 0.00980392156862745 0.027777777777777776
1.0 0.1642156862745098 0.30833333333333335 0.014705882352941176 0.027777777777777776
7.0 0.24142156862745098 0.06805555555555555 0.01715686274509804 0.013888888888888888
0.0 0.24387254901960784 0.075 0.007352941176470588 0.011111111111111112
0.0 0.2512254901960784 0.06944444444444445 0.007352941176470588 0.011111111111111112
0.0 0.25245098039215685 0.07222222222222222 0.00980392156862745 0.011111111111111112
0.0 0.20833333333333334 0.10416666666666667 0.00980392156862745 0.013888888888888888
0.0 0.20098039215686275 0.1125 0.00980392156862745 0.013888888888888888
0.0 0.1948529411764706 0.13333333333333333 0.012254901960784314 0.016666666666666666
0.0 0.18504901960784315 0.15138888888888888 0.012254901960784314 0.019444444444444445
9.0 0.18504901960784315 0.14027777777777778 0.012254901960784314 0.013888888888888888
9.0 0.16666666666666666 0.14583333333333334 0.014705882352941176 0.013888888888888888
0.0 0.15931372549019607 0.16111111111111112 0.00980392156862745 0.016666666666666666
6.0 0.17279411764705882 0.14722222222222223 0.022058823529411766 0.027777777777777776
0.0 0.13357843137254902 0.19305555555555556 0.012254901960784314 0.019444444444444445
0.0 0.17647058823529413 0.19027777777777777 0.014705882352941176 0.025
0.0 0.10416666666666667 0.23194444444444445 0.007352941176470588 0.019444444444444445
0.0 0.08333333333333333 0.275 0.00980392156862745 0.022222222222222223
0.0 0.1556372549019608 0.17083333333333334 0.012254901960784314 0.019444444444444445
0.0 0.08700980392156862 0.3388888888888889 0.007352941176470588 0.027777777777777776
9.0 0.09191176470588236 0.3458333333333333 0.012254901960784314 0.025
1.0 0.1409313725490196 0.2986111111111111 0.012254901960784314 0.030555555555555555
7.0 0.14583333333333334 0.275 0.041666666666666664 0.06111111111111111
1.0 0.1323529411764706 0.30277777777777776 0.00980392156862745 0.022222222222222223
0.0 0.12745098039215685 0.3527777777777778 0.00980392156862745 0.03888888888888889
9.0 0.12867647058823528 0.3333333333333333 0.01715686274509804 0.03333333333333333
9.0 0.125 0.34444444444444444 0.014705882352941176 0.027777777777777776
2.0 0.0821078431372549 0.37083333333333335 0.012254901960784314 0.030555555555555555
0.0 0.041666666666666664 0.4111111111111111 0.004901960784313725 0.027777777777777776
2.0 0.08700980392156862 0.4361111111111111 0.012254901960784314 0.027777777777777776
6.0 0.04779411764705882 0.41805555555555557 0.012254901960784314 0.03611111111111111
9.0 0.09068627450980392 0.4861111111111111 0.00980392156862745 0.03333333333333333
9.0 0.0821078431372549 0.5027777777777778 0.012254901960784314 0.022222222222222223
0.0 0.08088235294117647 0.49583333333333335 0.004901960784313725 0.030555555555555555
9.0 0.08333333333333333 0.46111111111111114 0.00980392156862745 0.027777777777777776
6.0 0.10049019607843138 0.5694444444444444 0.029411764705882353 0.044444444444444446
7.0 0.08946078431372549 0.5930555555555556 0.02696078431372549 0.06944444444444445
9.0 0.0661764705882353 0.4930555555555556 0.004901960784313725 0.030555555555555555
9.0 0.06985294117647059 0.47638888888888886 0.007352941176470588 0.025
9.0 0.07352941176470588 0.4666666666666667 0.00980392156862745 0.027777777777777776
9.0 0.07598039215686274 0.45416666666666666 0.00980392156862745 0.030555555555555555
9.0 0.07475490196078431 0.4125 0.007352941176470588 0.019444444444444445
9.0 0.0784313725490196 0.4222222222222222 0.00980392156862745 0.022222222222222223
0.0 0.061274509803921566 0.49166666666666664 0.004901960784313725 0.03333333333333333
9.0 0.06004901960784314 0.5097222222222222 0.0024509803921568627 0.030555555555555555
9.0 0.05392156862745098 0.5083333333333333 0.004901960784313725 0.027777777777777776
9.0 0.05759803921568627 0.5319444444444444 0.0024509803921568627 0.030555555555555555
0.0 0.056372549019607844 0.48194444444444445 0.004901960784313725 0.030555555555555555
9.0 0.07598039215686274 0.5194444444444445 0.004901960784313725 0.03333333333333333
6.0 0.07598039215686274 0.6194444444444445 0.029411764705882353 0.06666666666666667
6.0 0.0784313725490196 0.6083333333333333 0.0196078431372549 0.05
9.0 0.0661764705882353 0.5569444444444445 0.00980392156862745 0.030555555555555555
0.0 0.041666666666666664 0.5013888888888889 0.004901960784313725 0.025
9.0 0.0428921568627451 0.49166666666666664 0.0024509803921568627 0.027777777777777776
0.0 0.03553921568627451 0.5430555555555555 0.0024509803921568627 0.019444444444444445
0.0 0.03308823529411765 0.5430555555555555 0.0024509803921568627 0.030555555555555555
0.0 0.03431372549019608 0.5638888888888889 0.004901960784313725 0.027777777777777776
0.0 0.031862745098039214 0.41388888888888886 0.004901960784313725 0.022222222222222223
0.0 0.029411764705882353 0.4097222222222222 0.004901960784313725 0.019444444444444445
0.0 0.02696078431372549 0.3902777777777778 0.004901960784313725 0.025
0.0 0.030637254901960783 0.3888888888888889 0.0024509803921568627 0.022222222222222223
0.0 0.03553921568627451 0.3861111111111111 0.007352941176470588 0.022222222222222223
0.0 0.03308823529411765 0.4 0.007352941176470588 0.022222222222222223
0.0 0.031862745098039214 0.3902777777777778 0.004901960784313725 0.025
0.0 0.012254901960784314 0.4666666666666667 0.004901960784313725 0.022222222222222223
0.0 0.013480392156862746 0.44305555555555554 0.0024509803921568627 0.019444444444444445
0.0 0.012254901960784314 0.43333333333333335 0.004901960784313725 0.022222222222222223
0.0 0.011029411764705883 0.4375 0.0024509803921568627 0.013888888888888888
1.0 0.004901960784313725 0.45694444444444443 0.0 0.008333333333333333
0.0 0.01838235294117647 0.49722222222222223 0.0024509803921568627 0.022222222222222223
1.0 0.020833333333333332 0.4375 0.0024509803921568627 0.019444444444444445
9.0 0.06495098039215687 0.45 0.007352941176470588 0.03333333333333333
9.0 0.05759803921568627 0.4263888888888889 0.007352941176470588 0.025
9.0 0.05392156862745098 0.4583333333333333 0.004901960784313725 0.027777777777777776
9.0 0.04534313725490196 0.4791666666666667 0.0024509803921568627 0.025
9.0 0.041666666666666664 0.44583333333333336 0.004901960784313725 0.025
9.0 0.04411764705882353 0.4625 0.004901960784313725 0.030555555555555555
9.0 0.03799019607843137 0.45 0.0024509803921568627 0.027777777777777776
9.0 0.03553921568627451 0.45 0.0024509803921568627 0.027777777777777776
9.0 0.03308823529411765 0.475 0.0024509803921568627 0.022222222222222223
9.0 0.03676470588235294 0.47638888888888886 0.004901960784313725 0.025
9.0 0.03553921568627451 0.47638888888888886 0.0024509803921568627 0.025
2.0 0.06004901960784314 0.5805555555555556 0.007352941176470588 0.03333333333333333
0.0 0.025735294117647058 0.4736111111111111 0.0024509803921568627 0.019444444444444445
9.0 0.014705882352941176 0.5986111111111111 0.004901960784313725 0.019444444444444445
9.0 0.022058823529411766 0.5888888888888889 0.004901960784313725 0.022222222222222223
9.0 0.024509803921568627 0.5847222222222223 0.004901960784313725 0.025
9.0 0.028186274509803922 0.5833333333333334 0.007352941176470588 0.027777777777777776
9.0 0.029411764705882353 0.5805555555555556 0.004901960784313725 0.022222222222222223
2.0 0.02696078431372549 0.5527777777777778 0.004901960784313725 0.027777777777777776
2.0 0.022058823529411766 0.5277777777777778 0.004901960784313725 0.022222222222222223
9.0 0.0196078431372549 0.5305555555555556 0.004901960784313725 0.022222222222222223
9.0 0.024509803921568627 0.5555555555555556 0.004901960784313725 0.027777777777777776
9.0 0.022058823529411766 0.5666666666666667 0.004901960784313725 0.022222222222222223
9.0 0.0196078431372549 0.5694444444444444 0.004901960784313725 0.022222222222222223
9.0 0.01715686274509804 0.5708333333333333 0.004901960784313725 0.025
9.0 0.01715686274509804 0.5736111111111111 0.004901960784313725 0.025
9.0 0.01838235294117647 0.5930555555555556 0.0024509803921568627 0.025
9.0 0.014705882352941176 0.575 0.004901960784313725 0.027777777777777776
9.0 0.012254901960784314 0.5777777777777777 0.004901960784313725 0.027777777777777776
9.0 0.012254901960784314 0.5805555555555556 0.004901960784313725 0.027777777777777776
9.0 0.011029411764705883 0.5819444444444445 0.0024509803921568627 0.025
9.0 0.00980392156862745 0.5819444444444445 0.004901960784313725 0.025
9.0 0.00857843137254902 0.5847222222222223 0.0024509803921568627 0.025
9.0 0.007352941176470588 0.5861111111111111 0.004901960784313725 0.027777777777777776
9.0 0.01838235294117647 0.5347222222222222 0.0024509803921568627 0.025
2.0 0.015931372549019607 0.5402777777777777 0.0024509803921568627 0.025
9.0 0.014705882352941176 0.5513888888888889 0.004901960784313725 0.019444444444444445
9.0 0.015931372549019607 0.5138888888888888 0.0024509803921568627 0.022222222222222223
9.0 0.013480392156862746 0.5138888888888888 0.0024509803921568627 0.022222222222222223
9.0 0.013480392156862746 0.49583333333333335 0.0024509803921568627 0.019444444444444445
9.0 0.011029411764705883 0.49722222222222223 0.0024509803921568627 0.022222222222222223
9.0 0.00980392156862745 0.49722222222222223 0.0 0.022222222222222223
9.0 0.00857843137254902 0.49722222222222223 0.0024509803921568627 0.027777777777777776
9.0 0.007352941176470588 0.4986111111111111 0.0 0.030555555555555555
9.0 0.00857843137254902 0.46805555555555556 0.0024509803921568627 0.019444444444444445
9.0 0.00857843137254902 0.4736111111111111 0.0024509803921568627 0.019444444444444445
9.0 0.006127450980392157 0.475 0.0024509803921568627 0.016666666666666666
9.0 0.004901960784313725 0.47638888888888886 0.0 0.019444444444444445
2.0 0.003676470588235294 0.4777777777777778 0.0024509803921568627 0.022222222222222223
9.0 0.0024509803921568627 0.48194444444444445 0.0 0.019444444444444445
9.0 0.004901960784313725 0.5611111111111111 0.004901960784313725 0.022222222222222223
9.0 0.006127450980392157 0.5597222222222222 0.0024509803921568627 0.019444444444444445
9.0 0.006127450980392157 0.5555555555555556 0.0024509803921568627 0.022222222222222223
9.0 0.00857843137254902 0.5527777777777778 0.0024509803921568627 0.022222222222222223
9.0 0.00857843137254902 0.5513888888888889 0.0024509803921568627 0.025
9.0 0.011029411764705883 0.5180555555555556 0.0024509803921568627 0.019444444444444445
9.0 0.011029411764705883 0.5208333333333334 0.0024509803921568627 0.019444444444444445
9.0 0.00857843137254902 0.5222222222222223 0.0024509803921568627 0.022222222222222223
9.0 0.007352941176470588 0.5277777777777778 0.004901960784313725 0.022222222222222223
9.0 0.006127450980392157 0.5291666666666667 0.0024509803921568627 0.019444444444444445
9.0 0.003676470588235294 0.5333333333333333 0.0024509803921568627 0.022222222222222223
9.0 0.003676470588235294 0.5333333333333333 0.0024509803921568627 0.022222222222222223
