8.0 0.19730392156862744 0.875 0.056372549019607844 0.05555555555555555
0.0 0.21568627450980393 0.8875 0.00980392156862745 0.013888888888888888
0.0 0.24142156862745098 0.9111111111111111 0.007352941176470588 0.011111111111111112
0.0 0.2512254901960784 0.9236111111111112 0.007352941176470588 0.008333333333333333
0.0 0.4375 0.9819444444444444 0.007352941176470588 0.008333333333333333
3.0 0.34068627450980393 0.9638888888888889 0.03431372549019608 0.016666666666666666
4.0 0.33700980392156865 0.9680555555555556 0.04656862745098039 0.019444444444444445
3.0 0.2647058823529412 0.9430555555555555 0.03431372549019608 0.019444444444444445
3.0 0.23529411764705882 0.9263888888888889 0.029411764705882353 0.019444444444444445
4.0 0.061274509803921566 0.7861111111111111 0.00980392156862745 0.016666666666666666
3.0 0.0625 0.7652777777777777 0.012254901960784314 0.019444444444444445
3.0 0.05514705882352941 0.7611111111111111 0.012254901960784314 0.022222222222222223
4.0 0.058823529411764705 0.7541666666666667 0.00980392156862745 0.019444444444444445
4.0 0.061274509803921566 0.7527777777777778 0.00980392156862745 0.016666666666666666
3.0 0.06372549019607843 0.75 0.00980392156862745 0.022222222222222223
4.0 0.06740196078431372 0.7444444444444445 0.012254901960784314 0.022222222222222223
3.0 0.20465686274509803 0.8125 0.022058823529411766 0.019444444444444445
3.0 0.3431372549019608 0.8513888888888889 0.024509803921568627 0.019444444444444445
3.0 0.29411764705882354 0.7708333333333334 0.024509803921568627 0.019444444444444445
3.0 0.27328431372549017 0.7597222222222222 0.01715686274509804 0.019444444444444445
3.0 0.22303921568627452 0.7222222222222222 0.0196078431372549 0.022222222222222223
3.0 0.32107843137254904 0.6986111111111111 0.024509803921568627 0.019444444444444445
3.0 0.49387254901960786 0.7138888888888889 0.01715686274509804 0.016666666666666666
4.0 0.40808823529411764 0.6777777777777778 0.022058823529411766 0.022222222222222223
3.0 0.5073529411764706 0.6666666666666666 0.014705882352941176 0.016666666666666666
4.0 0.508578431372549 0.6444444444444445 0.01715686274509804 0.016666666666666666
9.0 0.28308823529411764 0.9291666666666667 0.007352941176470588 0.008333333333333333
1.0 0.28308823529411764 0.9277777777777778 0.007352941176470588 0.005555555555555556
5.0 0.9656862745098039 0.5083333333333333 0.004901960784313725 0.016666666666666666
5.0 0.9424019607843137 0.48055555555555557 0.012254901960784314 0.022222222222222223
5.0 0.8492647058823529 0.5388888888888889 0.01715686274509804 0.027777777777777776
4.0 0.6568627450980392 0.5833333333333334 0.024509803921568627 0.03333333333333333
3.0 0.5134803921568627 0.5666666666666667 0.01715686274509804 0.011111111111111112
3.0 0.4424019607843137 0.5555555555555556 0.01715686274509804 0.016666666666666666
8.0 0.6127450980392157 0.4166666666666667 0.024509803921568627 0.027777777777777776
5.0 0.2769607843137255 0.4847222222222222 0.0784313725490196 0.041666666666666664
3.0 0.22916666666666666 0.47638888888888886 0.01715686274509804 0.008333333333333333
3.0 0.7034313725490197 0.475 0.014705882352941176 0.011111111111111112
3.0 0.5796568627450981 0.3541666666666667 0.01715686274509804 0.013888888888888888
5.0 0.6544117647058824 0.33194444444444443 0.024509803921568627 0.025
3.0 0.7561274509803921 0.3680555555555556 0.007352941176470588 0.008333333333333333
7.0 0.6666666666666666 0.375 0.00980392156862745 0.011111111111111112
