3.0 0.47058823529411764 0.075 0.08333333333333333 0.027777777777777776
3.0 0.3860294117647059 0.8152777777777778 0.18872549019607843 0.14722222222222223
3.0 0.5649509803921569 0.975 0.13970588235294118 0.044444444444444446
3.0 0.3946078431372549 0.9666666666666667 0.14705882352941177 0.05555555555555555
3.0 0.22794117647058823 0.8541666666666666 0.1323529411764706 0.13055555555555556
3.0 0.3872549019607843 0.9083333333333333 0.18627450980392157 0.11666666666666667
3.0 0.2107843137254902 0.7722222222222223 0.12745098039215685 0.15
3.0 0.12254901960784313 0.7222222222222222 0.0784313725490196 0.13333333333333333
3.0 0.10661764705882353 0.6166666666666667 0.061274509803921566 0.12777777777777777
3.0 0.05759803921568627 0.5680555555555555 0.03676470588235294 0.10833333333333334
3.0 0.07475490196078431 0.5097222222222222 0.031862745098039214 0.10277777777777777
3.0 0.07965686274509803 0.36666666666666664 0.031862745098039214 0.07222222222222222
3.0 0.04779411764705882 0.44305555555555554 0.02696078431372549 0.09166666666666666
3.0 0.03431372549019608 0.49444444444444446 0.014705882352941176 0.06666666666666667
3.0 0.023284313725490197 0.42777777777777776 0.01715686274509804 0.05555555555555555
3.0 0.01838235294117647 0.3958333333333333 0.01715686274509804 0.058333333333333334
3.0 0.03799019607843137 0.4083333333333333 0.022058823529411766 0.06666666666666667
3.0 0.03308823529411765 0.37083333333333335 0.022058823529411766 0.06388888888888888
3.0 0.03431372549019608 0.34305555555555556 0.0196078431372549 0.04722222222222222
3.0 0.01715686274509804 0.36527777777777776 0.014705882352941176 0.04722222222222222
3.0 0.028186274509803922 0.3236111111111111 0.01715686274509804 0.041666666666666664
3.0 0.04044117647058824 0.26805555555555555 0.01715686274509804 0.03611111111111111
8.0 0.05514705882352941 0.2875 0.051470588235294115 0.10277777777777777
3.0 0.02696078431372549 0.3055555555555556 0.00980392156862745 0.027777777777777776
