3.0 0.9375 0.7527777777777778 0.031862745098039214 0.05555555555555555
3.0 0.9742647058823529 0.65 0.012254901960784314 0.027777777777777776
3.0 0.9742647058823529 0.6569444444444444 0.012254901960784314 0.030555555555555555
5.0 0.9534313725490197 0.6972222222222222 0.058823529411764705 0.12222222222222222
3.0 0.5612745098039216 0.9236111111111112 0.06862745098039216 0.03611111111111111
1.0 0.5441176470588235 0.925 0.00980392156862745 0.011111111111111112
1.0 0.5747549019607843 0.9208333333333333 0.01715686274509804 0.013888888888888888
5.0 0.19730392156862744 0.7555555555555555 0.125 0.16111111111111112
5.0 0.25735294117647056 0.7291666666666666 0.09803921568627451 0.10833333333333334
5.0 0.36151960784313725 0.7638888888888888 0.10049019607843138 0.08333333333333333
5.0 0.28799019607843135 0.8041666666666667 0.11029411764705882 0.11944444444444445
3.0 0.5882352941176471 0.8625 0.058823529411764705 0.04722222222222222
3.0 0.5992647058823529 0.8388888888888889 0.04656862745098039 0.03333333333333333
3.0 0.6004901960784313 0.8194444444444444 0.0392156862745098 0.03333333333333333
3.0 0.5943627450980392 0.8041666666666667 0.03676470588235294 0.030555555555555555
3.0 0.6262254901960784 0.7888888888888889 0.03676470588235294 0.03888888888888889
3.0 0.5882352941176471 0.7861111111111111 0.04411764705882353 0.03333333333333333
3.0 0.6580882352941176 0.7625 0.03676470588235294 0.030555555555555555
3.0 0.6090686274509803 0.7736111111111111 0.031862745098039214 0.030555555555555555
3.0 0.42892156862745096 0.8652777777777778 0.058823529411764705 0.04722222222222222
3.0 0.4375 0.8541666666666666 0.04656862745098039 0.04722222222222222
3.0 0.45098039215686275 0.8361111111111111 0.0392156862745098 0.027777777777777776
3.0 0.4571078431372549 0.8291666666666667 0.031862745098039214 0.041666666666666664
5.0 0.46200980392156865 0.7847222222222222 0.051470588235294115 0.058333333333333334
5.0 0.5980392156862745 0.6625 0.06372549019607843 0.05277777777777778
5.0 0.7904411764705882 0.625 0.031862745098039214 0.044444444444444446
3.0 0.8455882352941176 0.6125 0.00980392156862745 0.013888888888888888
3.0 0.8946078431372549 0.7152777777777778 0.024509803921568627 0.041666666666666664
