3.0 0.16544117647058823 0.11388888888888889 0.012254901960784314 0.011111111111111112
3.0 0.15073529411764705 0.125 0.007352941176470588 0.011111111111111112
3.0 0.13480392156862744 0.15833333333333333 0.014705882352941176 0.022222222222222223
3.0 0.16666666666666666 0.125 0.0196078431372549 0.022222222222222223
3.0 0.1875 0.1111111111111111 0.022058823529411766 0.022222222222222223
3.0 0.25857843137254904 0.09583333333333334 0.041666666666666664 0.030555555555555555
3.0 0.19975490196078433 0.1625 0.056372549019607844 0.05277777777777778
3.0 0.29534313725490197 0.15138888888888888 0.07598039215686274 0.058333333333333334
4.0 0.22303921568627452 0.20833333333333334 0.06862745098039216 0.08333333333333333
4.0 0.2034313725490196 0.09583333333333334 0.0196078431372549 0.019444444444444445
3.0 0.1323529411764706 0.19305555555555556 0.04411764705882353 0.05277777777777778
3.0 0.22058823529411764 0.10138888888888889 0.029411764705882353 0.025
3.0 0.2193627450980392 0.08611111111111111 0.01715686274509804 0.016666666666666666
3.0 0.21446078431372548 0.08472222222222223 0.01715686274509804 0.013888888888888888
4.0 0.22549019607843138 0.07916666666666666 0.024509803921568627 0.019444444444444445
4.0 0.2512254901960784 0.07916666666666666 0.051470588235294115 0.03611111111111111
0.0 0.33700980392156865 0.07361111111111111 0.01715686274509804 0.019444444444444445
0.0 0.2855392156862745 0.0763888888888889 0.012254901960784314 0.013888888888888888
0.0 0.14705882352941177 0.1375 0.00980392156862745 0.013888888888888888
1.0 0.13848039215686275 0.16111111111111112 0.012254901960784314 0.016666666666666666
1.0 0.19730392156862744 0.09583333333333334 0.007352941176470588 0.008333333333333333
1.0 0.33088235294117646 0.058333333333333334 0.014705882352941176 0.016666666666666666
1.0 0.28799019607843135 0.07083333333333333 0.012254901960784314 0.008333333333333333
0.0 0.2806372549019608 0.07083333333333333 0.012254901960784314 0.013888888888888888
0.0 0.2769607843137255 0.07222222222222222 0.00980392156862745 0.011111111111111112
0.0 0.27818627450980393 0.06805555555555555 0.012254901960784314 0.013888888888888888
1.0 0.2659313725490196 0.1111111111111111 0.012254901960784314 0.016666666666666666
1.0 0.2610294117647059 0.1125 0.012254901960784314 0.013888888888888888
1.0 0.18382352941176472 0.2638888888888889 0.014705882352941176 0.022222222222222223
1.0 0.18504901960784315 0.2569444444444444 0.022058823529411766 0.03611111111111111
1.0 0.058823529411764705 0.3875 0.00980392156862745 0.03611111111111111
0.0 0.1017156862745098 0.25277777777777777 0.01715686274509804 0.03888888888888889
9.0 0.1801470588235294 0.2763888888888889 0.022058823529411766 0.04722222222222222
9.0 0.26715686274509803 0.08472222222222223 0.029411764705882353 0.019444444444444445
9.0 0.2426470588235294 0.09305555555555556 0.024509803921568627 0.019444444444444445
9.0 0.13725490196078433 0.16666666666666666 0.00980392156862745 0.016666666666666666
9.0 0.1948529411764706 0.09861111111111111 0.007352941176470588 0.008333333333333333
9.0 0.29044117647058826 0.07916666666666666 0.012254901960784314 0.013888888888888888
6.0 0.23651960784313725 0.09444444444444444 0.02696078431372549 0.022222222222222223
6.0 0.22303921568627452 0.09027777777777778 0.0196078431372549 0.013888888888888888
4.0 0.22303921568627452 0.0875 0.024509803921568627 0.019444444444444445
3.0 0.37254901960784315 0.2152777777777778 0.10784313725490197 0.08055555555555556
3.0 0.5269607843137255 0.43472222222222223 0.16176470588235295 0.14722222222222223
3.0 0.696078431372549 0.7736111111111111 0.1715686274509804 0.175
3.0 0.7401960784313726 0.9055555555555556 0.1568627450980392 0.13333333333333333
0.0 0.8713235294117647 0.8472222222222222 0.01715686274509804 0.027777777777777776
0.0 0.8651960784313726 0.85 0.029411764705882353 0.044444444444444446
1.0 0.9080882352941176 0.7375 0.022058823529411766 0.041666666666666664
1.0 0.9411764705882353 0.6666666666666666 0.0196078431372549 0.05555555555555555
9.0 0.9632352941176471 0.6388888888888888 0.0196078431372549 0.05
6.0 0.9252450980392157 0.6666666666666666 0.04656862745098039 0.07777777777777778
0.0 0.991421568627451 0.4638888888888889 0.0024509803921568627 0.027777777777777776
9.0 0.9889705882352942 0.4097222222222222 0.007352941176470588 0.030555555555555555
3.0 0.991421568627451 0.44305555555555554 0.007352941176470588 0.04722222222222222
3.0 0.9620098039215687 0.39861111111111114 0.02696078431372549 0.06388888888888888
3.0 0.9338235294117647 0.33055555555555555 0.029411764705882353 0.05555555555555555
3.0 0.8676470588235294 0.20972222222222223 0.05392156862745098 0.058333333333333334
3.0 0.9227941176470589 0.25972222222222224 0.02696078431372549 0.041666666666666664
0.0 0.8627450980392157 0.18194444444444444 0.014705882352941176 0.025
9.0 0.8700980392156863 0.19027777777777777 0.014705882352941176 0.019444444444444445
3.0 0.7610294117647058 0.15555555555555556 0.08088235294117647 0.06111111111111111
3.0 0.7328431372549019 0.11527777777777778 0.08333333333333333 0.05277777777777778
3.0 0.7843137254901961 0.1527777777777778 0.07352941176470588 0.06111111111111111
6.0 0.5649509803921569 0.2 0.04656862745098039 0.06111111111111111
6.0 0.5453431372549019 0.12916666666666668 0.09068627450980392 0.03611111111111111
6.0 0.5588235294117647 0.0763888888888889 0.06862745098039216 0.019444444444444445
9.0 0.6678921568627451 0.08611111111111111 0.01715686274509804 0.016666666666666666
9.0 0.6225490196078431 0.075 0.014705882352941176 0.016666666666666666
9.0 0.6127450980392157 0.07361111111111111 0.014705882352941176 0.013888888888888888
0.0 0.6568627450980392 0.09444444444444444 0.014705882352941176 0.022222222222222223
3.0 0.6470588235294118 0.10138888888888889 0.10294117647058823 0.04722222222222222
6.0 0.26348039215686275 0.12083333333333333 0.041666666666666664 0.03611111111111111
3.0 0.15196078431372548 0.40555555555555556 0.058823529411764705 0.13333333333333333
7.0 0.17279411764705882 0.5458333333333333 0.051470588235294115 0.19166666666666668
0.0 0.12745098039215685 0.6875 0.024509803921568627 0.06388888888888888
1.0 0.38848039215686275 0.8513888888888889 0.04656862745098039 0.04722222222222222
1.0 0.39950980392156865 0.8388888888888889 0.05392156862745098 0.07222222222222222
9.0 0.39950980392156865 0.8527777777777777 0.06372549019607843 0.06666666666666667
0.0 0.04656862745098039 0.6319444444444444 0.0196078431372549 0.06944444444444445
0.0 0.04779411764705882 0.6527777777777778 0.01715686274509804 0.06111111111111111
0.0 0.04044117647058824 0.6513888888888889 0.01715686274509804 0.058333333333333334
0.0 0.03676470588235294 0.6430555555555556 0.014705882352941176 0.058333333333333334
0.0 0.04534313725490196 0.6402777777777777 0.01715686274509804 0.058333333333333334
1.0 0.04656862745098039 0.6625 0.014705882352941176 0.041666666666666664
1.0 0.0428921568627451 0.6194444444444445 0.012254901960784314 0.03888888888888889
5.0 0.030637254901960783 0.6666666666666666 0.03676470588235294 0.08333333333333333
1.0 0.7794117647058824 0.35 0.03431372549019608 0.06111111111111111
1.0 0.8774509803921569 0.5569444444444445 0.0196078431372549 0.06388888888888888
0.0 0.7843137254901961 0.5583333333333333 0.03431372549019608 0.11666666666666667
0.0 0.8002450980392157 0.4722222222222222 0.022058823529411766 0.1
6.0 0.8247549019607843 0.47638888888888886 0.04656862745098039 0.10833333333333334
