5.0 0.003676470588235294 0.4447513812154696 0.007352941176470588 0.0718232044198895
3.0 0.014705882352941176 0.5662983425414365 0.00980392156862745 0.027624309392265192
4.0 0.041666666666666664 0.611878453038674 0.0196078431372549 0.03591160220994475
3.0 0.049019607843137254 0.5718232044198895 0.0196078431372549 0.03314917127071823
9.0 0.0821078431372549 0.6408839779005525 0.012254901960784314 0.022099447513812154
1.0 0.0821078431372549 0.6422651933701657 0.007352941176470588 0.013812154696132596
3.0 0.2928921568627451 0.8066298342541437 0.10049019607843138 0.0718232044198895
3.0 0.39828431372549017 0.8273480662983426 0.12009803921568628 0.06353591160220995
3.0 0.18627450980392157 0.6629834254143646 0.06862745098039216 0.06629834254143646
4.0 0.2193627450980392 0.5939226519337016 0.07107843137254902 0.06629834254143646
4.0 0.4693627450980392 0.585635359116022 0.13970588235294118 0.06629834254143646
3.0 0.5821078431372549 0.6795580110497238 0.12990196078431374 0.06077348066298342
4.0 0.7279411764705882 0.5566298342541437 0.10294117647058823 0.07458563535911603
5.0 0.5600490196078431 0.850828729281768 0.18872549019607843 0.06629834254143646
5.0 0.6838235294117647 0.8756906077348067 0.23039215686274508 0.11602209944751381
5.0 0.7450980392156863 0.8176795580110497 0.18627450980392157 0.13259668508287292
5.0 0.7843137254901961 0.7527624309392266 0.1323529411764706 0.10220994475138122
3.0 0.9019607843137255 0.6906077348066298 0.029411764705882353 0.07734806629834254
3.0 0.9191176470588235 0.6781767955801105 0.029411764705882353 0.08011049723756906
3.0 0.9313725490196079 0.6712707182320442 0.029411764705882353 0.08287292817679558
3.0 0.9534313725490197 0.649171270718232 0.0196078431372549 0.0718232044198895
3.0 0.9656862745098039 0.6325966850828729 0.014705882352941176 0.049723756906077346
4.0 0.9767156862745098 0.6298342541436464 0.01715686274509804 0.06629834254143646
3.0 0.9828431372549019 0.6243093922651933 0.014705882352941176 0.06077348066298342
3.0 0.9865196078431373 0.6215469613259669 0.012254901960784314 0.055248618784530384
8.0 0.9901960784313726 0.5414364640883977 0.014705882352941176 0.03867403314917127
4.0 0.8492647058823529 0.5359116022099447 0.04656862745098039 0.049723756906077346
4.0 0.8713235294117647 0.600828729281768 0.051470588235294115 0.058011049723756904
4.0 0.9178921568627451 0.5220994475138122 0.02696078431372549 0.04419889502762431
4.0 0.946078431372549 0.5662983425414365 0.024509803921568627 0.03867403314917127
3.0 0.9779411764705882 0.5013812154696132 0.00980392156862745 0.03038674033149171
3.0 0.9926470588235294 0.48480662983425415 0.00980392156862745 0.024861878453038673
8.0 0.9730392156862745 0.319060773480663 0.0196078431372549 0.04696132596685083
4.0 0.9166666666666666 0.2955801104972376 0.03431372549019608 0.055248618784530384
3.0 0.7463235294117647 0.27486187845303867 0.09558823529411764 0.07458563535911603
