3.0 0.5350467289719626 0.0024271844660194173 0.018691588785046728 0.0048543689320388345
3.0 0.5514018691588785 0.010922330097087379 0.03271028037383177 0.007281553398058253
1.0 0.5280373831775701 0.006067961165048544 0.004672897196261682 0.0024271844660194173
2.0 0.5292056074766355 0.007281553398058253 0.007009345794392523 0.0
3.0 0.4766355140186916 0.01820388349514563 0.02336448598130841 0.007281553398058253
0.0 0.48598130841121495 0.021844660194174758 0.004672897196261682 0.0048543689320388345
1.0 0.5035046728971962 0.023058252427184466 0.007009345794392523 0.0024271844660194173
2.0 0.5035046728971962 0.024271844660194174 0.007009345794392523 0.0048543689320388345
3.0 0.4766355140186916 0.032766990291262135 0.028037383177570093 0.012135922330097087
3.0 0.38901869158878505 0.05461165048543689 0.035046728971962614 0.01699029126213592
3.0 0.4661214953271028 0.04733009708737864 0.030373831775700934 0.012135922330097087
3.0 0.463785046728972 0.06310679611650485 0.035046728971962614 0.019417475728155338
3.0 0.4602803738317757 0.08495145631067962 0.04205607476635514 0.024271844660194174
3.0 0.6016355140186916 0.08373786407766991 0.04439252336448598 0.02669902912621359
0.0 0.33060747663551404 0.08737864077669903 0.016355140186915886 0.014563106796116505
1.0 0.3317757009345794 0.08495145631067962 0.009345794392523364 0.0048543689320388345
1.0 0.3644859813084112 0.07402912621359223 0.009345794392523364 0.007281553398058253
1.0 0.3574766355140187 0.08009708737864078 0.014018691588785047 0.009708737864077669
1.0 0.3492990654205608 0.07645631067961164 0.011682242990654205 0.007281553398058253
1.0 0.3469626168224299 0.09223300970873786 0.016355140186915886 0.009708737864077669
3.0 0.21495327102803738 0.18932038834951456 0.0514018691588785 0.06310679611650485
4.0 0.3142523364485981 0.17475728155339806 0.07242990654205607 0.07281553398058252
3.0 0.697429906542056 0.061893203883495146 0.035046728971962614 0.01699029126213592
3.0 0.705607476635514 0.06796116504854369 0.037383177570093455 0.019417475728155338
3.0 0.7161214953271028 0.07766990291262135 0.04439252336448598 0.024271844660194174
3.0 0.9135514018691588 0.308252427184466 0.03271028037383177 0.06796116504854369
3.0 0.9205607476635514 0.3592233009708738 0.028037383177570093 0.07281553398058252
0.0 0.8691588785046729 0.22815533980582525 0.014018691588785047 0.024271844660194174
0.0 0.780373831775701 0.20024271844660194 0.018691588785046728 0.02669902912621359
3.0 0.8936915887850467 0.3446601941747573 0.04906542056074766 0.07281553398058252
0.0 0.48014018691588783 0.13713592233009708 0.02102803738317757 0.021844660194174758
3.0 0.45093457943925236 0.20266990291262135 0.08411214953271028 0.08980582524271845
3.0 0.6144859813084113 0.4587378640776699 0.08878504672897196 0.1941747572815534
3.0 0.12967289719626168 0.5606796116504854 0.0397196261682243 0.1407766990291262
3.0 0.24532710280373832 0.6953883495145631 0.07009345794392523 0.11893203883495146
3.0 0.2885514018691589 0.845873786407767 0.08644859813084112 0.09466019417475728
5.0 0.32593457943925236 0.9174757281553398 0.10046728971962617 0.0825242718446602
2.0 0.26401869158878505 0.9114077669902912 0.028037383177570093 0.01699029126213592
3.0 0.4439252336448598 0.9733009708737864 0.0514018691588785 0.02912621359223301
3.0 0.6273364485981309 0.9599514563106796 0.06775700934579439 0.03640776699029126
3.0 0.6612149532710281 0.9114077669902912 0.08411214953271028 0.06067961165048544
4.0 0.6939252336448598 0.8155339805825242 0.10747663551401869 0.12135922330097088
4.0 0.5887850467289719 0.8895631067961165 0.08878504672897196 0.07524271844660194
3.0 0.4205607476635514 0.8822815533980582 0.08411214953271028 0.0703883495145631
3.0 0.7955607476635514 0.837378640776699 0.08177570093457943 0.09223300970873786
3.0 0.8785046728971962 0.8058252427184466 0.056074766355140186 0.06796116504854369
