5.0 0.4485294117647059 0.9102209944751382 0.0784313725490196 0.10220994475138122
3.0 0.3541666666666667 0.8480662983425414 0.08088235294117647 0.09392265193370165
3.0 0.15318627450980393 0.7803867403314917 0.051470588235294115 0.0856353591160221
3.0 0.16789215686274508 0.56353591160221 0.03676470588235294 0.09944751381215469
3.0 0.15808823529411764 0.36464088397790057 0.03676470588235294 0.08287292817679558
3.0 0.36519607843137253 0.31767955801104975 0.06862745098039216 0.10497237569060773
3.0 0.2818627450980392 0.23066298342541436 0.058823529411764705 0.07458563535911603
3.0 0.23529411764705882 0.16574585635359115 0.04411764705882353 0.04419889502762431
5.0 0.46200980392156865 0.19475138121546962 0.07598039215686274 0.11878453038674033
5.0 0.5269607843137255 0.04558011049723757 0.049019607843137254 0.03591160220994475
5.0 0.33578431372549017 0.05110497237569061 0.05392156862745098 0.04143646408839779
3.0 0.38480392156862747 0.031767955801104975 0.029411764705882353 0.019337016574585635
3.0 0.36764705882352944 0.017955801104972375 0.024509803921568627 0.013812154696132596
3.0 0.33455882352941174 0.027624309392265192 0.02696078431372549 0.016574585635359115
3.0 0.030637254901960783 0.6767955801104972 0.01715686274509804 0.04419889502762431
5.0 0.0428921568627451 0.7292817679558011 0.041666666666666664 0.09392265193370165
4.0 0.07598039215686274 0.7486187845303868 0.03431372549019608 0.0718232044198895
4.0 0.06004901960784314 0.712707182320442 0.02696078431372549 0.06077348066298342
5.0 0.0392156862745098 0.468232044198895 0.0196078431372549 0.0856353591160221
3.0 0.024509803921568627 0.5621546961325967 0.00980392156862745 0.058011049723756904
5.0 0.05392156862745098 0.35220994475138123 0.024509803921568627 0.06906077348066299
3.0 0.09191176470588236 0.255524861878453 0.01715686274509804 0.03038674033149171
3.0 0.1053921568627451 0.2292817679558011 0.0196078431372549 0.027624309392265192
0.0 0.2267156862745098 0.09530386740331492 0.007352941176470588 0.008287292817679558
0.0 0.07720588235294118 0.27348066298342544 0.007352941176470588 0.016574585635359115
0.0 0.015931372549019607 0.6270718232044199 0.0024509803921568627 0.011049723756906077
0.0 0.7953431372549019 0.8977900552486188 0.012254901960784314 0.011049723756906077
0.0 0.8100490196078431 0.8839779005524862 0.012254901960784314 0.016574585635359115
0.0 0.7990196078431373 0.8895027624309392 0.00980392156862745 0.011049723756906077
0.0 0.7806372549019608 0.8964088397790055 0.012254901960784314 0.013812154696132596
0.0 0.8026960784313726 0.8729281767955801 0.01715686274509804 0.022099447513812154
0.0 0.8259803921568627 0.8660220994475138 0.00980392156862745 0.013812154696132596
0.0 0.7745098039215687 0.7900552486187845 0.0196078431372549 0.027624309392265192
1.0 0.7720588235294118 0.7237569060773481 0.014705882352941176 0.022099447513812154
0.0 0.7549019607843137 0.6629834254143646 0.014705882352941176 0.03314917127071823
0.0 0.8799019607843137 0.6629834254143646 0.00980392156862745 0.027624309392265192
0.0 0.9044117647058824 0.6546961325966851 0.00980392156862745 0.027624309392265192
0.0 0.8443627450980392 0.5828729281767956 0.007352941176470588 0.027624309392265192
0.0 0.9056372549019608 0.5013812154696132 0.0024509803921568627 0.024861878453038673
0.0 0.8970588235294118 0.4696132596685083 0.004901960784313725 0.027624309392265192
0.0 0.7879901960784313 0.32044198895027626 0.012254901960784314 0.022099447513812154
0.0 0.7671568627450981 0.32320441988950277 0.014705882352941176 0.022099447513812154
0.0 0.7107843137254902 0.2430939226519337 0.014705882352941176 0.016574585635359115
0.0 0.8590686274509803 0.36464088397790057 0.007352941176470588 0.022099447513812154
0.0 0.8259803921568627 0.2803867403314917 0.014705882352941176 0.024861878453038673
0.0 0.7316176470588235 0.16574585635359115 0.012254901960784314 0.016574585635359115
0.0 0.7107843137254902 0.15607734806629833 0.0196078431372549 0.024861878453038673
0.0 0.7806372549019608 0.1477900552486188 0.01715686274509804 0.019337016574585635
0.0 0.7622549019607843 0.11602209944751381 0.00980392156862745 0.011049723756906077
0.0 0.7524509803921569 0.09668508287292818 0.00980392156862745 0.011049723756906077
0.0 0.7426470588235294 0.08701657458563536 0.00980392156862745 0.008287292817679558
0.0 0.7316176470588235 0.0718232044198895 0.012254901960784314 0.011049723756906077
0.0 0.7156862745098039 0.062154696132596686 0.00980392156862745 0.008287292817679558
0.0 0.6446078431372549 0.03867403314917127 0.00980392156862745 0.0055248618784530384
0.0 0.6372549019607843 0.034530386740331494 0.00980392156862745 0.008287292817679558
0.0 0.6801470588235294 0.03867403314917127 0.012254901960784314 0.011049723756906077
0.0 0.7181372549019608 0.05662983425414365 0.00980392156862745 0.008287292817679558
0.0 0.22181372549019607 0.09806629834254144 0.007352941176470588 0.008287292817679558
3.0 0.08700980392156862 0.34668508287292815 0.02696078431372549 0.06906077348066299
0.0 0.8149509803921569 0.19475138121546962 0.012254901960784314 0.019337016574585635
0.0 0.8529411764705882 0.3701657458563536 0.00980392156862745 0.027624309392265192
0.0 0.7965686274509803 0.32734806629834257 0.00980392156862745 0.019337016574585635
0.0 0.7205882352941176 0.2610497237569061 0.014705882352941176 0.019337016574585635
0.0 0.8431372549019608 0.5704419889502762 0.00980392156862745 0.024861878453038673
0.0 0.8259803921568627 0.5732044198895028 0.00980392156862745 0.03038674033149171
0.0 0.8272058823529411 0.5883977900552486 0.007352941176470588 0.027624309392265192
0.0 0.8345588235294118 0.5773480662983426 0.007352941176470588 0.027624309392265192
1.0 0.7659313725490197 0.7196132596685083 0.012254901960784314 0.019337016574585635
0.0 0.7732843137254902 0.861878453038674 0.01715686274509804 0.022099447513812154
0.0 0.7806372549019608 0.8328729281767956 0.012254901960784314 0.019337016574585635
0.0 0.7855392156862745 0.8383977900552486 0.01715686274509804 0.019337016574585635
0.0 0.7745098039215687 0.850828729281768 0.0196078431372549 0.016574585635359115
0.0 0.8223039215686274 0.8770718232044199 0.012254901960784314 0.013812154696132596
