3.0 0.21261682242990654 0.8992718446601942 0.04205607476635514 0.03640776699029126
3.0 0.20093457943925233 0.8798543689320388 0.04205607476635514 0.0412621359223301
4.0 0.17757009345794392 0.8300970873786407 0.04672897196261682 0.05339805825242718
3.0 0.16705607476635514 0.8021844660194175 0.0397196261682243 0.04611650485436893
8.0 0.2605140186915888 0.837378640776699 0.10514018691588785 0.11165048543689321
3.0 0.16004672897196262 0.7487864077669902 0.035046728971962614 0.050970873786407765
3.0 0.5093457943925234 0.962378640776699 0.03271028037383177 0.012135922330097087
3.0 0.6320093457943925 0.9720873786407767 0.04439252336448598 0.021844660194174758
3.0 0.6448598130841121 0.9405339805825242 0.04205607476635514 0.02669902912621359
3.0 0.6565420560747663 0.9223300970873787 0.04205607476635514 0.02912621359223301
3.0 0.6682242990654206 0.8980582524271845 0.04672897196261682 0.03398058252427184
3.0 0.6764018691588785 0.8713592233009708 0.053738317757009345 0.038834951456310676
4.0 0.6845794392523364 0.8325242718446602 0.04672897196261682 0.043689320388349516
3.0 0.6880841121495327 0.7985436893203883 0.05841121495327103 0.05339805825242718
3.0 0.6869158878504673 0.7475728155339806 0.0514018691588785 0.05825242718446602
3.0 0.038551401869158876 0.39563106796116504 0.007009345794392523 0.019417475728155338
3.0 0.6939252336448598 0.6941747572815534 0.04672897196261682 0.05825242718446602
3.0 0.6915887850467289 0.6310679611650486 0.04672897196261682 0.06310679611650485
3.0 0.1366822429906542 0.6213592233009708 0.02102803738317757 0.043689320388349516
3.0 0.13434579439252337 0.5691747572815534 0.016355140186915886 0.04611650485436893
3.0 0.1366822429906542 0.5218446601941747 0.016355140186915886 0.043689320388349516
3.0 0.2219626168224299 0.49271844660194175 0.02336448598130841 0.05339805825242718
3.0 0.26869158878504673 0.4344660194174757 0.03271028037383177 0.05825242718446602
3.0 0.23598130841121495 0.36771844660194175 0.028037383177570093 0.04611650485436893
3.0 0.2932242990654206 0.29975728155339804 0.035046728971962614 0.0412621359223301
3.0 0.27102803738317754 0.279126213592233 0.03271028037383177 0.03398058252427184
1.0 0.6191588785046729 0.9259708737864077 0.014018691588785047 0.007281553398058253
1.0 0.602803738317757 0.8859223300970874 0.014018691588785047 0.009708737864077669
1.0 0.6565420560747663 0.866504854368932 0.014018691588785047 0.014563106796116505
1.0 0.6214953271028038 0.8106796116504854 0.018691588785046728 0.019417475728155338
1.0 0.6425233644859814 0.8070388349514563 0.014018691588785047 0.01699029126213592
1.0 0.6355140186915887 0.6686893203883495 0.014018691588785047 0.02669902912621359
1.0 0.16004672897196262 0.5703883495145631 0.007009345794392523 0.019417475728155338
1.0 0.19042056074766356 0.37985436893203883 0.007009345794392523 0.01699029126213592
1.0 0.20794392523364486 0.3567961165048544 0.009345794392523364 0.014563106796116505
1.0 0.18691588785046728 0.36529126213592233 0.009345794392523364 0.01699029126213592
1.0 0.19509345794392524 0.3337378640776699 0.007009345794392523 0.012135922330097087
1.0 0.21144859813084113 0.3131067961165049 0.011682242990654205 0.019417475728155338
1.0 0.2266355140186916 0.25606796116504854 0.009345794392523364 0.012135922330097087
1.0 0.26985981308411217 0.1796116504854369 0.007009345794392523 0.0048543689320388345
1.0 0.5478971962616822 0.2973300970873786 0.011682242990654205 0.021844660194174758
2.0 0.6179906542056075 0.9283980582524272 0.011682242990654205 0.007281553398058253
2.0 0.6530373831775701 0.8725728155339806 0.011682242990654205 0.007281553398058253
9.0 0.6004672897196262 0.8919902912621359 0.014018691588785047 0.007281553398058253
9.0 0.6214953271028038 0.8179611650485437 0.014018691588785047 0.014563106796116505
2.0 0.6401869158878505 0.8155339805825242 0.009345794392523364 0.009708737864077669
2.0 0.6355140186915887 0.6844660194174758 0.009345794392523364 0.009708737864077669
2.0 0.5490654205607477 0.3094660194174757 0.004672897196261682 0.012135922330097087
8.0 0.6507009345794392 0.39563106796116504 0.08644859813084112 0.14563106796116504
8.0 0.6787383177570093 0.529126213592233 0.0630841121495327 0.1407766990291262
3.0 0.5665887850467289 0.20631067961165048 0.030373831775700934 0.024271844660194174
3.0 0.5607476635514018 0.18810679611650485 0.028037383177570093 0.01699029126213592
3.0 0.5467289719626168 0.1638349514563107 0.028037383177570093 0.01699029126213592
3.0 0.5432242990654206 0.1529126213592233 0.02102803738317757 0.014563106796116505
4.0 0.5385514018691588 0.14199029126213591 0.02102803738317757 0.012135922330097087
3.0 0.5350467289719626 0.13106796116504854 0.018691588785046728 0.009708737864077669
4.0 0.3317757009345794 0.2111650485436893 0.03271028037383177 0.03398058252427184
4.0 0.27102803738317754 0.22572815533980584 0.028037383177570093 0.03398058252427184
3.0 0.32009345794392524 0.18567961165048544 0.028037383177570093 0.021844660194174758
3.0 0.2967289719626168 0.1808252427184466 0.028037383177570093 0.02669902912621359
3.0 0.2558411214953271 0.21480582524271843 0.02570093457943925 0.02669902912621359
2.0 0.22313084112149534 0.2633495145631068 0.007009345794392523 0.007281553398058253
2.0 0.26985981308411217 0.1820388349514563 0.007009345794392523 0.0048543689320388345
2.0 0.1939252336448598 0.33980582524271846 0.004672897196261682 0.009708737864077669
2.0 0.18457943925233644 0.3762135922330097 0.004672897196261682 0.014563106796116505
2.0 0.18808411214953272 0.3919902912621359 0.007009345794392523 0.01699029126213592
9.0 0.205607476635514 0.3628640776699029 0.009345794392523364 0.01699029126213592
9.0 0.16121495327102803 0.5813106796116505 0.009345794392523364 0.01699029126213592
0.0 0.14369158878504673 0.6067961165048543 0.007009345794392523 0.02912621359223301
2.0 0.12850467289719625 0.6674757281553398 0.014018691588785047 0.019417475728155338
9.0 0.12733644859813084 0.6565533980582524 0.011682242990654205 0.01699029126213592
3.0 0.13901869158878505 0.4817961165048544 0.016355140186915886 0.03640776699029126
3.0 0.14369158878504673 0.44902912621359226 0.016355140186915886 0.038834951456310676
3.0 0.1530373831775701 0.41140776699029125 0.02102803738317757 0.0412621359223301
3.0 0.16355140186915887 0.3762135922330097 0.018691588785046728 0.03398058252427184
3.0 0.17406542056074767 0.3434466019417476 0.02102803738317757 0.03640776699029126
0.0 0.17172897196261683 0.3567961165048544 0.007009345794392523 0.009708737864077669
3.0 0.18457943925233644 0.316747572815534 0.018691588785046728 0.02669902912621359
3.0 0.1939252336448598 0.2924757281553398 0.02336448598130841 0.03155339805825243
3.0 0.2091121495327103 0.25970873786407767 0.02102803738317757 0.02912621359223301
3.0 0.2207943925233645 0.23786407766990292 0.02102803738317757 0.024271844660194174
3.0 0.205607476635514 0.24271844660194175 0.018691588785046728 0.024271844660194174
3.0 0.21728971962616822 0.22451456310679613 0.018691588785046728 0.021844660194174758
3.0 0.19158878504672897 0.24029126213592233 0.018691588785046728 0.024271844660194174
3.0 0.25 0.19174757281553398 0.018691588785046728 0.019417475728155338
3.0 0.2102803738317757 0.2087378640776699 0.018691588785046728 0.019417475728155338
3.0 0.19976635514018692 0.21359223300970873 0.016355140186915886 0.019417475728155338
3.0 0.2161214953271028 0.19781553398058252 0.016355140186915886 0.01699029126213592
3.0 0.17873831775700935 0.2487864077669903 0.016355140186915886 0.021844660194174758
0.0 0.47897196261682246 0.10679611650485436 0.009345794392523364 0.0048543689320388345
0.0 0.40420560747663553 0.11286407766990292 0.009345794392523364 0.007281553398058253
3.0 0.4602803738317757 0.05461165048543689 0.009345794392523364 0.0024271844660194173
3.0 0.4439252336448598 0.06067961165048544 0.009345794392523364 0.0048543689320388345
3.0 0.44509345794392524 0.05703883495145631 0.011682242990654205 0.0024271844660194173
3.0 0.44509345794392524 0.05461165048543689 0.007009345794392523 0.0024271844660194173
3.0 0.4287383177570093 0.061893203883495146 0.011682242990654205 0.0024271844660194173
3.0 0.22546728971962618 0.17233009708737865 0.02570093457943925 0.019417475728155338
3.0 0.22897196261682243 0.16747572815533981 0.028037383177570093 0.019417475728155338
3.0 0.23948598130841123 0.154126213592233 0.02570093457943925 0.01699029126213592
3.0 0.24182242990654207 0.14927184466019416 0.02570093457943925 0.01699029126213592
3.0 0.24532710280373832 0.14684466019417475 0.028037383177570093 0.01699029126213592
3.0 0.25116822429906543 0.14199029126213591 0.02570093457943925 0.01699029126213592
3.0 0.26401869158878505 0.13106796116504854 0.028037383177570093 0.014563106796116505
3.0 0.26869158878504673 0.125 0.02336448598130841 0.012135922330097087
3.0 0.2757009345794392 0.12014563106796117 0.02336448598130841 0.012135922330097087
3.0 0.2780373831775701 0.11771844660194175 0.02336448598130841 0.012135922330097087
3.0 0.2850467289719626 0.1104368932038835 0.02336448598130841 0.012135922330097087
3.0 0.308411214953271 0.11771844660194175 0.014018691588785047 0.012135922330097087
3.0 0.3422897196261682 0.11165048543689321 0.016355140186915886 0.009708737864077669
3.0 0.3679906542056075 0.10436893203883495 0.016355140186915886 0.009708737864077669
3.0 0.3633177570093458 0.0983009708737864 0.016355140186915886 0.007281553398058253
3.0 0.3925233644859813 0.08859223300970874 0.014018691588785047 0.007281553398058253
3.0 0.42406542056074764 0.07766990291262135 0.011682242990654205 0.0048543689320388345
3.0 0.40186915887850466 0.07402912621359223 0.014018691588785047 0.007281553398058253
3.0 0.3796728971962617 0.07524271844660194 0.011682242990654205 0.0048543689320388345
3.0 0.3247663551401869 0.10194174757281553 0.014018691588785047 0.009708737864077669
3.0 0.3399532710280374 0.08616504854368932 0.016355140186915886 0.007281553398058253
3.0 0.34345794392523366 0.0825242718446602 0.014018691588785047 0.0048543689320388345
3.0 0.35046728971962615 0.07645631067961164 0.009345794392523364 0.007281553398058253
3.0 0.35630841121495327 0.07281553398058252 0.007009345794392523 0.0048543689320388345
3.0 0.36682242990654207 0.0703883495145631 0.009345794392523364 0.0048543689320388345
8.0 0.3796728971962617 0.06796116504854369 0.016355140186915886 0.009708737864077669
3.0 0.04205607476635514 0.38228155339805825 0.004672897196261682 0.01699029126213592
3.0 0.0455607476635514 0.36893203883495146 0.007009345794392523 0.014563106796116505
3.0 0.04906542056074766 0.375 0.004672897196261682 0.01699029126213592
3.0 0.4135514018691589 0.0983009708737864 0.009345794392523364 0.007281553398058253
3.0 0.9719626168224299 0.6262135922330098 0.009345794392523364 0.024271844660194174
2.0 0.9462616822429907 0.5364077669902912 0.004672897196261682 0.019417475728155338
2.0 0.9497663551401869 0.5364077669902912 0.002336448598130841 0.019417475728155338
2.0 0.9521028037383178 0.5351941747572816 0.002336448598130841 0.01699029126213592
3.0 0.9707943925233645 0.6674757281553398 0.011682242990654205 0.02912621359223301
0.0 0.12266355140186916 0.7682038834951457 0.011682242990654205 0.01699029126213592
2.0 0.16004672897196262 0.8446601941747572 0.016355140186915886 0.014563106796116505
