3.0 0.8590686274509803 0.8466850828729282 0.0661764705882353 0.0856353591160221
5.0 0.8921568627450981 0.6256906077348067 0.06862745098039216 0.1685082872928177
3.0 0.6825980392156863 0.3784530386740331 0.051470588235294115 0.049723756906077346
4.0 0.4497549019607843 0.35082872928176795 0.061274509803921566 0.06629834254143646
3.0 0.7720588235294118 0.393646408839779 0.04411764705882353 0.058011049723756904
3.0 0.8075980392156863 0.39640883977900554 0.03676470588235294 0.058011049723756904
3.0 0.6776960784313726 0.2596685082872928 0.04656862745098039 0.049723756906077346
3.0 0.7536764705882353 0.30662983425414364 0.041666666666666664 0.04419889502762431
3.0 0.7892156862745098 0.30939226519337015 0.03431372549019608 0.04419889502762431
3.0 0.7279411764705882 0.21823204419889503 0.03431372549019608 0.03314917127071823
3.0 0.6482843137254902 0.1712707182320442 0.03676470588235294 0.027624309392265192
3.0 0.5919117647058824 0.18370165745856354 0.041666666666666664 0.024861878453038673
3.0 0.49754901960784315 0.13121546961325967 0.03431372549019608 0.013812154696132596
3.0 0.4387254901960784 0.10220994475138122 0.029411764705882353 0.016574585635359115
5.0 0.4889705882352941 0.08839779005524862 0.03676470588235294 0.022099447513812154
3.0 0.36887254901960786 0.10359116022099447 0.02696078431372549 0.013812154696132596
3.0 0.38480392156862747 0.09530386740331492 0.024509803921568627 0.013812154696132596
3.0 0.3382352941176471 0.10220994475138122 0.024509803921568627 0.016574585635359115
3.0 0.3321078431372549 0.09392265193370165 0.02696078431372549 0.016574585635359115
3.0 0.2916666666666667 0.0856353591160221 0.0196078431372549 0.011049723756906077
