4.0 0.33700980392156865 0.030927835051546393 0.051470588235294115 0.030927835051546393
3.0 0.4325980392156863 0.01675257731958763 0.051470588235294115 0.028350515463917526
3.0 0.4215686274509804 0.05154639175257732 0.06862745098039216 0.05154639175257732
4.0 0.3394607843137255 0.09407216494845361 0.08088235294117647 0.07474226804123711
0.0 0.25245098039215685 0.07087628865979381 0.0196078431372549 0.01804123711340206
9.0 0.17892156862745098 0.1713917525773196 0.0392156862745098 0.04381443298969072
0.0 0.19240196078431374 0.16494845360824742 0.02696078431372549 0.030927835051546393
4.0 0.16789215686274508 0.21778350515463918 0.10049019607843138 0.09536082474226804
3.0 0.3897058823529412 0.13402061855670103 0.09803921568627451 0.0979381443298969
3.0 0.1409313725490196 0.2809278350515464 0.0857843137254902 0.09278350515463918
3.0 0.12622549019607843 0.34536082474226804 0.07598039215686274 0.09278350515463918
3.0 0.27328431372549017 0.2925257731958763 0.10049019607843138 0.17783505154639176
3.0 0.36642156862745096 0.2912371134020619 0.11029411764705882 0.1958762886597938
3.0 0.11029411764705882 0.4329896907216495 0.06862745098039216 0.08762886597938144
4.0 0.1053921568627451 0.5193298969072165 0.06862745098039216 0.09020618556701031
3.0 0.11642156862745098 0.6108247422680413 0.07598039215686274 0.09278350515463918
4.0 0.12990196078431374 0.6829896907216495 0.0784313725490196 0.09278350515463918
3.0 0.14583333333333334 0.7525773195876289 0.09068627450980392 0.09278350515463918
4.0 0.24509803921568626 0.9329896907216495 0.08823529411764706 0.05154639175257732
4.0 0.6678921568627451 0.961340206185567 0.0661764705882353 0.041237113402061855
3.0 0.41421568627450983 0.9458762886597938 0.06862745098039216 0.04639175257731959
3.0 0.7083333333333334 0.904639175257732 0.08823529411764706 0.08247422680412371
3.0 0.758578431372549 0.7976804123711341 0.1053921568627451 0.14175257731958762
3.0 0.3799019607843137 0.8247422680412371 0.10784313725490197 0.14432989690721648
3.0 0.8026960784313726 0.6095360824742269 0.07107843137254902 0.16752577319587628
4.0 0.3480392156862745 0.5914948453608248 0.10784313725490197 0.2654639175257732
3.0 0.25245098039215685 0.6172680412371134 0.09803921568627451 0.2345360824742268
3.0 0.6409313725490197 0.02190721649484536 0.041666666666666664 0.01804123711340206
3.0 0.6593137254901961 0.04768041237113402 0.06372549019607843 0.04381443298969072
4.0 0.6924019607843137 0.09664948453608248 0.0661764705882353 0.059278350515463915
3.0 0.7426470588235294 0.18814432989690721 0.09803921568627451 0.12886597938144329
4.0 0.8002450980392157 0.3788659793814433 0.08088235294117647 0.20618556701030927
0.0 0.4803921568627451 0.9342783505154639 0.0196078431372549 0.01804123711340206
1.0 0.3014705882352941 0.045103092783505154 0.00980392156862745 0.007731958762886598
0.0 0.38480392156862747 0.01288659793814433 0.00980392156862745 0.005154639175257732
