3.0 0.0428921568627451 0.5592783505154639 0.03676470588235294 0.18041237113402062
3.0 0.37745098039215685 0.23582474226804123 0.1715686274509804 0.24484536082474226
3.0 0.056372549019607844 0.35695876288659795 0.05392156862745098 0.16237113402061856
3.0 0.10784313725490197 0.21005154639175258 0.0784313725490196 0.12628865979381443
3.0 0.022058823529411766 0.4652061855670103 0.024509803921568627 0.17268041237113402
4.0 0.0428921568627451 0.3247422680412371 0.04656862745098039 0.11855670103092783
3.0 0.1090686274509804 0.17010309278350516 0.07107843137254902 0.09278350515463918
0.0 0.020833333333333332 0.3646907216494845 0.012254901960784314 0.03350515463917526
0.0 0.015931372549019607 0.37628865979381443 0.012254901960784314 0.03608247422680412
3.0 0.883578431372549 0.16881443298969073 0.08088235294117647 0.09020618556701031
4.0 0.7046568627450981 0.06443298969072164 0.1053921568627451 0.08247422680412371
3.0 0.7879901960784313 0.18427835051546393 0.12990196078431374 0.16237113402061856
3.0 0.8639705882352942 0.13917525773195877 0.07598039215686274 0.07216494845360824
3.0 0.8578431372549019 0.4175257731958763 0.0784313725490196 0.25257731958762886
3.0 0.8529411764705882 0.6997422680412371 0.11274509803921569 0.21391752577319587
3.0 0.7879901960784313 0.8737113402061856 0.125 0.13402061855670103
3.0 0.6507352941176471 0.8092783505154639 0.16911764705882354 0.20618556701030927
0.0 0.023284313725490197 0.634020618556701 0.012254901960784314 0.02577319587628866
2.0 0.991421568627451 0.46649484536082475 0.007352941176470588 0.02577319587628866
7.0 0.9816176470588235 0.4368556701030928 0.01715686274509804 0.03865979381443299
