3.0 0.020833333333333332 0.5451030927835051 0.012254901960784314 0.05412371134020619
4.0 0.04656862745098039 0.39690721649484534 0.024509803921568627 0.04639175257731959
3.0 0.05514705882352941 0.3646907216494845 0.022058823529411766 0.03865979381443299
3.0 0.06495098039215687 0.3337628865979381 0.022058823529411766 0.03865979381443299
3.0 0.07720588235294118 0.30541237113402064 0.02696078431372549 0.03865979381443299
9.0 0.02696078431372549 0.41237113402061853 0.004901960784313725 0.010309278350515464
0.0 0.02696078431372549 0.40850515463917525 0.004901960784313725 0.01288659793814433
3.0 0.12009803921568628 0.2422680412371134 0.024509803921568627 0.041237113402061855
3.0 0.09803921568627451 0.2551546391752577 0.029411764705882353 0.041237113402061855
9.0 0.09926470588235294 0.24742268041237114 0.007352941176470588 0.010309278350515464
3.0 0.11274509803921569 0.23067010309278352 0.029411764705882353 0.03350515463917526
3.0 0.12254901960784313 0.21262886597938144 0.029411764705882353 0.028350515463917526
3.0 0.13602941176470587 0.19716494845360824 0.031862745098039214 0.03350515463917526
3.0 0.19852941176470587 0.0979381443298969 0.024509803921568627 0.020618556701030927
3.0 0.20588235294117646 0.09149484536082474 0.024509803921568627 0.01804123711340206
0.0 0.14705882352941177 0.20231958762886598 0.00980392156862745 0.01288659793814433
0.0 0.15073529411764705 0.19845360824742267 0.012254901960784314 0.015463917525773196
3.0 0.38235294117647056 0.2603092783505155 0.058823529411764705 0.07731958762886598
8.0 0.4362745098039216 0.07345360824742268 0.049019607843137254 0.04896907216494845
5.0 0.5563725490196079 0.07216494845360824 0.08333333333333333 0.02577319587628866
4.0 0.5330882352941176 0.04639175257731959 0.051470588235294115 0.010309278350515464
3.0 0.5845588235294118 0.05154639175257732 0.041666666666666664 0.015463917525773196
9.0 0.7291666666666666 0.16623711340206185 0.01715686274509804 0.01804123711340206
3.0 0.4325980392156863 0.03350515463917526 0.022058823529411766 0.010309278350515464
4.0 0.45955882352941174 0.028350515463917526 0.01715686274509804 0.010309278350515464
3.0 0.4632352941176471 0.01804123711340206 0.014705882352941176 0.005154639175257732
4.0 0.46691176470588236 0.00902061855670103 0.012254901960784314 0.007731958762886598
3.0 0.47058823529411764 0.005154639175257732 0.014705882352941176 0.005154639175257732
3.0 0.47181372549019607 0.001288659793814433 0.012254901960784314 0.002577319587628866
5.0 0.44607843137254904 0.010309278350515464 0.024509803921568627 0.015463917525773196
2.0 0.5968137254901961 0.020618556701030927 0.007352941176470588 0.005154639175257732
0.0 0.6102941176470589 0.020618556701030927 0.004901960784313725 0.005154639175257732
1.0 0.5955882352941176 0.019329896907216496 0.004901960784313725 0.002577319587628866
4.0 0.6323529411764706 0.028350515463917526 0.024509803921568627 0.010309278350515464
3.0 0.6397058823529411 0.03221649484536082 0.029411764705882353 0.01288659793814433
3.0 0.8296568627450981 0.16881443298969073 0.02696078431372549 0.03350515463917526
0.0 0.9252450980392157 0.34149484536082475 0.007352941176470588 0.023195876288659795
0.0 0.9497549019607843 0.34149484536082475 0.007352941176470588 0.01804123711340206
3.0 0.9656862745098039 0.40850515463917525 0.014705882352941176 0.04896907216494845
3.0 0.9754901960784313 0.4677835051546392 0.00980392156862745 0.05412371134020619
3.0 0.9546568627450981 0.45489690721649484 0.012254901960784314 0.059278350515463915
3.0 0.9448529411764706 0.7190721649484536 0.031862745098039214 0.061855670103092786
3.0 0.9571078431372549 0.6597938144329897 0.02696078431372549 0.06701030927835051
3.0 0.9803921568627451 0.6327319587628866 0.0196078431372549 0.059278350515463915
3.0 0.9828431372549019 0.5837628865979382 0.014705882352941176 0.059278350515463915
3.0 0.9632352941176471 0.5966494845360825 0.0196078431372549 0.06958762886597938
3.0 0.9620098039215687 0.5322164948453608 0.012254901960784314 0.059278350515463915
3.0 0.9178921568627451 0.24484536082474226 0.01715686274509804 0.030927835051546393
3.0 0.12009803921568628 0.8466494845360825 0.04411764705882353 0.05412371134020619
