3.0 0.10661764705882353 0.16494845360824742 0.022058823529411766 0.030927835051546393
3.0 0.05024509803921569 0.2538659793814433 0.01715686274509804 0.03350515463917526
0.0 0.43137254901960786 0.03994845360824742 0.00980392156862745 0.007731958762886598
0.0 0.2757352941176471 0.19458762886597938 0.022058823529411766 0.028350515463917526
8.0 0.44362745098039214 0.04896907216494845 0.11764705882352941 0.04639175257731959
8.0 0.3075980392156863 0.1056701030927835 0.14950980392156862 0.07731958762886598
8.0 0.23284313725490197 0.17783505154639176 0.14705882352941177 0.1134020618556701
3.0 0.44362745098039214 0.45103092783505155 0.14705882352941177 0.10309278350515463
9.0 0.5208333333333334 0.3788659793814433 0.051470588235294115 0.03608247422680412
2.0 0.5183823529411765 0.33505154639175255 0.061274509803921566 0.02577319587628866
3.0 0.4497549019607843 0.5515463917525774 0.17892156862745098 0.14432989690721648
3.0 0.5477941176470589 0.6069587628865979 0.1642156862745098 0.11597938144329897
3.0 0.5723039215686274 0.711340206185567 0.1642156862745098 0.1134020618556701
5.0 0.36642156862745096 0.7061855670103093 0.125 0.17010309278350516
9.0 0.7071078431372549 0.8028350515463918 0.03676470588235294 0.04896907216494845
9.0 0.7291666666666666 0.7860824742268041 0.031862745098039214 0.04639175257731959
3.0 0.6372549019607843 0.8827319587628866 0.12745098039215685 0.07474226804123711
3.0 0.5808823529411765 0.8698453608247423 0.12745098039215685 0.06443298969072164
3.0 0.5073529411764706 0.8518041237113402 0.14705882352941177 0.059278350515463915
0.0 0.5196078431372549 0.979381443298969 0.014705882352941176 0.005154639175257732
3.0 0.3553921568627451 0.9381443298969072 0.0196078431372549 0.010309278350515464
9.0 0.08700980392156862 0.8028350515463918 0.01715686274509804 0.023195876288659795
8.0 0.11151960784313726 0.509020618556701 0.051470588235294115 0.20876288659793815
8.0 0.041666666666666664 0.49871134020618557 0.03431372549019608 0.2036082474226804
8.0 0.023284313725490197 0.4832474226804124 0.02696078431372549 0.18298969072164947
