1.0 0.8936915887850467 0.7050970873786407 0.02102803738317757 0.0412621359223301
4.0 0.8878504672897196 0.6359223300970874 0.09813084112149532 0.16990291262135923
1.0 0.7313084112149533 0.4550970873786408 0.04672897196261682 0.08009708737864078
4.0 0.7429906542056075 0.3592233009708738 0.08878504672897196 0.13592233009708737
9.0 0.3492990654205608 0.6055825242718447 0.05841121495327103 0.09466019417475728
1.0 0.34579439252336447 0.5643203883495146 0.0514018691588785 0.11893203883495146
9.0 0.4497663551401869 0.3774271844660194 0.06775700934579439 0.08980582524271845
2.0 0.4310747663551402 0.2524271844660194 0.035046728971962614 0.05339805825242718
1.0 0.4591121495327103 0.3640776699029126 0.053738317757009345 0.08737864077669903
1.0 0.433411214953271 0.23907766990291263 0.035046728971962614 0.050970873786407765
0.0 0.6261682242990654 0.3446601941747573 0.03271028037383177 0.07766990291262135
1.0 0.6004672897196262 0.32524271844660196 0.028037383177570093 0.043689320388349516
0.0 0.5922897196261683 0.29854368932038833 0.0397196261682243 0.07766990291262135
0.0 0.5969626168224299 0.23179611650485438 0.035046728971962614 0.06553398058252427
0.0 0.4941588785046729 0.23058252427184467 0.035046728971962614 0.06310679611650485
0.0 0.39369158878504673 0.12742718446601942 0.02102803738317757 0.021844660194174758
9.0 0.352803738317757 0.11165048543689321 0.018691588785046728 0.014563106796116505
1.0 0.352803738317757 0.1104368932038835 0.018691588785046728 0.012135922330097087
9.0 0.2651869158878505 0.13713592233009708 0.016355140186915886 0.01699029126213592
1.0 0.2675233644859813 0.13349514563106796 0.016355140186915886 0.014563106796116505
3.0 0.23948598130841123 0.16019417475728157 0.035046728971962614 0.03398058252427184
3.0 0.316588785046729 0.10072815533980582 0.030373831775700934 0.01699029126213592
3.0 0.30257009345794394 0.0983009708737864 0.02570093457943925 0.01699029126213592
3.0 0.30257009345794394 0.09587378640776699 0.02102803738317757 0.012135922330097087
1.0 0.2827102803738318 0.10922330097087378 0.014018691588785047 0.009708737864077669
2.0 0.2780373831775701 0.11286407766990292 0.014018691588785047 0.012135922330097087
1.0 0.25817757009345793 0.8313106796116505 0.04439252336448598 0.0412621359223301
4.0 0.19509345794392524 0.7706310679611651 0.12850467289719625 0.17233009708737865
1.0 0.14602803738317757 0.5655339805825242 0.02102803738317757 0.04854368932038835
1.0 0.14485981308411214 0.5364077669902912 0.02336448598130841 0.05825242718446602
4.0 0.11565420560747663 0.5121359223300971 0.035046728971962614 0.16019417475728157
4.0 0.13901869158878505 0.3422330097087379 0.053738317757009345 0.10679611650485436
4.0 0.12850467289719625 0.30461165048543687 0.07009345794392523 0.09466019417475728
4.0 0.11799065420560748 0.28640776699029125 0.053738317757009345 0.07281553398058252
3.0 0.0689252336448598 0.33495145631067963 0.030373831775700934 0.04854368932038835
3.0 0.10747663551401869 0.27548543689320387 0.04205607476635514 0.055825242718446605
5.0 0.036214953271028034 0.3762135922330097 0.02570093457943925 0.05339805825242718
3.0 0.04439252336448598 0.3616504854368932 0.018691588785046728 0.038834951456310676
3.0 0.035046728971962614 0.3616504854368932 0.018691588785046728 0.038834951456310676
3.0 0.018691588785046728 0.38349514563106796 0.014018691588785047 0.03398058252427184
3.0 0.018691588785046728 0.36529126213592233 0.009345794392523364 0.02669902912621359
3.0 0.037383177570093455 0.3337378640776699 0.014018691588785047 0.03155339805825243
3.0 0.04322429906542056 0.32038834951456313 0.016355140186915886 0.03398058252427184
3.0 0.04789719626168224 0.3106796116504854 0.016355140186915886 0.03398058252427184
3.0 0.036214953271028034 0.32524271844660196 0.011682242990654205 0.024271844660194174
3.0 0.04088785046728972 0.316747572815534 0.011682242990654205 0.021844660194174758
4.0 0.04672897196261682 0.30461165048543687 0.014018691588785047 0.02669902912621359
3.0 0.0514018691588785 0.29854368932038833 0.014018691588785047 0.024271844660194174
3.0 0.035046728971962614 0.3191747572815534 0.009345794392523364 0.021844660194174758
3.0 0.04088785046728972 0.3094660194174757 0.011682242990654205 0.021844660194174758
0.0 0.0455607476635514 0.30339805825242716 0.007009345794392523 0.014563106796116505
4.0 0.02336448598130841 0.3446601941747573 0.014018691588785047 0.02912621359223301
3.0 0.054906542056074766 0.28883495145631066 0.011682242990654205 0.024271844660194174
4.0 0.06425233644859812 0.279126213592233 0.016355140186915886 0.02912621359223301
3.0 0.05957943925233645 0.28398058252427183 0.011682242990654205 0.024271844660194174
3.0 0.06425233644859812 0.27548543689320387 0.011682242990654205 0.021844660194174758
3.0 0.06775700934579439 0.26941747572815533 0.014018691588785047 0.024271844660194174
3.0 0.06191588785046729 0.27305825242718446 0.011682242990654205 0.021844660194174758
3.0 0.06775700934579439 0.2633495145631068 0.009345794392523364 0.01699029126213592
3.0 0.07476635514018691 0.2536407766990291 0.009345794392523364 0.01699029126213592
