9.0 0.20710784313725492 0.8170103092783505 0.0661764705882353 0.09278350515463918
9.0 0.6311274509803921 0.7899484536082474 0.0857843137254902 0.1056701030927835
9.0 0.696078431372549 0.7603092783505154 0.08823529411764706 0.12371134020618557
0.0 0.633578431372549 0.6778350515463918 0.056372549019607844 0.12886597938144329
0.0 0.7083333333333334 0.6559278350515464 0.05392156862745098 0.1211340206185567
0.0 0.20465686274509803 0.6507731958762887 0.056372549019607844 0.1211340206185567
0.0 0.26715686274509803 0.625 0.058823529411764705 0.11597938144329897
0.0 0.2769607843137255 0.49871134020618557 0.029411764705882353 0.13144329896907217
0.0 0.13112745098039216 0.5528350515463918 0.022058823529411766 0.10051546391752578
0.0 0.15441176470588236 0.5489690721649485 0.024509803921568627 0.0979381443298969
0.0 0.5061274509803921 0.5618556701030928 0.03676470588235294 0.13917525773195877
0.0 0.5012254901960784 0.5180412371134021 0.031862745098039214 0.12371134020618557
0.0 0.9644607843137255 0.31958762886597936 0.012254901960784314 0.030927835051546393
0.0 0.44485294117647056 0.23582474226804123 0.02696078431372549 0.06958762886597938
0.0 0.3762254901960784 0.25128865979381443 0.03676470588235294 0.06958762886597938
0.0 0.3431372549019608 0.25644329896907214 0.03431372549019608 0.06958762886597938
0.0 0.40808823529411764 0.23195876288659795 0.041666666666666664 0.06701030927835051
0.0 0.3272058823529412 0.24484536082474226 0.031862745098039214 0.06701030927835051
0.0 0.3161764705882353 0.24097938144329897 0.029411764705882353 0.06443298969072164
0.0 0.28921568627450983 0.23840206185567012 0.03431372549019608 0.059278350515463915
0.0 0.24387254901960784 0.2538659793814433 0.02696078431372549 0.059278350515463915
0.0 0.31985294117647056 0.19845360824742267 0.031862745098039214 0.04639175257731959
0.0 0.3639705882352941 0.23195876288659795 0.02696078431372549 0.061855670103092786
0.0 0.4534313725490196 0.1791237113402062 0.024509803921568627 0.04381443298969072
0.0 0.4681372549019608 0.17396907216494845 0.0196078431372549 0.03865979381443299
0.0 0.5049019607843137 0.16237113402061856 0.024509803921568627 0.03608247422680412
0.0 0.49387254901960786 0.1481958762886598 0.01715686274509804 0.03350515463917526
0.0 0.5306372549019608 0.13015463917525774 0.01715686274509804 0.028350515463917526
0.0 0.5588235294117647 0.12757731958762886 0.0196078431372549 0.023195876288659795
0.0 0.3480392156862745 0.19072164948453607 0.029411764705882353 0.04639175257731959
0.0 0.36519607843137253 0.18298969072164947 0.029411764705882353 0.03608247422680412
0.0 0.37745098039215685 0.18685567010309279 0.029411764705882353 0.04896907216494845
0.0 0.375 0.16623711340206185 0.029411764705882353 0.04381443298969072
0.0 0.4117647058823529 0.16623711340206185 0.024509803921568627 0.03865979381443299
0.0 0.43014705882352944 0.15721649484536082 0.022058823529411766 0.03608247422680412
0.0 0.4424019607843137 0.15206185567010308 0.01715686274509804 0.03608247422680412
0.0 0.35661764705882354 0.14304123711340205 0.022058823529411766 0.028350515463917526
9.0 0.4105392156862745 0.12886597938144329 0.04656862745098039 0.02577319587628866
0.0 0.43137254901960786 0.13015463917525774 0.024509803921568627 0.028350515463917526
0.0 0.8223039215686274 0.520618556701031 0.01715686274509804 0.08247422680412371
1.0 0.09558823529411764 0.3079896907216495 0.0196078431372549 0.04381443298969072
