3.0 0.6285046728971962 0.9648058252427184 0.12149532710280374 0.0412621359223301
4.0 0.7862149532710281 0.883495145631068 0.05841121495327103 0.04854368932038835
3.0 0.8656542056074766 0.8434466019417476 0.06775700934579439 0.07524271844660194
0.0 0.4591121495327103 0.9769417475728155 0.011682242990654205 0.007281553398058253
0.0 0.47313084112149534 0.9745145631067961 0.016355140186915886 0.012135922330097087
3.0 0.5771028037383178 0.9466019417475728 0.102803738317757 0.02912621359223301
4.0 0.3901869158878505 0.9502427184466019 0.09345794392523364 0.03155339805825243
4.0 0.4497663551401869 0.9381067961165048 0.10046728971962617 0.02669902912621359
4.0 0.7102803738317757 0.8847087378640777 0.07009345794392523 0.0412621359223301
4.0 0.6740654205607477 0.8907766990291263 0.07710280373831775 0.04854368932038835
2.0 0.6880841121495327 0.8543689320388349 0.0397196261682243 0.024271844660194174
4.0 0.3492990654205608 0.9101941747572816 0.10046728971962617 0.043689320388349516
3.0 0.24065420560747663 0.8786407766990292 0.07009345794392523 0.05339805825242718
4.0 0.26635514018691586 0.8689320388349514 0.07009345794392523 0.05339805825242718
3.0 0.30957943925233644 0.8531553398058253 0.07242990654205607 0.0412621359223301
3.0 0.19158878504672897 0.8422330097087378 0.056074766355140186 0.04854368932038835
4.0 0.21144859813084113 0.8349514563106796 0.06775700934579439 0.05825242718446602
3.0 0.15070093457943926 0.8033980582524272 0.04439252336448598 0.04854368932038835
3.0 0.1705607476635514 0.8046116504854369 0.04672897196261682 0.04611650485436893
3.0 0.12032710280373832 0.7718446601941747 0.035046728971962614 0.043689320388349516
3.0 0.13901869158878505 0.7718446601941747 0.0397196261682243 0.043689320388349516
3.0 0.0969626168224299 0.7427184466019418 0.02570093457943925 0.038834951456310676
3.0 0.11214953271028037 0.7427184466019418 0.028037383177570093 0.038834951456310676
3.0 0.08177570093457943 0.7196601941747572 0.02336448598130841 0.03640776699029126
3.0 0.08177570093457943 0.7014563106796117 0.018691588785046728 0.03398058252427184
4.0 0.06658878504672897 0.6953883495145631 0.016355140186915886 0.03155339805825243
4.0 0.05724299065420561 0.6808252427184466 0.011682242990654205 0.02669902912621359
4.0 0.0514018691588785 0.6711165048543689 0.014018691588785047 0.03155339805825243
4.0 0.056074766355140186 0.662621359223301 0.014018691588785047 0.024271844660194174
3.0 0.0630841121495327 0.6686893203883495 0.009345794392523364 0.021844660194174758
3.0 0.0455607476635514 0.6601941747572816 0.011682242990654205 0.024271844660194174
4.0 0.0397196261682243 0.6480582524271845 0.009345794392523364 0.024271844660194174
3.0 0.04439252336448598 0.6456310679611651 0.009345794392523364 0.019417475728155338
3.0 0.05023364485981308 0.6516990291262136 0.011682242990654205 0.021844660194174758
3.0 0.03387850467289719 0.6371359223300971 0.007009345794392523 0.01699029126213592
3.0 0.030373831775700934 0.6274271844660194 0.004672897196261682 0.01699029126213592
3.0 0.03387850467289719 0.6274271844660194 0.007009345794392523 0.01699029126213592
4.0 0.04205607476635514 0.6371359223300971 0.009345794392523364 0.021844660194174758
3.0 0.038551401869158876 0.6298543689320388 0.007009345794392523 0.01699029126213592
3.0 0.028037383177570093 0.616504854368932 0.004672897196261682 0.014563106796116505
3.0 0.03154205607476635 0.6213592233009708 0.007009345794392523 0.014563106796116505
3.0 0.035046728971962614 0.6225728155339806 0.004672897196261682 0.01699029126213592
4.0 0.03271028037383177 0.616504854368932 0.004672897196261682 0.014563106796116505
3.0 0.029205607476635514 0.6116504854368932 0.007009345794392523 0.014563106796116505
1.0 0.02219626168224299 0.6031553398058253 0.002336448598130841 0.007281553398058253
9.0 0.02219626168224299 0.6055825242718447 0.002336448598130841 0.012135922330097087
3.0 0.02570093457943925 0.6007281553398058 0.004672897196261682 0.012135922330097087
3.0 0.02102803738317757 0.6043689320388349 0.004672897196261682 0.014563106796116505
0.0 0.026869158878504672 0.6286407766990292 0.002336448598130841 0.014563106796116505
0.0 0.028037383177570093 0.6310679611650486 0.004672897196261682 0.014563106796116505
0.0 0.02102803738317757 0.6298543689320388 0.004672897196261682 0.012135922330097087
0.0 0.02219626168224299 0.633495145631068 0.002336448598130841 0.014563106796116505
0.0 0.018691588785046728 0.6310679611650486 0.004672897196261682 0.014563106796116505
0.0 0.017523364485981307 0.6274271844660194 0.002336448598130841 0.012135922330097087
6.0 0.02570093457943925 0.6310679611650486 0.004672897196261682 0.014563106796116505
5.0 0.02219626168224299 0.5946601941747572 0.007009345794392523 0.019417475728155338
3.0 0.015186915887850467 0.587378640776699 0.002336448598130841 0.009708737864077669
4.0 0.018691588785046728 0.5849514563106796 0.004672897196261682 0.014563106796116505
3.0 0.016355140186915886 0.5800970873786407 0.004672897196261682 0.009708737864077669
3.0 0.014018691588785047 0.5740291262135923 0.004672897196261682 0.007281553398058253
3.0 0.012850467289719626 0.5691747572815534 0.002336448598130841 0.007281553398058253
3.0 0.010514018691588784 0.566747572815534 0.002336448598130841 0.007281553398058253
3.0 0.010514018691588784 0.5643203883495146 0.002336448598130841 0.007281553398058253
4.0 0.010514018691588784 0.5618932038834952 0.002336448598130841 0.007281553398058253
3.0 0.008177570093457943 0.5570388349514563 0.002336448598130841 0.007281553398058253
3.0 0.008177570093457943 0.5546116504854369 0.002336448598130841 0.007281553398058253
3.0 0.005841121495327103 0.5497572815533981 0.002336448598130841 0.007281553398058253
3.0 0.0035046728971962616 0.5473300970873787 0.002336448598130841 0.0024271844660194173
3.0 0.0035046728971962616 0.5424757281553398 0.002336448598130841 0.007281553398058253
4.0 0.9661214953271028 0.6601941747572816 0.011682242990654205 0.02912621359223301
1.0 0.16822429906542055 0.7342233009708737 0.009345794392523364 0.01699029126213592
0.0 0.18457943925233644 0.758495145631068 0.014018691588785047 0.021844660194174758
0.0 0.1810747663551402 0.7402912621359223 0.011682242990654205 0.019417475728155338
0.0 0.21845794392523366 0.7427184466019418 0.011682242990654205 0.019417475728155338
4.0 0.24299065420560748 0.741504854368932 0.04672897196261682 0.03640776699029126
3.0 0.2733644859813084 0.7572815533980582 0.0514018691588785 0.03398058252427184
0.0 0.102803738317757 0.6553398058252428 0.004672897196261682 0.014563106796116505
0.0 0.36565420560747663 0.8070388349514563 0.011682242990654205 0.01699029126213592
0.0 0.3901869158878505 0.8252427184466019 0.014018691588785047 0.019417475728155338
0.0 0.4077102803738318 0.8276699029126213 0.007009345794392523 0.014563106796116505
1.0 0.11682242990654206 0.6771844660194175 0.004672897196261682 0.009708737864077669
0.0 0.10514018691588785 0.6419902912621359 0.004672897196261682 0.01699029126213592
3.0 0.08294392523364486 0.6286407766990292 0.011682242990654205 0.019417475728155338
0.0 0.26635514018691586 0.7439320388349514 0.009345794392523364 0.01699029126213592
0.0 0.09813084112149532 0.6456310679611651 0.004672897196261682 0.014563106796116505
