3.0 0.1875 0.8917525773195877 0.09558823529411764 0.08247422680412371
3.0 0.27818627450980393 0.895618556701031 0.15931372549019607 0.14175257731958762
3.0 0.5477941176470589 0.9806701030927835 0.11519607843137254 0.03350515463917526
3.0 0.7009803921568627 0.9407216494845361 0.1323529411764706 0.08247422680412371
8.0 0.5906862745098039 0.663659793814433 0.2696078431372549 0.5231958762886598
3.0 0.3700980392156863 0.7036082474226805 0.16176470588235295 0.2268041237113402
3.0 0.22549019607843138 0.7667525773195877 0.1323529411764706 0.17268041237113402
3.0 0.8002450980392157 0.8479381443298969 0.14950980392156862 0.15979381443298968
3.0 0.8223039215686274 0.5451030927835051 0.09068627450980392 0.19329896907216496
0.0 0.7647058823529411 0.7925257731958762 0.058823529411764705 0.07474226804123711
4.0 0.8259803921568627 0.7139175257731959 0.10784313725490197 0.17010309278350516
3.0 0.6127450980392157 0.27190721649484534 0.11274509803921569 0.12628865979381443
9.0 0.28308823529411764 0.75 0.056372549019607844 0.08247422680412371
9.0 0.9534313725490197 0.6533505154639175 0.024509803921568627 0.06958762886597938
3.0 0.9252450980392157 0.4368556701030928 0.03676470588235294 0.11082474226804123
3.0 0.9387254901960784 0.5489690721649485 0.0392156862745098 0.14432989690721648
3.0 0.2757352941176471 0.24355670103092783 0.09558823529411764 0.12628865979381443
3.0 0.3161764705882353 0.1713917525773196 0.10294117647058823 0.07989690721649484
3.0 0.3590686274509804 0.09407216494845361 0.061274509803921566 0.03865979381443299
9.0 0.5563725490196079 0.12886597938144329 0.03431372549019608 0.030927835051546393
0.0 0.5563725490196079 0.1211340206185567 0.029411764705882353 0.020618556701030927
9.0 0.4105392156862745 0.08762886597938144 0.02696078431372549 0.020618556701030927
1.0 0.40808823529411764 0.08505154639175258 0.02696078431372549 0.020618556701030927
3.0 0.28921568627450983 0.08247422680412371 0.04411764705882353 0.030927835051546393
3.0 0.3860294117647059 0.06314432989690721 0.0661764705882353 0.028350515463917526
4.0 0.3284313725490196 0.06701030927835051 0.04411764705882353 0.030927835051546393
3.0 0.6776960784313726 0.13015463917525774 0.09068627450980392 0.05412371134020619
4.0 0.6286764705882353 0.10695876288659793 0.1053921568627451 0.05412371134020619
3.0 0.5894607843137255 0.06829896907216494 0.08088235294117647 0.028350515463917526
3.0 0.5796568627450981 0.05670103092783505 0.07598039215686274 0.020618556701030927
3.0 0.5674019607843137 0.04639175257731959 0.07598039215686274 0.020618556701030927
3.0 0.5612745098039216 0.03994845360824742 0.06372549019607843 0.01288659793814433
3.0 0.5490196078431373 0.027061855670103094 0.05392156862745098 0.01288659793814433
9.0 0.45098039215686275 0.04896907216494845 0.0196078431372549 0.010309278350515464
1.0 0.4497549019607843 0.045103092783505154 0.012254901960784314 0.007731958762886598
9.0 0.5024509803921569 0.020618556701030927 0.00980392156862745 0.005154639175257732
1.0 0.5024509803921569 0.019329896907216496 0.00980392156862745 0.002577319587628866
3.0 0.40441176470588236 0.04896907216494845 0.06862745098039216 0.020618556701030927
3.0 0.4117647058823529 0.03865979381443299 0.06862745098039216 0.020618556701030927
0.0 0.42892156862745096 0.02190721649484536 0.00980392156862745 0.007731958762886598
9.0 0.43014705882352944 0.02577319587628866 0.01715686274509804 0.005154639175257732
3.0 0.4252450980392157 0.02190721649484536 0.04656862745098039 0.01288659793814433
3.0 0.42769607843137253 0.01675257731958763 0.04656862745098039 0.01288659793814433
3.0 0.4362745098039216 0.01288659793814433 0.04411764705882353 0.010309278350515464
3.0 0.43504901960784315 0.011597938144329897 0.03676470588235294 0.007731958762886598
3.0 0.5257352941176471 0.007731958762886598 0.03676470588235294 0.005154639175257732
0.0 0.49264705882352944 0.003865979381443299 0.004901960784313725 0.002577319587628866
0.0 0.4987745098039216 0.003865979381443299 0.007352941176470588 0.002577319587628866
3.0 0.5208333333333334 0.003865979381443299 0.031862745098039214 0.002577319587628866
4.0 0.3639705882352941 0.020618556701030927 0.022058823529411766 0.010309278350515464
3.0 0.5171568627450981 0.001288659793814433 0.03431372549019608 0.002577319587628866
3.0 0.44362745098039214 0.002577319587628866 0.024509803921568627 0.005154639175257732
3.0 0.3333333333333333 0.037371134020618556 0.04411764705882353 0.01804123711340206
9.0 0.26838235294117646 0.08118556701030928 0.01715686274509804 0.01288659793814433
0.0 0.3137254901960784 0.05412371134020619 0.014705882352941176 0.010309278350515464
0.0 0.30269607843137253 0.05670103092783505 0.012254901960784314 0.010309278350515464
0.0 0.3075980392156863 0.05670103092783505 0.012254901960784314 0.010309278350515464
4.0 0.2696078431372549 0.07603092783505154 0.04411764705882353 0.028350515463917526
3.0 0.3492647058823529 0.045103092783505154 0.02696078431372549 0.01804123711340206
0.0 0.36519607843137253 0.05283505154639175 0.00980392156862745 0.007731958762886598
3.0 0.37254901960784315 0.015463917525773196 0.03431372549019608 0.010309278350515464
3.0 0.3443627450980392 0.02190721649484536 0.012254901960784314 0.007731958762886598
3.0 0.15073529411764705 0.17783505154639176 0.051470588235294115 0.05154639175257732
9.0 0.030637254901960783 0.520618556701031 0.012254901960784314 0.030927835051546393
9.0 0.0196078431372549 0.595360824742268 0.014705882352941176 0.04639175257731959
0.0 0.8308823529411765 0.17268041237113402 0.0196078431372549 0.02577319587628866
2.0 0.8786764705882353 0.21778350515463918 0.01715686274509804 0.023195876288659795
4.0 0.7855392156862745 0.15077319587628865 0.056372549019607844 0.059278350515463915
3.0 0.7463235294117647 0.12886597938144329 0.056372549019607844 0.04639175257731959
0.0 0.7340686274509803 0.10824742268041238 0.01715686274509804 0.020618556701030927
3.0 0.7120098039215687 0.09536082474226804 0.051470588235294115 0.03608247422680412
3.0 0.6752450980392157 0.06443298969072164 0.041666666666666664 0.020618556701030927
3.0 0.6433823529411765 0.04639175257731959 0.031862745098039214 0.015463917525773196
9.0 0.6495098039215687 0.03608247422680412 0.0196078431372549 0.010309278350515464
4.0 0.6225490196078431 0.03350515463917526 0.029411764705882353 0.015463917525773196
3.0 0.6053921568627451 0.023195876288659795 0.024509803921568627 0.010309278350515464
3.0 0.5833333333333334 0.01288659793814433 0.03431372549019608 0.010309278350515464
3.0 0.5588235294117647 0.04639175257731959 0.049019607843137254 0.030927835051546393
3.0 0.6311274509803921 0.01675257731958763 0.01715686274509804 0.007731958762886598
0.0 0.6850490196078431 0.04639175257731959 0.012254901960784314 0.010309278350515464
3.0 0.6482843137254902 0.020618556701030927 0.01715686274509804 0.010309278350515464
3.0 0.5821078431372549 0.010309278350515464 0.041666666666666664 0.010309278350515464
4.0 0.5882352941176471 0.010309278350515464 0.03431372549019608 0.010309278350515464
4.0 0.5955882352941176 0.00902061855670103 0.029411764705882353 0.007731958762886598
0.0 0.9007352941176471 0.23840206185567012 0.01715686274509804 0.03350515463917526
3.0 0.12009803921568628 0.7280927835051546 0.049019607843137254 0.09536082474226804
0.0 0.14705882352941177 0.30412371134020616 0.024509803921568627 0.05154639175257732
3.0 0.17769607843137256 0.2925257731958763 0.061274509803921566 0.09020618556701031
