3.0 0.946078431372549 0.7396907216494846 0.03431372549019608 0.05670103092783505
3.0 0.9534313725490197 0.7164948453608248 0.029411764705882353 0.04639175257731959
3.0 0.9571078431372549 0.7010309278350515 0.03676470588235294 0.05670103092783505
3.0 0.9387254901960784 0.7023195876288659 0.0392156862745098 0.059278350515463915
0.0 0.9338235294117647 0.6056701030927835 0.004901960784313725 0.020618556701030927
3.0 0.8443627450980392 0.654639175257732 0.022058823529411766 0.03608247422680412
3.0 0.8223039215686274 0.6623711340206185 0.02696078431372549 0.03608247422680412
3.0 0.7941176470588235 0.6842783505154639 0.03431372549019608 0.03865979381443299
3.0 0.7818627450980392 0.6713917525773195 0.03431372549019608 0.03350515463917526
3.0 0.20710784313725492 0.6301546391752577 0.041666666666666664 0.028350515463917526
3.0 0.23039215686274508 0.6314432989690721 0.0392156862745098 0.030927835051546393
4.0 0.00857843137254902 0.5257731958762887 0.0024509803921568627 0.005154639175257732
3.0 0.011029411764705883 0.5141752577319587 0.0024509803921568627 0.007731958762886598
8.0 0.0024509803921568627 0.5128865979381443 0.004901960784313725 0.010309278350515464
3.0 0.0024509803921568627 0.5154639175257731 0.0 0.005154639175257732
4.0 0.0012254901960784314 0.5154639175257731 0.0024509803921568627 0.005154639175257732
3.0 0.0 0.5180412371134021 0.0 0.005154639175257732
3.0 0.004901960784313725 0.5103092783505154 0.0 0.005154639175257732
