5.0 0.11274509803921569 0.836340206185567 0.08823529411764706 0.09536082474226804
0.0 0.09436274509803921 0.7860824742268041 0.031862745098039214 0.04639175257731959
0.0 0.4742647058823529 0.529639175257732 0.04656862745098039 0.08505154639175258
0.0 0.5955882352941176 0.4020618556701031 0.03431372549019608 0.07216494845360824
0.0 0.7218137254901961 0.5824742268041238 0.03676470588235294 0.08247422680412371
0.0 0.9105392156862745 0.4587628865979381 0.007352941176470588 0.041237113402061855
0.0 0.9387254901960784 0.38144329896907214 0.00980392156862745 0.030927835051546393
1.0 0.9718137254901961 0.3234536082474227 0.0024509803921568627 0.007731958762886598
9.0 0.9730392156862745 0.32603092783505155 0.004901960784313725 0.007731958762886598
3.0 0.8651960784313726 0.23582474226804123 0.024509803921568627 0.028350515463917526
3.0 0.8762254901960784 0.24484536082474226 0.01715686274509804 0.020618556701030927
3.0 0.8848039215686274 0.2538659793814433 0.0196078431372549 0.023195876288659795
3.0 0.8737745098039216 0.25773195876288657 0.022058823529411766 0.030927835051546393
3.0 0.8982843137254902 0.26417525773195877 0.01715686274509804 0.023195876288659795
3.0 0.9068627450980392 0.27319587628865977 0.0196078431372549 0.02577319587628866
3.0 0.9178921568627451 0.2847938144329897 0.01715686274509804 0.023195876288659795
3.0 0.9276960784313726 0.29510309278350516 0.01715686274509804 0.023195876288659795
3.0 0.9399509803921569 0.3079896907216495 0.012254901960784314 0.023195876288659795
3.0 0.8799019607843137 0.5257731958762887 0.04411764705882353 0.07216494845360824
4.0 0.7757352941176471 0.6030927835051546 0.11029411764705882 0.14432989690721648
3.0 0.5061274509803921 0.7989690721649485 0.21323529411764705 0.0979381443298969
9.0 0.5061274509803921 0.43041237113402064 0.031862745098039214 0.06701030927835051
0.0 0.6446078431372549 0.26417525773195877 0.0196078431372549 0.03865979381443299
0.0 0.6617647058823529 0.26804123711340205 0.0196078431372549 0.041237113402061855
3.0 0.6299019607843137 0.25644329896907214 0.06372549019607843 0.05412371134020619
3.0 0.2965686274509804 0.42912371134020616 0.1323529411764706 0.09536082474226804
3.0 0.6973039215686274 0.3479381443298969 0.0857843137254902 0.08762886597938144
3.0 0.8406862745098039 0.43427835051546393 0.06372549019607843 0.07474226804123711
3.0 0.33455882352941174 0.8569587628865979 0.19362745098039216 0.11597938144329897
