3.0 0.48651960784313725 0.9278350515463918 0.012254901960784314 0.005154639175257732
3.0 0.5171568627450981 0.9342783505154639 0.014705882352941176 0.007731958762886598
3.0 0.5637254901960784 0.9329896907216495 0.024509803921568627 0.010309278350515464
3.0 0.6924019607843137 0.8775773195876289 0.031862745098039214 0.023195876288659795
3.0 0.7916666666666666 0.8105670103092784 0.049019607843137254 0.05412371134020619
8.0 0.8026960784313726 0.75 0.061274509803921566 0.06701030927835051
3.0 0.758578431372549 0.7667525773195877 0.03676470588235294 0.03350515463917526
3.0 0.7977941176470589 0.7306701030927835 0.01715686274509804 0.023195876288659795
3.0 0.8088235294117647 0.7190721649484536 0.014705882352941176 0.020618556701030927
3.0 0.8235294117647058 0.7023195876288659 0.014705882352941176 0.023195876288659795
3.0 0.8308823529411765 0.6971649484536082 0.014705882352941176 0.023195876288659795
4.0 0.8431372549019608 0.6791237113402062 0.024509803921568627 0.04381443298969072
3.0 0.8174019607843137 0.7229381443298969 0.022058823529411766 0.028350515463917526
3.0 0.8296568627450981 0.7139175257731959 0.01715686274509804 0.020618556701030927
3.0 0.8419117647058824 0.6997422680412371 0.022058823529411766 0.03350515463917526
3.0 0.8406862745098039 0.711340206185567 0.024509803921568627 0.030927835051546393
3.0 0.8713235294117647 0.6417525773195877 0.01715686274509804 0.030927835051546393
3.0 0.8860294117647058 0.6185567010309279 0.01715686274509804 0.030927835051546393
3.0 0.8946078431372549 0.604381443298969 0.014705882352941176 0.028350515463917526
8.0 0.9142156862745098 0.5631443298969072 0.0196078431372549 0.04896907216494845
3.0 0.9093137254901961 0.5798969072164949 0.00980392156862745 0.020618556701030927
4.0 0.9129901960784313 0.6005154639175257 0.01715686274509804 0.05154639175257732
5.0 0.8982843137254902 0.6494845360824743 0.01715686274509804 0.030927835051546393
4.0 0.9215686274509803 0.5876288659793815 0.014705882352941176 0.04639175257731959
3.0 0.946078431372549 0.595360824742268 0.0196078431372549 0.04639175257731959
3.0 0.9276960784313726 0.5837628865979382 0.012254901960784314 0.03350515463917526
3.0 0.9350490196078431 0.5682989690721649 0.012254901960784314 0.03865979381443299
3.0 0.9424019607843137 0.5554123711340206 0.007352941176470588 0.03350515463917526
3.0 0.9473039215686274 0.5425257731958762 0.007352941176470588 0.028350515463917526
3.0 0.9546568627450981 0.5270618556701031 0.007352941176470588 0.028350515463917526
3.0 0.9546568627450981 0.509020618556701 0.007352941176470588 0.03865979381443299
3.0 0.9607843137254902 0.509020618556701 0.004901960784313725 0.03350515463917526
3.0 0.9656862745098039 0.49355670103092786 0.004901960784313725 0.03350515463917526
3.0 0.9742647058823529 0.4652061855670103 0.007352941176470588 0.03350515463917526
3.0 0.9767156862745098 0.44587628865979384 0.007352941176470588 0.030927835051546393
5.0 0.9791666666666666 0.4265463917525773 0.012254901960784314 0.03865979381443299
3.0 0.9889705882352942 0.46134020618556704 0.007352941176470588 0.041237113402061855
3.0 0.9938725490196079 0.4381443298969072 0.007352941176470588 0.03608247422680412
3.0 0.9779411764705882 0.6301546391752577 0.024509803921568627 0.06958762886597938
3.0 0.39828431372549017 0.9858247422680413 0.041666666666666664 0.01288659793814433
3.0 0.4068627450980392 0.9819587628865979 0.04411764705882353 0.015463917525773196
3.0 0.40441176470588236 0.9806701030927835 0.03431372549019608 0.01288659793814433
3.0 0.40318627450980393 0.9780927835051546 0.03676470588235294 0.01288659793814433
3.0 0.40318627450980393 0.9755154639175257 0.031862745098039214 0.01288659793814433
3.0 0.40808823529411764 0.9742268041237113 0.02696078431372549 0.010309278350515464
5.0 0.38112745098039214 0.9742268041237113 0.01715686274509804 0.010309278350515464
8.0 0.40441176470588236 0.970360824742268 0.049019607843137254 0.01804123711340206
3.0 0.40441176470588236 0.9664948453608248 0.03431372549019608 0.010309278350515464
3.0 0.40318627450980393 0.9639175257731959 0.02696078431372549 0.010309278350515464
3.0 0.4215686274509804 0.9587628865979382 0.029411764705882353 0.010309278350515464
3.0 0.4227941176470588 0.9561855670103093 0.012254901960784314 0.005154639175257732
5.0 0.4056372549019608 0.9561855670103093 0.01715686274509804 0.010309278350515464
3.0 0.35294117647058826 0.9690721649484536 0.024509803921568627 0.010309278350515464
