7.0 0.16901408450704225 0.29102564102564105 0.056338028169014086 0.08974358974358974
3.0 0.20539906103286384 0.21025641025641026 0.04929577464788732 0.06153846153846154
5.0 0.2699530516431925 0.1346153846153846 0.0892018779342723 0.09487179487179487
3.0 0.4894366197183099 0.16282051282051282 0.07746478873239436 0.05897435897435897
7.0 0.7617370892018779 0.3346153846153846 0.0539906103286385 0.1
0.0 0.8133802816901409 0.29102564102564105 0.02112676056338028 0.04871794871794872
0.0 0.8309859154929577 0.3038461538461538 0.018779342723004695 0.04871794871794872
0.0 0.8251173708920188 0.2923076923076923 0.02112676056338028 0.046153846153846156
9.0 0.8650234741784038 0.34615384615384615 0.01643192488262911 0.046153846153846156
6.0 0.6314553990610329 0.029487179487179487 0.028169014084507043 0.01282051282051282
7.0 0.8720657276995305 0.6346153846153846 0.06338028169014084 0.1
7.0 0.8673708920187794 0.8 0.05868544600938967 0.08717948717948718
