0.0 0.0880281690140845 0.28846153846153844 0.01643192488262911 0.03333333333333333
6.0 0.10093896713615023 0.258974358974359 0.03286384976525822 0.05128205128205128
9.0 0.2875586854460094 0.9307692307692308 0.07276995305164319 0.05128205128205128
0.0 0.33568075117370894 0.9512820512820512 0.046948356807511735 0.035897435897435895
0.0 0.3626760563380282 0.9576923076923077 0.04460093896713615 0.03333333333333333
0.0 0.3908450704225352 0.9692307692307692 0.035211267605633804 0.020512820512820513
6.0 0.3568075117370892 0.9461538461538461 0.1596244131455399 0.07179487179487179
0.0 0.3755868544600939 0.9474358974358974 0.046948356807511735 0.028205128205128206
1.0 0.4272300469483568 0.9602564102564103 0.06103286384976526 0.028205128205128206
9.0 0.45774647887323944 0.9782051282051282 0.06572769953051644 0.03333333333333333
0.0 0.6584507042253521 0.8576923076923076 0.04929577464788732 0.04871794871794872
6.0 0.6584507042253521 0.8564102564102564 0.09624413145539906 0.10256410256410256
9.0 0.6572769953051644 0.75 0.07981220657276995 0.11025641025641025
0.0 0.6748826291079812 0.5858974358974359 0.04460093896713615 0.10512820512820513
9.0 0.6666666666666666 0.6089743589743589 0.056338028169014086 0.11538461538461539
7.0 0.48708920187793425 0.5615384615384615 0.12910798122065728 0.18461538461538463
6.0 0.5234741784037559 0.4217948717948718 0.09859154929577464 0.20256410256410257
4.0 0.852112676056338 0.37564102564102564 0.056338028169014086 0.12051282051282051
1.0 0.8556338028169014 0.6153846153846154 0.025821596244131457 0.07179487179487179
9.0 0.8532863849765259 0.6282051282051282 0.03051643192488263 0.07692307692307693
1.0 0.8016431924882629 0.34615384615384615 0.025821596244131457 0.05641025641025641
9.0 0.8028169014084507 0.3564102564102564 0.028169014084507043 0.06666666666666667
0.0 0.6302816901408451 0.2846153846153846 0.04460093896713615 0.08717948717948718
1.0 0.5363849765258216 0.27692307692307694 0.025821596244131457 0.041025641025641026
1.0 0.5293427230046949 0.2692307692307692 0.03990610328638498 0.06153846153846154
9.0 0.5328638497652582 0.2782051282051282 0.04225352112676056 0.06923076923076923
7.0 0.5950704225352113 0.1 0.03990610328638498 0.03076923076923077
1.0 0.7288732394366197 0.13846153846153847 0.01643192488262911 0.020512820512820513
1.0 0.607981220657277 0.08974358974358974 0.018779342723004695 0.015384615384615385
1.0 0.5786384976525821 0.06794871794871794 0.01643192488262911 0.01282051282051282
1.0 0.5586854460093896 0.06923076923076923 0.009389671361502348 0.010256410256410256
9.0 0.7300469483568075 0.1423076923076923 0.023474178403755867 0.023076923076923078
6.0 0.57981220657277 0.07051282051282051 0.018779342723004695 0.007692307692307693
6.0 0.5633802816901409 0.07179487179487179 0.023474178403755867 0.010256410256410256
9.0 0.6091549295774648 0.09358974358974359 0.02112676056338028 0.01282051282051282
9.0 0.6103286384976526 0.06666666666666667 0.014084507042253521 0.010256410256410256
9.0 0.6678403755868545 0.07435897435897436 0.011737089201877934 0.010256410256410256
9.0 0.6056338028169014 0.052564102564102565 0.014084507042253521 0.007692307692307693
0.0 0.607981220657277 0.0641025641025641 0.014084507042253521 0.010256410256410256
0.0 0.6678403755868545 0.07307692307692308 0.011737089201877934 0.007692307692307693
0.0 0.6044600938967136 0.052564102564102565 0.011737089201877934 0.007692307692307693
0.0 0.6713615023474179 0.09102564102564102 0.018779342723004695 0.017948717948717947
5.0 0.6338028169014085 0.05128205128205128 0.028169014084507043 0.015384615384615385
0.0 0.5751173708920188 0.03717948717948718 0.009389671361502348 0.007692307692307693
5.0 0.6596244131455399 0.05512820512820513 0.03286384976525822 0.023076923076923078
4.0 0.6326291079812206 0.04487179487179487 0.025821596244131457 0.01282051282051282
7.0 0.5809859154929577 0.029487179487179487 0.011737089201877934 0.007692307692307693
7.0 0.6009389671361502 0.03333333333333333 0.014084507042253521 0.005128205128205128
5.0 0.5833333333333334 0.026923076923076925 0.01643192488262911 0.007692307692307693
3.0 0.57981220657277 0.02435897435897436 0.014084507042253521 0.007692307692307693
1.0 0.6150234741784038 0.029487179487179487 0.004694835680751174 0.002564102564102564
1.0 0.6044600938967136 0.028205128205128206 0.007042253521126761 0.005128205128205128
1.0 0.5997652582159625 0.029487179487179487 0.007042253521126761 0.002564102564102564
1.0 0.5938967136150235 0.02564102564102564 0.004694835680751174 0.005128205128205128
1.0 0.6197183098591549 0.026923076923076925 0.004694835680751174 0.002564102564102564
1.0 0.6150234741784038 0.02435897435897436 0.004694835680751174 0.002564102564102564
1.0 0.596244131455399 0.021794871794871794 0.004694835680751174 0.002564102564102564
6.0 0.5950704225352113 0.021794871794871794 0.007042253521126761 0.002564102564102564
6.0 0.613849765258216 0.02564102564102564 0.007042253521126761 0.005128205128205128
9.0 0.6197183098591549 0.026923076923076925 0.004694835680751174 0.002564102564102564
9.0 0.613849765258216 0.029487179487179487 0.007042253521126761 0.002564102564102564
9.0 0.6044600938967136 0.029487179487179487 0.007042253521126761 0.002564102564102564
9.0 0.5938967136150235 0.02564102564102564 0.004694835680751174 0.005128205128205128
9.0 0.602112676056338 0.029487179487179487 0.007042253521126761 0.002564102564102564
1.0 0.6232394366197183 0.03461538461538462 0.007042253521126761 0.002564102564102564
9.0 0.6302816901408451 0.03717948717948718 0.007042253521126761 0.002564102564102564
5.0 0.6291079812206573 0.03717948717948718 0.014084507042253521 0.007692307692307693
5.0 0.8145539906103286 0.8769230769230769 0.10328638497652583 0.10256410256410256
3.0 0.7969483568075117 0.11794871794871795 0.03051643192488263 0.02564102564102564
5.0 0.9154929577464789 0.23717948717948717 0.046948356807511735 0.06923076923076923
3.0 0.9483568075117371 0.28717948717948716 0.014084507042253521 0.03076923076923077
3.0 0.9694835680751174 0.3217948717948718 0.014084507042253521 0.028205128205128206
