3.0 0.01715686274509804 0.5579896907216495 0.0 0.002577319587628866
4.0 0.01838235294117647 0.5592783505154639 0.0024509803921568627 0.005154639175257732
3.0 0.0196078431372549 0.5631443298969072 0.0 0.002577319587628866
3.0 0.0196078431372549 0.5618556701030928 0.0 0.005154639175257732
4.0 0.020833333333333332 0.5631443298969072 0.0024509803921568627 0.002577319587628866
3.0 0.022058823529411766 0.5657216494845361 0.0 0.002577319587628866
3.0 0.020833333333333332 0.5682989690721649 0.0024509803921568627 0.002577319587628866
3.0 0.022058823529411766 0.5682989690721649 0.0 0.002577319587628866
3.0 0.023284313725490197 0.5708762886597938 0.0024509803921568627 0.002577319587628866
3.0 0.028186274509803922 0.5721649484536082 0.0024509803921568627 0.005154639175257732
3.0 0.03431372549019608 0.5966494845360825 0.0 0.007731958762886598
3.0 0.03799019607843137 0.6018041237113402 0.0024509803921568627 0.007731958762886598
3.0 0.03799019607843137 0.5992268041237113 0.0024509803921568627 0.007731958762886598
3.0 0.025735294117647058 0.5798969072164949 0.0024509803921568627 0.005154639175257732
3.0 0.00980392156862745 0.538659793814433 0.0 0.0
3.0 0.00980392156862745 0.5347938144329897 0.0 0.002577319587628866
3.0 0.00980392156862745 0.5373711340206185 0.0 0.002577319587628866
3.0 0.00857843137254902 0.5347938144329897 0.0024509803921568627 0.002577319587628866
3.0 0.030637254901960783 0.5798969072164949 0.0024509803921568627 0.005154639175257732
3.0 0.03308823529411765 0.5811855670103093 0.0024509803921568627 0.007731958762886598
3.0 0.03308823529411765 0.5824742268041238 0.0024509803921568627 0.005154639175257732
3.0 0.03308823529411765 0.5850515463917526 0.0024509803921568627 0.005154639175257732
3.0 0.03553921568627451 0.5850515463917526 0.0024509803921568627 0.005154639175257732
3.0 0.03553921568627451 0.5889175257731959 0.0024509803921568627 0.007731958762886598
3.0 0.03553921568627451 0.5876288659793815 0.0024509803921568627 0.005154639175257732
3.0 0.03799019607843137 0.5927835051546392 0.0024509803921568627 0.005154639175257732
3.0 0.0392156862745098 0.595360824742268 0.004901960784313725 0.005154639175257732
3.0 0.04044117647058824 0.5966494845360825 0.0024509803921568627 0.007731958762886598
3.0 0.041666666666666664 0.5992268041237113 0.004901960784313725 0.007731958762886598
3.0 0.0428921568627451 0.6005154639175257 0.0024509803921568627 0.005154639175257732
3.0 0.04411764705882353 0.6030927835051546 0.004901960784313725 0.005154639175257732
3.0 0.04534313725490196 0.6030927835051546 0.0024509803921568627 0.005154639175257732
3.0 0.04656862745098039 0.6056701030927835 0.004901960784313725 0.005154639175257732
3.0 0.0428921568627451 0.615979381443299 0.0024509803921568627 0.005154639175257732
3.0 0.04534313725490196 0.6134020618556701 0.0024509803921568627 0.005154639175257732
9.0 0.05759803921568627 0.645618556701031 0.0024509803921568627 0.007731958762886598
3.0 0.05024509803921569 0.6134020618556701 0.0024509803921568627 0.005154639175257732
3.0 0.051470588235294115 0.6146907216494846 0.004901960784313725 0.007731958762886598
3.0 0.05269607843137255 0.6185567010309279 0.0024509803921568627 0.005154639175257732
3.0 0.05392156862745098 0.6172680412371134 0.004901960784313725 0.007731958762886598
3.0 0.05514705882352941 0.6198453608247423 0.0024509803921568627 0.007731958762886598
3.0 0.056372549019607844 0.6224226804123711 0.004901960784313725 0.007731958762886598
3.0 0.05759803921568627 0.625 0.0024509803921568627 0.007731958762886598
3.0 0.06004901960784314 0.6288659793814433 0.0024509803921568627 0.005154639175257732
3.0 0.061274509803921566 0.6314432989690721 0.004901960784313725 0.010309278350515464
3.0 0.061274509803921566 0.6327319587628866 0.004901960784313725 0.007731958762886598
3.0 0.06372549019607843 0.6353092783505154 0.004901960784313725 0.007731958762886598
3.0 0.06740196078431372 0.6391752577319587 0.007352941176470588 0.010309278350515464
3.0 0.06985294117647059 0.6443298969072165 0.007352941176470588 0.010309278350515464
4.0 0.07107843137254902 0.6443298969072165 0.004901960784313725 0.010309278350515464
3.0 0.07352941176470588 0.6494845360824743 0.004901960784313725 0.010309278350515464
5.0 0.07598039215686274 0.6520618556701031 0.00980392156862745 0.015463917525773196
3.0 0.07965686274509803 0.6572164948453608 0.007352941176470588 0.010309278350515464
3.0 0.0821078431372549 0.6623711340206185 0.007352941176470588 0.010309278350515464
3.0 0.08455882352941177 0.6649484536082474 0.007352941176470588 0.010309278350515464
3.0 0.08700980392156862 0.6688144329896907 0.007352941176470588 0.01288659793814433
0.0 0.1213235294117647 0.7048969072164949 0.0024509803921568627 0.007731958762886598
0.0 0.14583333333333334 0.7242268041237113 0.0024509803921568627 0.005154639175257732
0.0 0.1482843137254902 0.7255154639175257 0.0024509803921568627 0.007731958762886598
9.0 0.12009803921568628 0.7177835051546392 0.004901960784313725 0.007731958762886598
3.0 0.09191176470588236 0.6739690721649485 0.007352941176470588 0.01288659793814433
3.0 0.09436274509803921 0.6765463917525774 0.007352941176470588 0.01288659793814433
3.0 0.09926470588235294 0.6842783505154639 0.007352941176470588 0.01288659793814433
3.0 0.10049019607843138 0.6868556701030928 0.00980392156862745 0.01288659793814433
3.0 0.10294117647058823 0.6894329896907216 0.00980392156862745 0.01288659793814433
3.0 0.10416666666666667 0.6920103092783505 0.007352941176470588 0.01288659793814433
3.0 0.10784313725490197 0.6971649484536082 0.00980392156862745 0.01288659793814433
3.0 0.11274509803921569 0.6997422680412371 0.00980392156862745 0.01288659793814433
3.0 0.11519607843137254 0.7023195876288659 0.00980392156862745 0.01288659793814433
3.0 0.11764705882352941 0.7074742268041238 0.00980392156862745 0.01288659793814433
3.0 0.12254901960784313 0.711340206185567 0.00980392156862745 0.010309278350515464
3.0 0.12867647058823528 0.7177835051546392 0.012254901960784314 0.01804123711340206
4.0 0.13480392156862744 0.7255154639175257 0.014705882352941176 0.01804123711340206
5.0 0.1409313725490196 0.7306701030927835 0.01715686274509804 0.01804123711340206
3.0 0.11029411764705882 0.7100515463917526 0.00980392156862745 0.01288659793814433
3.0 0.09313725490196079 0.6932989690721649 0.004901960784313725 0.010309278350515464
3.0 0.09558823529411764 0.6920103092783505 0.00980392156862745 0.01288659793814433
3.0 0.08333333333333333 0.6701030927835051 0.004901960784313725 0.010309278350515464
3.0 0.06495098039215687 0.6469072164948454 0.0024509803921568627 0.005154639175257732
3.0 0.058823529411764705 0.634020618556701 0.004901960784313725 0.010309278350515464
3.0 0.05269607843137255 0.6275773195876289 0.0024509803921568627 0.007731958762886598
3.0 0.051470588235294115 0.6314432989690721 0.004901960784313725 0.010309278350515464
3.0 0.05024509803921569 0.6211340206185567 0.0024509803921568627 0.005154639175257732
3.0 0.12990196078431374 0.7384020618556701 0.014705882352941176 0.01804123711340206
1.0 0.18504901960784315 0.7809278350515464 0.0024509803921568627 0.005154639175257732
9.0 0.18627450980392157 0.7847938144329897 0.004901960784313725 0.007731958762886598
9.0 0.17401960784313725 0.7719072164948454 0.004901960784313725 0.007731958762886598
3.0 0.19117647058823528 0.8067010309278351 0.0196078431372549 0.020618556701030927
3.0 0.22181372549019607 0.8337628865979382 0.01715686274509804 0.01288659793814433
3.0 0.2426470588235294 0.8324742268041238 0.024509803921568627 0.020618556701030927
3.0 0.3075980392156863 0.8698453608247423 0.031862745098039214 0.01804123711340206
0.0 0.28431372549019607 0.8414948453608248 0.004901960784313725 0.007731958762886598
0.0 0.36887254901960786 0.8878865979381443 0.007352941176470588 0.007731958762886598
0.0 0.3639705882352941 0.8878865979381443 0.007352941176470588 0.007731958762886598
0.0 0.3602941176470588 0.8853092783505154 0.004901960784313725 0.007731958762886598
3.0 0.3443627450980392 0.8634020618556701 0.03676470588235294 0.015463917525773196
3.0 0.3284313725490196 0.8569587628865979 0.03431372549019608 0.01804123711340206
3.0 0.31004901960784315 0.8492268041237113 0.031862745098039214 0.01804123711340206
5.0 0.29534313725490197 0.8389175257731959 0.03676470588235294 0.023195876288659795
3.0 0.28431372549019607 0.8337628865979382 0.029411764705882353 0.01804123711340206
4.0 0.2757352941176471 0.8273195876288659 0.02696078431372549 0.020618556701030927
3.0 0.25857843137254904 0.8195876288659794 0.02696078431372549 0.015463917525773196
8.0 0.24387254901960784 0.8092783505154639 0.031862745098039214 0.02577319587628866
3.0 0.22549019607843138 0.7976804123711341 0.024509803921568627 0.023195876288659795
3.0 0.2107843137254902 0.7873711340206185 0.024509803921568627 0.01804123711340206
3.0 0.20465686274509803 0.7822164948453608 0.022058823529411766 0.01804123711340206
3.0 0.1948529411764706 0.7744845360824743 0.022058823529411766 0.01804123711340206
3.0 0.19240196078431374 0.770618556701031 0.022058823529411766 0.020618556701030927
3.0 0.18504901960784315 0.7641752577319587 0.022058823529411766 0.01804123711340206
3.0 0.2965686274509804 0.8788659793814433 0.029411764705882353 0.020618556701030927
3.0 0.3394607843137255 0.8917525773195877 0.03676470588235294 0.020618556701030927
3.0 0.4068627450980392 0.9033505154639175 0.03431372549019608 0.01288659793814433
3.0 0.41544117647058826 0.913659793814433 0.03676470588235294 0.01288659793814433
4.0 0.4424019607843137 0.913659793814433 0.031862745098039214 0.01288659793814433
0.0 0.5073529411764706 0.9201030927835051 0.004901960784313725 0.005154639175257732
0.0 0.5159313725490197 0.9226804123711341 0.0024509803921568627 0.005154639175257732
0.0 0.5220588235294118 0.9226804123711341 0.004901960784313725 0.005154639175257732
0.0 0.5821078431372549 0.9239690721649485 0.007352941176470588 0.007731958762886598
3.0 0.5257352941176471 0.913659793814433 0.041666666666666664 0.007731958762886598
5.0 0.5012254901960784 0.9072164948453608 0.04656862745098039 0.015463917525773196
3.0 0.5036764705882353 0.9342783505154639 0.03676470588235294 0.007731958762886598
3.0 0.4485294117647059 0.9342783505154639 0.04411764705882353 0.01288659793814433
3.0 0.571078431372549 0.9162371134020618 0.03431372549019608 0.01288659793814433
4.0 0.5906862745098039 0.9149484536082474 0.03431372549019608 0.015463917525773196
3.0 0.6151960784313726 0.9149484536082474 0.03431372549019608 0.015463917525773196
3.0 0.6299019607843137 0.9149484536082474 0.03431372549019608 0.015463917525773196
3.0 0.6678921568627451 0.9110824742268041 0.03676470588235294 0.01804123711340206
3.0 0.6813725490196079 0.9110824742268041 0.03431372549019608 0.01804123711340206
5.0 0.6531862745098039 0.9097938144329897 0.04656862745098039 0.02577319587628866
3.0 0.5943627450980392 0.9407216494845361 0.04656862745098039 0.015463917525773196
3.0 0.7058823529411765 0.904639175257732 0.03431372549019608 0.020618556701030927
3.0 0.7205882352941176 0.9033505154639175 0.03431372549019608 0.023195876288659795
3.0 0.6029411764705882 0.9497422680412371 0.049019607843137254 0.01804123711340206
0.0 0.7107843137254902 0.9265463917525774 0.00980392156862745 0.007731958762886598
0.0 0.7254901960784313 0.9226804123711341 0.00980392156862745 0.010309278350515464
3.0 0.7328431372549019 0.9123711340206185 0.04411764705882353 0.02577319587628866
3.0 0.7438725490196079 0.8969072164948454 0.031862745098039214 0.020618556701030927
3.0 0.7561274509803921 0.8930412371134021 0.031862745098039214 0.023195876288659795
2.0 0.7990196078431373 0.8737113402061856 0.00980392156862745 0.010309278350515464
3.0 0.7830882352941176 0.8865979381443299 0.031862745098039214 0.02577319587628866
3.0 0.8014705882352942 0.8788659793814433 0.024509803921568627 0.020618556701030927
0.0 0.8259803921568627 0.8672680412371134 0.00980392156862745 0.01288659793814433
0.0 0.8406862745098039 0.854381443298969 0.00980392156862745 0.01288659793814433
0.0 0.8799019607843137 0.8286082474226805 0.00980392156862745 0.01288659793814433
0.0 0.8921568627450981 0.8234536082474226 0.00980392156862745 0.01288659793814433
0.0 0.9129901960784313 0.7938144329896907 0.007352941176470588 0.010309278350515464
3.0 0.7169117647058824 0.9432989690721649 0.04656862745098039 0.02577319587628866
3.0 0.5698529411764706 0.9729381443298969 0.051470588235294115 0.01804123711340206
3.0 0.7573529411764706 0.9252577319587629 0.04411764705882353 0.030927835051546393
3.0 0.7953431372549019 0.9123711340206185 0.041666666666666664 0.030927835051546393
3.0 0.8333333333333334 0.875 0.029411764705882353 0.028350515463917526
3.0 0.8480392156862745 0.8634020618556701 0.03431372549019608 0.030927835051546393
0.0 0.8566176470588235 0.8582474226804123 0.007352941176470588 0.010309278350515464
0.0 0.9154411764705882 0.8079896907216495 0.007352941176470588 0.01288659793814433
0.0 0.9387254901960784 0.75 0.004901960784313725 0.010309278350515464
0.0 0.9436274509803921 0.7448453608247423 0.004901960784313725 0.010309278350515464
0.0 0.946078431372549 0.7435567010309279 0.004901960784313725 0.007731958762886598
3.0 0.8639705882352942 0.854381443298969 0.02696078431372549 0.028350515463917526
3.0 0.8737745098039216 0.845360824742268 0.02696078431372549 0.030927835051546393
3.0 0.883578431372549 0.8350515463917526 0.02696078431372549 0.030927835051546393
5.0 0.8982843137254902 0.8247422680412371 0.031862745098039214 0.041237113402061855
5.0 0.9044117647058824 0.8144329896907216 0.024509803921568627 0.030927835051546393
3.0 0.9129901960784313 0.8157216494845361 0.01715686274509804 0.023195876288659795
3.0 0.9203431372549019 0.7963917525773195 0.02696078431372549 0.03608247422680412
3.0 0.9264705882352942 0.788659793814433 0.0196078431372549 0.030927835051546393
3.0 0.9313725490196079 0.7809278350515464 0.0196078431372549 0.02577319587628866
3.0 0.9362745098039216 0.7693298969072165 0.014705882352941176 0.023195876288659795
3.0 0.9436274509803921 0.7551546391752577 0.00980392156862745 0.015463917525773196
5.0 0.9350490196078431 0.75 0.02696078431372549 0.041237113402061855
3.0 0.9276960784313726 0.7615979381443299 0.01715686274509804 0.023195876288659795
4.0 0.9252450980392157 0.7667525773195877 0.01715686274509804 0.023195876288659795
3.0 0.9178921568627451 0.7770618556701031 0.01715686274509804 0.023195876288659795
3.0 0.9105392156862745 0.7899484536082474 0.022058823529411766 0.028350515463917526
4.0 0.9031862745098039 0.7976804123711341 0.01715686274509804 0.023195876288659795
3.0 0.8982843137254902 0.8067010309278351 0.02696078431372549 0.030927835051546393
3.0 0.9693627450980392 0.6288659793814433 0.0024509803921568627 0.005154639175257732
3.0 0.9644607843137255 0.6417525773195877 0.0024509803921568627 0.005154639175257732
3.0 0.9632352941176471 0.6430412371134021 0.004901960784313725 0.007731958762886598
3.0 0.9607843137254902 0.6481958762886598 0.004901960784313725 0.007731958762886598
3.0 0.9644607843137255 0.6494845360824743 0.007352941176470588 0.010309278350515464
3.0 0.9656862745098039 0.6469072164948454 0.004901960784313725 0.010309278350515464
3.0 0.9681372549019608 0.6430412371134021 0.004901960784313725 0.007731958762886598
3.0 0.9705882352941176 0.6378865979381443 0.004901960784313725 0.007731958762886598
3.0 0.9571078431372549 0.6585051546391752 0.0024509803921568627 0.007731958762886598
3.0 0.7598039215686274 0.7074742268041238 0.014705882352941176 0.01288659793814433
3.0 0.2340686274509804 0.6572164948453608 0.007352941176470588 0.005154639175257732
3.0 0.19117647058823528 0.6327319587628866 0.004901960784313725 0.007731958762886598
5.0 0.22916666666666666 0.6623711340206185 0.012254901960784314 0.010309278350515464
3.0 0.07475490196078431 0.7912371134020618 0.012254901960784314 0.020618556701030927
0.0 0.07720588235294118 0.7925257731958762 0.007352941176470588 0.01288659793814433
3.0 0.08333333333333333 0.7976804123711341 0.014705882352941176 0.023195876288659795
3.0 0.10416666666666667 0.8234536082474226 0.022058823529411766 0.028350515463917526
3.0 0.11397058823529412 0.8298969072164949 0.022058823529411766 0.02577319587628866
3.0 0.1213235294117647 0.8337628865979382 0.01715686274509804 0.023195876288659795
3.0 0.1090686274509804 0.8157216494845361 0.02696078431372549 0.028350515463917526
0.0 0.12745098039215685 0.8556701030927835 0.00980392156862745 0.010309278350515464
7.0 0.11397058823529412 0.845360824742268 0.022058823529411766 0.02577319587628866
3.0 0.11764705882352941 0.8518041237113402 0.024509803921568627 0.023195876288659795
2.0 0.13112745098039216 0.8582474226804123 0.012254901960784314 0.010309278350515464
2.0 0.125 0.8556701030927835 0.00980392156862745 0.010309278350515464
2.0 0.15073529411764705 0.8672680412371134 0.012254901960784314 0.01288659793814433
2.0 0.1568627450980392 0.8685567010309279 0.014705882352941176 0.015463917525773196
3.0 0.1715686274509804 0.8904639175257731 0.04411764705882353 0.03865979381443299
3.0 0.17769607843137256 0.895618556701031 0.03676470588235294 0.028350515463917526
