0.0 0.09068627450980392 0.31353591160220995 0.00980392156862745 0.024861878453038673
0.0 0.1715686274509804 0.3328729281767956 0.00980392156862745 0.03038674033149171
0.0 0.12254901960784313 0.23204419889502761 0.00980392156862745 0.022099447513812154
0.0 0.16176470588235295 0.1643646408839779 0.014705882352941176 0.019337016574585635
0.0 0.1642156862745098 0.16574585635359115 0.00980392156862745 0.011049723756906077
0.0 0.17769607843137256 0.1408839779005525 0.012254901960784314 0.016574585635359115
0.0 0.2867647058823529 0.05386740331491713 0.00980392156862745 0.008287292817679558
0.0 0.3174019607843137 0.052486187845303865 0.012254901960784314 0.011049723756906077
0.0 0.3161764705882353 0.08287292817679558 0.014705882352941176 0.016574585635359115
3.0 0.15931372549019607 0.5138121546961326 0.0392156862745098 0.09944751381215469
3.0 0.24877450980392157 0.39917127071823205 0.061274509803921566 0.10220994475138122
4.0 0.2818627450980392 0.21408839779005526 0.06372549019607843 0.07458563535911603
3.0 0.38235294117647056 0.1408839779005525 0.05392156862745098 0.04419889502762431
8.0 0.36764705882352944 0.08011049723756906 0.09803921568627451 0.08839779005524862
4.0 0.4056372549019608 0.03591160220994475 0.03676470588235294 0.016574585635359115
4.0 0.42769607843137253 0.016574585635359115 0.02696078431372549 0.016574585635359115
3.0 0.4681372549019608 0.008287292817679558 0.024509803921568627 0.011049723756906077
3.0 0.8443627450980392 0.16160220994475138 0.02696078431372549 0.03591160220994475
4.0 0.9154411764705882 0.21685082872928177 0.01715686274509804 0.03591160220994475
3.0 0.9264705882352942 0.20994475138121546 0.014705882352941176 0.027624309392265192
4.0 0.9571078431372549 0.30662983425414364 0.01715686274509804 0.04419889502762431
3.0 0.9534313725490197 0.3301104972375691 0.014705882352941176 0.04143646408839779
3.0 0.9620098039215687 0.3383977900552486 0.012254901960784314 0.03591160220994475
3.0 0.9632352941176471 0.3812154696132597 0.014705882352941176 0.049723756906077346
3.0 0.9485294117647058 0.40193370165745856 0.014705882352941176 0.058011049723756904
3.0 0.946078431372549 0.4889502762430939 0.00980392156862745 0.06629834254143646
3.0 0.9546568627450981 0.5290055248618785 0.012254901960784314 0.06353591160220995
4.0 0.9693627450980392 0.5290055248618785 0.012254901960784314 0.06906077348066299
8.0 0.9718137254901961 0.425414364640884 0.02696078431372549 0.143646408839779
4.0 0.9350490196078431 0.606353591160221 0.022058823529411766 0.06906077348066299
4.0 0.9522058823529411 0.6477900552486188 0.022058823529411766 0.06906077348066299
3.0 0.9129901960784313 0.7113259668508287 0.03676470588235294 0.0856353591160221
4.0 0.8578431372549019 0.835635359116022 0.05392156862745098 0.08011049723756906
4.0 0.7781862745098039 0.8853591160220995 0.0661764705882353 0.07458563535911603
4.0 0.9178921568627451 0.7458563535911602 0.041666666666666664 0.09392265193370165
3.0 0.9178921568627451 0.8052486187845304 0.022058823529411766 0.03038674033149171
4.0 0.9411764705882353 0.7596685082872928 0.03431372549019608 0.06077348066298342
3.0 0.9485294117647058 0.7361878453038674 0.029411764705882353 0.058011049723756904
3.0 0.9595588235294118 0.7071823204419889 0.022058823529411766 0.049723756906077346
9.0 0.9791666666666666 0.6408839779005525 0.007352941176470588 0.022099447513812154
9.0 0.9828431372549019 0.6270718232044199 0.00980392156862745 0.027624309392265192
4.0 0.9889705882352942 0.5939226519337016 0.012254901960784314 0.055248618784530384
3.0 0.9938725490196079 0.56353591160221 0.007352941176470588 0.049723756906077346
3.0 0.9154411764705882 0.5552486187845304 0.01715686274509804 0.06629834254143646
