3.0 0.0625 0.7237569060773481 0.031862745098039214 0.06077348066298342
3.0 0.10661764705882353 0.4723756906077348 0.02696078431372549 0.06077348066298342
3.0 0.14950980392156862 0.5248618784530387 0.03431372549019608 0.07734806629834254
3.0 0.18137254901960784 0.35082872928176795 0.04411764705882353 0.06077348066298342
3.0 0.19117647058823528 0.2969613259668508 0.04411764705882353 0.052486187845303865
3.0 0.3431372549019608 0.2527624309392265 0.058823529411764705 0.058011049723756904
3.0 0.2818627450980392 0.18922651933701656 0.04411764705882353 0.04143646408839779
3.0 0.3946078431372549 0.09530386740331492 0.0392156862745098 0.019337016574585635
3.0 0.4522058823529412 0.07458563535911603 0.031862745098039214 0.016574585635359115
3.0 0.5061274509803921 0.04281767955801105 0.022058823529411766 0.008287292817679558
3.0 0.5330882352941176 0.019337016574585635 0.01715686274509804 0.0055248618784530384
3.0 0.5490196078431373 0.013812154696132596 0.0196078431372549 0.0055248618784530384
3.0 0.5477941176470589 0.0718232044198895 0.031862745098039214 0.022099447513812154
3.0 0.47181372549019607 0.0925414364640884 0.03676470588235294 0.019337016574585635
4.0 0.3480392156862745 0.13121546961325967 0.04411764705882353 0.03038674033149171
4.0 0.4497549019607843 0.05662983425414365 0.031862745098039214 0.013812154696132596
4.0 0.5453431372549019 0.024861878453038673 0.022058823529411766 0.011049723756906077
3.0 0.6176470588235294 0.022099447513812154 0.0196078431372549 0.011049723756906077
4.0 0.12254901960784313 0.7582872928176796 0.058823529411764705 0.09668508287292818
0.0 0.28431372549019607 0.9019337016574586 0.0196078431372549 0.024861878453038673
0.0 0.20955882352941177 0.8950276243093923 0.01715686274509804 0.022099447513812154
0.0 0.27818627450980393 0.8950276243093923 0.022058823529411766 0.027624309392265192
8.0 0.06862745098039216 0.6270718232044199 0.0392156862745098 0.10497237569060773
0.0 0.049019607843137254 0.5455801104972375 0.004901960784313725 0.024861878453038673
0.0 0.36642156862745096 0.07734806629834254 0.007352941176470588 0.011049723756906077
0.0 0.3762254901960784 0.07320441988950276 0.007352941176470588 0.008287292817679558
0.0 0.38112745098039214 0.07320441988950276 0.007352941176470588 0.008287292817679558
0.0 0.39215686274509803 0.0718232044198895 0.004901960784313725 0.0055248618784530384
0.0 0.4117647058823529 0.05110497237569061 0.004901960784313725 0.008287292817679558
0.0 0.4178921568627451 0.049723756906077346 0.007352941176470588 0.0055248618784530384
0.0 0.3860294117647059 0.06906077348066299 0.007352941176470588 0.0055248618784530384
