3.0 0.22181372549019607 0.10438144329896908 0.012254901960784314 0.01288659793814433
3.0 0.19730392156862744 0.13402061855670103 0.01715686274509804 0.015463917525773196
3.0 0.1948529411764706 0.15077319587628865 0.01715686274509804 0.01804123711340206
0.0 0.13602941176470587 0.19329896907216496 0.007352941176470588 0.010309278350515464
3.0 0.20588235294117646 0.16108247422680413 0.024509803921568627 0.023195876288659795
3.0 0.18137254901960784 0.19845360824742267 0.024509803921568627 0.02577319587628866
3.0 0.19975490196078433 0.21520618556701032 0.03676470588235294 0.03865979381443299
4.0 0.24754901960784315 0.15077319587628865 0.04411764705882353 0.03350515463917526
4.0 0.21200980392156862 0.23711340206185566 0.0661764705882353 0.07731958762886598
9.0 0.16911764705882354 0.16237113402061856 0.00980392156862745 0.010309278350515464
9.0 0.14460784313725492 0.2036082474226804 0.00980392156862745 0.015463917525773196
9.0 0.16299019607843138 0.17268041237113402 0.007352941176470588 0.010309278350515464
9.0 0.16053921568627452 0.19716494845360824 0.007352941176470588 0.01288659793814433
9.0 0.14950980392156862 0.24613402061855671 0.00980392156862745 0.01288659793814433
9.0 0.08823529411764706 0.29510309278350516 0.00980392156862745 0.01804123711340206
9.0 0.20955882352941177 0.2925257731958763 0.01715686274509804 0.023195876288659795
9.0 0.3394607843137255 0.13402061855670103 0.01715686274509804 0.015463917525773196
9.0 0.07352941176470588 0.2706185567010309 0.004901960784313725 0.010309278350515464
9.0 0.023284313725490197 0.452319587628866 0.0024509803921568627 0.01804123711340206
9.0 0.028186274509803922 0.43041237113402064 0.007352941176470588 0.015463917525773196
9.0 0.029411764705882353 0.41494845360824745 0.004901960784313725 0.010309278350515464
9.0 0.03308823529411765 0.40463917525773196 0.007352941176470588 0.015463917525773196
9.0 0.03553921568627451 0.39690721649484534 0.007352941176470588 0.015463917525773196
9.0 0.0392156862745098 0.38402061855670105 0.004901960784313725 0.015463917525773196
9.0 0.041666666666666664 0.3788659793814433 0.004901960784313725 0.010309278350515464
9.0 0.0428921568627451 0.37242268041237114 0.007352941176470588 0.01288659793814433
9.0 0.05024509803921569 0.35695876288659795 0.007352941176470588 0.01804123711340206
9.0 0.058823529411764705 0.3324742268041237 0.00980392156862745 0.020618556701030927
9.0 0.028186274509803922 0.38788659793814434 0.007352941176470588 0.01288659793814433
9.0 0.029411764705882353 0.3853092783505155 0.004901960784313725 0.01288659793814433
9.0 0.03308823529411765 0.3788659793814433 0.007352941176470588 0.015463917525773196
9.0 0.03553921568627451 0.36726804123711343 0.007352941176470588 0.01804123711340206
9.0 0.03799019607843137 0.36211340206185566 0.007352941176470588 0.01804123711340206
9.0 0.022058823529411766 0.39690721649484534 0.004901960784313725 0.010309278350515464
9.0 0.023284313725490197 0.3917525773195876 0.007352941176470588 0.010309278350515464
9.0 0.025735294117647058 0.38402061855670105 0.007352941176470588 0.010309278350515464
9.0 0.02696078431372549 0.3788659793814433 0.004901960784313725 0.010309278350515464
9.0 0.029411764705882353 0.37242268041237114 0.004901960784313725 0.01288659793814433
9.0 0.01715686274509804 0.4007731958762887 0.004901960784313725 0.01288659793814433
9.0 0.0196078431372549 0.39304123711340205 0.004901960784313725 0.01288659793814433
9.0 0.020833333333333332 0.38788659793814434 0.007352941176470588 0.01288659793814433
9.0 0.023284313725490197 0.38273195876288657 0.007352941176470588 0.01288659793814433
9.0 0.025735294117647058 0.37242268041237114 0.007352941176470588 0.01804123711340206
9.0 0.03308823529411765 0.35051546391752575 0.007352941176470588 0.010309278350515464
9.0 0.03553921568627451 0.34536082474226804 0.007352941176470588 0.015463917525773196
9.0 0.03799019607843137 0.3389175257731959 0.007352941176470588 0.01804123711340206
9.0 0.04044117647058824 0.3324742268041237 0.007352941176470588 0.020618556701030927
9.0 0.04411764705882353 0.32216494845360827 0.00980392156862745 0.015463917525773196
9.0 0.04044117647058824 0.34149484536082475 0.007352941176470588 0.01288659793814433
9.0 0.0428921568627451 0.33505154639175255 0.007352941176470588 0.015463917525773196
9.0 0.04779411764705882 0.3234536082474227 0.007352941176470588 0.01288659793814433
9.0 0.05024509803921569 0.31829896907216493 0.007352941176470588 0.01288659793814433
9.0 0.04534313725490196 0.3389175257731959 0.007352941176470588 0.01288659793814433
9.0 0.049019607843137254 0.33118556701030927 0.00980392156862745 0.01288659793814433
9.0 0.051470588235294115 0.3234536082474227 0.00980392156862745 0.01288659793814433
9.0 0.05514705882352941 0.31572164948453607 0.007352941176470588 0.01288659793814433
9.0 0.05759803921568627 0.3079896907216495 0.007352941176470588 0.01288659793814433
9.0 0.0625 0.29896907216494845 0.007352941176470588 0.015463917525773196
9.0 0.05514705882352941 0.32603092783505155 0.007352941176470588 0.01804123711340206
9.0 0.058823529411764705 0.3170103092783505 0.00980392156862745 0.015463917525773196
9.0 0.06372549019607843 0.30670103092783507 0.00980392156862745 0.015463917525773196
9.0 0.06862745098039216 0.3002577319587629 0.00980392156862745 0.01804123711340206
9.0 0.07598039215686274 0.2860824742268041 0.00980392156862745 0.015463917525773196
9.0 0.07720588235294118 0.28350515463917525 0.007352941176470588 0.015463917525773196
9.0 0.13725490196078433 0.19974226804123713 0.014705882352941176 0.01288659793814433
9.0 0.06985294117647059 0.28737113402061853 0.007352941176470588 0.01288659793814433
9.0 0.07475490196078431 0.2757731958762887 0.007352941176470588 0.015463917525773196
9.0 0.08333333333333333 0.2654639175257732 0.00980392156862745 0.015463917525773196
9.0 0.08946078431372549 0.2551546391752577 0.012254901960784314 0.015463917525773196
9.0 0.09436274509803921 0.24484536082474226 0.012254901960784314 0.015463917525773196
9.0 0.012254901960784314 0.4368556701030928 0.004901960784313725 0.01288659793814433
0.0 0.01715686274509804 0.44329896907216493 0.004901960784313725 0.015463917525773196
0.0 0.0196078431372549 0.43041237113402064 0.004901960784313725 0.015463917525773196
0.0 0.01838235294117647 0.43427835051546393 0.0024509803921568627 0.01288659793814433
0.0 0.015931372549019607 0.4381443298969072 0.0024509803921568627 0.015463917525773196
0.0 0.08088235294117647 0.2603092783505155 0.004901960784313725 0.010309278350515464
0.0 0.15441176470588236 0.21778350515463918 0.00980392156862745 0.01288659793814433
0.0 0.20710784313725492 0.18170103092783504 0.012254901960784314 0.01288659793814433
0.0 0.1715686274509804 0.16108247422680413 0.00980392156862745 0.01288659793814433
4.0 0.18504901960784315 0.17010309278350516 0.022058823529411766 0.02577319587628866
1.0 0.1482843137254902 0.2422680412371134 0.007352941176470588 0.015463917525773196
1.0 0.21323529411764705 0.2860824742268041 0.00980392156862745 0.020618556701030927
1.0 0.39705882352941174 0.39948453608247425 0.014705882352941176 0.030927835051546393
1.0 0.08823529411764706 0.2925257731958763 0.004901960784313725 0.01288659793814433
1.0 0.16053921568627452 0.19329896907216496 0.007352941176470588 0.010309278350515464
1.0 0.20465686274509803 0.5902061855670103 0.007352941176470588 0.02577319587628866
1.0 0.20098039215686275 0.5902061855670103 0.00980392156862745 0.020618556701030927
7.0 0.24142156862745098 0.19458762886597938 0.02696078431372549 0.028350515463917526
3.0 0.26838235294117646 0.16881443298969073 0.04656862745098039 0.03865979381443299
4.0 0.31004901960784315 0.13917525773195877 0.041666666666666664 0.03608247422680412
0.0 0.12745098039215685 0.22164948453608246 0.004901960784313725 0.010309278350515464
7.0 0.07352941176470588 0.30670103092783507 0.014705882352941176 0.02577319587628866
1.0 0.07352941176470588 0.3079896907216495 0.004901960784313725 0.01288659793814433
3.0 0.12745098039215685 0.2667525773195876 0.03431372549019608 0.04381443298969072
3.0 0.09558823529411764 0.30927835051546393 0.024509803921568627 0.041237113402061855
3.0 0.09436274509803921 0.2757731958762887 0.022058823529411766 0.03608247422680412
3.0 0.48284313725490197 0.07989690721649484 0.04411764705882353 0.010309278350515464
3.0 0.5024509803921569 0.07603092783505154 0.03431372549019608 0.007731958762886598
4.0 0.37745098039215685 0.13917525773195877 0.058823529411764705 0.030927835051546393
3.0 0.0821078431372549 0.44329896907216493 0.02696078431372549 0.05154639175257732
3.0 0.07107843137254902 0.5914948453608248 0.029411764705882353 0.059278350515463915
3.0 0.015931372549019607 0.5283505154639175 0.012254901960784314 0.02577319587628866
3.0 0.003676470588235294 0.5463917525773195 0.007352941176470588 0.030927835051546393
0.0 0.4178921568627451 0.24484536082474226 0.012254901960784314 0.02577319587628866
0.0 0.41299019607843135 0.23582474226804123 0.012254901960784314 0.023195876288659795
9.0 0.39215686274509803 0.41237113402061853 0.0392156862745098 0.04639175257731959
9.0 0.20710784313725492 0.595360824742268 0.02696078431372549 0.041237113402061855
9.0 0.028186274509803922 0.654639175257732 0.007352941176470588 0.02577319587628866
4.0 0.22916666666666666 0.8646907216494846 0.09558823529411764 0.08505154639175258
3.0 0.9166666666666666 0.18814432989690721 0.004901960784313725 0.005154639175257732
3.0 0.8799019607843137 0.18814432989690721 0.00980392156862745 0.015463917525773196
3.0 0.8762254901960784 0.20618556701030927 0.01715686274509804 0.020618556701030927
4.0 0.8872549019607843 0.27448453608247425 0.05392156862745098 0.10051546391752578
3.0 0.7879901960784313 0.09664948453608248 0.01715686274509804 0.01288659793814433
4.0 0.7977941176470589 0.09922680412371133 0.01715686274509804 0.01288659793814433
4.0 0.8198529411764706 0.1134020618556701 0.012254901960784314 0.010309278350515464
4.0 0.8174019607843137 0.11211340206185567 0.012254901960784314 0.01288659793814433
3.0 0.8014705882352942 0.10051546391752578 0.014705882352941176 0.010309278350515464
3.0 0.8063725490196079 0.10309278350515463 0.014705882352941176 0.010309278350515464
4.0 0.7524509803921569 0.07345360824742268 0.0196078431372549 0.01288659793814433
3.0 0.7475490196078431 0.08118556701030928 0.0196078431372549 0.01288659793814433
3.0 0.7328431372549019 0.06701030927835051 0.0196078431372549 0.010309278350515464
3.0 0.7205882352941176 0.07216494845360824 0.0196078431372549 0.010309278350515464
3.0 0.7169117647058824 0.06314432989690721 0.012254901960784314 0.007731958762886598
4.0 0.7071078431372549 0.059278350515463915 0.022058823529411766 0.010309278350515464
4.0 0.7034313725490197 0.06701030927835051 0.024509803921568627 0.015463917525773196
4.0 0.6715686274509803 0.06314432989690721 0.029411764705882353 0.01288659793814433
3.0 0.6078431372549019 0.06314432989690721 0.0392156862745098 0.01288659793814433
3.0 0.6017156862745098 0.06443298969072164 0.03676470588235294 0.010309278350515464
3.0 0.5821078431372549 0.06443298969072164 0.031862745098039214 0.010309278350515464
3.0 0.5686274509803921 0.06443298969072164 0.0392156862745098 0.010309278350515464
3.0 0.5502450980392157 0.06701030927835051 0.041666666666666664 0.010309278350515464
3.0 0.5171568627450981 0.13917525773195877 0.058823529411764705 0.020618556701030927
3.0 0.5612745098039216 0.12757731958762886 0.06372549019607843 0.023195876288659795
3.0 0.5759803921568627 0.12242268041237113 0.058823529411764705 0.023195876288659795
3.0 0.5919117647058824 0.11984536082474227 0.04656862745098039 0.023195876288659795
3.0 0.625 0.1095360824742268 0.049019607843137254 0.023195876288659795
3.0 0.6151960784313726 0.11469072164948453 0.05392156862745098 0.023195876288659795
7.0 0.5625 0.05025773195876289 0.022058823529411766 0.007731958762886598
4.0 0.6531862745098039 0.25773195876288657 0.125 0.09278350515463918
4.0 0.8063725490196079 0.4162371134020619 0.1568627450980392 0.2654639175257732
4.0 0.9007352941176471 0.4832474226804124 0.031862745098039214 0.11597938144329897
3.0 0.6727941176470589 0.8067010309278351 0.07598039215686274 0.08762886597938144
3.0 0.6458333333333334 0.8969072164948454 0.07598039215686274 0.061855670103092786
0.0 0.8541666666666666 0.7925257731958762 0.01715686274509804 0.023195876288659795
9.0 0.8443627450980392 0.7976804123711341 0.02696078431372549 0.028350515463917526
9.0 0.8713235294117647 0.6481958762886598 0.01715686274509804 0.028350515463917526
1.0 0.875 0.6378865979381443 0.00980392156862745 0.023195876288659795
