0.0 0.7622549019607843 0.49871134020618557 0.06372549019607843 0.2345360824742268
0.0 0.8713235294117647 0.4639175257731959 0.031862745098039214 0.15463917525773196
0.0 0.8321078431372549 0.27190721649484534 0.061274509803921566 0.11082474226804123
0.0 0.6053921568627451 0.06829896907216494 0.029411764705882353 0.028350515463917526
0.0 0.8541666666666666 0.24484536082474226 0.04656862745098039 0.08247422680412371
0.0 0.7487745098039216 0.13659793814432988 0.041666666666666664 0.04639175257731959
1.0 0.7573529411764706 0.14561855670103094 0.0392156862745098 0.03865979381443299
1.0 0.7524509803921569 0.11211340206185567 0.029411764705882353 0.028350515463917526
1.0 0.5171568627450981 0.08505154639175258 0.03431372549019608 0.030927835051546393
1.0 0.8198529411764706 0.8492268041237113 0.10049019607843138 0.1056701030927835
9.0 0.8186274509803921 0.8569587628865979 0.11764705882352941 0.13144329896907217
2.0 0.8713235294117647 0.31572164948453607 0.03676470588235294 0.09020618556701031
2.0 0.8125 0.18556701030927836 0.041666666666666664 0.05154639175257732
2.0 0.7561274509803921 0.11855670103092783 0.041666666666666664 0.030927835051546393
9.0 0.5208333333333334 0.09149484536082474 0.051470588235294115 0.028350515463917526
2.0 0.4840686274509804 0.055412371134020616 0.03676470588235294 0.01288659793814433
2.0 0.3627450980392157 0.07603092783505154 0.05392156862745098 0.028350515463917526
2.0 0.37254901960784315 0.05798969072164949 0.024509803921568627 0.01288659793814433
2.0 0.39338235294117646 0.06056701030927835 0.041666666666666664 0.01804123711340206
2.0 0.45465686274509803 0.05025773195876289 0.02696078431372549 0.01288659793814433
9.0 0.36151960784313725 0.05412371134020619 0.022058823529411766 0.010309278350515464
0.0 0.28431372549019607 0.10824742268041238 0.0392156862745098 0.041237113402061855
0.0 0.4791666666666667 0.05283505154639175 0.01715686274509804 0.01804123711340206
0.0 0.36642156862745096 0.07216494845360824 0.03676470588235294 0.02577319587628866
0.0 0.47058823529411764 0.055412371134020616 0.024509803921568627 0.01804123711340206
1.0 0.45465686274509803 0.045103092783505154 0.01715686274509804 0.01288659793814433
1.0 0.4338235294117647 0.04896907216494845 0.029411764705882353 0.015463917525773196
1.0 0.39338235294117646 0.05670103092783505 0.031862745098039214 0.020618556701030927
1.0 0.375 0.05283505154639175 0.0196078431372549 0.01288659793814433
1.0 0.36151960784313725 0.05154639175257732 0.01715686274509804 0.010309278350515464
0.0 0.7046568627450981 0.06958762886597938 0.01715686274509804 0.015463917525773196
0.0 0.6973039215686274 0.06443298969072164 0.01715686274509804 0.015463917525773196
0.0 0.6727941176470589 0.05670103092783505 0.01715686274509804 0.015463917525773196
0.0 0.678921568627451 0.05670103092783505 0.0196078431372549 0.015463917525773196
3.0 0.7169117647058824 0.059278350515463915 0.04656862745098039 0.02577319587628866
3.0 0.6997549019607843 0.04896907216494845 0.041666666666666664 0.020618556701030927
3.0 0.7267156862745098 0.06443298969072164 0.04656862745098039 0.02577319587628866
3.0 0.17401960784313725 0.6791237113402062 0.2549019607843137 0.3582474226804124
3.0 0.04534313725490196 0.39819587628865977 0.056372549019607844 0.14175257731958762
3.0 0.0857843137254902 0.27190721649484534 0.0784313725490196 0.11597938144329897
4.0 0.03553921568627451 0.36726804123711343 0.056372549019607844 0.13659793814432988
3.0 0.028186274509803922 0.3492268041237113 0.041666666666666664 0.1056701030927835
3.0 0.041666666666666664 0.30412371134020616 0.04411764705882353 0.08247422680412371
3.0 0.14215686274509803 0.24742268041237114 0.11764705882352941 0.15979381443298968
8.0 0.19852941176470587 0.32216494845360827 0.3284313725490196 0.4742268041237113
4.0 0.09436274509803921 0.23195876288659795 0.056372549019607844 0.07731958762886598
3.0 0.06372549019607843 0.2551546391752577 0.03431372549019608 0.05670103092783505
3.0 0.09558823529411764 0.22036082474226804 0.0392156862745098 0.05412371134020619
3.0 0.1213235294117647 0.18943298969072164 0.051470588235294115 0.059278350515463915
3.0 0.09313725490196079 0.211340206185567 0.049019607843137254 0.061855670103092786
3.0 0.27941176470588236 0.09278350515463918 0.10784313725490197 0.061855670103092786
3.0 0.3394607843137255 0.06958762886597938 0.07107843137254902 0.03608247422680412
3.0 0.33088235294117646 0.061855670103092786 0.058823529411764705 0.030927835051546393
0.0 0.0392156862745098 0.27963917525773196 0.014705882352941176 0.03350515463917526
0.0 0.40808823529411764 0.03221649484536082 0.04656862745098039 0.01288659793814433
3.0 0.46691176470588236 0.01675257731958763 0.031862745098039214 0.007731958762886598
3.0 0.49754901960784315 0.011597938144329897 0.0196078431372549 0.002577319587628866
3.0 0.5367647058823529 0.01288659793814433 0.0196078431372549 0.005154639175257732
3.0 0.5379901960784313 0.01675257731958763 0.03676470588235294 0.007731958762886598
0.0 0.14460784313725492 0.15463917525773196 0.0196078431372549 0.02577319587628866
0.0 0.12990196078431374 0.16752577319587628 0.0196078431372549 0.02577319587628866
0.0 0.11887254901960784 0.17525773195876287 0.01715686274509804 0.02577319587628866
0.0 0.11397058823529412 0.18041237113402062 0.01715686274509804 0.02577319587628866
0.0 0.11029411764705882 0.18427835051546393 0.014705882352941176 0.023195876288659795
0.0 0.10416666666666667 0.19072164948453607 0.01715686274509804 0.02577319587628866
0.0 0.10049019607843138 0.19458762886597938 0.014705882352941176 0.023195876288659795
0.0 0.09681372549019608 0.1958762886597938 0.01715686274509804 0.02577319587628866
0.0 0.1053921568627451 0.18943298969072164 0.014705882352941176 0.023195876288659795
0.0 0.10784313725490197 0.18814432989690721 0.014705882352941176 0.020618556701030927
0.0 0.11151960784313726 0.18427835051546393 0.01715686274509804 0.023195876288659795
0.0 0.11151960784313726 0.18298969072164947 0.022058823529411766 0.030927835051546393
0.0 0.11642156862745098 0.17783505154639176 0.01715686274509804 0.02577319587628866
0.0 0.1213235294117647 0.17268041237113402 0.01715686274509804 0.02577319587628866
0.0 0.12622549019607843 0.17010309278350516 0.01715686274509804 0.02577319587628866
0.0 0.12622549019607843 0.16881443298969073 0.01715686274509804 0.023195876288659795
0.0 0.12867647058823528 0.16623711340206185 0.01715686274509804 0.023195876288659795
0.0 0.13112745098039216 0.16623711340206185 0.01715686274509804 0.023195876288659795
0.0 0.13357843137254902 0.16237113402061856 0.01715686274509804 0.02577319587628866
0.0 0.14215686274509803 0.1559278350515464 0.0196078431372549 0.023195876288659795
1.0 0.18627450980392157 0.11855670103092783 0.014705882352941176 0.015463917525773196
1.0 0.19852941176470587 0.1134020618556701 0.014705882352941176 0.015463917525773196
1.0 0.19607843137254902 0.1134020618556701 0.014705882352941176 0.015463917525773196
9.0 0.19607843137254902 0.11469072164948453 0.0196078431372549 0.01804123711340206
9.0 0.18627450980392157 0.11984536082474227 0.0196078431372549 0.01804123711340206
0.0 0.4215686274509804 0.011597938144329897 0.004901960784313725 0.002577319587628866
1.0 0.43137254901960786 0.00902061855670103 0.004901960784313725 0.002577319587628866
1.0 0.35171568627450983 0.027061855670103094 0.007352941176470588 0.002577319587628866
5.0 0.31495098039215685 0.041237113402061855 0.061274509803921566 0.02577319587628866
3.0 0.31862745098039214 0.055412371134020616 0.049019607843137254 0.028350515463917526
3.0 0.27941176470588236 0.06958762886597938 0.04411764705882353 0.02577319587628866
3.0 0.24142156862745098 0.08634020618556701 0.041666666666666664 0.028350515463917526
3.0 0.27450980392156865 0.06829896907216494 0.0392156862745098 0.023195876288659795
4.0 0.30392156862745096 0.05283505154639175 0.0392156862745098 0.023195876288659795
3.0 0.31004901960784315 0.05412371134020619 0.03676470588235294 0.020618556701030927
3.0 0.35049019607843135 0.04252577319587629 0.0392156862745098 0.01804123711340206
3.0 0.3762254901960784 0.03221649484536082 0.031862745098039214 0.01288659793814433
3.0 0.39950980392156865 0.02577319587628866 0.03431372549019608 0.010309278350515464
5.0 0.33578431372549017 0.04252577319587629 0.049019607843137254 0.023195876288659795
3.0 0.3431372549019608 0.037371134020618556 0.029411764705882353 0.01288659793814433
3.0 0.3590686274509804 0.03479381443298969 0.02696078431372549 0.01288659793814433
4.0 0.37745098039215685 0.029639175257731958 0.029411764705882353 0.01288659793814433
0.0 0.3541666666666667 0.03221649484536082 0.007352941176470588 0.007731958762886598
8.0 0.3860294117647059 0.02190721649484536 0.056372549019607844 0.01804123711340206
3.0 0.3946078431372549 0.024484536082474227 0.0196078431372549 0.007731958762886598
3.0 0.40931372549019607 0.020618556701030927 0.024509803921568627 0.010309278350515464
3.0 0.4227941176470588 0.01675257731958763 0.022058823529411766 0.007731958762886598
3.0 0.4007352941176471 0.02577319587628866 0.02696078431372549 0.010309278350515464
5.0 0.44485294117647056 0.01288659793814433 0.03676470588235294 0.010309278350515464
5.0 0.4571078431372549 0.00902061855670103 0.02696078431372549 0.007731958762886598
4.0 0.4803921568627451 0.010309278350515464 0.014705882352941176 0.005154639175257732
3.0 0.5 0.00902061855670103 0.0196078431372549 0.002577319587628866
3.0 0.47671568627450983 0.007731958762886598 0.012254901960784314 0.005154639175257732
3.0 0.4877450980392157 0.006443298969072165 0.014705882352941176 0.002577319587628866
3.0 0.5049019607843137 0.006443298969072165 0.00980392156862745 0.002577319587628866
3.0 0.5159313725490197 0.006443298969072165 0.012254901960784314 0.002577319587628866
8.0 0.5061274509803921 0.002577319587628866 0.02696078431372549 0.005154639175257732
8.0 0.5330882352941176 0.005154639175257732 0.012254901960784314 0.005154639175257732
3.0 0.5392156862745098 0.010309278350515464 0.0196078431372549 0.005154639175257732
4.0 0.5575980392156863 0.02190721649484536 0.04656862745098039 0.01288659793814433
3.0 0.5759803921568627 0.023195876288659795 0.04411764705882353 0.010309278350515464
0.0 0.5821078431372549 0.024484536082474227 0.012254901960784314 0.007731958762886598
0.0 0.616421568627451 0.020618556701030927 0.007352941176470588 0.005154639175257732
0.0 0.6090686274509803 0.020618556701030927 0.007352941176470588 0.005154639175257732
0.0 0.6017156862745098 0.020618556701030927 0.007352941176470588 0.005154639175257732
0.0 0.6286764705882353 0.020618556701030927 0.007352941176470588 0.005154639175257732
0.0 0.6323529411764706 0.02190721649484536 0.004901960784313725 0.002577319587628866
3.0 0.6237745098039216 0.019329896907216496 0.012254901960784314 0.007731958762886598
3.0 0.6409313725490197 0.023195876288659795 0.012254901960784314 0.005154639175257732
3.0 0.6446078431372549 0.020618556701030927 0.00980392156862745 0.005154639175257732
3.0 0.6029411764705882 0.014175257731958763 0.00980392156862745 0.002577319587628866
3.0 0.5870098039215687 0.010309278350515464 0.012254901960784314 0.005154639175257732
3.0 0.5698529411764706 0.00902061855670103 0.012254901960784314 0.002577319587628866
3.0 0.5796568627450981 0.00902061855670103 0.012254901960784314 0.002577319587628866
3.0 0.6409313725490197 0.023195876288659795 0.012254901960784314 0.005154639175257732
5.0 0.37254901960784315 0.02190721649484536 0.0392156862745098 0.01804123711340206
