3.0 0.3130841121495327 0.08009708737864078 0.14018691588785046 0.10679611650485436
3.0 0.2324766355140187 0.279126213592233 0.17990654205607476 0.3058252427184466
3.0 0.25350467289719625 0.7305825242718447 0.2219626168224299 0.32524271844660196
3.0 0.7067757009345794 0.23300970873786409 0.21261682242990654 0.2766990291262136
3.0 0.3469626168224299 0.9478155339805825 0.13317757009345793 0.08495145631067962
5.0 0.9591121495327103 0.4866504854368932 0.02570093457943925 0.24029126213592233
3.0 0.9030373831775701 0.8070388349514563 0.05841121495327103 0.08009708737864078
4.0 0.1191588785046729 0.8264563106796117 0.09813084112149532 0.10922330097087378
4.0 0.05957943925233645 0.7111650485436893 0.06775700934579439 0.11165048543689321
6.0 0.09345794392523364 0.779126213592233 0.10747663551401869 0.13592233009708737
1.0 0.7535046728971962 0.08373786407766991 0.02102803738317757 0.01699029126213592
0.0 0.7476635514018691 0.07766990291262135 0.037383177570093455 0.024271844660194174
0.0 0.7406542056074766 0.07281553398058252 0.03271028037383177 0.024271844660194174
9.0 0.7488317757009346 0.0825242718446602 0.04439252336448598 0.03398058252427184
6.0 0.016355140186915886 0.42354368932038833 0.018691588785046728 0.09466019417475728
