3.0 0.18382352941176472 0.7371134020618557 0.18627450980392157 0.21649484536082475
3.0 0.05392156862745098 0.5283505154639175 0.04411764705882353 0.1134020618556701
3.0 0.7916666666666666 0.2860824742268041 0.0784313725490196 0.07731958762886598
3.0 0.8382352941176471 0.24484536082474226 0.04411764705882353 0.05154639175257732
3.0 0.8737745098039216 0.24355670103092783 0.02696078431372549 0.03350515463917526
5.0 0.21200980392156862 0.3324742268041237 0.17401960784313725 0.18041237113402062
3.0 0.6102941176470589 0.16752577319587628 0.08333333333333333 0.04639175257731959
3.0 0.8700980392156863 0.22164948453608246 0.024509803921568627 0.030927835051546393
3.0 0.8529411764705882 0.20876288659793815 0.029411764705882353 0.030927835051546393
3.0 0.8970588235294118 0.23324742268041238 0.024509803921568627 0.028350515463917526
3.0 0.9093137254901961 0.23840206185567012 0.014705882352941176 0.023195876288659795
3.0 0.0196078431372549 0.6211340206185567 0.03431372549019608 0.0979381443298969
0.0 0.9276960784313726 0.3479381443298969 0.012254901960784314 0.030927835051546393
0.0 0.9411764705882353 0.30412371134020616 0.00980392156862745 0.02577319587628866
0.0 0.9950980392156863 0.46005154639175255 0.004901960784313725 0.03865979381443299
0.0 0.9950980392156863 0.4536082474226804 0.004901960784313725 0.030927835051546393
