3.0 0.017523364485981307 0.38106796116504854 0.011682242990654205 0.03398058252427184
3.0 0.026869158878504672 0.38228155339805825 0.016355140186915886 0.03640776699029126
3.0 0.056074766355140186 0.3288834951456311 0.02336448598130841 0.04611650485436893
3.0 0.35046728971962615 0.8070388349514563 0.21962616822429906 0.11893203883495146
3.0 0.9427570093457944 0.5388349514563107 0.016355140186915886 0.06310679611650485
3.0 0.12850467289719625 0.2342233009708738 0.04672897196261682 0.055825242718446605
3.0 0.17406542056074767 0.19053398058252427 0.05841121495327103 0.055825242718446605
3.0 0.23948598130841123 0.14684466019417475 0.07242990654205607 0.050970873786407765
3.0 0.9789719626168224 0.40048543689320387 0.014018691588785047 0.038834951456310676
3.0 0.9626168224299065 0.3762135922330097 0.018691588785046728 0.043689320388349516
3.0 0.9380841121495327 0.33495145631067963 0.02570093457943925 0.04854368932038835
3.0 0.7628504672897196 0.154126213592233 0.06775700934579439 0.04611650485436893
4.0 0.8177570093457944 0.1941747572815534 0.06542056074766354 0.06310679611650485
3.0 0.9077102803738317 0.29004854368932037 0.030373831775700934 0.04611650485436893
3.0 0.2044392523364486 0.8580097087378641 0.1191588785046729 0.10436893203883495
4.0 0.07242990654205607 0.7087378640776699 0.06074766355140187 0.11165048543689321
9.0 0.30257009345794394 0.9441747572815534 0.035046728971962614 0.024271844660194174
0.0 0.8364485981308412 0.7706310679611651 0.03271028037383177 0.055825242718446605
3.0 0.9789719626168224 0.5643203883495146 0.009345794392523364 0.03640776699029126
3.0 0.3492990654205608 0.07160194174757281 0.030373831775700934 0.01699029126213592
3.0 0.3691588785046729 0.061893203883495146 0.03271028037383177 0.01699029126213592
3.0 0.011682242990654205 0.5303398058252428 0.009345794392523364 0.08980582524271845
3.0 0.5642523364485982 0.021844660194174758 0.030373831775700934 0.009708737864077669
