0.0 0.020833333333333332 0.5631443298969072 0.012254901960784314 0.059278350515463915
0.0 0.12867647058823528 0.5412371134020618 0.02696078431372549 0.0979381443298969
0.0 0.7230392156862745 0.6185567010309279 0.049019607843137254 0.13402061855670103
0.0 0.9632352941176471 0.42396907216494845 0.014705882352941176 0.06958762886597938
0.0 0.9779411764705882 0.6018041237113402 0.014705882352941176 0.059278350515463915
0.0 0.8933823529411765 0.7835051546391752 0.02696078431372549 0.041237113402061855
0.0 0.9129901960784313 0.7963917525773195 0.031862745098039214 0.05154639175257732
0.0 0.9387254901960784 0.39948453608247425 0.014705882352941176 0.05670103092783505
0.0 0.9276960784313726 0.36726804123711343 0.01715686274509804 0.05412371134020619
0.0 0.8321078431372549 0.14432989690721648 0.022058823529411766 0.02577319587628866
0.0 0.8137254901960784 0.11855670103092783 0.0196078431372549 0.020618556701030927
3.0 0.8223039215686274 0.1095360824742268 0.051470588235294115 0.04381443298969072
3.0 0.2867647058823529 0.059278350515463915 0.08823529411764706 0.04639175257731959
3.0 0.32965686274509803 0.03479381443298969 0.07598039215686274 0.03350515463917526
0.0 0.9607843137254902 0.2822164948453608 0.00980392156862745 0.023195876288659795
