3.0 0.5328638497652582 0.982051282051282 0.11267605633802817 0.020512820512820513
4.0 0.539906103286385 0.9538461538461539 0.13615023474178403 0.03076923076923077
4.0 0.6396713615023474 0.9730769230769231 0.10093896713615023 0.03333333333333333
4.0 0.6373239436619719 0.9653846153846154 0.09154929577464789 0.038461538461538464
3.0 0.6467136150234741 0.9551282051282052 0.1056338028169014 0.04358974358974359
3.0 0.6584507042253521 0.9371794871794872 0.11502347417840375 0.05384615384615385
4.0 0.5598591549295775 0.8487179487179487 0.08215962441314555 0.08205128205128205
3.0 0.7253521126760564 0.8192307692307692 0.06572769953051644 0.06923076923076923
3.0 0.8157276995305164 0.7756410256410257 0.0539906103286385 0.07948717948717948
3.0 0.846244131455399 0.7576923076923077 0.04929577464788732 0.07948717948717948
3.0 0.8943661971830986 0.7269230769230769 0.03755868544600939 0.06923076923076923
3.0 0.11854460093896714 0.5307692307692308 0.02112676056338028 0.06153846153846154
3.0 0.1396713615023474 0.43846153846153846 0.02112676056338028 0.05641025641025641
3.0 0.1795774647887324 0.3423076923076923 0.035211267605633804 0.05384615384615385
0.0 0.6772300469483568 0.8564102564102564 0.025821596244131457 0.03076923076923077
1.0 0.6490610328638498 0.8525641025641025 0.01643192488262911 0.017948717948717947
9.0 0.6431924882629108 0.8628205128205129 0.018779342723004695 0.023076923076923078
0.0 0.6772300469483568 0.8538461538461538 0.011737089201877934 0.010256410256410256
9.0 0.6467136150234741 0.7833333333333333 0.025821596244131457 0.03333333333333333
6.0 0.7852112676056338 0.7205128205128205 0.04460093896713615 0.05641025641025641
3.0 0.6232394366197183 0.6602564102564102 0.13849765258215962 0.07948717948717948
3.0 0.6455399061032864 0.6051282051282051 0.12206572769953052 0.07692307692307693
3.0 0.6326291079812206 0.5653846153846154 0.12441314553990611 0.06923076923076923
9.0 0.2605633802816901 0.8423076923076923 0.046948356807511735 0.038461538461538464
3.0 0.67018779342723 0.16666666666666666 0.03051643192488263 0.03076923076923077
3.0 0.9354460093896714 0.4666666666666667 0.011737089201877934 0.02564102564102564
3.0 0.9424882629107981 0.5 0.011737089201877934 0.02564102564102564
3.0 0.9436619718309859 0.5346153846153846 0.014084507042253521 0.03333333333333333
3.0 0.9448356807511737 0.5576923076923077 0.01643192488262911 0.03333333333333333
9.0 0.10211267605633803 0.7346153846153847 0.01643192488262911 0.023076923076923078
