3.0 0.40931372549019607 0.9639175257731959 0.15196078431372548 0.06701030927835051
3.0 0.18995098039215685 0.8234536082474226 0.19852941176470587 0.23969072164948454
4.0 0.20220588235294118 0.09020618556701031 0.056372549019607844 0.04639175257731959
3.0 0.20955882352941177 0.09407216494845361 0.056372549019607844 0.04381443298969072
3.0 0.1642156862745098 0.12886597938144329 0.049019607843137254 0.04639175257731959
3.0 0.35049019607843135 0.02190721649484536 0.0392156862745098 0.01804123711340206
3.0 0.0784313725490196 0.2190721649484536 0.0392156862745098 0.05670103092783505
4.0 0.09681372549019608 0.21005154639175258 0.061274509803921566 0.09020618556701031
0.0 0.14705882352941177 0.15721649484536082 0.024509803921568627 0.030927835051546393
0.0 0.1801470588235294 0.18170103092783504 0.031862745098039214 0.04896907216494845
0.0 0.16789215686274508 0.25773195876288657 0.041666666666666664 0.08247422680412371
3.0 0.04411764705882353 0.29896907216494845 0.049019607843137254 0.08762886597938144
3.0 0.028186274509803922 0.36082474226804123 0.04656862745098039 0.09278350515463918
4.0 0.00980392156862745 0.42783505154639173 0.0196078431372549 0.1134020618556701
5.0 0.029411764705882353 0.509020618556701 0.049019607843137254 0.2654639175257732
3.0 0.14950980392156862 0.6069587628865979 0.11274509803921569 0.2551546391752577
3.0 0.6544117647058824 0.8208762886597938 0.24019607843137256 0.24484536082474226
9.0 0.8982843137254902 0.6481958762886598 0.04656862745098039 0.12628865979381443
2.0 0.9068627450980392 0.37757731958762886 0.029411764705882353 0.07989690721649484
9.0 0.7941176470588235 0.24871134020618557 0.058823529411764705 0.09020618556701031
0.0 0.8762254901960784 0.3234536082474227 0.03676470588235294 0.09020618556701031
3.0 0.6421568627450981 0.48711340206185566 0.1715686274509804 0.32989690721649484
3.0 0.5943627450980392 0.2345360824742268 0.16911764705882354 0.17525773195876287
2.0 0.8627450980392157 0.25 0.03431372549019608 0.061855670103092786
5.0 0.5600490196078431 0.09536082474226804 0.12009803921568628 0.08762886597938144
3.0 0.4889705882352941 0.05798969072164949 0.1642156862745098 0.028350515463917526
4.0 0.5453431372549019 0.03865979381443299 0.0661764705882353 0.02577319587628866
4.0 0.5245098039215687 0.01288659793814433 0.06862745098039216 0.015463917525773196
9.0 0.5183823529411765 0.001288659793814433 0.031862745098039214 0.002577319587628866
0.0 0.6053921568627451 0.014175257731958763 0.024509803921568627 0.01288659793814433
0.0 0.6041666666666666 0.024484536082474227 0.01715686274509804 0.01288659793814433
0.0 0.5943627450980392 0.007731958762886598 0.007352941176470588 0.005154639175257732
3.0 0.17401960784313725 0.3389175257731959 0.12254901960784313 0.2345360824742268
3.0 0.2622549019607843 0.16108247422680413 0.11764705882352941 0.1056701030927835
3.0 0.35049019607843135 0.05025773195876289 0.06372549019607843 0.03350515463917526
3.0 0.6213235294117647 0.970360824742268 0.13480392156862744 0.04896907216494845
