5.0 0.22887323943661972 0.07948717948717948 0.05868544600938967 0.046153846153846156
5.0 0.1596244131455399 0.1641025641025641 0.07981220657276995 0.10256410256410256
3.0 0.051643192488262914 0.4282051282051282 0.03286384976525822 0.15384615384615385
3.0 0.05868544600938967 0.6974358974358974 0.06572769953051644 0.15897435897435896
6.0 0.08450704225352113 0.7884615384615384 0.051643192488262914 0.08461538461538462
4.0 0.3192488262910798 0.9435897435897436 0.11267605633802817 0.07692307692307693
9.0 0.38497652582159625 0.9782051282051282 0.051643192488262914 0.023076923076923078
3.0 0.3685446009389671 0.5294871794871795 0.18309859154929578 0.43846153846153846
3.0 0.18309859154929578 0.791025641025641 0.13615023474178403 0.19743589743589743
2.0 0.7535211267605634 0.23717948717948717 0.06103286384976526 0.04871794871794872
6.0 0.7359154929577465 0.20512820512820512 0.1431924882629108 0.1076923076923077
2.0 0.6267605633802817 0.2282051282051282 0.09389671361502347 0.041025641025641026
2.0 0.6185446009389671 0.21153846153846154 0.07746478873239436 0.038461538461538464
6.0 0.7992957746478874 0.44487179487179485 0.1056338028169014 0.10512820512820513
9.0 0.7582159624413145 0.6525641025641026 0.0892018779342723 0.06923076923076923
9.0 0.5727699530516432 0.8358974358974359 0.10328638497652583 0.041025641025641026
9.0 0.886150234741784 0.5794871794871795 0.011737089201877934 0.041025641025641026
1.0 0.8908450704225352 0.5666666666666667 0.011737089201877934 0.046153846153846156
6.0 0.49295774647887325 0.9551282051282052 0.16901408450704225 0.023076923076923078
9.0 0.647887323943662 0.95 0.06103286384976526 0.028205128205128206
9.0 0.6408450704225352 0.9653846153846154 0.07042253521126761 0.028205128205128206
6.0 0.6255868544600939 0.9756410256410256 0.11971830985915492 0.038461538461538464
9.0 0.8697183098591549 0.823076923076923 0.03051643192488263 0.046153846153846156
