3.0 0.25 0.9355670103092784 0.0392156862745098 0.02577319587628866
4.0 0.23897058823529413 0.9226804123711341 0.03676470588235294 0.02577319587628866
3.0 0.22916666666666666 0.9097938144329897 0.041666666666666664 0.030927835051546393
3.0 0.20955882352941177 0.8827319587628866 0.041666666666666664 0.03350515463917526
3.0 0.19607843137254902 0.8621134020618557 0.04411764705882353 0.03350515463917526
4.0 0.17892156862745098 0.8621134020618557 0.029411764705882353 0.03350515463917526
3.0 0.1323529411764706 0.7963917525773195 0.029411764705882353 0.041237113402061855
3.0 0.15196078431372548 0.7332474226804123 0.04411764705882353 0.04381443298969072
0.0 0.13480392156862744 0.8234536082474226 0.00980392156862745 0.01288659793814433
0.0 0.14583333333333334 0.8389175257731959 0.012254901960784314 0.01288659793814433
0.0 0.15931372549019607 0.854381443298969 0.00980392156862745 0.01288659793814433
0.0 0.09191176470588236 0.7332474226804123 0.007352941176470588 0.01288659793814433
5.0 0.2610294117647059 0.5180412371134021 0.061274509803921566 0.27835051546391754
0.0 0.39215686274509803 0.023195876288659795 0.00980392156862745 0.005154639175257732
0.0 0.41299019607843135 0.03350515463917526 0.007352941176470588 0.005154639175257732
3.0 0.08823529411764706 0.30670103092783507 0.024509803921568627 0.05670103092783505
3.0 0.1482843137254902 0.16623711340206185 0.031862745098039214 0.04381443298969072
3.0 0.22181372549019607 0.09536082474226804 0.041666666666666664 0.030927835051546393
3.0 0.23897058823529413 0.07345360824742268 0.03676470588235294 0.023195876288659795
3.0 0.25612745098039214 0.05670103092783505 0.03676470588235294 0.020618556701030927
3.0 0.8737745098039216 0.16237113402061856 0.02696078431372549 0.03608247422680412
4.0 0.883578431372549 0.17010309278350516 0.02696078431372549 0.041237113402061855
3.0 0.9007352941176471 0.17783505154639176 0.022058823529411766 0.030927835051546393
3.0 0.9068627450980392 0.1713917525773196 0.0196078431372549 0.023195876288659795
3.0 0.9803921568627451 0.4097938144329897 0.00980392156862745 0.02577319587628866
3.0 0.9742647058823529 0.37371134020618557 0.012254901960784314 0.04639175257731959
3.0 0.9656862745098039 0.5476804123711341 0.00980392156862745 0.04896907216494845
3.0 0.9718137254901961 0.5438144329896907 0.007352941176470588 0.05154639175257732
3.0 0.9411764705882353 0.654639175257732 0.0196078431372549 0.05154639175257732
3.0 0.9497549019607843 0.6494845360824743 0.01715686274509804 0.05154639175257732
3.0 0.9767156862745098 0.538659793814433 0.007352941176470588 0.05154639175257732
3.0 0.9227941176470589 0.6288659793814433 0.01715686274509804 0.05670103092783505
4.0 0.8272058823529411 0.7332474226804123 0.04656862745098039 0.08505154639175258
4.0 0.8259803921568627 0.3698453608247423 0.03431372549019608 0.07989690721649484
9.0 0.8590686274509803 0.5438144329896907 0.007352941176470588 0.030927835051546393
3.0 0.9583333333333334 0.6881443298969072 0.014705882352941176 0.02577319587628866
3.0 0.9693627450980392 0.6778350515463918 0.012254901960784314 0.02577319587628866
3.0 0.9473039215686274 0.729381443298969 0.01715686274509804 0.030927835051546393
3.0 0.9595588235294118 0.7152061855670103 0.012254901960784314 0.023195876288659795
4.0 0.8223039215686274 0.8917525773195877 0.031862745098039214 0.02577319587628866
4.0 0.8186274509803921 0.8981958762886598 0.029411764705882353 0.023195876288659795
0.0 0.8088235294117647 0.8105670103092784 0.00980392156862745 0.01288659793814433
0.0 0.8100490196078431 0.8131443298969072 0.012254901960784314 0.01288659793814433
9.0 0.7279411764705882 0.9097938144329897 0.0196078431372549 0.015463917525773196
0.0 0.9080882352941176 0.7615979381443299 0.007352941176470588 0.01288659793814433
3.0 0.6850490196078431 0.9652061855670103 0.022058823529411766 0.01288659793814433
