3.0 0.553921568627451 0.5541237113402062 0.014705882352941176 0.005154639175257732
3.0 0.5661764705882353 0.5515463917525774 0.00980392156862745 0.010309278350515464
3.0 0.5857843137254902 0.5489690721649485 0.00980392156862745 0.010309278350515464
3.0 0.5906862745098039 0.5438144329896907 0.004901960784313725 0.010309278350515464
3.0 0.5600490196078431 0.5360824742268041 0.007352941176470588 0.005154639175257732
3.0 0.5968137254901961 0.5579896907216495 0.012254901960784314 0.01288659793814433
3.0 0.553921568627451 0.5786082474226805 0.014705882352941176 0.01288659793814433
3.0 0.5808823529411765 0.5837628865979382 0.014705882352941176 0.01288659793814433
3.0 0.5453431372549019 0.6404639175257731 0.022058823529411766 0.023195876288659795
5.0 0.36642156862745096 0.5811855670103093 0.02696078431372549 0.01804123711340206
3.0 0.3860294117647059 0.5618556701030928 0.031862745098039214 0.015463917525773196
0.0 0.4877450980392157 0.5979381443298969 0.004901960784313725 0.010309278350515464
3.0 0.48284313725490197 0.5837628865979382 0.03431372549019608 0.01288659793814433
5.0 0.48651960784313725 0.5786082474226805 0.02696078431372549 0.01288659793814433
5.0 0.48284313725490197 0.5695876288659794 0.0392156862745098 0.020618556701030927
0.0 0.46078431372549017 0.6327319587628866 0.004901960784313725 0.023195876288659795
0.0 0.6642156862745098 0.6005154639175257 0.004901960784313725 0.015463917525773196
0.0 0.6642156862745098 0.6185567010309279 0.004901960784313725 0.015463917525773196
0.0 0.6274509803921569 0.663659793814433 0.00980392156862745 0.028350515463917526
0.0 0.6397058823529411 0.6443298969072165 0.004901960784313725 0.02577319587628866
0.0 0.7132352941176471 0.6494845360824743 0.00980392156862745 0.02577319587628866
3.0 0.6580882352941176 0.5811855670103093 0.031862745098039214 0.01288659793814433
3.0 0.6666666666666666 0.5786082474226805 0.029411764705882353 0.01288659793814433
3.0 0.6678921568627451 0.5734536082474226 0.031862745098039214 0.01804123711340206
3.0 0.6593137254901961 0.5734536082474226 0.029411764705882353 0.01804123711340206
4.0 0.6433823529411765 0.5528350515463918 0.031862745098039214 0.01288659793814433
3.0 0.5894607843137255 0.5283505154639175 0.007352941176470588 0.005154639175257732
3.0 0.5306372549019608 0.7087628865979382 0.03676470588235294 0.030927835051546393
3.0 0.5245098039215687 0.7693298969072165 0.10294117647058823 0.03350515463917526
4.0 0.6691176470588235 0.7809278350515464 0.05392156862745098 0.05154639175257732
3.0 0.5330882352941176 0.8144329896907216 0.056372549019607844 0.03608247422680412
3.0 0.5049019607843137 0.8492268041237113 0.058823529411764705 0.03865979381443299
3.0 0.7634803921568627 0.6469072164948454 0.051470588235294115 0.03608247422680412
5.0 0.7879901960784313 0.634020618556701 0.0661764705882353 0.061855670103092786
4.0 0.7928921568627451 0.6494845360824743 0.041666666666666664 0.03608247422680412
3.0 0.7916666666666666 0.6559278350515464 0.04411764705882353 0.03350515463917526
3.0 0.7941176470588235 0.6649484536082474 0.04411764705882353 0.03608247422680412
5.0 0.7830882352941176 0.6778350515463918 0.061274509803921566 0.04639175257731959
5.0 0.7892156862745098 0.6894329896907216 0.06862745098039216 0.05412371134020619
5.0 0.7941176470588235 0.6984536082474226 0.06372549019607843 0.05670103092783505
5.0 0.7377450980392157 0.7255154639175257 0.06372549019607843 0.05412371134020619
5.0 0.8075980392156863 0.7061855670103093 0.03676470588235294 0.04639175257731959
3.0 0.7977941176470589 0.7319587628865979 0.07107843137254902 0.05670103092783505
0.0 0.8688725490196079 0.6804123711340206 0.012254901960784314 0.030927835051546393
0.0 0.8688725490196079 0.6739690721649485 0.012254901960784314 0.028350515463917526
5.0 0.8443627450980392 0.6855670103092784 0.056372549019607844 0.061855670103092786
5.0 0.8517156862745098 0.7190721649484536 0.051470588235294115 0.07216494845360824
3.0 0.8848039215686274 0.6713917525773195 0.024509803921568627 0.03865979381443299
3.0 0.9007352941176471 0.6868556701030928 0.031862745098039214 0.04896907216494845
3.0 0.9338235294117647 0.6404639175257731 0.0196078431372549 0.03350515463917526
3.0 0.9497549019607843 0.6262886597938144 0.01715686274509804 0.030927835051546393
3.0 0.9583333333333334 0.6211340206185567 0.014705882352941176 0.030927835051546393
3.0 0.9436274509803921 0.6417525773195877 0.024509803921568627 0.03608247422680412
5.0 0.9448529411764706 0.6597938144329897 0.031862745098039214 0.05670103092783505
5.0 0.9754901960784313 0.6030927835051546 0.014705882352941176 0.030927835051546393
3.0 0.9718137254901961 0.6301546391752577 0.01715686274509804 0.03865979381443299
3.0 0.9828431372549019 0.6262886597938144 0.00980392156862745 0.030927835051546393
3.0 0.9718137254901961 0.6649484536082474 0.022058823529411766 0.041237113402061855
3.0 0.9656862745098039 0.6855670103092784 0.024509803921568627 0.04639175257731959
3.0 0.9497549019607843 0.729381443298969 0.03676470588235294 0.061855670103092786
3.0 0.9644607843137255 0.6623711340206185 0.02696078431372549 0.04639175257731959
3.0 0.946078431372549 0.6920103092783505 0.03431372549019608 0.05412371134020619
3.0 0.9350490196078431 0.6920103092783505 0.03676470588235294 0.04896907216494845
3.0 0.9019607843137255 0.7306701030927835 0.058823529411764705 0.06958762886597938
3.0 0.821078431372549 0.8492268041237113 0.06862745098039216 0.06958762886597938
5.0 0.7205882352941176 0.8492268041237113 0.10784313725490197 0.10051546391752578
3.0 0.375 0.9574742268041238 0.09313725490196079 0.05412371134020619
3.0 0.5061274509803921 0.9291237113402062 0.07598039215686274 0.03865979381443299
3.0 0.5036764705882353 0.8917525773195877 0.0661764705882353 0.03608247422680412
3.0 0.3737745098039216 0.904639175257732 0.08088235294117647 0.05154639175257732
3.0 0.39828431372549017 0.8762886597938144 0.07598039215686274 0.04639175257731959
0.0 0.3161764705882353 0.8247422680412371 0.024509803921568627 0.03608247422680412
0.0 0.29411764705882354 0.8182989690721649 0.024509803921568627 0.03865979381443299
0.0 0.13725490196078433 0.7319587628865979 0.014705882352941176 0.030927835051546393
3.0 0.30514705882352944 0.7422680412371134 0.09068627450980392 0.05670103092783505
3.0 0.33700980392156865 0.7448453608247423 0.08088235294117647 0.041237113402061855
3.0 0.3394607843137255 0.7332474226804123 0.0857843137254902 0.04381443298969072
3.0 0.3492647058823529 0.7255154639175257 0.09068627450980392 0.04381443298969072
3.0 0.36151960784313725 0.7048969072164949 0.07598039215686274 0.03350515463917526
3.0 0.37745098039215685 0.7010309278350515 0.06372549019607843 0.030927835051546393
3.0 0.3700980392156863 0.6907216494845361 0.0784313725490196 0.030927835051546393
3.0 0.23161764705882354 0.6469072164948454 0.056372549019607844 0.03608247422680412
5.0 0.2267156862745098 0.654639175257732 0.07107843137254902 0.061855670103092786
3.0 0.21568627450980393 0.6662371134020618 0.04411764705882353 0.03350515463917526
4.0 0.20833333333333334 0.6675257731958762 0.0392156862745098 0.03608247422680412
3.0 0.20833333333333334 0.6752577319587629 0.0392156862745098 0.030927835051546393
3.0 0.19362745098039216 0.6713917525773195 0.04411764705882353 0.03865979381443299
3.0 0.18872549019607843 0.6817010309278351 0.04411764705882353 0.03865979381443299
4.0 0.1715686274509804 0.6817010309278351 0.04411764705882353 0.04381443298969072
3.0 0.1715686274509804 0.6894329896907216 0.05392156862745098 0.04381443298969072
3.0 0.24754901960784315 0.740979381443299 0.08333333333333333 0.05412371134020619
5.0 0.24142156862745098 0.75 0.09558823529411764 0.06701030927835051
3.0 0.1875 0.7345360824742269 0.056372549019607844 0.04639175257731959
3.0 0.16789215686274508 0.7332474226804123 0.051470588235294115 0.04896907216494845
3.0 0.14583333333333334 0.729381443298969 0.04656862745098039 0.05154639175257732
3.0 0.1948529411764706 0.7641752577319587 0.08088235294117647 0.06958762886597938
0.0 0.07352941176470588 0.663659793814433 0.00980392156862745 0.028350515463917526
0.0 0.08333333333333333 0.7152061855670103 0.00980392156862745 0.028350515463917526
0.0 0.08088235294117647 0.7126288659793815 0.00980392156862745 0.028350515463917526
3.0 0.09068627450980392 0.7023195876288659 0.029411764705882353 0.04896907216494845
0.0 0.03676470588235294 0.6520618556701031 0.004901960784313725 0.020618556701030927
0.0 0.03676470588235294 0.6507731958762887 0.004901960784313725 0.023195876288659795
0.0 0.04411764705882353 0.7139175257731959 0.014705882352941176 0.03608247422680412
3.0 0.10661764705882353 0.7422680412371134 0.051470588235294115 0.05670103092783505
3.0 0.1213235294117647 0.7667525773195877 0.0661764705882353 0.06443298969072164
3.0 0.04411764705882353 0.6520618556701031 0.0196078431372549 0.03608247422680412
3.0 0.03308823529411765 0.6443298969072165 0.01715686274509804 0.03608247422680412
3.0 0.01838235294117647 0.6288659793814433 0.01715686274509804 0.030927835051546393
3.0 0.014705882352941176 0.6237113402061856 0.014705882352941176 0.030927835051546393
3.0 0.056372549019607844 0.7487113402061856 0.04411764705882353 0.07474226804123711
8.0 0.13357843137254902 0.8131443298969072 0.11519607843137254 0.13144329896907217
3.0 0.14583333333333334 0.8466494845360825 0.11519607843137254 0.11082474226804123
3.0 0.13970588235294118 0.8569587628865979 0.11764705882352941 0.11082474226804123
