3.0 0.11397058823529412 0.7955801104972375 0.07107843137254902 0.1270718232044199
3.0 0.17524509803921567 0.8383977900552486 0.09068627450980392 0.12430939226519337
3.0 0.22549019607843138 0.8687845303867403 0.09313725490196079 0.1132596685082873
3.0 0.2855392156862745 0.8839779005524862 0.11519607843137254 0.13259668508287292
3.0 0.4583333333333333 0.9074585635359116 0.08333333333333333 0.10220994475138122
3.0 0.5588235294117647 0.9019337016574586 0.10784313725490197 0.11878453038674033
3.0 0.6617647058823529 0.8770718232044199 0.12254901960784313 0.15193370165745856
3.0 0.7450980392156863 0.8342541436464088 0.12745098039215685 0.1712707182320442
3.0 0.8014705882352942 0.8052486187845304 0.10784313725490197 0.16298342541436464
3.0 0.8480392156862745 0.7679558011049724 0.09803921568627451 0.1712707182320442
3.0 0.8823529411764706 0.7417127071823204 0.0784313725490196 0.1574585635359116
3.0 0.9093137254901961 0.7196132596685083 0.06372549019607843 0.1408839779005525
3.0 0.928921568627451 0.7016574585635359 0.05392156862745098 0.13812154696132597
3.0 0.946078431372549 0.6850828729281768 0.049019607843137254 0.13259668508287292
3.0 0.9681372549019608 0.6685082872928176 0.03431372549019608 0.08287292817679558
3.0 0.9767156862745098 0.6174033149171271 0.031862745098039214 0.08011049723756906
3.0 0.9852941176470589 0.49171270718232046 0.0196078431372549 0.09392265193370165
3.0 0.9558823529411765 0.40607734806629836 0.04411764705882353 0.11602209944751381
3.0 0.8578431372549019 0.23756906077348067 0.09313725490196079 0.13812154696132597
3.0 0.7377450980392157 0.12569060773480664 0.13725490196078433 0.1132596685082873
3.0 0.7303921568627451 0.16160220994475138 0.1568627450980392 0.1408839779005525
3.0 0.8541666666666666 0.281767955801105 0.10049019607843138 0.15469613259668508
3.0 0.9803921568627451 0.5400552486187845 0.024509803921568627 0.09668508287292818
3.0 0.45465686274509803 0.04696132596685083 0.15441176470588236 0.06077348066298342
3.0 0.3946078431372549 0.08011049723756906 0.1568627450980392 0.08287292817679558
3.0 0.3321078431372549 0.4350828729281768 0.21323529411764705 0.24585635359116023
3.0 0.5477941176470589 0.6091160220994475 0.24754901960784315 0.26795580110497236
3.0 0.27205882352941174 0.5566298342541437 0.18137254901960784 0.24585635359116023
3.0 0.20710784313725492 0.6367403314917127 0.13970588235294118 0.20165745856353592
3.0 0.13848039215686275 0.5082872928176796 0.0661764705882353 0.20441988950276244
3.0 0.1053921568627451 0.4585635359116022 0.058823529411764705 0.18232044198895028
3.0 0.8223039215686274 0.39640883977900554 0.125 0.19613259668508287
3.0 0.8394607843137255 0.32734806629834257 0.10049019607843138 0.16298342541436464
3.0 0.6911764705882353 0.26243093922651933 0.16666666666666666 0.17679558011049723
3.0 0.9448529411764706 0.5566298342541437 0.04656862745098039 0.0856353591160221
3.0 0.9522058823529411 0.44613259668508287 0.041666666666666664 0.13535911602209943
3.0 0.8982843137254902 0.6505524861878453 0.08088235294117647 0.11878453038674033
3.0 0.9534313725490197 0.611878453038674 0.04411764705882353 0.08011049723756906
