3.0 0.5784313725490197 0.05025773195876289 0.004901960784313725 0.002577319587628866
3.0 0.5318627450980392 0.06829896907216494 0.00980392156862745 0.002577319587628866
3.0 0.5134803921568627 0.07731958762886598 0.012254901960784314 0.005154639175257732
3.0 0.4325980392156863 0.11984536082474227 0.022058823529411766 0.01288659793814433
3.0 0.5147058823529411 0.06958762886597938 0.00980392156862745 0.005154639175257732
3.0 0.5306372549019608 0.06314432989690721 0.007352941176470588 0.002577319587628866
3.0 0.5281862745098039 0.05798969072164949 0.007352941176470588 0.002577319587628866
3.0 0.5208333333333334 0.06056701030927835 0.007352941176470588 0.002577319587628866
3.0 0.5477941176470589 0.06829896907216494 0.007352941176470588 0.002577319587628866
3.0 0.5183823529411765 0.06572164948453608 0.012254901960784314 0.002577319587628866
5.0 0.4950980392156863 0.07474226804123711 0.014705882352941176 0.010309278350515464
4.0 0.34558823529411764 0.13788659793814434 0.014705882352941176 0.01288659793814433
3.0 0.40931372549019607 0.18427835051546393 0.03431372549019608 0.028350515463917526
3.0 0.4681372549019608 0.09278350515463918 0.014705882352941176 0.010309278350515464
5.0 0.4963235294117647 0.08634020618556701 0.02696078431372549 0.01288659793814433
5.0 0.47671568627450983 0.07216494845360824 0.02696078431372549 0.015463917525773196
0.0 0.3860294117647059 0.12242268041237113 0.007352941176470588 0.007731958762886598
5.0 0.27941176470588236 0.4162371134020619 0.07352941176470588 0.11597938144329897
5.0 0.3553921568627451 0.25 0.09313725490196079 0.12371134020618557
5.0 0.6421568627450981 0.2603092783505155 0.058823529411764705 0.05154639175257732
1.0 0.27450980392156865 0.3286082474226804 0.014705882352941176 0.023195876288659795
1.0 0.22916666666666666 0.3801546391752577 0.012254901960784314 0.023195876288659795
9.0 0.22794117647058823 0.38917525773195877 0.014705882352941176 0.03608247422680412
9.0 0.27328431372549017 0.3389175257731959 0.012254901960784314 0.028350515463917526
9.0 0.1090686274509804 0.8144329896907216 0.01715686274509804 0.02577319587628866
9.0 0.09436274509803921 0.7474226804123711 0.022058823529411766 0.02577319587628866
9.0 0.09681372549019608 0.6997422680412371 0.022058823529411766 0.04381443298969072
9.0 0.11274509803921569 0.8079896907216495 0.024509803921568627 0.03350515463917526
9.0 0.11274509803921569 0.8234536082474226 0.024509803921568627 0.028350515463917526
9.0 0.12990196078431374 0.8324742268041238 0.024509803921568627 0.030927835051546393
9.0 0.19607843137254902 0.8247422680412371 0.029411764705882353 0.041237113402061855
9.0 0.4338235294117647 0.9226804123711341 0.0196078431372549 0.020618556701030927
9.0 0.4583333333333333 0.8144329896907216 0.0392156862745098 0.03608247422680412
2.0 0.17401960784313725 0.6185567010309279 0.014705882352941176 0.041237113402061855
1.0 0.17034313725490197 0.6095360824742269 0.007352941176470588 0.023195876288659795
1.0 0.17279411764705882 0.6069587628865979 0.012254901960784314 0.023195876288659795
1.0 0.19117647058823528 0.8182989690721649 0.0196078431372549 0.023195876288659795
0.0 0.11274509803921569 0.4587628865979381 0.004901960784313725 0.02577319587628866
5.0 0.7794117647058824 0.17010309278350516 0.014705882352941176 0.015463917525773196
5.0 0.7659313725490197 0.15463917525773196 0.01715686274509804 0.015463917525773196
5.0 0.7487745098039216 0.14304123711340205 0.02696078431372549 0.028350515463917526
3.0 0.31495098039215685 0.16494845360824742 0.022058823529411766 0.020618556701030927
4.0 0.30637254901960786 0.11082474226804123 0.024509803921568627 0.010309278350515464
3.0 0.31004901960784315 0.1095360824742268 0.01715686274509804 0.01288659793814433
4.0 0.3541666666666667 0.08247422680412371 0.022058823529411766 0.010309278350515464
4.0 0.37745098039215685 0.08891752577319588 0.024509803921568627 0.01288659793814433
4.0 0.4105392156862745 0.08118556701030928 0.022058823529411766 0.007731958762886598
3.0 0.41299019607843135 0.07087628865979381 0.01715686274509804 0.007731958762886598
3.0 0.3799019607843137 0.07345360824742268 0.0196078431372549 0.007731958762886598
