3.0 0.8419117647058824 0.5992268041237113 0.061274509803921566 0.16752577319587628
3.0 0.6813725490196079 0.22551546391752578 0.08333333333333333 0.11597938144329897
3.0 0.31862745098039214 0.3440721649484536 0.10294117647058823 0.19329896907216496
3.0 0.48161764705882354 0.9381443298969072 0.09558823529411764 0.06701030927835051
3.0 0.18259803921568626 0.7963917525773195 0.13480392156862744 0.15463917525773196
3.0 0.13480392156862744 0.8479381443298969 0.09313725490196079 0.10309278350515463
3.0 0.7144607843137255 0.1211340206185567 0.056372549019607844 0.05154639175257732
3.0 0.45098039215686275 0.05154639175257732 0.04411764705882353 0.02577319587628866
3.0 0.5870098039215687 0.14948453608247422 0.09558823529411764 0.09278350515463918
4.0 0.7769607843137255 0.13659793814432988 0.049019607843137254 0.05154639175257732
5.0 0.5220588235294118 0.027061855670103094 0.0392156862745098 0.01804123711340206
3.0 0.49264705882352944 0.005154639175257732 0.029411764705882353 0.010309278350515464
3.0 0.5674019607843137 0.007731958762886598 0.031862745098039214 0.010309278350515464
3.0 0.7524509803921569 0.9188144329896907 0.09313725490196079 0.07989690721649484
9.0 0.9129901960784313 0.7577319587628866 0.02696078431372549 0.05154639175257732
1.0 0.9154411764705882 0.7564432989690721 0.01715686274509804 0.03350515463917526
1.0 0.8308823529411765 0.15077319587628865 0.014705882352941176 0.01804123711340206
1.0 0.8480392156862745 0.163659793814433 0.014705882352941176 0.01804123711340206
9.0 0.8517156862745098 0.1713917525773196 0.01715686274509804 0.023195876288659795
9.0 0.8345588235294118 0.15850515463917525 0.01715686274509804 0.023195876288659795
9.0 0.3443627450980392 0.13144329896907217 0.031862745098039214 0.02577319587628866
1.0 0.34681372549019607 0.12242268041237113 0.02696078431372549 0.023195876288659795
