0.0 0.4182242990654206 0.00849514563106796 0.009345794392523364 0.0024271844660194173
3.0 0.3925233644859813 0.019417475728155338 0.014018691588785047 0.0048543689320388345
4.0 0.3878504672897196 0.023058252427184466 0.014018691588785047 0.007281553398058253
3.0 0.3808411214953271 0.027912621359223302 0.018691588785046728 0.007281553398058253
9.0 0.3925233644859813 0.03155339805825243 0.009345794392523364 0.0048543689320388345
8.0 0.5408878504672897 0.010922330097087379 0.030373831775700934 0.012135922330097087
3.0 0.5689252336448598 0.006067961165048544 0.011682242990654205 0.0024271844660194173
3.0 0.572429906542056 0.00849514563106796 0.014018691588785047 0.0024271844660194173
3.0 0.5771028037383178 0.009708737864077669 0.014018691588785047 0.0048543689320388345
3.0 0.580607476635514 0.012135922330097087 0.016355140186915886 0.0048543689320388345
3.0 0.5864485981308412 0.01699029126213592 0.014018691588785047 0.0048543689320388345
3.0 0.5911214953271028 0.02063106796116505 0.018691588785046728 0.007281553398058253
3.0 0.5969626168224299 0.024271844660194174 0.02102803738317757 0.0048543689320388345
3.0 0.6063084112149533 0.027912621359223302 0.02102803738317757 0.007281553398058253
3.0 0.7009345794392523 0.05825242718446602 0.03271028037383177 0.014563106796116505
3.0 0.7091121495327103 0.06674757281553398 0.035046728971962614 0.01699029126213592
3.0 0.7394859813084113 0.08009708737864078 0.030373831775700934 0.019417475728155338
3.0 0.7301401869158879 0.08009708737864078 0.035046728971962614 0.019417475728155338
3.0 0.5233644859813084 0.024271844660194174 0.018691588785046728 0.0048543689320388345
3.0 0.6308411214953271 0.05461165048543689 0.04672897196261682 0.01699029126213592
3.0 0.5911214953271028 0.05703883495145631 0.028037383177570093 0.012135922330097087
3.0 0.6016355140186916 0.08131067961165049 0.0397196261682243 0.021844660194174758
3.0 0.6343457943925234 0.12257281553398058 0.04906542056074766 0.03640776699029126
4.0 0.7219626168224299 0.14441747572815533 0.04205607476635514 0.03640776699029126
3.0 0.8049065420560748 0.2912621359223301 0.04906542056074766 0.07766990291262135
3.0 0.8317757009345794 0.36893203883495146 0.037383177570093455 0.07766990291262135
3.0 0.8317757009345794 0.4878640776699029 0.03271028037383177 0.11165048543689321
3.0 0.9415887850467289 0.4563106796116505 0.014018691588785047 0.05339805825242718
3.0 0.9345794392523364 0.5618932038834952 0.018691588785046728 0.07524271844660194
0.0 0.9369158878504673 0.5206310679611651 0.004672897196261682 0.021844660194174758
3.0 0.9602803738317757 0.45995145631067963 0.009345794392523364 0.0412621359223301
0.0 0.8598130841121495 0.5655339805825242 0.014018691588785047 0.04854368932038835
0.0 0.8107476635514018 0.5606796116504854 0.014018691588785047 0.05339805825242718
0.0 0.7908878504672897 0.5643203883495146 0.016355140186915886 0.055825242718446605
3.0 0.8481308411214953 0.6771844660194175 0.04205607476635514 0.07766990291262135
3.0 0.8235981308411215 0.7621359223300971 0.05841121495327103 0.0825242718446602
3.0 0.7955607476635514 0.8325242718446602 0.06775700934579439 0.07281553398058252
3.0 0.7733644859813084 0.883495145631068 0.06074766355140187 0.05339805825242718
3.0 0.7453271028037384 0.9368932038834952 0.037383177570093455 0.024271844660194174
3.0 0.4147196261682243 0.06553398058252427 0.0397196261682243 0.019417475728155338
3.0 0.39602803738317754 0.12135922330097088 0.04906542056074766 0.038834951456310676
3.0 0.2803738317757009 0.12257281553398058 0.03271028037383177 0.02669902912621359
3.0 0.2605140186915888 0.14927184466019416 0.0397196261682243 0.03640776699029126
3.0 0.22546728971962618 0.20388349514563106 0.04439252336448598 0.05339805825242718
3.0 0.20210280373831777 0.2487864077669903 0.04906542056074766 0.06553398058252427
0.0 0.26401869158878505 0.16868932038834952 0.018691588785046728 0.021844660194174758
0.0 0.13434579439252337 0.3434466019417476 0.011682242990654205 0.03155339805825243
0.0 0.12967289719626168 0.3446601941747573 0.011682242990654205 0.02912621359223301
3.0 0.16121495327102803 0.35315533980582525 0.04205607476635514 0.08980582524271845
4.0 0.14602803738317757 0.4211165048543689 0.030373831775700934 0.08495145631067962
4.0 0.13434579439252337 0.5364077669902912 0.030373831775700934 0.1262135922330097
4.0 0.15186915887850466 0.6771844660194175 0.0514018691588785 0.11165048543689321
0.0 0.12266355140186916 0.6686893203883495 0.011682242990654205 0.02669902912621359
0.0 0.11799065420560748 0.6711165048543689 0.011682242990654205 0.02669902912621359
3.0 0.205607476635514 0.837378640776699 0.06542056074766354 0.07281553398058252
3.0 0.23481308411214954 0.8871359223300971 0.0630841121495327 0.055825242718446605
0.0 0.26985981308411217 0.9186893203883495 0.016355140186915886 0.012135922330097087
4.0 0.25934579439252337 0.9247572815533981 0.07009345794392523 0.05339805825242718
3.0 0.41705607476635514 0.9854368932038835 0.04439252336448598 0.019417475728155338
8.0 0.3119158878504673 0.8968446601941747 0.13317757009345793 0.12378640776699029
3.0 0.3808411214953271 0.9077669902912622 0.06542056074766354 0.05339805825242718
3.0 0.4614485981308411 0.9478155339805825 0.053738317757009345 0.03640776699029126
3.0 0.010514018691588784 0.5266990291262136 0.007009345794392523 0.02912621359223301
3.0 0.012850467289719626 0.4975728155339806 0.007009345794392523 0.02912621359223301
