0.0 0.08700980392156862 0.30670103092783507 0.01715686274509804 0.041237113402061855
0.0 0.1409313725490196 0.5115979381443299 0.012254901960784314 0.07989690721649484
0.0 0.13112745098039216 0.4832474226804124 0.012254901960784314 0.06958762886597938
0.0 0.35171568627450983 0.4587628865979381 0.03676470588235294 0.0979381443298969
0.0 0.3799019607843137 0.46005154639175255 0.024509803921568627 0.07989690721649484
0.0 0.40931372549019607 0.45618556701030927 0.03431372549019608 0.08762886597938144
4.0 0.47058823529411764 0.895618556701031 0.19117647058823528 0.08505154639175258
5.0 0.6764705882352942 0.7603092783505154 0.23529411764705882 0.15979381443298968
5.0 0.5723039215686274 0.6262886597938144 0.24754901960784315 0.31443298969072164
4.0 0.4987745098039216 0.1134020618556701 0.07107843137254902 0.03608247422680412
2.0 0.5453431372549019 0.1211340206185567 0.02696078431372549 0.020618556701030927
5.0 0.5661764705882353 0.08634020618556701 0.12254901960784313 0.04381443298969072
5.0 0.5637254901960784 0.07860824742268041 0.1568627450980392 0.04896907216494845
4.0 0.46078431372549017 0.06572164948453608 0.04411764705882353 0.023195876288659795
4.0 0.13480392156862744 0.2667525773195876 0.05392156862745098 0.09020618556701031
4.0 0.21200980392156862 0.13530927835051546 0.04656862745098039 0.04896907216494845
4.0 0.23897058823529413 0.10051546391752578 0.03676470588235294 0.030927835051546393
0.0 0.43137254901960786 0.10824742268041238 0.024509803921568627 0.02577319587628866
0.0 0.42401960784313725 0.09278350515463918 0.024509803921568627 0.020618556701030927
2.0 0.42892156862745096 0.09407216494845361 0.014705882352941176 0.01288659793814433
0.0 0.4019607843137255 0.07474226804123711 0.014705882352941176 0.015463917525773196
0.0 0.4387254901960784 0.06314432989690721 0.014705882352941176 0.01288659793814433
4.0 0.45588235294117646 0.04896907216494845 0.03431372549019608 0.015463917525773196
9.0 0.5232843137254902 0.045103092783505154 0.02696078431372549 0.007731958762886598
0.0 0.4227941176470588 0.03865979381443299 0.012254901960784314 0.010309278350515464
0.0 0.48161764705882354 0.03479381443298969 0.007352941176470588 0.007731958762886598
3.0 0.44607843137254904 0.03865979381443299 0.029411764705882353 0.010309278350515464
3.0 0.4338235294117647 0.030927835051546393 0.029411764705882353 0.010309278350515464
2.0 0.27205882352941174 0.08505154639175258 0.00980392156862745 0.010309278350515464
1.0 0.2708333333333333 0.08376288659793814 0.012254901960784314 0.01288659793814433
3.0 0.25245098039215685 0.08762886597938144 0.03431372549019608 0.02577319587628866
3.0 0.25857843137254904 0.07989690721649484 0.02696078431372549 0.020618556701030927
4.0 0.27450980392156865 0.06443298969072164 0.029411764705882353 0.020618556701030927
3.0 0.28921568627450983 0.05025773195876289 0.0196078431372549 0.01288659793814433
3.0 0.30269607843137253 0.04252577319587629 0.01715686274509804 0.01288659793814433
0.0 0.29044117647058826 0.04639175257731959 0.007352941176470588 0.005154639175257732
9.0 0.31985294117647056 0.03608247422680412 0.007352941176470588 0.005154639175257732
1.0 0.31985294117647056 0.03350515463917526 0.007352941176470588 0.005154639175257732
3.0 0.37254901960784315 0.02190721649484536 0.0196078431372549 0.007731958762886598
0.0 0.4117647058823529 0.023195876288659795 0.00980392156862745 0.005154639175257732
3.0 0.46200980392156865 0.020618556701030927 0.04656862745098039 0.010309278350515464
3.0 0.44485294117647056 0.019329896907216496 0.03676470588235294 0.007731958762886598
6.0 0.4178921568627451 0.007731958762886598 0.012254901960784314 0.005154639175257732
4.0 0.44485294117647056 0.006443298969072165 0.041666666666666664 0.007731958762886598
2.0 0.9325980392156863 0.6481958762886598 0.022058823529411766 0.05412371134020619
