3.0 0.5943627450980392 0.6920103092783505 0.15931372549019607 0.07989690721649484
3.0 0.41421568627450983 0.645618556701031 0.16666666666666666 0.07474226804123711
3.0 0.24877450980392157 0.6082474226804123 0.10049019607843138 0.08762886597938144
3.0 0.20098039215686275 0.7809278350515464 0.10294117647058823 0.08762886597938144
3.0 0.09191176470588236 0.7061855670103093 0.056372549019607844 0.07216494845360824
3.0 0.029411764705882353 0.6533505154639175 0.03431372549019608 0.059278350515463915
3.0 0.8308823529411765 0.6224226804123711 0.06862745098039216 0.06958762886597938
3.0 0.7916666666666666 0.5682989690721649 0.08333333333333333 0.06443298969072164
3.0 0.5490196078431373 0.6018041237113402 0.14215686274509803 0.05412371134020619
3.0 0.9473039215686274 0.5657216494845361 0.022058823529411766 0.03865979381443299
3.0 0.8970588235294118 0.5193298969072165 0.029411764705882353 0.03865979381443299
3.0 0.9522058823529411 0.5244845360824743 0.01715686274509804 0.028350515463917526
3.0 0.9840686274509803 0.49226804123711343 0.007352941176470588 0.015463917525773196
3.0 0.8995098039215687 0.47036082474226804 0.024509803921568627 0.03350515463917526
3.0 0.8419117647058824 0.4729381443298969 0.04656862745098039 0.04381443298969072
4.0 0.7046568627450981 0.42010309278350516 0.051470588235294115 0.061855670103092786
4.0 0.758578431372549 0.6752577319587629 0.09558823529411764 0.09278350515463918
8.0 0.09313725490196079 0.6134020618556701 0.09803921568627451 0.13402061855670103
3.0 0.08088235294117647 0.6855670103092784 0.05392156862745098 0.07731958762886598
3.0 0.03799019607843137 0.6417525773195877 0.031862745098039214 0.05670103092783505
3.0 0.2512254901960784 0.7371134020618557 0.125 0.09278350515463918
3.0 0.23774509803921567 0.7048969072164949 0.11764705882352941 0.08505154639175258
3.0 0.26348039215686275 0.4652061855670103 0.04656862745098039 0.059278350515463915
3.0 0.1948529411764706 0.45103092783505155 0.031862745098039214 0.04639175257731959
3.0 0.23039215686274508 0.43041237113402064 0.04411764705882353 0.04639175257731959
3.0 0.17892156862745098 0.4381443298969072 0.024509803921568627 0.04639175257731959
3.0 0.16789215686274508 0.41365979381443296 0.022058823529411766 0.03865979381443299
4.0 0.20833333333333334 0.39948453608247425 0.0392156862745098 0.061855670103092786
3.0 0.18995098039215685 0.39304123711340205 0.02696078431372549 0.03350515463917526
3.0 0.1715686274509804 0.33505154639175255 0.024509803921568627 0.030927835051546393
3.0 0.8688725490196079 0.4639175257731959 0.022058823529411766 0.03608247422680412
3.0 0.8921568627450981 0.46134020618556704 0.024509803921568627 0.030927835051546393
3.0 0.8823529411764706 0.45618556701030927 0.024509803921568627 0.03608247422680412
3.0 0.8737745098039216 0.44587628865979384 0.031862745098039214 0.041237113402061855
3.0 0.9399509803921569 0.46649484536082475 0.01715686274509804 0.02577319587628866
3.0 0.9325980392156863 0.4536082474226804 0.01715686274509804 0.030927835051546393
3.0 0.9264705882352942 0.4497422680412371 0.0196078431372549 0.028350515463917526
3.0 0.9791666666666666 0.48711340206185566 0.007352941176470588 0.020618556701030927
3.0 0.928921568627451 0.5373711340206185 0.024509803921568627 0.03350515463917526
3.0 0.9411764705882353 0.5193298969072165 0.0196078431372549 0.03350515463917526
0.0 0.8333333333333334 0.7345360824742269 0.024509803921568627 0.04639175257731959
0.0 0.9411764705882353 0.6649484536082474 0.00980392156862745 0.02577319587628866
0.0 0.9448529411764706 0.6597938144329897 0.007352941176470588 0.02577319587628866
1.0 0.2928921568627451 0.5438144329896907 0.022058823529411766 0.04639175257731959
1.0 0.15196078431372548 0.5051546391752577 0.00980392156862745 0.02577319587628866
1.0 0.13725490196078433 0.5051546391752577 0.00980392156862745 0.020618556701030927
1.0 0.40808823529411764 0.538659793814433 0.02696078431372549 0.041237113402061855
1.0 0.5502450980392157 0.5463917525773195 0.02696078431372549 0.041237113402061855
1.0 0.33088235294117646 0.43427835051546393 0.014705882352941176 0.028350515463917526
1.0 0.32598039215686275 0.38402061855670105 0.014705882352941176 0.02577319587628866
9.0 0.3321078431372549 0.4484536082474227 0.02696078431372549 0.03608247422680412
9.0 0.3284313725490196 0.3943298969072165 0.0196078431372549 0.02577319587628866
9.0 0.4056372549019608 0.5554123711340206 0.051470588235294115 0.03350515463917526
2.0 0.29534313725490197 0.5515463917525774 0.03676470588235294 0.030927835051546393
9.0 0.5490196078431373 0.5579896907216495 0.05392156862745098 0.03350515463917526
9.0 0.15196078431372548 0.5128865979381443 0.014705882352941176 0.02577319587628866
9.0 0.13602941176470587 0.5141752577319587 0.012254901960784314 0.023195876288659795
9.0 0.4791666666666667 0.8105670103092784 0.041666666666666664 0.028350515463917526
1.0 0.4742647058823529 0.8054123711340206 0.02696078431372549 0.028350515463917526
3.0 0.0784313725490196 0.49355670103092786 0.0196078431372549 0.04381443298969072
3.0 0.07475490196078431 0.40850515463917525 0.01715686274509804 0.028350515463917526
3.0 0.0661764705882353 0.42912371134020616 0.014705882352941176 0.028350515463917526
3.0 0.07230392156862746 0.37628865979381443 0.012254901960784314 0.030927835051546393
3.0 0.09313725490196079 0.4536082474226804 0.014705882352941176 0.03608247422680412
0.0 0.06740196078431372 0.5373711340206185 0.007352941176470588 0.028350515463917526
0.0 0.07598039215686274 0.5322164948453608 0.004901960784313725 0.03350515463917526
1.0 0.8578431372549019 0.7139175257731959 0.0196078431372549 0.03608247422680412
1.0 0.9068627450980392 0.7229381443298969 0.014705882352941176 0.028350515463917526
9.0 0.9044117647058824 0.7280927835051546 0.0196078431372549 0.03350515463917526
9.0 0.8541666666666666 0.7255154639175257 0.022058823529411766 0.03865979381443299
9.0 0.9105392156862745 0.5579896907216495 0.012254901960784314 0.023195876288659795
1.0 0.9142156862745098 0.5463917525773195 0.004901960784313725 0.020618556701030927
1.0 0.9473039215686274 0.6172680412371134 0.007352941176470588 0.023195876288659795
2.0 0.946078431372549 0.6262886597938144 0.00980392156862745 0.020618556701030927
1.0 0.9571078431372549 0.6559278350515464 0.007352941176470588 0.023195876288659795
1.0 0.9571078431372549 0.7023195876288659 0.012254901960784314 0.023195876288659795
1.0 0.9558823529411765 0.7087628865979382 0.00980392156862745 0.020618556701030927
1.0 0.9571078431372549 0.6520618556701031 0.007352941176470588 0.020618556701030927
3.0 0.5110294117647058 0.9652061855670103 0.13480392156862744 0.04896907216494845
