3.0 0.09926470588235294 0.2345360824742268 0.04656862745098039 0.07731958762886598
3.0 0.041666666666666664 0.35180412371134023 0.029411764705882353 0.08505154639175258
3.0 0.9178921568627451 0.6494845360824743 0.061274509803921566 0.14948453608247422
3.0 0.8860294117647058 0.6726804123711341 0.08088235294117647 0.16494845360824742
3.0 0.7034313725490197 0.04768041237113402 0.05392156862745098 0.03350515463917526
3.0 0.8161764705882353 0.15206185567010308 0.06372549019607843 0.06701030927835051
3.0 0.21323529411764705 0.12886597938144329 0.058823529411764705 0.061855670103092786
3.0 0.014705882352941176 0.41237113402061853 0.024509803921568627 0.061855670103092786
3.0 0.07720588235294118 0.2190721649484536 0.03676470588235294 0.05154639175257732
8.0 0.8774509803921569 0.3170103092783505 0.15196078431372548 0.30412371134020616
8.0 0.9142156862745098 0.7396907216494846 0.1568627450980392 0.29381443298969073
8.0 0.24387254901960784 0.9059278350515464 0.13480392156862744 0.1211340206185567
3.0 0.9571078431372549 0.4252577319587629 0.02696078431372549 0.0979381443298969
3.0 0.9044117647058824 0.28994845360824745 0.049019607843137254 0.09536082474226804
3.0 0.0392156862745098 0.30927835051546393 0.029411764705882353 0.04639175257731959
3.0 0.04779411764705882 0.2860824742268041 0.031862745098039214 0.05154639175257732
3.0 0.0857843137254902 0.20103092783505155 0.0392156862745098 0.05154639175257732
3.0 0.05514705882352941 0.2654639175257732 0.03676470588235294 0.05670103092783505
3.0 0.0784313725490196 0.32989690721649484 0.04411764705882353 0.10824742268041238
4.0 0.05024509803921569 0.4639175257731959 0.02696078431372549 0.12886597938144329
4.0 0.05269607843137255 0.6095360824742269 0.03676470588235294 0.13659793814432988
3.0 0.028186274509803922 0.3427835051546392 0.031862745098039214 0.06701030927835051
3.0 0.11519607843137254 0.15850515463917525 0.0392156862745098 0.04381443298969072
4.0 0.7022058823529411 0.1018041237113402 0.09068627450980392 0.06958762886597938
4.0 0.8725490196078431 0.3492268041237113 0.06862745098039216 0.14175257731958762
3.0 0.875 0.14432989690721648 0.0392156862745098 0.041237113402061855
3.0 0.9865196078431373 0.39948453608247425 0.012254901960784314 0.041237113402061855
3.0 0.9938725490196079 0.4381443298969072 0.007352941176470588 0.03608247422680412
3.0 0.9779411764705882 0.36597938144329895 0.0196078431372549 0.04639175257731959
3.0 0.7450980392156863 0.059278350515463915 0.058823529411764705 0.03608247422680412
3.0 0.0857843137254902 0.8131443298969072 0.03431372549019608 0.04896907216494845
3.0 0.06372549019607843 0.7693298969072165 0.0392156862745098 0.06443298969072164
4.0 0.012254901960784314 0.5876288659793815 0.0196078431372549 0.05154639175257732
4.0 0.04656862745098039 0.729381443298969 0.029411764705882353 0.05670103092783505
3.0 0.00857843137254902 0.5373711340206185 0.01715686274509804 0.05412371134020619
3.0 0.007352941176470588 0.49097938144329895 0.014705882352941176 0.05412371134020619
3.0 0.16666666666666666 0.14690721649484537 0.049019607843137254 0.05670103092783505
3.0 0.18627450980392157 0.11469072164948453 0.04411764705882353 0.04381443298969072
4.0 0.20465686274509803 0.08634020618556701 0.041666666666666664 0.03865979381443299
0.0 0.17769607843137256 0.1095360824742268 0.01715686274509804 0.01804123711340206
0.0 0.1556372549019608 0.11984536082474227 0.01715686274509804 0.01804123711340206
0.0 0.08333333333333333 0.19329896907216496 0.014705882352941176 0.020618556701030927
0.0 0.14215686274509803 0.22938144329896906 0.0196078431372549 0.030927835051546393
0.0 0.15318627450980393 0.20747422680412372 0.01715686274509804 0.023195876288659795
0.0 0.17524509803921567 0.163659793814433 0.022058823529411766 0.028350515463917526
0.0 0.16544117647058823 0.16623711340206185 0.022058823529411766 0.028350515463917526
0.0 0.15441176470588236 0.19974226804123713 0.0196078431372549 0.028350515463917526
0.0 0.0661764705882353 0.30927835051546393 0.00980392156862745 0.020618556701030927
0.0 0.06862745098039216 0.30283505154639173 0.014705882352941176 0.028350515463917526
0.0 0.0625 0.34149484536082475 0.012254901960784314 0.03350515463917526
0.0 0.05269607843137255 0.37371134020618557 0.012254901960784314 0.03608247422680412
0.0 0.014705882352941176 0.38402061855670105 0.00980392156862745 0.02577319587628866
0.0 0.8627450980392157 0.13659793814432988 0.014705882352941176 0.015463917525773196
0.0 0.8590686274509803 0.13402061855670103 0.012254901960784314 0.015463917525773196
0.0 0.8602941176470589 0.1327319587628866 0.00980392156862745 0.01288659793814433
0.0 0.866421568627451 0.13917525773195877 0.012254901960784314 0.015463917525773196
0.0 0.7843137254901961 0.08376288659793814 0.0196078431372549 0.01804123711340206
0.0 0.7806372549019608 0.08118556701030928 0.01715686274509804 0.01804123711340206
0.0 0.7990196078431373 0.09149484536082474 0.014705882352941176 0.01288659793814433
0.0 0.8713235294117647 0.163659793814433 0.01715686274509804 0.023195876288659795
0.0 0.8308823529411765 0.11597938144329897 0.014705882352941176 0.015463917525773196
3.0 0.7916666666666666 0.08247422680412371 0.03431372549019608 0.02577319587628866
3.0 0.9019607843137255 0.16623711340206185 0.024509803921568627 0.028350515463917526
9.0 0.8468137254901961 0.16752577319587628 0.02696078431372549 0.030927835051546393
9.0 0.9644607843137255 0.5734536082474226 0.012254901960784314 0.03865979381443299
1.0 0.9656862745098039 0.5734536082474226 0.004901960784313725 0.01804123711340206
1.0 0.9656862745098039 0.5657216494845361 0.004901960784313725 0.01804123711340206
0.0 0.0784313725490196 0.4639175257731959 0.00980392156862745 0.041237113402061855
0.0 0.09558823529411764 0.6211340206185567 0.014705882352941176 0.03608247422680412
0.0 0.028186274509803922 0.5283505154639175 0.007352941176470588 0.030927835051546393
0.0 0.17034313725490197 0.8569587628865979 0.022058823529411766 0.023195876288659795
0.0 0.10294117647058823 0.8286082474226805 0.0196078431372549 0.023195876288659795
0.0 0.08088235294117647 0.7860824742268041 0.00980392156862745 0.015463917525773196
0.0 0.07598039215686274 0.7809278350515464 0.014705882352941176 0.020618556701030927
0.0 0.08088235294117647 0.6185567010309279 0.014705882352941176 0.03608247422680412
0.0 0.0857843137254902 0.615979381443299 0.014705882352941176 0.03608247422680412
0.0 0.024509803921568627 0.5141752577319587 0.004901960784313725 0.023195876288659795
0.0 0.023284313725490197 0.5141752577319587 0.0024509803921568627 0.01804123711340206
2.0 0.16053921568627452 0.8801546391752577 0.031862745098039214 0.03350515463917526
2.0 0.01838235294117647 0.6378865979381443 0.012254901960784314 0.028350515463917526
7.0 0.03676470588235294 0.6945876288659794 0.029411764705882353 0.05412371134020619
