3.0 0.42892156862745096 0.9765193370165746 0.04411764705882353 0.024861878453038673
3.0 0.3700980392156863 0.9102209944751382 0.04411764705882353 0.03591160220994475
4.0 0.5612745098039216 0.9668508287292817 0.04411764705882353 0.03314917127071823
4.0 0.29534313725490197 0.8232044198895028 0.051470588235294115 0.055248618784530384
5.0 0.6850490196078431 0.7472375690607734 0.04656862745098039 0.06906077348066299
3.0 0.5808823529411765 0.7569060773480663 0.04411764705882353 0.055248618784530384
3.0 0.42769607843137253 0.7320441988950276 0.03676470588235294 0.049723756906077346
4.0 0.30392156862745096 0.7182320441988951 0.04411764705882353 0.049723756906077346
4.0 0.6237745098039216 0.4005524861878453 0.031862745098039214 0.03867403314917127
4.0 0.5330882352941176 0.39640883977900554 0.031862745098039214 0.052486187845303865
4.0 0.5980392156862745 0.3328729281767956 0.029411764705882353 0.04696132596685083
3.0 0.5306372549019608 0.27900552486187846 0.022058823529411766 0.022099447513812154
3.0 0.5637254901960784 0.2361878453038674 0.0196078431372549 0.019337016574585635
3.0 0.4424019607843137 0.20441988950276244 0.022058823529411766 0.016574585635359115
3.0 0.4840686274509804 0.143646408839779 0.01715686274509804 0.011049723756906077
3.0 0.46078431372549017 0.143646408839779 0.0196078431372549 0.011049723756906077
4.0 0.8848039215686274 0.7790055248618785 0.0392156862745098 0.055248618784530384
4.0 0.9301470588235294 0.7320441988950276 0.02696078431372549 0.04419889502762431
3.0 0.9522058823529411 0.7058011049723757 0.01715686274509804 0.03038674033149171
4.0 0.9693627450980392 0.68646408839779 0.01715686274509804 0.03591160220994475
5.0 0.8651960784313726 0.8535911602209945 0.05392156862745098 0.055248618784530384
