4.0 0.9693627450980392 0.5451030927835051 0.01715686274509804 0.04381443298969072
3.0 0.9595588235294118 0.5747422680412371 0.022058823529411766 0.04639175257731959
7.0 0.9497549019607843 0.5489690721649485 0.012254901960784314 0.04639175257731959
7.0 0.9350490196078431 0.5889175257731959 0.02696078431372549 0.06443298969072164
7.0 0.9093137254901961 0.6378865979381443 0.024509803921568627 0.059278350515463915
0.0 0.9473039215686274 0.5438144329896907 0.0024509803921568627 0.020618556701030927
0.0 0.9448529411764706 0.5554123711340206 0.0024509803921568627 0.023195876288659795
0.0 0.9056372549019608 0.5889175257731959 0.007352941176470588 0.03350515463917526
0.0 0.9105392156862745 0.5876288659793815 0.007352941176470588 0.030927835051546393
0.0 0.9276960784313726 0.5876288659793815 0.007352941176470588 0.02577319587628866
2.0 0.9252450980392157 0.595360824742268 0.007352941176470588 0.015463917525773196
1.0 0.9142156862745098 0.6469072164948454 0.00980392156862745 0.02577319587628866
3.0 0.9485294117647058 0.6134020618556701 0.024509803921568627 0.05154639175257732
3.0 0.9411764705882353 0.6262886597938144 0.03431372549019608 0.061855670103092786
5.0 0.9252450980392157 0.6585051546391752 0.061274509803921566 0.11082474226804123
2.0 0.8970588235294118 0.6932989690721649 0.0196078431372549 0.03608247422680412
9.0 0.8529411764705882 0.6353092783505154 0.014705882352941176 0.03865979381443299
2.0 0.8419117647058824 0.7255154639175257 0.022058823529411766 0.023195876288659795
7.0 0.8272058823529411 0.7770618556701031 0.07598039215686274 0.09020618556701031
0.0 0.7769607843137255 0.8414948453608248 0.024509803921568627 0.028350515463917526
9.0 0.6825980392156863 0.8801546391752577 0.031862745098039214 0.028350515463917526
0.0 0.7794117647058824 0.720360824742268 0.024509803921568627 0.04381443298969072
3.0 0.023284313725490197 0.5657216494845361 0.012254901960784314 0.04896907216494845
0.0 0.02696078431372549 0.5528350515463918 0.004901960784313725 0.023195876288659795
3.0 0.10784313725490197 0.6894329896907216 0.058823529411764705 0.07474226804123711
3.0 0.10661764705882353 0.6520618556701031 0.056372549019607844 0.07216494845360824
0.0 0.11274509803921569 0.38917525773195877 0.00980392156862745 0.030927835051546393
4.0 0.43014705882352944 0.4072164948453608 0.07598039215686274 0.08762886597938144
3.0 0.49142156862745096 0.49871134020618557 0.09558823529411764 0.09020618556701031
3.0 0.5098039215686274 0.7396907216494846 0.09803921568627451 0.08762886597938144
1.0 0.75 0.9072164948453608 0.024509803921568627 0.020618556701030927
9.0 0.4178921568627451 0.8969072164948454 0.01715686274509804 0.020618556701030927
0.0 0.4117647058823529 0.8891752577319587 0.014705882352941176 0.015463917525773196
4.0 0.2426470588235294 0.8505154639175257 0.11764705882352941 0.11855670103092783
5.0 0.13112745098039216 0.770618556701031 0.09558823529411764 0.10824742268041238
0.0 0.23039215686274508 0.9033505154639175 0.024509803921568627 0.023195876288659795
0.0 0.20098039215686275 0.8698453608247423 0.024509803921568627 0.028350515463917526
6.0 0.26348039215686275 0.9033505154639175 0.051470588235294115 0.03350515463917526
0.0 0.14460784313725492 0.7667525773195877 0.0196078431372549 0.03350515463917526
0.0 0.13480392156862744 0.7474226804123711 0.014705882352941176 0.02577319587628866
