5.0 0.2908878504672897 0.8567961165048543 0.25934579439252337 0.22815533980582525
5.0 0.23481308411214954 0.8422330097087378 0.13317757009345793 0.13106796116504854
4.0 0.2441588785046729 0.8179611650485437 0.08644859813084112 0.09223300970873786
3.0 0.3492990654205608 0.8155339805825242 0.10046728971962617 0.07766990291262135
3.0 0.2546728971962617 0.7718446601941747 0.08411214953271028 0.08737864077669903
3.0 0.39485981308411217 0.7512135922330098 0.09345794392523364 0.08495145631067962
3.0 0.3014018691588785 0.7099514563106796 0.08878504672897196 0.09466019417475728
3.0 0.41238317757009346 0.6565533980582524 0.10046728971962617 0.11407766990291263
4.0 0.3212616822429907 0.6322815533980582 0.08177570093457943 0.11407766990291263
3.0 0.46261682242990654 0.5825242718446602 0.09345794392523364 0.10679611650485436
3.0 0.36682242990654207 0.5618932038834952 0.0794392523364486 0.09466019417475728
5.0 0.3644859813084112 0.47572815533980584 0.08411214953271028 0.10194174757281553
4.0 0.39602803738317754 0.404126213592233 0.06775700934579439 0.09466019417475728
3.0 0.49649532710280375 0.4672330097087379 0.08644859813084112 0.08495145631067962
3.0 0.5338785046728972 0.38470873786407767 0.07242990654205607 0.08009708737864078
3.0 0.4485981308411215 0.3640776699029126 0.0794392523364486 0.07281553398058252
8.0 0.5747663551401869 0.27548543689320387 0.09813084112149532 0.12378640776699029
3.0 0.6016355140186916 0.2087378640776699 0.0397196261682243 0.02912621359223301
5.0 0.4591121495327103 0.30461165048543687 0.08177570093457943 0.0703883495145631
5.0 0.5058411214953271 0.2366504854368932 0.10514018691588785 0.09466019417475728
5.0 0.5385514018691588 0.18325242718446602 0.07242990654205607 0.055825242718446605
5.0 0.5572429906542056 0.15655339805825244 0.053738317757009345 0.03640776699029126
5.0 0.572429906542056 0.1395631067961165 0.037383177570093455 0.02669902912621359
5.0 0.5735981308411215 0.12864077669902912 0.04439252336448598 0.02912621359223301
3.0 0.5899532710280374 0.12864077669902912 0.02102803738317757 0.014563106796116505
5.0 0.5957943925233645 0.11165048543689321 0.037383177570093455 0.024271844660194174
5.0 0.6004672897196262 0.10558252427184465 0.028037383177570093 0.01699029126213592
3.0 0.6355140186915887 0.0983009708737864 0.014018691588785047 0.007281553398058253
3.0 0.6191588785046729 0.10315533980582524 0.014018691588785047 0.007281553398058253
3.0 0.6296728971962616 0.11529126213592233 0.016355140186915886 0.007281553398058253
0.0 0.6226635514018691 0.11529126213592233 0.011682242990654205 0.007281553398058253
0.0 0.6401869158878505 0.12135922330097088 0.009345794392523364 0.009708737864077669
3.0 0.6728971962616822 0.1383495145631068 0.018691588785046728 0.009708737864077669
1.0 0.7172897196261683 0.18689320388349515 0.009345794392523364 0.009708737864077669
9.0 0.7184579439252337 0.19174757281553398 0.007009345794392523 0.009708737864077669
1.0 0.6939252336448598 0.1407766990291262 0.004672897196261682 0.0048543689320388345
9.0 0.6939252336448598 0.1407766990291262 0.004672897196261682 0.0048543689320388345
3.0 0.6658878504672897 0.10558252427184465 0.014018691588785047 0.007281553398058253
3.0 0.6834112149532711 0.10922330097087378 0.007009345794392523 0.0048543689320388345
5.0 0.6764018691588785 0.0983009708737864 0.016355140186915886 0.012135922330097087
3.0 0.6366822429906542 0.08495145631067962 0.016355140186915886 0.0048543689320388345
3.0 0.6904205607476636 0.10072815533980582 0.007009345794392523 0.007281553398058253
3.0 0.6507009345794392 0.08737864077669903 0.007009345794392523 0.0048543689320388345
3.0 0.6483644859813084 0.08495145631067962 0.007009345794392523 0.0048543689320388345
5.0 0.6623831775700935 0.09101941747572816 0.011682242990654205 0.007281553398058253
5.0 0.6647196261682243 0.08737864077669903 0.011682242990654205 0.009708737864077669
3.0 0.655373831775701 0.08495145631067962 0.007009345794392523 0.0048543689320388345
3.0 0.6542056074766355 0.08373786407766991 0.004672897196261682 0.0024271844660194173
3.0 0.655373831775701 0.08373786407766991 0.007009345794392523 0.0024271844660194173
3.0 0.6834112149532711 0.08980582524271845 0.007009345794392523 0.0048543689320388345
3.0 0.669392523364486 0.0825242718446602 0.007009345794392523 0.0048543689320388345
3.0 0.6588785046728972 0.08131067961165049 0.004672897196261682 0.0024271844660194173
5.0 0.6647196261682243 0.07766990291262135 0.007009345794392523 0.0048543689320388345
3.0 0.7605140186915887 0.15655339805825244 0.02570093457943925 0.01699029126213592
0.0 0.7628504672897196 0.21480582524271843 0.011682242990654205 0.01699029126213592
3.0 0.758177570093458 0.2099514563106796 0.053738317757009345 0.03640776699029126
3.0 0.8060747663551402 0.2366504854368932 0.03271028037383177 0.02669902912621359
8.0 0.9754672897196262 0.3604368932038835 0.011682242990654205 0.02669902912621359
8.0 0.9754672897196262 0.36893203883495146 0.011682242990654205 0.02912621359223301
8.0 0.9801401869158879 0.3774271844660194 0.011682242990654205 0.03155339805825243
8.0 0.969626168224299 0.35558252427184467 0.014018691588785047 0.03155339805825243
