3.0 0.7928921568627451 0.8770718232044199 0.12009803921568628 0.12430939226519337
4.0 0.4852941176470588 0.4986187845303867 0.16666666666666666 0.19613259668508287
3.0 0.6433823529411765 0.2845303867403315 0.13480392156862744 0.16022099447513813
3.0 0.7634803921568627 0.3328729281767956 0.11029411764705882 0.1464088397790055
3.0 0.8909313725490197 0.7113259668508287 0.0661764705882353 0.11878453038674033
3.0 0.16544117647058823 0.20441988950276244 0.061274509803921566 0.09944751381215469
3.0 0.031862745098039214 0.35497237569060774 0.0196078431372549 0.058011049723756904
4.0 0.09191176470588236 0.18232044198895028 0.02696078431372549 0.04419889502762431
3.0 0.03676470588235294 0.7140883977900553 0.04411764705882353 0.11878453038674033
3.0 0.33455882352941174 0.10911602209944751 0.07107843137254902 0.058011049723756904
