5.0 0.4056372549019608 0.6997422680412371 0.15931372549019607 0.327319587628866
3.0 0.34558823529411764 0.961340206185567 0.0784313725490196 0.05154639175257732
8.0 0.4534313725490196 0.22809278350515463 0.08823529411764706 0.13659793814432988
8.0 0.5134803921568627 0.10309278350515463 0.041666666666666664 0.03608247422680412
5.0 0.4693627450980392 0.08247422680412371 0.041666666666666664 0.030927835051546393
3.0 0.5318627450980392 0.08247422680412371 0.014705882352941176 0.010309278350515464
8.0 0.5220588235294118 0.041237113402061855 0.014705882352941176 0.010309278350515464
3.0 0.5441176470588235 0.03865979381443299 0.00980392156862745 0.005154639175257732
4.0 0.1556372549019608 0.19974226804123713 0.02696078431372549 0.023195876288659795
3.0 0.14950980392156862 0.21005154639175258 0.029411764705882353 0.028350515463917526
3.0 0.125 0.25257731958762886 0.0196078431372549 0.02577319587628866
3.0 0.09436274509803921 0.29510309278350516 0.022058823529411766 0.03350515463917526
3.0 0.04534313725490196 0.3634020618556701 0.012254901960784314 0.030927835051546393
3.0 0.9926470588235294 0.422680412371134 0.004901960784313725 0.015463917525773196
8.0 0.5416666666666666 0.01675257731958763 0.00980392156862745 0.002577319587628866
8.0 0.5367647058823529 0.01288659793814433 0.004901960784313725 0.005154639175257732
8.0 0.5428921568627451 0.01288659793814433 0.0024509803921568627 0.0
3.0 0.8075980392156863 0.125 0.012254901960784314 0.01288659793814433
5.0 0.8553921568627451 0.163659793814433 0.0196078431372549 0.01804123711340206
3.0 0.8443627450980392 0.15206185567010308 0.007352941176470588 0.010309278350515464
4.0 0.8382352941176471 0.14304123711340205 0.014705882352941176 0.01288659793814433
5.0 0.8529411764705882 0.15463917525773196 0.014705882352941176 0.015463917525773196
3.0 0.8112745098039216 0.12242268041237113 0.014705882352941176 0.01288659793814433
4.0 0.7990196078431373 0.11855670103092783 0.0196078431372549 0.015463917525773196
3.0 0.7830882352941176 0.09922680412371133 0.007352941176470588 0.007731958762886598
3.0 0.7745098039215687 0.09664948453608248 0.00980392156862745 0.007731958762886598
5.0 0.7573529411764706 0.08634020618556701 0.014705882352941176 0.007731958762886598
0.0 0.4497549019607843 0.07603092783505154 0.007352941176470588 0.007731958762886598
5.0 0.4375 0.07860824742268041 0.03676470588235294 0.007731958762886598
5.0 0.5674019607843137 0.02190721649484536 0.02696078431372549 0.007731958762886598
3.0 0.061274509803921566 0.509020618556701 0.014705882352941176 0.059278350515463915
