0.0 0.49264705882352944 0.11469072164948453 0.004901960784313725 0.007731958762886598
5.0 0.4497549019607843 0.02577319587628866 0.007352941176470588 0.005154639175257732
0.0 0.06740196078431372 0.7474226804123711 0.012254901960784314 0.02577319587628866
5.0 0.26348039215686275 0.12371134020618557 0.01715686274509804 0.015463917525773196
4.0 0.6924019607843137 0.1095360824742268 0.02696078431372549 0.01288659793814433
4.0 0.7022058823529411 0.1018041237113402 0.022058823529411766 0.01288659793814433
3.0 0.6948529411764706 0.0979381443298969 0.01715686274509804 0.010309278350515464
3.0 0.6899509803921569 0.09149484536082474 0.01715686274509804 0.007731958762886598
3.0 0.7438725490196079 0.12886597938144329 0.01715686274509804 0.015463917525773196
5.0 0.14338235294117646 0.7951030927835051 0.051470588235294115 0.04896907216494845
5.0 0.11029411764705882 0.2268041237113402 0.0196078431372549 0.02577319587628866
