3.0 0.08700980392156862 0.7989690721649485 0.07598039215686274 0.10309278350515463
3.0 0.20465686274509803 0.7951030927835051 0.11519607843137254 0.09536082474226804
3.0 0.2818627450980392 0.6907216494845361 0.09313725490196079 0.05670103092783505
4.0 0.09068627450980392 0.6314432989690721 0.024509803921568627 0.041237113402061855
3.0 0.13112745098039216 0.49097938144329895 0.012254901960784314 0.007731958762886598
3.0 0.10049019607843138 0.4832474226804124 0.004901960784313725 0.01288659793814433
0.0 0.13602941176470587 0.4896907216494845 0.0024509803921568627 0.010309278350515464
0.0 0.09191176470588236 0.4793814432989691 0.0024509803921568627 0.010309278350515464
0.0 0.08700980392156862 0.4806701030927835 0.0024509803921568627 0.007731958762886598
0.0 0.7892156862745098 0.7139175257731959 0.0196078431372549 0.041237113402061855
5.0 0.9203431372549019 0.6378865979381443 0.02696078431372549 0.05412371134020619
0.0 0.9019607843137255 0.6752577319587629 0.00980392156862745 0.030927835051546393
0.0 0.9276960784313726 0.6597938144329897 0.007352941176470588 0.02577319587628866
0.0 0.9313725490196079 0.6533505154639175 0.00980392156862745 0.028350515463917526
0.0 0.9338235294117647 0.6559278350515464 0.00980392156862745 0.028350515463917526
3.0 0.9068627450980392 0.6971649484536082 0.04411764705882353 0.059278350515463915
0.0 0.9399509803921569 0.645618556701031 0.007352941176470588 0.028350515463917526
0.0 0.9436274509803921 0.6430412371134021 0.00980392156862745 0.028350515463917526
0.0 0.9558823529411765 0.6314432989690721 0.004901960784313725 0.02577319587628866
0.0 0.9546568627450981 0.6288659793814433 0.007352941176470588 0.030927835051546393
0.0 0.9583333333333334 0.6262886597938144 0.004901960784313725 0.02577319587628866
0.0 0.9595588235294118 0.6262886597938144 0.007352941176470588 0.02577319587628866
0.0 0.9607843137254902 0.6237113402061856 0.004901960784313725 0.02577319587628866
0.0 0.9644607843137255 0.6237113402061856 0.007352941176470588 0.02577319587628866
3.0 0.9595588235294118 0.6533505154639175 0.02696078431372549 0.04896907216494845
1.0 0.9828431372549019 0.6146907216494846 0.004901960784313725 0.01804123711340206
2.0 0.9816176470588235 0.6224226804123711 0.007352941176470588 0.01804123711340206
3.0 0.9534313725490197 0.7100515463917526 0.0392156862745098 0.06443298969072164
