3.0 0.34068627450980393 0.16574585635359115 0.00980392156862745 0.0055248618784530384
3.0 0.36151960784313725 0.16574585635359115 0.012254901960784314 0.0055248618784530384
4.0 0.3786764705882353 0.17955801104972377 0.007352941176470588 0.0055248618784530384
3.0 0.4068627450980392 0.19337016574585636 0.00980392156862745 0.0055248618784530384
3.0 0.4424019607843137 0.1919889502762431 0.007352941176470588 0.008287292817679558
3.0 0.42769607843137253 0.19475138121546962 0.007352941176470588 0.008287292817679558
3.0 0.42892156862745096 0.20303867403314918 0.00980392156862745 0.008287292817679558
3.0 0.3786764705882353 0.24447513812154695 0.012254901960784314 0.008287292817679558
3.0 0.4007352941176471 0.23204419889502761 0.007352941176470588 0.0055248618784530384
4.0 0.4252450980392157 0.2361878453038674 0.012254901960784314 0.013812154696132596
3.0 0.42892156862745096 0.22790055248618785 0.00980392156862745 0.008287292817679558
3.0 0.5416666666666666 0.3052486187845304 0.014705882352941176 0.019337016574585635
8.0 0.36887254901960786 0.26795580110497236 0.01715686274509804 0.022099447513812154
3.0 0.4522058823529412 0.2803867403314917 0.012254901960784314 0.013812154696132596
3.0 0.4252450980392157 0.2969613259668508 0.012254901960784314 0.013812154696132596
3.0 0.4252450980392157 0.34392265193370164 0.01715686274509804 0.019337016574585635
3.0 0.30514705882352944 0.3798342541436464 0.012254901960784314 0.013812154696132596
3.0 0.3762254901960784 0.35082872928176795 0.01715686274509804 0.016574585635359115
4.0 0.5171568627450981 0.43370165745856354 0.024509803921568627 0.03314917127071823
4.0 0.28799019607843135 0.4185082872928177 0.01715686274509804 0.019337016574585635
4.0 0.36642156862745096 0.43232044198895025 0.022058823529411766 0.03591160220994475
4.0 0.42034313725490197 0.5 0.02696078431372549 0.03314917127071823
3.0 0.3602941176470588 0.5248618784530387 0.024509803921568627 0.027624309392265192
8.0 0.27205882352941174 0.4930939226519337 0.03431372549019608 0.07458563535911603
4.0 0.3639705882352941 0.6201657458563536 0.031862745098039214 0.04696132596685083
0.0 0.19975490196078433 0.7969613259668509 0.012254901960784314 0.019337016574585635
0.0 0.2267156862745098 0.9129834254143646 0.012254901960784314 0.013812154696132596
4.0 0.19117647058823528 0.8577348066298343 0.04411764705882353 0.04696132596685083
3.0 0.19240196078431374 0.8535911602209945 0.03676470588235294 0.03867403314917127
3.0 0.18995098039215685 0.8383977900552486 0.041666666666666664 0.04143646408839779
3.0 0.25857843137254904 0.9088397790055248 0.031862745098039214 0.027624309392265192
4.0 0.29534313725490197 0.9475138121546961 0.03676470588235294 0.027624309392265192
8.0 0.34558823529411764 0.9654696132596685 0.05392156862745098 0.03591160220994475
8.0 0.625 0.8977900552486188 0.07352941176470588 0.08839779005524862
0.0 0.20710784313725492 0.7209944751381215 0.007352941176470588 0.016574585635359115
0.0 0.2107843137254902 0.7223756906077348 0.004901960784313725 0.013812154696132596
0.0 0.2107843137254902 0.669889502762431 0.004901960784313725 0.019337016574585635
4.0 0.2426470588235294 0.7748618784530387 0.029411764705882353 0.03591160220994475
4.0 0.3713235294117647 0.850828729281768 0.03676470588235294 0.03314917127071823
4.0 0.44362745098039214 0.8480662983425414 0.029411764705882353 0.03314917127071823
3.0 0.4987745098039216 0.8964088397790055 0.031862745098039214 0.024861878453038673
3.0 0.27818627450980393 0.8080110497237569 0.02696078431372549 0.03038674033149171
4.0 0.2426470588235294 0.675414364640884 0.024509803921568627 0.03591160220994475
3.0 0.4227941176470588 0.5828729281767956 0.02696078431372549 0.03314917127071823
3.0 0.5343137254901961 0.5828729281767956 0.024509803921568627 0.03314917127071823
5.0 0.4681372549019608 0.5165745856353591 0.03431372549019608 0.07734806629834254
4.0 0.6213235294117647 0.3729281767955801 0.041666666666666664 0.022099447513812154
8.0 0.7193627450980392 0.3770718232044199 0.041666666666666664 0.03038674033149171
0.0 0.7818627450980392 0.3660220994475138 0.004901960784313725 0.008287292817679558
3.0 0.8112745098039216 0.356353591160221 0.00980392156862745 0.016574585635359115
3.0 0.803921568627451 0.3687845303867403 0.00980392156862745 0.013812154696132596
3.0 0.7855392156862745 0.3397790055248619 0.007352941176470588 0.011049723756906077
3.0 0.7892156862745098 0.3328729281767956 0.00980392156862745 0.008287292817679558
3.0 0.8174019607843137 0.3356353591160221 0.012254901960784314 0.013812154696132596
