3.0 0.49019607843137253 0.9110824742268041 0.06372549019607843 0.05412371134020619
3.0 0.47671568627450983 0.9806701030927835 0.056372549019607844 0.03350515463917526
3.0 0.6691176470588235 0.8878865979381443 0.06372549019607843 0.059278350515463915
3.0 0.8002450980392157 0.8118556701030928 0.056372549019607844 0.07216494845360824
3.0 0.5134803921568627 0.7164948453608248 0.061274509803921566 0.10309278350515463
4.0 0.2536764705882353 0.6597938144329897 0.061274509803921566 0.1134020618556701
3.0 0.44362745098039214 0.15463917525773196 0.03431372549019608 0.02577319587628866
4.0 0.6593137254901961 0.6018041237113402 0.049019607843137254 0.07989690721649484
3.0 0.24754901960784315 0.8247422680412371 0.07352941176470588 0.08247422680412371
3.0 0.2757352941176471 0.5283505154639175 0.051470588235294115 0.0979381443298969
3.0 0.36151960784313725 0.28865979381443296 0.04656862745098039 0.05670103092783505
3.0 0.8419117647058824 0.6211340206185567 0.031862745098039214 0.07216494845360824
0.0 0.1323529411764706 0.5579896907216495 0.004901960784313725 0.028350515463917526
3.0 0.2622549019607843 0.17525773195876287 0.029411764705882353 0.02577319587628866
3.0 0.36519607843137253 0.08118556701030928 0.03431372549019608 0.01288659793814433
3.0 0.42769607843137253 0.059278350515463915 0.02696078431372549 0.010309278350515464
3.0 0.4264705882352941 0.07216494845360824 0.03431372549019608 0.010309278350515464
3.0 0.49264705882352944 0.08505154639175258 0.0196078431372549 0.010309278350515464
3.0 0.5821078431372549 0.07860824742268041 0.01715686274509804 0.01288659793814433
3.0 0.6029411764705882 0.059278350515463915 0.029411764705882353 0.010309278350515464
3.0 0.35784313725490197 0.05670103092783505 0.0196078431372549 0.010309278350515464
3.0 0.34681372549019607 0.09922680412371133 0.01715686274509804 0.01288659793814433
3.0 0.28799019607843135 0.1481958762886598 0.022058823529411766 0.01804123711340206
3.0 0.35784313725490197 0.09149484536082474 0.0196078431372549 0.01288659793814433
3.0 0.41421568627450983 0.07989690721649484 0.029411764705882353 0.010309278350515464
3.0 0.40931372549019607 0.08634020618556701 0.0392156862745098 0.01288659793814433
3.0 0.4056372549019608 0.09149484536082474 0.03676470588235294 0.01288659793814433
3.0 0.38480392156862747 0.11082474226804123 0.0392156862745098 0.015463917525773196
3.0 0.3897058823529412 0.10309278350515463 0.04411764705882353 0.015463917525773196
3.0 0.30637254901960786 0.13015463917525774 0.029411764705882353 0.023195876288659795
3.0 0.3431372549019608 0.14690721649484537 0.049019607843137254 0.020618556701030927
3.0 0.3492647058823529 0.1404639175257732 0.04656862745098039 0.023195876288659795
3.0 0.23529411764705882 0.21520618556701032 0.0392156862745098 0.03350515463917526
0.0 0.4007352941176471 0.02190721649484536 0.0024509803921568627 0.002577319587628866
3.0 0.41911764705882354 0.02190721649484536 0.0196078431372549 0.007731958762886598
9.0 0.4252450980392157 0.027061855670103094 0.01715686274509804 0.002577319587628866
9.0 0.5036764705882353 0.05283505154639175 0.007352941176470588 0.002577319587628866
7.0 0.5245098039215687 0.07860824742268041 0.00980392156862745 0.007731958762886598
0.0 0.3700980392156863 0.06701030927835051 0.004901960784313725 0.005154639175257732
0.0 0.3639705882352941 0.06701030927835051 0.007352941176470588 0.005154639175257732
0.0 0.5171568627450981 0.06443298969072164 0.004901960784313725 0.005154639175257732
0.0 0.5012254901960784 0.06314432989690721 0.0024509803921568627 0.002577319587628866
0.0 0.24754901960784315 0.26804123711340205 0.014705882352941176 0.02577319587628866
0.0 0.29534313725490197 0.8440721649484536 0.022058823529411766 0.028350515463917526
0.0 0.3125 0.8505154639175257 0.02696078431372549 0.030927835051546393
3.0 0.8345588235294118 0.4110824742268041 0.02696078431372549 0.059278350515463915
3.0 0.6666666666666666 0.12628865979381443 0.0196078431372549 0.015463917525773196
3.0 0.7120098039215687 0.11597938144329897 0.022058823529411766 0.015463917525773196
3.0 0.7303921568627451 0.14432989690721648 0.0196078431372549 0.015463917525773196
0.0 0.7843137254901961 0.28865979381443296 0.014705882352941176 0.02577319587628866
0.0 0.7683823529411765 0.27190721649484534 0.012254901960784314 0.028350515463917526
0.0 0.7965686274509803 0.2654639175257732 0.00980392156862745 0.020618556701030927
0.0 0.7879901960784313 0.25902061855670105 0.007352941176470588 0.01804123711340206
0.0 0.7867647058823529 0.2603092783505155 0.004901960784313725 0.010309278350515464
0.0 0.7622549019607843 0.1327319587628866 0.004901960784313725 0.007731958762886598
0.0 0.7561274509803921 0.12757731958762886 0.007352941176470588 0.007731958762886598
0.0 0.7169117647058824 0.06829896907216494 0.0024509803921568627 0.002577319587628866
0.0 0.7512254901960784 0.09922680412371133 0.007352941176470588 0.007731958762886598
9.0 0.7095588235294118 0.13402061855670103 0.007352941176470588 0.010309278350515464
9.0 0.7732843137254902 0.21520618556701032 0.012254901960784314 0.01804123711340206
3.0 0.7598039215686274 0.16623711340206185 0.014705882352941176 0.01804123711340206
1.0 0.7720588235294118 0.21262886597938144 0.004901960784313725 0.007731958762886598
1.0 0.7095588235294118 0.1327319587628866 0.007352941176470588 0.007731958762886598
1.0 0.5036764705882353 0.05154639175257732 0.007352941176470588 0.005154639175257732
1.0 0.4264705882352941 0.027061855670103094 0.00980392156862745 0.002577319587628866
0.0 0.7708333333333334 0.12757731958762886 0.007352941176470588 0.007731958762886598
0.0 0.9240196078431373 0.6469072164948454 0.00980392156862745 0.02577319587628866
1.0 0.5245098039215687 0.07860824742268041 0.004901960784313725 0.002577319587628866
