3.0 0.4840686274509804 0.27900552486187846 0.061274509803921566 0.10497237569060773
3.0 0.5906862745098039 0.287292817679558 0.06372549019607843 0.11602209944751381
3.0 0.3541666666666667 0.29972375690607733 0.07107843137254902 0.11878453038674033
3.0 0.4803921568627451 0.18370165745856354 0.06372549019607843 0.06906077348066299
3.0 0.5612745098039216 0.14917127071823205 0.05392156862745098 0.06077348066298342
3.0 0.47549019607843135 0.1132596685082873 0.04411764705882353 0.04419889502762431
3.0 0.3014705882352941 0.0925414364640884 0.0392156862745098 0.03591160220994475
3.0 0.4877450980392157 0.07320441988950276 0.03431372549019608 0.03038674033149171
3.0 0.4840686274509804 0.04143646408839779 0.03676470588235294 0.022099447513812154
3.0 0.4877450980392157 0.022099447513812154 0.029411764705882353 0.016574585635359115
3.0 0.28431372549019607 0.7817679558011049 0.1323529411764706 0.1270718232044199
4.0 0.553921568627451 0.09944751381215469 0.04411764705882353 0.04419889502762431
4.0 0.5428921568627451 0.052486187845303865 0.03676470588235294 0.027624309392265192
4.0 0.875 0.8287292817679558 0.07352941176470588 0.08839779005524862
3.0 0.0196078431372549 0.6174033149171271 0.024509803921568627 0.07458563535911603
0.0 0.03799019607843137 0.47928176795580113 0.0024509803921568627 0.024861878453038673
0.0 0.058823529411764705 0.5331491712707183 0.004901960784313725 0.03314917127071823
0.0 0.0428921568627451 0.5207182320441989 0.0024509803921568627 0.024861878453038673
0.0 0.04411764705882353 0.5138121546961326 0.004901960784313725 0.027624309392265192
0.0 0.030637254901960783 0.5151933701657458 0.0024509803921568627 0.024861878453038673
0.0 0.03308823529411765 0.5013812154696132 0.0024509803921568627 0.024861878453038673
0.0 0.015931372549019607 0.5317679558011049 0.0024509803921568627 0.019337016574585635
0.0 0.011029411764705883 0.5386740331491713 0.0024509803921568627 0.022099447513812154
0.0 0.00857843137254902 0.5621546961325967 0.0024509803921568627 0.019337016574585635
0.0 0.20955882352941177 0.46408839779005523 0.022058823529411766 0.055248618784530384
0.0 0.10784313725490197 0.4198895027624309 0.00980392156862745 0.03867403314917127
0.0 0.08700980392156862 0.511049723756906 0.007352941176470588 0.03867403314917127
0.0 0.08088235294117647 0.5041436464088398 0.004901960784313725 0.03038674033149171
0.0 0.07107843137254902 0.48756906077348067 0.004901960784313725 0.03038674033149171
0.0 0.07598039215686274 0.47099447513812154 0.004901960784313725 0.03038674033149171
0.0 0.07352941176470588 0.4654696132596685 0.004901960784313725 0.03038674033149171
0.0 0.07598039215686274 0.4613259668508287 0.004901960784313725 0.027624309392265192
0.0 0.07965686274509803 0.48756906077348067 0.0024509803921568627 0.024861878453038673
0.0 0.0784313725490196 0.494475138121547 0.004901960784313725 0.03314917127071823
0.0 0.09313725490196079 0.48756906077348067 0.004901960784313725 0.03038674033149171
0.0 0.09558823529411764 0.537292817679558 0.00980392156862745 0.03591160220994475
0.0 0.09068627450980392 0.47375690607734805 0.004901960784313725 0.03038674033149171
0.0 0.08946078431372549 0.462707182320442 0.0024509803921568627 0.013812154696132596
0.0 0.10416666666666667 0.4558011049723757 0.007352941176470588 0.03867403314917127
0.0 0.10049019607843138 0.4447513812154696 0.00980392156862745 0.03867403314917127
0.0 0.10294117647058823 0.468232044198895 0.004901960784313725 0.04143646408839779
0.0 0.23651960784313725 0.505524861878453 0.012254901960784314 0.06077348066298342
0.0 0.031862745098039214 0.48756906077348067 0.0 0.019337016574585635
0.0 0.07475490196078431 0.7941988950276243 0.012254901960784314 0.019337016574585635
0.0 0.06985294117647059 0.7859116022099447 0.012254901960784314 0.019337016574585635
0.0 0.8088235294117647 0.27071823204419887 0.0196078431372549 0.03867403314917127
0.0 0.7757352941176471 0.21961325966850828 0.01715686274509804 0.03038674033149171
0.0 0.7904411764705882 0.21685082872928177 0.01715686274509804 0.03038674033149171
0.0 0.7965686274509803 0.21823204419889503 0.0196078431372549 0.03314917127071823
0.0 0.8272058823529411 0.3839779005524862 0.012254901960784314 0.04419889502762431
0.0 0.8259803921568627 0.3453038674033149 0.014705882352941176 0.03867403314917127
0.0 0.8443627450980392 0.3701657458563536 0.01715686274509804 0.04419889502762431
0.0 0.8566176470588235 0.3756906077348066 0.012254901960784314 0.03314917127071823
0.0 0.8247549019607843 0.5966850828729282 0.01715686274509804 0.04419889502762431
0.0 0.7340686274509803 0.48204419889502764 0.012254901960784314 0.052486187845303865
0.0 0.7169117647058824 0.5759668508287292 0.01715686274509804 0.052486187845303865
0.0 0.7095588235294118 0.5303867403314917 0.012254901960784314 0.055248618784530384
0.0 0.8394607843137255 0.6685082872928176 0.01715686274509804 0.04419889502762431
0.0 0.8517156862745098 0.6629834254143646 0.01715686274509804 0.03867403314917127
0.0 0.7696078431372549 0.3729281767955801 0.014705882352941176 0.055248618784530384
0.0 0.7757352941176471 0.40193370165745856 0.012254901960784314 0.04143646408839779
0.0 0.758578431372549 0.4419889502762431 0.01715686274509804 0.049723756906077346
0.0 0.7340686274509803 0.4198895027624309 0.02696078431372549 0.06077348066298342
0.0 0.7965686274509803 0.4088397790055249 0.014705882352941176 0.04419889502762431
0.0 0.8002450980392157 0.3218232044198895 0.01715686274509804 0.04143646408839779
0.0 0.7928921568627451 0.281767955801105 0.01715686274509804 0.03867403314917127
0.0 0.8002450980392157 0.27900552486187846 0.01715686274509804 0.03314917127071823
0.0 0.7303921568627451 0.1298342541436464 0.014705882352941176 0.022099447513812154
0.0 0.7450980392156863 0.17679558011049723 0.0196078431372549 0.027624309392265192
0.0 0.7536764705882353 0.17955801104972377 0.01715686274509804 0.027624309392265192
0.0 0.803921568627451 0.819060773480663 0.0196078431372549 0.03038674033149171
0.0 0.8419117647058824 0.7720994475138122 0.01715686274509804 0.03038674033149171
0.0 0.8982843137254902 0.6298342541436464 0.012254901960784314 0.03314917127071823
0.0 0.9178921568627451 0.574585635359116 0.007352941176470588 0.03314917127071823
0.0 0.7352941176470589 0.12430939226519337 0.0196078431372549 0.022099447513812154
0.0 0.6997549019607843 0.08011049723756906 0.012254901960784314 0.011049723756906077
0.0 0.5955882352941176 0.012430939226519336 0.00980392156862745 0.008287292817679558
0.0 0.6004901960784313 0.020718232044198894 0.00980392156862745 0.008287292817679558
0.0 0.6115196078431373 0.023480662983425413 0.007352941176470588 0.008287292817679558
0.0 0.5698529411764706 0.016574585635359115 0.007352941176470588 0.0055248618784530384
0.0 0.5735294117647058 0.023480662983425413 0.00980392156862745 0.008287292817679558
0.0 0.5661764705882353 0.008287292817679558 0.004901960784313725 0.0055248618784530384
0.0 0.6825980392156863 0.0649171270718232 0.012254901960784314 0.013812154696132596
0.0 0.7071078431372549 0.07596685082872928 0.012254901960784314 0.013812154696132596
0.0 0.7107843137254902 0.09806629834254144 0.00980392156862745 0.013812154696132596
0.0 0.7230392156862745 0.10497237569060773 0.014705882352941176 0.016574585635359115
0.0 0.7181372549019608 0.12430939226519337 0.00980392156862745 0.016574585635359115
0.0 0.7818627450980392 0.3218232044198895 0.0196078431372549 0.04696132596685083
0.0 0.7512254901960784 0.3328729281767956 0.022058823529411766 0.04143646408839779
0.0 0.741421568627451 0.1574585635359116 0.01715686274509804 0.022099447513812154
0.0 0.7254901960784313 0.14917127071823205 0.014705882352941176 0.022099447513812154
0.0 0.7193627450980392 0.09806629834254144 0.012254901960784314 0.013812154696132596
0.0 0.7193627450980392 0.09806629834254144 0.01715686274509804 0.019337016574585635
0.0 0.7279411764705882 0.11878453038674033 0.014705882352941176 0.016574585635359115
0.0 0.7144607843137255 0.11464088397790055 0.012254901960784314 0.013812154696132596
0.0 0.8014705882352942 0.38812154696132595 0.00980392156862745 0.04143646408839779
0.0 0.7977941176470589 0.36049723756906077 0.012254901960784314 0.03038674033149171
0.0 0.8063725490196079 0.3674033149171271 0.014705882352941176 0.04419889502762431
0.0 0.8014705882352942 0.5400552486187845 0.014705882352941176 0.04696132596685083
0.0 0.7708333333333334 0.6132596685082873 0.012254901960784314 0.03314917127071823
0.0 0.7046568627450981 0.07458563535911603 0.012254901960784314 0.016574585635359115
0.0 0.6948529411764706 0.08011049723756906 0.01715686274509804 0.016574585635359115
0.0 0.6188725490196079 0.019337016574585635 0.012254901960784314 0.011049723756906077
0.0 0.5931372549019608 0.022099447513812154 0.00980392156862745 0.0055248618784530384
0.0 0.5796568627450981 0.03591160220994475 0.012254901960784314 0.011049723756906077
0.0 0.6176470588235294 0.029005524861878452 0.00980392156862745 0.008287292817679558
