0.0 0.3700980392156863 0.7628865979381443 0.05392156862745098 0.05154639175257732
0.0 0.30637254901960786 0.7461340206185567 0.058823529411764705 0.07474226804123711
3.0 0.24877450980392157 0.25257731958762886 0.15931372549019607 0.2422680412371134
3.0 0.13112745098039216 0.35695876288659795 0.09558823529411764 0.25
3.0 0.04411764705882353 0.3943298969072165 0.04411764705882353 0.17010309278350516
3.0 0.28921568627450983 0.10695876288659793 0.09803921568627451 0.07989690721649484
3.0 0.08455882352941177 0.25257731958762886 0.07598039215686274 0.14432989690721648
3.0 0.14583333333333334 0.14432989690721648 0.07598039215686274 0.09278350515463918
3.0 0.928921568627451 0.30541237113402064 0.06372549019607843 0.14175257731958762
3.0 0.9583333333333334 0.3492268041237113 0.049019607843137254 0.14175257731958762
3.0 0.9068627450980392 0.2190721649484536 0.06862745098039216 0.1134020618556701
3.0 0.8272058823529411 0.13530927835051546 0.1053921568627451 0.10051546391752578
3.0 0.9803921568627451 0.5914948453608248 0.03431372549019608 0.09536082474226804
4.0 0.3125 0.9497422680412371 0.11519607843137254 0.06443298969072164
4.0 0.20833333333333334 0.8930412371134021 0.12745098039215685 0.11597938144329897
4.0 0.8933823529411765 0.7963917525773195 0.09068627450980392 0.13402061855670103
3.0 0.9240196078431373 0.788659793814433 0.05392156862745098 0.0979381443298969
3.0 0.9865196078431373 0.422680412371134 0.022058823529411766 0.13402061855670103
3.0 0.8088235294117647 0.0979381443298969 0.05392156862745098 0.04639175257731959
3.0 0.3333333333333333 0.03865979381443299 0.08823529411764706 0.05154639175257732
3.0 0.18872549019607843 0.1791237113402062 0.14705882352941177 0.16237113402061856
3.0 0.22916666666666666 0.10309278350515463 0.12990196078431374 0.10824742268041238
3.0 0.11274509803921569 0.8324742268041238 0.08333333333333333 0.10309278350515463
5.0 0.8553921568627451 0.13402061855670103 0.06372549019607843 0.06701030927835051
