4.0 0.3946078431372549 0.01288659793814433 0.0392156862745098 0.015463917525773196
9.0 0.44362745098039214 0.003865979381443299 0.004901960784313725 0.002577319587628866
0.0 0.3161764705882353 0.030927835051546393 0.00980392156862745 0.005154639175257732
3.0 0.28308823529411764 0.32216494845360827 0.0661764705882353 0.1134020618556701
4.0 0.21200980392156862 0.5734536082474226 0.09068627450980392 0.2345360824742268
4.0 0.14705882352941177 0.8002577319587629 0.0784313725490196 0.11082474226804123
4.0 0.8480392156862745 0.5618556701030928 0.10294117647058823 0.4175257731958763
0.0 0.8357843137254902 0.18170103092783504 0.014705882352941176 0.01804123711340206
4.0 0.6997549019607843 0.059278350515463915 0.041666666666666664 0.020618556701030927
3.0 0.7598039215686274 0.08118556701030928 0.03431372549019608 0.023195876288659795
4.0 0.7671568627450981 0.07989690721649484 0.029411764705882353 0.020618556701030927
4.0 0.7475490196078431 0.06958762886597938 0.029411764705882353 0.020618556701030927
4.0 0.7279411764705882 0.059278350515463915 0.05392156862745098 0.030927835051546393
4.0 0.7267156862745098 0.05412371134020619 0.04656862745098039 0.02577319587628866
8.0 0.6899509803921569 0.04381443298969072 0.041666666666666664 0.030927835051546393
3.0 0.6384803921568627 0.030927835051546393 0.022058823529411766 0.010309278350515464
9.0 0.6507352941176471 0.020618556701030927 0.007352941176470588 0.005154639175257732
1.0 0.6507352941176471 0.020618556701030927 0.007352941176470588 0.005154639175257732
3.0 0.7352941176470589 0.05283505154639175 0.014705882352941176 0.007731958762886598
4.0 0.7512254901960784 0.06056701030927835 0.022058823529411766 0.01804123711340206
4.0 0.7732843137254902 0.07345360824742268 0.022058823529411766 0.01804123711340206
3.0 0.8125 0.10051546391752578 0.02696078431372549 0.020618556701030927
4.0 0.8504901960784313 0.12757731958762886 0.024509803921568627 0.023195876288659795
4.0 0.8651960784313726 0.14432989690721648 0.0392156862745098 0.041237113402061855
4.0 0.8198529411764706 0.11984536082474227 0.022058823529411766 0.01804123711340206
3.0 0.8419117647058824 0.13402061855670103 0.022058823529411766 0.020618556701030927
4.0 0.8799019607843137 0.15206185567010308 0.014705882352941176 0.015463917525773196
3.0 0.8897058823529411 0.16881443298969073 0.0196078431372549 0.023195876288659795
3.0 0.8897058823529411 0.163659793814433 0.014705882352941176 0.01804123711340206
3.0 0.9252450980392157 0.2268041237113402 0.022058823529411766 0.03608247422680412
3.0 0.9399509803921569 0.2538659793814433 0.022058823529411766 0.03350515463917526
3.0 0.9007352941176471 0.22293814432989692 0.02696078431372549 0.03865979381443299
3.0 0.9644607843137255 0.33118556701030927 0.01715686274509804 0.03350515463917526
3.0 0.9803921568627451 0.375 0.014705882352941176 0.03350515463917526
3.0 0.9264705882352942 0.2422680412371134 0.024509803921568627 0.03608247422680412
3.0 0.9007352941176471 0.2615979381443299 0.02696078431372549 0.04381443298969072
3.0 0.9227941176470589 0.28350515463917525 0.022058823529411766 0.041237113402061855
4.0 0.9742647058823529 0.3479381443298969 0.022058823529411766 0.04639175257731959
9.0 0.946078431372549 0.3440721649484536 0.00980392156862745 0.023195876288659795
1.0 0.9436274509803921 0.33505154639175255 0.004901960784313725 0.015463917525773196
4.0 0.9950980392156863 0.49097938144329895 0.004901960784313725 0.028350515463917526
4.0 0.8970588235294118 0.7538659793814433 0.058823529411764705 0.09536082474226804
0.0 0.8958333333333334 0.7461340206185567 0.012254901960784314 0.023195876288659795
