3.0 0.5061274509803921 0.9433701657458563 0.03676470588235294 0.03591160220994475
3.0 0.5600490196078431 0.8066298342541437 0.04656862745098039 0.06629834254143646
4.0 0.47549019607843135 0.4986187845303867 0.049019607843137254 0.13535911602209943
3.0 0.5588235294117647 0.4723756906077348 0.05392156862745098 0.11049723756906077
3.0 0.26715686274509803 0.4530386740331492 0.03431372549019608 0.11049723756906077
3.0 0.47549019607843135 0.19337016574585636 0.04411764705882353 0.07734806629834254
5.0 0.5404411764705882 0.12292817679558012 0.051470588235294115 0.10220994475138122
3.0 0.31004901960784315 0.18232044198895028 0.04656862745098039 0.06077348066298342
3.0 0.49019607843137253 0.06077348066298342 0.029411764705882353 0.027624309392265192
3.0 0.5294117647058824 0.011049723756906077 0.024509803921568627 0.016574585635359115
3.0 0.883578431372549 0.212707182320442 0.031862745098039214 0.04419889502762431
