5.0 0.03676470588235294 0.31629834254143646 0.014705882352941176 0.03038674033149171
4.0 0.1409313725490196 0.15469613259668508 0.02696078431372549 0.03314917127071823
3.0 0.10294117647058823 0.20165745856353592 0.024509803921568627 0.03314917127071823
4.0 0.20833333333333334 0.14226519337016574 0.04411764705882353 0.03591160220994475
3.0 0.19607843137254902 0.1643646408839779 0.0392156862745098 0.03591160220994475
3.0 0.15441176470588236 0.19060773480662985 0.03431372549019608 0.03314917127071823
3.0 0.12377450980392157 0.20165745856353592 0.02696078431372549 0.03314917127071823
5.0 0.05759803921568627 0.2914364640883978 0.031862745098039214 0.052486187845303865
3.0 0.09068627450980392 0.25 0.024509803921568627 0.03591160220994475
3.0 0.1053921568627451 0.26933701657458564 0.024509803921568627 0.03591160220994475
3.0 0.1409313725490196 0.22790055248618785 0.031862745098039214 0.03591160220994475
3.0 0.18627450980392157 0.21961325966850828 0.049019607843137254 0.04696132596685083
3.0 0.19117647058823528 0.19613259668508287 0.04411764705882353 0.03867403314917127
3.0 0.16176470588235295 0.20027624309392264 0.03431372549019608 0.03591160220994475
8.0 0.1642156862745098 0.1685082872928177 0.049019607843137254 0.049723756906077346
4.0 0.11029411764705882 0.2527624309392265 0.029411764705882353 0.03591160220994475
4.0 0.07965686274509803 0.2900552486187845 0.022058823529411766 0.03314917127071823
4.0 0.07965686274509803 0.27486187845303867 0.022058823529411766 0.03591160220994475
3.0 0.0625 0.3052486187845304 0.01715686274509804 0.03038674033149171
3.0 0.12009803921568628 0.22790055248618785 0.029411764705882353 0.03591160220994475
0.0 0.23039215686274508 0.08011049723756906 0.00980392156862745 0.011049723756906077
0.0 0.2426470588235294 0.0856353591160221 0.00980392156862745 0.011049723756906077
0.0 0.28308823529411764 0.06767955801104972 0.007352941176470588 0.008287292817679558
0.0 0.2855392156862745 0.07044198895027624 0.007352941176470588 0.008287292817679558
0.0 0.2818627450980392 0.06353591160220995 0.00980392156862745 0.011049723756906077
0.0 0.29534313725490197 0.05939226519337017 0.007352941176470588 0.008287292817679558
0.0 0.26348039215686275 0.0718232044198895 0.007352941176470588 0.0055248618784530384
0.0 0.2928921568627451 0.05939226519337017 0.007352941176470588 0.008287292817679558
0.0 0.2965686274509804 0.055248618784530384 0.004901960784313725 0.0055248618784530384
3.0 0.30392156862745096 0.12569060773480664 0.03431372549019608 0.03591160220994475
8.0 0.3590686274509804 0.09530386740331492 0.051470588235294115 0.058011049723756904
4.0 0.3333333333333333 0.03038674033149171 0.024509803921568627 0.016574585635359115
3.0 0.3639705882352941 0.031767955801104975 0.02696078431372549 0.019337016574585635
3.0 0.48284313725490197 0.004143646408839779 0.0196078431372549 0.008287292817679558
3.0 0.4534313725490196 0.0027624309392265192 0.0196078431372549 0.0055248618784530384
3.0 0.25735294117647056 0.35359116022099446 0.0392156862745098 0.07734806629834254
3.0 0.31495098039215685 0.4972375690607735 0.041666666666666664 0.07734806629834254
3.0 0.3284313725490196 0.9461325966850829 0.04411764705882353 0.04143646408839779
4.0 0.3431372549019608 0.8825966850828729 0.049019607843137254 0.052486187845303865
0.0 0.6850490196078431 0.9019337016574586 0.007352941176470588 0.008287292817679558
0.0 0.6544117647058824 0.8977900552486188 0.00980392156862745 0.0055248618784530384
0.0 0.6580882352941176 0.8922651933701657 0.007352941176470588 0.0055248618784530384
0.0 0.8627450980392157 0.6201657458563536 0.004901960784313725 0.008287292817679558
0.0 0.8921568627450981 0.6629834254143646 0.004901960784313725 0.011049723756906077
0.0 0.5453431372549019 0.0055248618784530384 0.007352941176470588 0.0055248618784530384
3.0 0.8112745098039216 0.12292817679558012 0.024509803921568627 0.03038674033149171
3.0 0.8333333333333334 0.13950276243093923 0.0196078431372549 0.024861878453038673
3.0 0.8455882352941176 0.14917127071823205 0.0196078431372549 0.027624309392265192
8.0 0.8308823529411765 0.2430939226519337 0.058823529411764705 0.06077348066298342
8.0 0.9093137254901961 0.29972375690607733 0.03431372549019608 0.04696132596685083
8.0 0.8590686274509803 0.287292817679558 0.09558823529411764 0.09944751381215469
8.0 0.9227941176470589 0.3287292817679558 0.056372549019607844 0.08287292817679558
8.0 0.8786764705882353 0.3301104972375691 0.056372549019607844 0.06353591160220995
3.0 0.8186274509803921 0.3011049723756906 0.049019607843137254 0.04419889502762431
3.0 0.7892156862745098 0.25828729281767954 0.05392156862745098 0.04696132596685083
3.0 0.9178921568627451 0.35773480662983426 0.022058823529411766 0.03591160220994475
3.0 0.9448529411764706 0.3784530386740331 0.01715686274509804 0.03314917127071823
3.0 0.9779411764705882 0.4046961325966851 0.00980392156862745 0.019337016574585635
3.0 0.9693627450980392 0.3770718232044199 0.012254901960784314 0.024861878453038673
8.0 0.9620098039215687 0.38812154696132595 0.01715686274509804 0.03591160220994475
9.0 0.7708333333333334 0.22375690607734808 0.022058823529411766 0.022099447513812154
1.0 0.7708333333333334 0.2223756906077348 0.01715686274509804 0.019337016574585635
9.0 0.7806372549019608 0.6629834254143646 0.01715686274509804 0.022099447513812154
9.0 0.7953431372549019 0.6298342541436464 0.01715686274509804 0.016574585635359115
1.0 0.7990196078431373 0.6298342541436464 0.00980392156862745 0.011049723756906077
1.0 0.7843137254901961 0.6602209944751382 0.00980392156862745 0.016574585635359115
0.0 0.8492647058823529 0.5662983425414365 0.007352941176470588 0.016574585635359115
0.0 0.9448529411764706 0.6353591160220995 0.0024509803921568627 0.011049723756906077
0.0 0.9693627450980392 0.611878453038674 0.0024509803921568627 0.008287292817679558
0.0 0.9791666666666666 0.6049723756906077 0.0024509803921568627 0.011049723756906077
0.0 0.9497549019607843 0.6132596685082873 0.0024509803921568627 0.0055248618784530384
3.0 0.9644607843137255 0.29972375690607733 0.012254901960784314 0.024861878453038673
3.0 0.9166666666666666 0.21408839779005526 0.014705882352941176 0.03038674033149171
3.0 0.928921568627451 0.22790055248618785 0.014705882352941176 0.024861878453038673
8.0 0.9436274509803921 0.24171270718232044 0.014705882352941176 0.03038674033149171
0.0 0.9252450980392157 0.22375690607734808 0.0024509803921568627 0.0055248618784530384
0.0 0.8933823529411765 0.2085635359116022 0.007352941176470588 0.013812154696132596
