0.0 0.19626168224299065 0.8968446601941747 0.0514018691588785 0.050970873786407765
0.0 0.21378504672897197 0.9089805825242718 0.05841121495327103 0.050970873786407765
2.0 0.2161214953271028 0.9016990291262136 0.04906542056074766 0.0412621359223301
9.0 0.24182242990654207 0.9101941747572816 0.053738317757009345 0.043689320388349516
9.0 0.2733644859813084 0.9271844660194175 0.0514018691588785 0.038834951456310676
0.0 0.2219626168224299 0.8871359223300971 0.0514018691588785 0.050970873786407765
9.0 0.24532710280373832 0.904126213592233 0.04672897196261682 0.03640776699029126
9.0 0.27920560747663553 0.9138349514563107 0.053738317757009345 0.0412621359223301
9.0 0.2336448598130841 0.8883495145631068 0.04672897196261682 0.038834951456310676
2.0 0.2488317757009346 0.8531553398058253 0.05841121495327103 0.04611650485436893
0.0 0.29439252336448596 0.8628640776699029 0.037383177570093455 0.0412621359223301
6.0 0.33294392523364486 0.9101941747572816 0.07710280373831775 0.04854368932038835
0.0 0.39485981308411217 0.9259708737864077 0.03271028037383177 0.03155339805825243
0.0 0.48364485981308414 0.9453883495145631 0.03271028037383177 0.02669902912621359
0.0 0.3773364485981308 0.912621359223301 0.035046728971962614 0.03398058252427184
1.0 0.4053738317757009 0.9101941747572816 0.0397196261682243 0.02912621359223301
9.0 0.4077102803738318 0.9150485436893204 0.0397196261682243 0.02912621359223301
0.0 0.44042056074766356 0.9271844660194175 0.035046728971962614 0.02912621359223301
0.0 0.4941588785046729 0.9296116504854369 0.035046728971962614 0.02912621359223301
0.0 0.5385514018691588 0.970873786407767 0.04906542056074766 0.024271844660194174
0.0 0.6343457943925234 0.9769417475728155 0.0397196261682243 0.01699029126213592
0.0 0.7546728971962616 0.9320388349514563 0.037383177570093455 0.024271844660194174
9.0 0.7301401869158879 0.9393203883495146 0.08177570093457943 0.04854368932038835
2.0 0.7570093457943925 0.9211165048543689 0.06542056074766354 0.04611650485436893
4.0 0.7897196261682243 0.8725728155339806 0.1822429906542056 0.14320388349514562
9.0 0.852803738317757 0.8470873786407767 0.056074766355140186 0.05825242718446602
0.0 0.8913551401869159 0.8046116504854369 0.02102803738317757 0.03155339805825243
0.0 0.9018691588785047 0.7924757281553398 0.028037383177570093 0.0412621359223301
0.0 0.8855140186915887 0.787621359223301 0.04205607476635514 0.06553398058252427
9.0 0.8983644859813084 0.7827669902912622 0.035046728971962614 0.050970873786407765
0.0 0.8691588785046729 0.8046116504854369 0.028037383177570093 0.0412621359223301
9.0 0.7710280373831776 0.8822815533980582 0.06542056074766354 0.050970873786407765
9.0 0.8247663551401869 0.8507281553398058 0.04672897196261682 0.04611650485436893
2.0 0.7313084112149533 0.9065533980582524 0.04205607476635514 0.03640776699029126
9.0 0.7044392523364486 0.9211165048543689 0.04906542056074766 0.03640776699029126
9.0 0.6764018691588785 0.9320388349514563 0.053738317757009345 0.03398058252427184
0.0 0.5642523364485982 0.9490291262135923 0.04439252336448598 0.02912621359223301
0.0 0.5969626168224299 0.9429611650485437 0.0397196261682243 0.02669902912621359
0.0 0.5911214953271028 0.9368932038834952 0.037383177570093455 0.02912621359223301
0.0 0.5771028037383178 0.9344660194174758 0.028037383177570093 0.024271844660194174
0.0 0.6378504672897196 0.9223300970873787 0.0514018691588785 0.03398058252427184
0.0 0.6612149532710281 0.9138349514563107 0.04672897196261682 0.03155339805825243
0.0 0.6179906542056075 0.9150485436893204 0.06775700934579439 0.03398058252427184
0.0 0.5268691588785047 0.9089805825242718 0.02570093457943925 0.03155339805825243
0.0 0.5385514018691588 0.9053398058252428 0.02102803738317757 0.02912621359223301
0.0 0.5735981308411215 0.8956310679611651 0.035046728971962614 0.03398058252427184
0.0 0.5712616822429907 0.9029126213592233 0.016355140186915886 0.014563106796116505
1.0 0.5864485981308412 0.9016990291262136 0.028037383177570093 0.01699029126213592
0.0 0.6296728971962616 0.9004854368932039 0.0397196261682243 0.03398058252427184
0.0 0.6565420560747663 0.8907766990291263 0.037383177570093455 0.03398058252427184
0.0 0.6658878504672897 0.8907766990291263 0.037383177570093455 0.03398058252427184
0.0 0.6635514018691588 0.8689320388349514 0.037383177570093455 0.038834951456310676
0.0 0.5934579439252337 0.8847087378640777 0.03271028037383177 0.03155339805825243
0.0 0.625 0.8677184466019418 0.0397196261682243 0.0412621359223301
0.0 0.6612149532710281 0.8567961165048543 0.04205607476635514 0.043689320388349516
0.0 0.5735981308411215 0.883495145631068 0.02570093457943925 0.02912621359223301
0.0 0.5362149532710281 0.8847087378640777 0.035046728971962614 0.03640776699029126
0.0 0.5560747663551402 0.8737864077669902 0.028037383177570093 0.03398058252427184
0.0 0.5899532710280374 0.8725728155339806 0.02570093457943925 0.02669902912621359
0.0 0.5934579439252337 0.8701456310679612 0.018691588785046728 0.02669902912621359
0.0 0.5992990654205608 0.8689320388349514 0.016355140186915886 0.019417475728155338
0.0 0.6226635514018691 0.8507281553398058 0.0397196261682243 0.03640776699029126
0.0 0.6658878504672897 0.837378640776699 0.037383177570093455 0.038834951456310676
0.0 0.5829439252336449 0.8567961165048543 0.016355140186915886 0.019417475728155338
0.0 0.5771028037383178 0.845873786407767 0.02336448598130841 0.03640776699029126
0.0 0.6366822429906542 0.8252427184466019 0.035046728971962614 0.038834951456310676
0.0 0.6623831775700935 0.8203883495145631 0.02570093457943925 0.03398058252427184
0.0 0.5794392523364486 0.8337378640776699 0.018691588785046728 0.03155339805825243
0.0 0.647196261682243 0.8070388349514563 0.018691588785046728 0.03155339805825243
0.0 0.4719626168224299 0.8725728155339806 0.028037383177570093 0.03640776699029126
0.0 0.35514018691588783 0.8543689320388349 0.037383177570093455 0.038834951456310676
0.0 0.3726635514018692 0.8604368932038835 0.030373831775700934 0.03155339805825243
0.0 0.3901869158878505 0.8555825242718447 0.03271028037383177 0.0412621359223301
0.0 0.25 0.8325242718446602 0.037383177570093455 0.043689320388349516
1.0 0.2616822429906542 0.7973300970873787 0.028037383177570093 0.02669902912621359
0.0 0.2897196261682243 0.8009708737864077 0.028037383177570093 0.038834951456310676
0.0 0.3119158878504673 0.8179611650485437 0.035046728971962614 0.03398058252427184
9.0 0.3189252336448598 0.8216019417475728 0.02570093457943925 0.03155339805825243
0.0 0.23014018691588786 0.7475728155339806 0.02570093457943925 0.043689320388349516
0.0 0.3446261682242991 0.8046116504854369 0.035046728971962614 0.04611650485436893
0.0 0.36098130841121495 0.8300970873786407 0.035046728971962614 0.038834951456310676
0.0 0.39953271028037385 0.8410194174757282 0.04205607476635514 0.03640776699029126
0.0 0.4252336448598131 0.845873786407767 0.028037383177570093 0.03640776699029126
2.0 0.39485981308411217 0.845873786407767 0.028037383177570093 0.02669902912621359
0.0 0.4672897196261682 0.8422330097087378 0.037383177570093455 0.038834951456310676
2.0 0.47313084112149534 0.8483009708737864 0.030373831775700934 0.02669902912621359
0.0 0.39485981308411217 0.7997572815533981 0.03271028037383177 0.0412621359223301
0.0 0.40186915887850466 0.7985436893203883 0.028037383177570093 0.038834951456310676
0.0 0.4287383177570093 0.8046116504854369 0.02570093457943925 0.0412621359223301
0.0 0.45794392523364486 0.8118932038834952 0.02336448598130841 0.03640776699029126
0.0 0.32710280373831774 0.7851941747572816 0.02336448598130841 0.0412621359223301
6.0 0.3516355140186916 0.787621359223301 0.0397196261682243 0.03640776699029126
0.0 0.5432242990654206 0.8155339805825242 0.02570093457943925 0.038834951456310676
0.0 0.5817757009345794 0.816747572815534 0.02336448598130841 0.03155339805825243
0.0 0.6285046728971962 0.7900485436893204 0.028037383177570093 0.04611650485436893
0.0 0.5210280373831776 0.7815533980582524 0.018691588785046728 0.038834951456310676
0.0 0.5327102803738317 0.7827669902912622 0.014018691588785047 0.03155339805825243
0.0 0.5478971962616822 0.7851941747572816 0.016355140186915886 0.03640776699029126
0.0 0.6086448598130841 0.779126213592233 0.02102803738317757 0.02912621359223301
0.0 0.5677570093457944 0.7839805825242718 0.018691588785046728 0.03398058252427184
0.0 0.5852803738317757 0.7694174757281553 0.02570093457943925 0.038834951456310676
0.0 0.5105140186915887 0.7742718446601942 0.02102803738317757 0.043689320388349516
0.0 0.5315420560747663 0.7754854368932039 0.016355140186915886 0.03640776699029126
0.0 0.5642523364485982 0.7657766990291263 0.016355140186915886 0.03155339805825243
0.0 0.5782710280373832 0.7621359223300971 0.02102803738317757 0.024271844660194174
0.0 0.5969626168224299 0.7597087378640777 0.016355140186915886 0.02912621359223301
0.0 0.6273364485981309 0.7597087378640777 0.02102803738317757 0.03398058252427184
9.0 0.5478971962616822 0.7669902912621359 0.02102803738317757 0.024271844660194174
2.0 0.5689252336448598 0.7912621359223301 0.02570093457943925 0.02912621359223301
3.0 0.4007009345794392 0.741504854368932 0.05841121495327103 0.0412621359223301
0.0 0.48598130841121495 0.7427184466019418 0.014018691588785047 0.03398058252427184
0.0 0.5175233644859814 0.7366504854368932 0.02570093457943925 0.03640776699029126
9.0 0.5186915887850467 0.7463592233009708 0.018691588785046728 0.02669902912621359
4.0 0.5969626168224299 0.7317961165048543 0.053738317757009345 0.04611650485436893
4.0 0.5887850467289719 0.7111650485436893 0.0514018691588785 0.043689320388349516
4.0 0.5876168224299065 0.7026699029126213 0.04439252336448598 0.04611650485436893
3.0 0.5665887850467289 0.6893203883495146 0.04439252336448598 0.03398058252427184
4.0 0.36682242990654207 0.6881067961165048 0.0794392523364486 0.0412621359223301
3.0 0.4310747663551402 0.6735436893203883 0.04439252336448598 0.03640776699029126
0.0 0.4567757009345794 0.6480582524271845 0.007009345794392523 0.024271844660194174
0.0 0.46845794392523366 0.6492718446601942 0.011682242990654205 0.02669902912621359
0.0 0.48598130841121495 0.6371359223300971 0.009345794392523364 0.02669902912621359
0.0 0.5046728971962616 0.6347087378640777 0.009345794392523364 0.02669902912621359
0.0 0.5280373831775701 0.654126213592233 0.014018691588785047 0.03155339805825243
1.0 0.5490654205607477 0.6504854368932039 0.014018691588785047 0.024271844660194174
1.0 0.5490654205607477 0.6468446601941747 0.014018691588785047 0.021844660194174758
2.0 0.5478971962616822 0.654126213592233 0.011682242990654205 0.01699029126213592
4.0 0.5572429906542056 0.6419902912621359 0.035046728971962614 0.03155339805825243
4.0 0.5397196261682243 0.6201456310679612 0.03271028037383177 0.03155339805825243
3.0 0.45093457943925236 0.6432038834951457 0.028037383177570093 0.019417475728155338
3.0 0.4544392523364486 0.625 0.030373831775700934 0.021844660194174758
4.0 0.5035046728971962 0.6116504854368932 0.02570093457943925 0.019417475728155338
3.0 0.5864485981308412 0.6225728155339806 0.03271028037383177 0.02669902912621359
4.0 0.6179906542056075 0.6104368932038835 0.030373831775700934 0.021844660194174758
4.0 0.4661214953271028 0.6152912621359223 0.02570093457943925 0.021844660194174758
3.0 0.49182242990654207 0.6225728155339806 0.04906542056074766 0.01699029126213592
