7.0 0.5868544600938967 0.1794871794871795 0.046948356807511735 0.041025641025641026
7.0 0.6737089201877934 0.48717948717948717 0.06103286384976526 0.10256410256410256
9.0 0.37089201877934275 0.49230769230769234 0.04225352112676056 0.05128205128205128
0.0 0.38967136150234744 0.55 0.023474178403755867 0.08461538461538462
0.0 0.44014084507042256 0.5512820512820513 0.03051643192488263 0.08717948717948718
0.0 0.41784037558685444 0.5346153846153846 0.028169014084507043 0.07948717948717948
1.0 0.3028169014084507 0.6064102564102564 0.03286384976525822 0.05384615384615385
3.0 0.8098591549295775 0.6653846153846154 0.07511737089201878 0.15128205128205127
5.0 0.9025821596244131 0.7448717948717949 0.08685446009389672 0.16666666666666666
3.0 0.9330985915492958 0.6679487179487179 0.035211267605633804 0.08461538461538462
7.0 0.9424882629107981 0.5756410256410256 0.01643192488262911 0.06923076923076923
5.0 0.6514084507042254 0.12179487179487179 0.08685446009389672 0.04358974358974359
7.0 0.7453051643192489 0.12564102564102564 0.02112676056338028 0.020512820512820513
0.0 0.7605633802816901 0.1423076923076923 0.014084507042253521 0.017948717948717947
9.0 0.926056338028169 0.29615384615384616 0.011737089201877934 0.023076923076923078
3.0 0.8685446009389671 0.21794871794871795 0.023474178403755867 0.03076923076923077
7.0 0.8532863849765259 0.18846153846153846 0.01643192488262911 0.023076923076923078
3.0 0.8251173708920188 0.14615384615384616 0.025821596244131457 0.02564102564102564
0.0 0.7992957746478874 0.11923076923076924 0.007042253521126761 0.007692307692307693
0.0 0.744131455399061 0.08974358974358974 0.009389671361502348 0.010256410256410256
0.0 0.7570422535211268 0.09358974358974359 0.007042253521126761 0.007692307692307693
1.0 0.7511737089201878 0.09230769230769231 0.004694835680751174 0.005128205128205128
6.0 0.7523474178403756 0.09230769230769231 0.007042253521126761 0.010256410256410256
7.0 0.755868544600939 0.0858974358974359 0.009389671361502348 0.007692307692307693
7.0 0.7816901408450704 0.10256410256410256 0.014084507042253521 0.010256410256410256
3.0 0.7617370892018779 0.0858974358974359 0.011737089201877934 0.007692307692307693
3.0 0.7417840375586855 0.07307692307692308 0.009389671361502348 0.007692307692307693
7.0 0.7511737089201878 0.07692307692307693 0.009389671361502348 0.005128205128205128
0.0 0.7652582159624414 0.08461538461538462 0.004694835680751174 0.005128205128205128
3.0 0.7687793427230047 0.08717948717948718 0.011737089201877934 0.010256410256410256
3.0 0.7910798122065728 0.10128205128205128 0.009389671361502348 0.007692307692307693
0.0 0.7992957746478874 0.1076923076923077 0.007042253521126761 0.005128205128205128
0.0 0.7969483568075117 0.10512820512820513 0.002347417840375587 0.005128205128205128
7.0 0.7711267605633803 0.08461538461538462 0.007042253521126761 0.005128205128205128
3.0 0.7488262910798122 0.0782051282051282 0.009389671361502348 0.007692307692307693
3.0 0.7417840375586855 0.06666666666666667 0.009389671361502348 0.005128205128205128
3.0 0.7464788732394366 0.06794871794871794 0.009389671361502348 0.007692307692307693
3.0 0.7769953051643192 0.08333333333333333 0.009389671361502348 0.007692307692307693
0.0 0.7488262910798122 0.08205128205128205 0.004694835680751174 0.005128205128205128
1.0 0.7570422535211268 0.07307692307692308 0.002347417840375587 0.002564102564102564
9.0 0.7582159624413145 0.07307692307692308 0.004694835680751174 0.002564102564102564
7.0 0.7746478873239436 0.08076923076923077 0.004694835680751174 0.002564102564102564
3.0 0.7687793427230047 0.07564102564102564 0.007042253521126761 0.002564102564102564
