0.0 0.08088235294117647 0.20165745856353592 0.004901960784313725 0.011049723756906077
1.0 0.11764705882352941 0.15331491712707182 0.004901960784313725 0.008287292817679558
0.0 0.12254901960784313 0.14917127071823205 0.004901960784313725 0.011049723756906077
4.0 0.07230392156862746 0.22513812154696133 0.01715686274509804 0.03038674033149171
9.0 0.07965686274509803 0.2223756906077348 0.007352941176470588 0.013812154696132596
9.0 0.08455882352941177 0.21823204419889503 0.007352941176470588 0.016574585635359115
4.0 0.1017156862745098 0.20441988950276244 0.02696078431372549 0.03867403314917127
4.0 0.1017156862745098 0.20718232044198895 0.02696078431372549 0.03867403314917127
3.0 0.09926470588235294 0.2154696132596685 0.022058823529411766 0.03314917127071823
3.0 0.08946078431372549 0.2361878453038674 0.01715686274509804 0.024861878453038673
4.0 0.08700980392156862 0.2513812154696133 0.01715686274509804 0.03314917127071823
3.0 0.056372549019607844 0.2845303867403315 0.014705882352941176 0.027624309392265192
3.0 0.06372549019607843 0.31077348066298344 0.0196078431372549 0.04143646408839779
9.0 0.03431372549019608 0.3756906077348066 0.00980392156862745 0.022099447513812154
9.0 0.03676470588235294 0.36464088397790057 0.00980392156862745 0.022099447513812154
9.0 0.03676470588235294 0.35911602209944754 0.00980392156862745 0.022099447513812154
9.0 0.03799019607843137 0.34806629834254144 0.012254901960784314 0.027624309392265192
9.0 0.029411764705882353 0.4046961325966851 0.004901960784313725 0.024861878453038673
9.0 0.025735294117647058 0.4171270718232044 0.007352941176470588 0.027624309392265192
9.0 0.022058823529411766 0.42265193370165743 0.004901960784313725 0.022099447513812154
9.0 0.0196078431372549 0.425414364640884 0.004901960784313725 0.022099447513812154
9.0 0.01715686274509804 0.43232044198895025 0.004901960784313725 0.024861878453038673
4.0 0.006127450980392157 0.46408839779005523 0.012254901960784314 0.055248618784530384
3.0 0.0012254901960784314 0.5262430939226519 0.0024509803921568627 0.03591160220994475
3.0 0.003676470588235294 0.5662983425414365 0.007352941176470588 0.04419889502762431
3.0 0.006127450980392157 0.5179558011049724 0.007352941176470588 0.04143646408839779
3.0 0.011029411764705883 0.5207182320441989 0.007352941176470588 0.04143646408839779
4.0 0.007352941176470588 0.5593922651933702 0.00980392156862745 0.052486187845303865
0.0 0.04779411764705882 0.5814917127071824 0.007352941176470588 0.03038674033149171
0.0 0.05024509803921569 0.5842541436464088 0.007352941176470588 0.03038674033149171
8.0 0.2769607843137255 0.930939226519337 0.18137254901960784 0.09944751381215469
8.0 0.5674019607843137 0.9171270718232044 0.33088235294117646 0.13259668508287292
0.0 0.9252450980392157 0.7790055248618785 0.012254901960784314 0.022099447513812154
0.0 0.8970588235294118 0.6767955801104972 0.014705882352941176 0.03314917127071823
0.0 0.8995098039215687 0.6657458563535912 0.00980392156862745 0.03314917127071823
8.0 0.8443627450980392 0.7693370165745856 0.12990196078431374 0.1574585635359116
8.0 0.9485294117647058 0.6325966850828729 0.049019607843137254 0.11049723756906077
5.0 0.45955882352941174 0.6629834254143646 0.09558823529411764 0.20441988950276244
0.0 0.11887254901960784 0.712707182320442 0.012254901960784314 0.027624309392265192
0.0 0.13357843137254902 0.744475138121547 0.012254901960784314 0.024861878453038673
0.0 0.13848039215686275 0.744475138121547 0.012254901960784314 0.024861878453038673
0.0 0.1323529411764706 0.7154696132596685 0.00980392156862745 0.022099447513812154
0.0 0.11764705882352941 0.6187845303867403 0.00980392156862745 0.03314917127071823
0.0 0.11397058823529412 0.6077348066298343 0.007352941176470588 0.027624309392265192
0.0 0.11764705882352941 0.47790055248618785 0.004901960784313725 0.03867403314917127
0.0 0.12990196078431374 0.4129834254143646 0.00980392156862745 0.03591160220994475
0.0 0.12377450980392157 0.4046961325966851 0.007352941176470588 0.024861878453038673
0.0 0.18627450980392157 0.17265193370165746 0.00980392156862745 0.013812154696132596
0.0 0.19117647058823528 0.10773480662983426 0.004901960784313725 0.011049723756906077
0.0 0.17647058823529413 0.13535911602209943 0.00980392156862745 0.011049723756906077
0.0 0.1801470588235294 0.12292817679558012 0.007352941176470588 0.008287292817679558
0.0 0.19117647058823528 0.12016574585635359 0.00980392156862745 0.013812154696132596
0.0 0.1801470588235294 0.13535911602209943 0.007352941176470588 0.011049723756906077
4.0 0.24019607843137256 0.09116022099447514 0.024509803921568627 0.022099447513812154
4.0 0.37745098039215685 0.04143646408839779 0.029411764705882353 0.022099447513812154
5.0 0.3958333333333333 0.023480662983425413 0.041666666666666664 0.019337016574585635
5.0 0.42034313725490197 0.03038674033149171 0.041666666666666664 0.022099447513812154
4.0 0.44607843137254904 0.04143646408839779 0.05392156862745098 0.016574585635359115
3.0 0.49142156862745096 0.07044198895027624 0.041666666666666664 0.019337016574585635
4.0 0.5318627450980392 0.0925414364640884 0.0392156862745098 0.03038674033149171
4.0 0.5563725490196079 0.1298342541436464 0.0392156862745098 0.04419889502762431
4.0 0.4007352941176471 0.24033149171270718 0.04656862745098039 0.06629834254143646
4.0 0.5637254901960784 0.18922651933701656 0.04411764705882353 0.058011049723756904
4.0 0.571078431372549 0.2541436464088398 0.05392156862745098 0.0718232044198895
0.0 0.5588235294117647 0.0718232044198895 0.00980392156862745 0.011049723756906077
0.0 0.5649509803921569 0.07320441988950276 0.007352941176470588 0.008287292817679558
