3.0 0.2426470588235294 0.8591160220994475 0.03431372549019608 0.03867403314917127
3.0 0.22181372549019607 0.819060773480663 0.031862745098039214 0.03591160220994475
3.0 0.5514705882352942 0.9461325966850829 0.03431372549019608 0.03038674033149171
3.0 0.633578431372549 0.5607734806629834 0.022058823529411766 0.049723756906077346
3.0 0.5894607843137255 0.2292817679558011 0.01715686274509804 0.016574585635359115
3.0 0.5723039215686274 0.19613259668508287 0.01715686274509804 0.016574585635359115
3.0 0.5808823529411765 0.212707182320442 0.0196078431372549 0.016574585635359115
3.0 0.5919117647058824 0.2541436464088398 0.01715686274509804 0.022099447513812154
3.0 0.6004901960784313 0.3011049723756906 0.014705882352941176 0.016574585635359115
3.0 0.6176470588235294 0.40193370165745856 0.0196078431372549 0.024861878453038673
3.0 0.5747549019607843 0.761049723756906 0.02696078431372549 0.04143646408839779
3.0 0.48161764705882354 0.48066298342541436 0.02696078431372549 0.03867403314917127
3.0 0.2549019607843137 0.9171270718232044 0.03431372549019608 0.03314917127071823
3.0 0.24877450980392157 0.893646408839779 0.03676470588235294 0.03591160220994475
3.0 0.14338235294117646 0.7154696132596685 0.031862745098039214 0.03867403314917127
8.0 0.3909313725490196 0.3218232044198895 0.12990196078431374 0.0856353591160221
8.0 0.4644607843137255 0.580110497237569 0.051470588235294115 0.14917127071823205
8.0 0.10661764705882353 0.6767955801104972 0.031862745098039214 0.049723756906077346
4.0 0.6066176470588235 0.3314917127071823 0.022058823529411766 0.03867403314917127
4.0 0.6274509803921569 0.5138121546961326 0.024509803921568627 0.049723756906077346
4.0 0.6188725490196079 0.4419889502762431 0.02696078431372549 0.055248618784530384
4.0 0.5968137254901961 0.27486187845303867 0.022058823529411766 0.03038674033149171
4.0 0.6053921568627451 0.3729281767955801 0.0196078431372549 0.03867403314917127
4.0 0.1948529411764706 0.7762430939226519 0.041666666666666664 0.055248618784530384
3.0 0.4117647058823529 0.13259668508287292 0.024509803921568627 0.011049723756906077
3.0 0.3713235294117647 0.13812154696132597 0.02696078431372549 0.011049723756906077
8.0 0.3394607843137255 0.20718232044198895 0.051470588235294115 0.03314917127071823
0.0 0.35294117647058826 0.5593922651933702 0.00980392156862745 0.024861878453038673
0.0 0.3431372549019608 0.5566298342541437 0.00980392156862745 0.03038674033149171
0.0 0.6862745098039216 0.5524861878453039 0.004901960784313725 0.027624309392265192
0.0 0.6776960784313726 0.56353591160221 0.007352941176470588 0.027624309392265192
0.0 0.6654411764705882 0.48756906077348067 0.007352941176470588 0.024861878453038673
0.0 0.6850490196078431 0.48342541436464087 0.007352941176470588 0.027624309392265192
0.0 0.6605392156862745 0.44060773480662985 0.007352941176470588 0.024861878453038673
0.0 0.6470588235294118 0.39502762430939226 0.00980392156862745 0.022099447513812154
0.0 0.6568627450980392 0.3825966850828729 0.00980392156862745 0.019337016574585635
0.0 0.6482843137254902 0.3425414364640884 0.007352941176470588 0.022099447513812154
0.0 0.6360294117647058 0.3397790055248619 0.012254901960784314 0.027624309392265192
0.0 0.6397058823529411 0.324585635359116 0.004901960784313725 0.013812154696132596
0.0 0.6360294117647058 0.3314917127071823 0.007352941176470588 0.027624309392265192
0.0 0.6605392156862745 0.3425414364640884 0.012254901960784314 0.027624309392265192
0.0 0.6482843137254902 0.6339779005524862 0.012254901960784314 0.03038674033149171
0.0 0.35171568627450983 0.4447513812154696 0.007352941176470588 0.022099447513812154
0.0 0.2536764705882353 0.8397790055248618 0.01715686274509804 0.022099447513812154
0.0 0.633578431372549 0.8895027624309392 0.012254901960784314 0.016574585635359115
0.0 0.616421568627451 0.9447513812154696 0.012254901960784314 0.011049723756906077
0.0 0.6323529411764706 0.9281767955801105 0.014705882352941176 0.016574585635359115
