5.0 0.4387254901960784 0.9875690607734806 0.03431372549019608 0.019337016574585635
3.0 0.46078431372549017 0.962707182320442 0.024509803921568627 0.019337016574585635
4.0 0.5428921568627451 0.9792817679558011 0.02696078431372549 0.019337016574585635
5.0 0.5747549019607843 0.9861878453038674 0.031862745098039214 0.016574585635359115
8.0 0.6078431372549019 0.9696132596685083 0.05392156862745098 0.04419889502762431
3.0 0.5772058823529411 0.888121546961326 0.031862745098039214 0.03591160220994475
3.0 0.44485294117647056 0.9046961325966851 0.02696078431372549 0.024861878453038673
3.0 0.41544117647058826 0.9033149171270718 0.02696078431372549 0.027624309392265192
4.0 0.43504901960784315 0.8466850828729282 0.02696078431372549 0.03591160220994475
3.0 0.41544117647058826 0.7693370165745856 0.031862745098039214 0.04143646408839779
5.0 0.38235294117647056 0.7748618784530387 0.05392156862745098 0.09116022099447514
3.0 0.36764705882352944 0.6602209944751382 0.029411764705882353 0.04419889502762431
3.0 0.40931372549019607 0.6988950276243094 0.029411764705882353 0.04419889502762431
3.0 0.4019607843137255 0.6395027624309392 0.029411764705882353 0.04696132596685083
4.0 0.3627450980392157 0.5870165745856354 0.029411764705882353 0.058011049723756904
4.0 0.3958333333333333 0.5732044198895028 0.031862745098039214 0.052486187845303865
9.0 0.36519607843137253 0.537292817679558 0.014705882352941176 0.024861878453038673
3.0 0.35784313725490197 0.5013812154696132 0.024509803921568627 0.04696132596685083
3.0 0.39338235294117646 0.4958563535911602 0.022058823529411766 0.04696132596685083
3.0 0.3553921568627451 0.44613259668508287 0.024509803921568627 0.04696132596685083
3.0 0.3897058823529412 0.43370165745856354 0.024509803921568627 0.04419889502762431
3.0 0.3002450980392157 0.3784530386740331 0.022058823529411766 0.03314917127071823
3.0 0.3284313725490196 0.38812154696132595 0.024509803921568627 0.04143646408839779
3.0 0.35661764705882354 0.39779005524861877 0.02696078431372549 0.03867403314917127
3.0 0.3909313725490196 0.36464088397790057 0.02696078431372549 0.03867403314917127
3.0 0.3602941176470588 0.34806629834254144 0.024509803921568627 0.03867403314917127
3.0 0.33578431372549017 0.32734806629834257 0.024509803921568627 0.03591160220994475
3.0 0.30637254901960786 0.3328729281767956 0.024509803921568627 0.04143646408839779
3.0 0.36151960784313725 0.3052486187845304 0.022058823529411766 0.03591160220994475
3.0 0.4227941176470588 0.31629834254143646 0.02696078431372549 0.03591160220994475
9.0 0.3909313725490196 0.30939226519337015 0.012254901960784314 0.016574585635359115
1.0 0.39215686274509803 0.30386740331491713 0.00980392156862745 0.011049723756906077
3.0 0.1409313725490196 0.287292817679558 0.01715686274509804 0.022099447513812154
3.0 0.14460784313725492 0.27071823204419887 0.0196078431372549 0.022099447513812154
3.0 0.16911764705882354 0.2569060773480663 0.0196078431372549 0.022099447513812154
3.0 0.16911764705882354 0.27071823204419887 0.024509803921568627 0.027624309392265192
3.0 0.2034313725490196 0.23756906077348067 0.024509803921568627 0.022099447513812154
3.0 0.19730392156862744 0.2569060773480663 0.02696078431372549 0.022099447513812154
3.0 0.23774509803921567 0.24585635359116023 0.029411764705882353 0.022099447513812154
3.0 0.23529411764705882 0.23756906077348067 0.029411764705882353 0.022099447513812154
8.0 0.25 0.2223756906077348 0.04411764705882353 0.03591160220994475
3.0 0.27818627450980393 0.22375690607734808 0.02696078431372549 0.022099447513812154
3.0 0.28431372549019607 0.20441988950276244 0.029411764705882353 0.022099447513812154
3.0 0.31862745098039214 0.20165745856353592 0.03431372549019608 0.022099447513812154
3.0 0.33455882352941174 0.2154696132596685 0.041666666666666664 0.027624309392265192
3.0 0.3897058823529412 0.17679558011049723 0.0392156862745098 0.016574585635359115
3.0 0.6311274509803921 0.23066298342541436 0.041666666666666664 0.024861878453038673
3.0 0.678921568627451 0.23895027624309392 0.0392156862745098 0.024861878453038673
8.0 0.6568627450980392 0.21685082872928177 0.10294117647058823 0.058011049723756904
5.0 0.7365196078431373 0.23480662983425415 0.041666666666666664 0.03867403314917127
8.0 0.6973039215686274 0.2085635359116022 0.09068627450980392 0.052486187845303865
5.0 0.6102941176470589 0.19889502762430938 0.06372549019607843 0.03867403314917127
0.0 0.6507352941176471 0.8577348066298343 0.007352941176470588 0.008287292817679558
0.0 0.6409313725490197 0.7914364640883977 0.012254901960784314 0.019337016574585635
