9.0 0.06495098039215687 0.22036082474226804 0.007352941176470588 0.01288659793814433
0.0 0.07965686274509803 0.19716494845360824 0.007352941176470588 0.01288659793814433
0.0 0.08088235294117647 0.1958762886597938 0.00980392156862745 0.015463917525773196
0.0 0.08333333333333333 0.19458762886597938 0.00980392156862745 0.01288659793814433
0.0 0.08946078431372549 0.18685567010309279 0.007352941176470588 0.01288659793814433
0.0 0.10049019607843138 0.17396907216494845 0.00980392156862745 0.01288659793814433
0.0 0.09313725490196079 0.18170103092783504 0.00980392156862745 0.01288659793814433
0.0 0.08946078431372549 0.18556701030927836 0.007352941176470588 0.010309278350515464
1.0 0.1801470588235294 0.10824742268041238 0.007352941176470588 0.010309278350515464
1.0 0.18504901960784315 0.1056701030927835 0.007352941176470588 0.010309278350515464
1.0 0.18137254901960784 0.10695876288659793 0.004901960784313725 0.007731958762886598
1.0 0.20465686274509803 0.08891752577319588 0.007352941176470588 0.007731958762886598
1.0 0.21446078431372548 0.08247422680412371 0.007352941176470588 0.005154639175257732
2.0 0.22794117647058823 0.07603092783505154 0.00980392156862745 0.007731958762886598
2.0 0.3713235294117647 0.023195876288659795 0.007352941176470588 0.005154639175257732
2.0 0.38357843137254904 0.020618556701030927 0.007352941176470588 0.005154639175257732
2.0 0.38848039215686275 0.02190721649484536 0.007352941176470588 0.002577319587628866
1.0 0.5343137254901961 0.00902061855670103 0.004901960784313725 0.002577319587628866
2.0 0.5355392156862745 0.00902061855670103 0.007352941176470588 0.002577319587628866
2.0 0.633578431372549 0.01804123711340206 0.007352941176470588 0.005154639175257732
1.0 0.6911764705882353 0.03994845360824742 0.00980392156862745 0.002577319587628866
1.0 0.7279411764705882 0.05412371134020619 0.004901960784313725 0.005154639175257732
9.0 0.7303921568627451 0.055412371134020616 0.014705882352941176 0.007731958762886598
0.0 0.8468137254901961 0.12886597938144329 0.007352941176470588 0.010309278350515464
0.0 0.8541666666666666 0.12757731958762886 0.007352941176470588 0.007731958762886598
0.0 0.8553921568627451 0.13015463917525774 0.004901960784313725 0.007731958762886598
0.0 0.9031862745098039 0.18170103092783504 0.007352941176470588 0.01288659793814433
0.0 0.7034313725490197 0.08762886597938144 0.014705882352941176 0.015463917525773196
1.0 0.48651960784313725 0.037371134020618556 0.007352941176470588 0.007731958762886598
2.0 0.4889705882352941 0.03865979381443299 0.022058823529411766 0.005154639175257732
0.0 0.2696078431372549 0.14432989690721648 0.024509803921568627 0.02577319587628866
0.0 0.2928921568627451 0.13402061855670103 0.022058823529411766 0.02577319587628866
1.0 0.29411764705882354 0.125 0.0196078431372549 0.01804123711340206
0.0 0.19975490196078433 0.23195876288659795 0.022058823529411766 0.030927835051546393
0.0 0.20710784313725492 0.25257731958762886 0.022058823529411766 0.030927835051546393
0.0 0.16666666666666666 0.28737113402061853 0.0196078431372549 0.03350515463917526
1.0 0.16666666666666666 0.2847938144329897 0.00980392156862745 0.01288659793814433
0.0 0.18872549019607843 0.30412371134020616 0.0196078431372549 0.041237113402061855
2.0 0.20955882352941177 0.34149484536082475 0.031862745098039214 0.05412371134020619
2.0 0.18504901960784315 0.6030927835051546 0.03676470588235294 0.04639175257731959
2.0 0.1875 0.5811855670103093 0.041666666666666664 0.04896907216494845
2.0 0.16176470588235295 0.6610824742268041 0.029411764705882353 0.03350515463917526
0.0 0.1482843137254902 0.6262886597938144 0.022058823529411766 0.04639175257731959
0.0 0.31985294117647056 0.8505154639175257 0.03676470588235294 0.04639175257731959
0.0 0.01715686274509804 0.5554123711340206 0.004901960784313725 0.03350515463917526
0.0 0.5134803921568627 0.8286082474226805 0.02696078431372549 0.03350515463917526
0.0 0.9044117647058824 0.6301546391752577 0.0196078431372549 0.05412371134020619
0.0 0.7009803921568627 0.4020618556701031 0.0196078431372549 0.05154639175257732
0.0 0.6507352941176471 0.3943298969072165 0.02696078431372549 0.08247422680412371
0.0 0.4019607843137255 0.1327319587628866 0.029411764705882353 0.028350515463917526
2.0 0.19730392156862744 0.09664948453608248 0.012254901960784314 0.007731958762886598
0.0 0.38112745098039214 0.14304123711340205 0.022058823529411766 0.028350515463917526
0.0 0.5490196078431373 0.14304123711340205 0.0196078431372549 0.023195876288659795
0.0 0.375 0.4652061855670103 0.04411764705882353 0.07474226804123711
0.0 0.3713235294117647 0.6752577319587629 0.04656862745098039 0.07731958762886598
0.0 0.5784313725490197 0.6894329896907216 0.058823529411764705 0.08505154639175258
0.0 0.75 0.13144329896907217 0.0196078431372549 0.020618556701030927
0.0 0.8823529411764706 0.23711340206185566 0.014705882352941176 0.02577319587628866
0.0 0.9215686274509803 0.4652061855670103 0.00980392156862745 0.03865979381443299
1.0 0.9436274509803921 0.31829896907216493 0.00980392156862745 0.01804123711340206
1.0 0.9448529411764706 0.33634020618556704 0.007352941176470588 0.01804123711340206
0.0 0.9558823529411765 0.32989690721649484 0.00980392156862745 0.02577319587628866
1.0 0.9448529411764706 0.32216494845360827 0.007352941176470588 0.020618556701030927
9.0 0.946078431372549 0.3402061855670103 0.00980392156862745 0.02577319587628866
9.0 0.9803921568627451 0.43170103092783507 0.004901960784313725 0.023195876288659795
0.0 0.8553921568627451 0.8234536082474226 0.0196078431372549 0.028350515463917526
0.0 0.8492647058823529 0.8427835051546392 0.022058823529411766 0.02577319587628866
0.0 0.8676470588235294 0.8144329896907216 0.0196078431372549 0.02577319587628866
1.0 0.8578431372549019 0.8311855670103093 0.0196078431372549 0.023195876288659795
1.0 0.8627450980392157 0.8350515463917526 0.024509803921568627 0.030927835051546393
1.0 0.8737745098039216 0.8260309278350515 0.01715686274509804 0.023195876288659795
1.0 0.8786764705882353 0.8170103092783505 0.012254901960784314 0.015463917525773196
1.0 0.875 0.8195876288659794 0.0196078431372549 0.030927835051546393
1.0 0.875 0.8118556701030928 0.0196078431372549 0.02577319587628866
2.0 0.7855392156862745 0.14304123711340205 0.01715686274509804 0.01804123711340206
