8.0 0.7426470588235294 0.9116022099447514 0.13725490196078433 0.11602209944751381
0.0 0.9448529411764706 0.7679558011049724 0.01715686274509804 0.03314917127071823
4.0 0.6384803921568627 0.893646408839779 0.15441176470588236 0.1298342541436464
3.0 0.01715686274509804 0.6160220994475138 0.029411764705882353 0.09392265193370165
0.0 0.012254901960784314 0.48204419889502764 0.004901960784313725 0.024861878453038673
0.0 0.012254901960784314 0.47099447513812154 0.004901960784313725 0.024861878453038673
0.0 0.012254901960784314 0.46408839779005523 0.004901960784313725 0.022099447513812154
0.0 0.00980392156862745 0.511049723756906 0.004901960784313725 0.027624309392265192
0.0 0.00857843137254902 0.5207182320441989 0.0024509803921568627 0.019337016574585635
0.0 0.00857843137254902 0.505524861878453 0.0024509803921568627 0.016574585635359115
0.0 0.05759803921568627 0.5911602209944752 0.012254901960784314 0.03867403314917127
0.0 0.1017156862745098 0.5980662983425414 0.012254901960784314 0.04696132596685083
0.0 0.10294117647058823 0.7320441988950276 0.0196078431372549 0.03867403314917127
0.0 0.10661764705882353 0.7168508287292817 0.01715686274509804 0.03591160220994475
0.0 0.11397058823529412 0.744475138121547 0.012254901960784314 0.024861878453038673
0.0 0.12622549019607843 0.7638121546961326 0.022058823529411766 0.04143646408839779
0.0 0.14215686274509803 0.7458563535911602 0.024509803921568627 0.04419889502762431
1.0 0.13970588235294118 0.744475138121547 0.014705882352941176 0.024861878453038673
0.0 0.26348039215686275 0.7720994475138122 0.031862745098039214 0.04696132596685083
0.0 0.29901960784313725 0.8121546961325967 0.024509803921568627 0.03867403314917127
0.0 0.30392156862745096 0.7969613259668509 0.03431372549019608 0.04143646408839779
0.0 0.27450980392156865 0.7361878453038674 0.029411764705882353 0.058011049723756904
0.0 0.2806372549019608 0.7140883977900553 0.031862745098039214 0.058011049723756904
0.0 0.3174019607843137 0.7527624309392266 0.03676470588235294 0.058011049723756904
0.0 0.4056372549019608 0.7582872928176796 0.02696078431372549 0.052486187845303865
0.0 0.4166666666666667 0.744475138121547 0.04411764705882353 0.06353591160220995
0.0 0.3713235294117647 0.7900552486187845 0.041666666666666664 0.06077348066298342
3.0 0.8198529411764706 0.14226519337016574 0.061274509803921566 0.07458563535911603
