0.0 0.012254901960784314 0.3788659793814433 0.004901960784313725 0.020618556701030927
0.0 0.006127450980392157 0.41494845360824745 0.0024509803921568627 0.020618556701030927
0.0 0.9387254901960784 0.4677835051546392 0.004901960784313725 0.03865979381443299
0.0 0.9424019607843137 0.4652061855670103 0.007352941176470588 0.04381443298969072
0.0 0.9730392156862745 0.5489690721649485 0.004901960784313725 0.03608247422680412
0.0 0.9901960784313726 0.4690721649484536 0.004901960784313725 0.030927835051546393
3.0 0.8112745098039216 0.884020618556701 0.13725490196078433 0.11855670103092783
3.0 0.06495098039215687 0.37628865979381443 0.022058823529411766 0.04639175257731959
3.0 0.12254901960784313 0.3118556701030928 0.03431372549019608 0.04639175257731959
3.0 0.10294117647058823 0.3131443298969072 0.024509803921568627 0.03865979381443299
3.0 0.3627450980392157 0.21391752577319587 0.09313725490196079 0.04639175257731959
3.0 0.6041666666666666 0.2422680412371134 0.12009803921568628 0.061855670103092786
3.0 0.8786764705882353 0.35695876288659795 0.041666666666666664 0.05412371134020619
3.0 0.9718137254901961 0.4742268041237113 0.012254901960784314 0.03608247422680412
3.0 0.9791666666666666 0.45103092783505155 0.012254901960784314 0.041237113402061855
3.0 0.9705882352941176 0.3234536082474227 0.004901960784313725 0.01288659793814433
3.0 0.9730392156862745 0.327319587628866 0.004901960784313725 0.010309278350515464
3.0 0.9558823529411765 0.31958762886597936 0.00980392156862745 0.020618556701030927
3.0 0.9828431372549019 0.4329896907216495 0.00980392156862745 0.030927835051546393
3.0 0.9877450980392157 0.4265463917525773 0.00980392156862745 0.028350515463917526
3.0 0.9840686274509803 0.5592783505154639 0.022058823529411766 0.05670103092783505
3.0 0.9791666666666666 0.586340206185567 0.031862745098039214 0.07474226804123711
8.0 0.9375 0.7422680412371134 0.07598039215686274 0.14948453608247422
3.0 0.9889705882352942 0.5489690721649485 0.01715686274509804 0.05154639175257732
3.0 0.9926470588235294 0.5360824742268041 0.00980392156862745 0.04639175257731959
3.0 0.9436274509803921 0.30412371134020616 0.014705882352941176 0.020618556701030927
3.0 0.9350490196078431 0.30283505154639173 0.012254901960784314 0.023195876288659795
3.0 0.9313725490196079 0.3015463917525773 0.014705882352941176 0.02577319587628866
3.0 0.9240196078431373 0.29381443298969073 0.014705882352941176 0.02577319587628866
3.0 0.9191176470588235 0.2912371134020619 0.014705882352941176 0.02577319587628866
3.0 0.9166666666666666 0.2912371134020619 0.014705882352941176 0.02577319587628866
3.0 0.9093137254901961 0.28865979381443296 0.0196078431372549 0.030927835051546393
3.0 0.9031862745098039 0.28737113402061853 0.01715686274509804 0.028350515463917526
3.0 0.8982843137254902 0.28350515463917525 0.022058823529411766 0.030927835051546393
3.0 0.8933823529411765 0.28737113402061853 0.022058823529411766 0.03350515463917526
3.0 0.8713235294117647 0.2757731958762887 0.031862745098039214 0.041237113402061855
3.0 0.8651960784313726 0.2757731958762887 0.03431372549019608 0.041237113402061855
3.0 0.8492647058823529 0.2693298969072165 0.031862745098039214 0.03865979381443299
3.0 0.8357843137254902 0.26417525773195877 0.04411764705882353 0.04896907216494845
3.0 0.8125 0.2603092783505155 0.051470588235294115 0.05154639175257732
3.0 0.7720588235294118 0.24742268041237114 0.058823529411764705 0.05154639175257732
3.0 0.8786764705882353 0.2757731958762887 0.031862745098039214 0.03608247422680412
3.0 0.946078431372549 0.3324742268041237 0.014705882352941176 0.030927835051546393
3.0 0.9276960784313726 0.32087628865979384 0.01715686274509804 0.03350515463917526
3.0 0.8553921568627451 0.3286082474226804 0.049019607843137254 0.059278350515463915
3.0 0.6703431372549019 0.2422680412371134 0.09068627450980392 0.05670103092783505
3.0 0.45955882352941174 0.18943298969072164 0.0857843137254902 0.04381443298969072
3.0 0.5134803921568627 0.18556701030927836 0.07107843137254902 0.030927835051546393
3.0 0.5514705882352942 0.18298969072164947 0.07352941176470588 0.030927835051546393
3.0 0.5870098039215687 0.18170103092783504 0.07107843137254902 0.03865979381443299
4.0 0.6568627450980392 0.18427835051546393 0.08823529411764706 0.05412371134020619
3.0 0.3443627450980392 0.19716494845360824 0.07598039215686274 0.04381443298969072
3.0 0.24754901960784315 0.25902061855670105 0.07352941176470588 0.06443298969072164
3.0 0.31862745098039214 0.19845360824742267 0.07352941176470588 0.04639175257731959
3.0 0.29044117647058826 0.2036082474226804 0.07598039215686274 0.05154639175257732
3.0 0.26715686274509803 0.2036082474226804 0.06372549019607843 0.04639175257731959
3.0 0.24754901960784315 0.21005154639175258 0.058823529411764705 0.04381443298969072
3.0 0.23161764705882354 0.21262886597938144 0.04656862745098039 0.04381443298969072
3.0 0.18872549019607843 0.26288659793814434 0.049019607843137254 0.04639175257731959
3.0 0.12990196078431374 0.27319587628865977 0.03431372549019608 0.03608247422680412
3.0 0.12009803921568628 0.27319587628865977 0.029411764705882353 0.03608247422680412
3.0 0.1090686274509804 0.2757731958762887 0.02696078431372549 0.03608247422680412
3.0 0.10416666666666667 0.27448453608247425 0.02696078431372549 0.03350515463917526
3.0 0.09436274509803921 0.3079896907216495 0.022058823529411766 0.03350515463917526
3.0 0.08455882352941177 0.30670103092783507 0.022058823529411766 0.03608247422680412
3.0 0.07965686274509803 0.30412371134020616 0.01715686274509804 0.030927835051546393
3.0 0.07475490196078431 0.29896907216494845 0.01715686274509804 0.02577319587628866
3.0 0.06862745098039216 0.297680412371134 0.014705882352941176 0.023195876288659795
3.0 0.06495098039215687 0.2963917525773196 0.012254901960784314 0.020618556701030927
3.0 0.0625 0.2963917525773196 0.012254901960784314 0.020618556701030927
5.0 0.07230392156862746 0.27190721649484534 0.02696078431372549 0.03865979381443299
3.0 0.05024509803921569 0.29896907216494845 0.007352941176470588 0.015463917525773196
3.0 0.14338235294117646 0.27319587628865977 0.04656862745098039 0.04639175257731959
4.0 0.19852941176470587 0.27448453608247425 0.058823529411764705 0.06443298969072164
3.0 0.03308823529411765 0.37242268041237114 0.012254901960784314 0.028350515463917526
3.0 0.023284313725490197 0.422680412371134 0.012254901960784314 0.030927835051546393
3.0 0.0196078431372549 0.40850515463917525 0.00980392156862745 0.028350515463917526
3.0 0.0196078431372549 0.39304123711340205 0.00980392156862745 0.028350515463917526
3.0 0.01715686274509804 0.38788659793814434 0.00980392156862745 0.023195876288659795
3.0 0.01838235294117647 0.37757731958762886 0.012254901960784314 0.028350515463917526
3.0 0.01715686274509804 0.3492268041237113 0.004901960784313725 0.01804123711340206
0.0 0.05392156862745098 0.29510309278350516 0.004901960784313725 0.01288659793814433
0.0 0.0392156862745098 0.2963917525773196 0.004901960784313725 0.010309278350515464
0.0 0.03676470588235294 0.29896907216494845 0.004901960784313725 0.010309278350515464
3.0 0.0428921568627451 0.28994845360824745 0.007352941176470588 0.01288659793814433
3.0 0.041666666666666664 0.28994845360824745 0.004901960784313725 0.007731958762886598
