3.0 0.08946078431372549 0.17654639175257733 0.007352941176470588 0.01288659793814433
3.0 0.09681372549019608 0.18556701030927836 0.012254901960784314 0.020618556701030927
3.0 0.09068627450980392 0.19072164948453607 0.014705882352941176 0.020618556701030927
0.0 0.07107843137254902 0.2190721649484536 0.004901960784313725 0.005154639175257732
0.0 0.06985294117647059 0.22164948453608246 0.0024509803921568627 0.005154639175257732
3.0 0.06372549019607843 0.23067010309278352 0.00980392156862745 0.01804123711340206
3.0 0.06740196078431372 0.2551546391752577 0.012254901960784314 0.020618556701030927
3.0 0.0821078431372549 0.23711340206185566 0.012254901960784314 0.020618556701030927
3.0 0.09313725490196079 0.22809278350515463 0.014705882352941176 0.023195876288659795
3.0 0.11764705882352941 0.2036082474226804 0.0196078431372549 0.02577319587628866
3.0 0.20710784313725492 0.1327319587628866 0.022058823529411766 0.023195876288659795
3.0 0.22549019607843138 0.12628865979381443 0.0196078431372549 0.020618556701030927
9.0 0.24387254901960784 0.1172680412371134 0.007352941176470588 0.007731958762886598
9.0 0.25980392156862747 0.1056701030927835 0.004901960784313725 0.005154639175257732
3.0 0.2708333333333333 0.10309278350515463 0.022058823529411766 0.020618556701030927
3.0 0.3137254901960784 0.08634020618556701 0.0196078431372549 0.01804123711340206
3.0 0.33088235294117646 0.07989690721649484 0.0196078431372549 0.015463917525773196
3.0 0.3700980392156863 0.06958762886597938 0.0196078431372549 0.015463917525773196
3.0 0.3909313725490196 0.06443298969072164 0.022058823529411766 0.015463917525773196
3.0 0.40931372549019607 0.05798969072164949 0.0196078431372549 0.01288659793814433
3.0 0.4252450980392157 0.05798969072164949 0.01715686274509804 0.01288659793814433
3.0 0.24019607843137256 0.18814432989690721 0.0196078431372549 0.02577319587628866
3.0 0.22794117647058823 0.27448453608247425 0.029411764705882353 0.04896907216494845
3.0 0.27205882352941174 0.2615979381443299 0.03431372549019608 0.04896907216494845
3.0 0.38235294117647056 0.22551546391752578 0.03431372549019608 0.04381443298969072
3.0 0.16176470588235295 0.31443298969072164 0.024509803921568627 0.04639175257731959
3.0 0.45098039215686275 0.21391752577319587 0.029411764705882353 0.041237113402061855
3.0 0.5563725490196079 0.23969072164948454 0.06862745098039216 0.030927835051546393
3.0 0.5012254901960784 0.37371134020618557 0.07107843137254902 0.05154639175257732
3.0 0.6090686274509803 0.28865979381443296 0.061274509803921566 0.03608247422680412
3.0 0.5049019607843137 0.05798969072164949 0.0392156862745098 0.007731958762886598
4.0 0.5747549019607843 0.010309278350515464 0.01715686274509804 0.010309278350515464
0.0 0.6262254901960784 0.027061855670103094 0.007352941176470588 0.002577319587628866
3.0 0.6127450980392157 0.04768041237113402 0.0196078431372549 0.01288659793814433
3.0 0.6752450980392157 0.1095360824742268 0.02696078431372549 0.023195876288659795
3.0 0.6544117647058824 0.13788659793814434 0.029411764705882353 0.028350515463917526
3.0 0.6740196078431373 0.16881443298969073 0.029411764705882353 0.03350515463917526
3.0 0.6936274509803921 0.20747422680412372 0.029411764705882353 0.03350515463917526
5.0 0.7193627450980392 0.2551546391752577 0.04656862745098039 0.07216494845360824
3.0 0.7450980392156863 0.3247422680412371 0.024509803921568627 0.04639175257731959
3.0 0.7634803921568627 0.3917525773195876 0.02696078431372549 0.061855670103092786
3.0 0.7757352941176471 0.4652061855670103 0.022058823529411766 0.06958762886597938
3.0 0.7867647058823529 0.5502577319587629 0.024509803921568627 0.06443298969072164
3.0 0.6397058823529411 0.8054123711340206 0.0392156862745098 0.04896907216494845
3.0 0.6029411764705882 0.8144329896907216 0.0392156862745098 0.04639175257731959
3.0 0.5674019607843137 0.8195876288659794 0.041666666666666664 0.04639175257731959
3.0 0.6593137254901961 0.8402061855670103 0.06372549019607843 0.030927835051546393
3.0 0.6397058823529411 0.8685567010309279 0.0392156862745098 0.041237113402061855
3.0 0.6066176470588235 0.8788659793814433 0.041666666666666664 0.03608247422680412
3.0 0.5772058823529411 0.8827319587628866 0.03676470588235294 0.028350515463917526
3.0 0.17279411764705882 0.7873711340206185 0.02696078431372549 0.04381443298969072
3.0 0.14338235294117646 0.6958762886597938 0.022058823529411766 0.04639175257731959
3.0 0.1875 0.7216494845360825 0.041666666666666664 0.05154639175257732
3.0 0.21200980392156862 0.7809278350515464 0.041666666666666664 0.03608247422680412
3.0 0.22058823529411764 0.8015463917525774 0.04411764705882353 0.03608247422680412
3.0 0.24387254901960784 0.7899484536082474 0.031862745098039214 0.04896907216494845
3.0 0.2647058823529412 0.7976804123711341 0.029411764705882353 0.03865979381443299
3.0 0.28799019607843135 0.8041237113402062 0.03676470588235294 0.04639175257731959
1.0 0.3161764705882353 0.8247422680412371 0.00980392156862745 0.010309278350515464
9.0 0.3174019607843137 0.8247422680412371 0.012254901960784314 0.015463917525773196
4.0 0.3492647058823529 0.8105670103092784 0.03676470588235294 0.04896907216494845
3.0 0.38112745098039214 0.8182989690721649 0.031862745098039214 0.04381443298969072
4.0 0.5355392156862745 0.970360824742268 0.022058823529411766 0.01288659793814433
3.0 0.4877450980392157 0.9961340206185567 0.0196078431372549 0.002577319587628866
3.0 0.44485294117647056 0.9948453608247423 0.01715686274509804 0.005154639175257732
3.0 0.37254901960784315 0.9677835051546392 0.024509803921568627 0.01804123711340206
3.0 0.31985294117647056 0.9574742268041238 0.02696078431372549 0.01804123711340206
3.0 0.3014705882352941 0.9523195876288659 0.024509803921568627 0.01804123711340206
3.0 0.28431372549019607 0.9458762886597938 0.024509803921568627 0.020618556701030927
3.0 0.25612745098039214 0.9342783505154639 0.022058823529411766 0.01804123711340206
3.0 0.2267156862745098 0.9213917525773195 0.02696078431372549 0.023195876288659795
3.0 0.1053921568627451 0.6791237113402062 0.0196078431372549 0.04381443298969072
9.0 0.08823529411764706 0.6662371134020618 0.004901960784313725 0.01288659793814433
3.0 0.08455882352941177 0.6713917525773195 0.01715686274509804 0.04381443298969072
3.0 0.0784313725490196 0.6713917525773195 0.014705882352941176 0.03865979381443299
3.0 0.06495098039215687 0.654639175257732 0.012254901960784314 0.03608247422680412
3.0 0.058823529411764705 0.6623711340206185 0.014705882352941176 0.03608247422680412
3.0 0.05269607843137255 0.6597938144329897 0.012254901960784314 0.03608247422680412
3.0 0.049019607843137254 0.6597938144329897 0.014705882352941176 0.03608247422680412
7.0 0.03553921568627451 0.6353092783505154 0.007352941176470588 0.023195876288659795
3.0 0.004901960784313725 0.4484536082474227 0.004901960784313725 0.02577319587628866
3.0 0.00980392156862745 0.4420103092783505 0.004901960784313725 0.028350515463917526
3.0 0.012254901960784314 0.4381443298969072 0.004901960784313725 0.02577319587628866
3.0 0.014705882352941176 0.43556701030927836 0.004901960784313725 0.02577319587628866
3.0 0.022058823529411766 0.4252577319587629 0.004901960784313725 0.02577319587628866
3.0 0.025735294117647058 0.42396907216494845 0.007352941176470588 0.028350515463917526
3.0 0.028186274509803922 0.41881443298969073 0.007352941176470588 0.028350515463917526
3.0 0.031862745098039214 0.4162371134020619 0.004901960784313725 0.023195876288659795
3.0 0.03553921568627451 0.41237113402061853 0.007352941176470588 0.030927835051546393
4.0 0.04534313725490196 0.4020618556701031 0.007352941176470588 0.030927835051546393
4.0 0.051470588235294115 0.4007731958762887 0.00980392156862745 0.03350515463917526
3.0 0.056372549019607844 0.39304123711340205 0.00980392156862745 0.03350515463917526
0.0 0.04534313725490196 0.37757731958762886 0.0024509803921568627 0.007731958762886598
0.0 0.04044117647058824 0.40463917525773196 0.0024509803921568627 0.010309278350515464
3.0 0.08455882352941177 0.36597938144329895 0.012254901960784314 0.03608247422680412
9.0 0.13480392156862744 0.3389175257731959 0.004901960784313725 0.01288659793814433
9.0 0.13848039215686275 0.32216494845360827 0.007352941176470588 0.015463917525773196
4.0 0.1213235294117647 0.3402061855670103 0.01715686274509804 0.041237113402061855
9.0 0.020833333333333332 0.6314432989690721 0.0024509803921568627 0.010309278350515464
3.0 0.16176470588235295 0.8814432989690721 0.024509803921568627 0.02577319587628866
3.0 0.12009803921568628 0.8518041237113402 0.014705882352941176 0.01804123711340206
3.0 0.7671568627450981 0.865979381443299 0.03431372549019608 0.03608247422680412
3.0 0.8284313725490197 0.7538659793814433 0.03431372549019608 0.05412371134020619
1.0 0.8627450980392157 0.6430412371134021 0.004901960784313725 0.007731958762886598
9.0 0.8615196078431373 0.6430412371134021 0.007352941176470588 0.01804123711340206
3.0 0.7340686274509803 0.06314432989690721 0.022058823529411766 0.01288659793814433
3.0 0.7634803921568627 0.09278350515463918 0.02696078431372549 0.015463917525773196
0.0 0.7794117647058824 0.10051546391752578 0.004901960784313725 0.005154639175257732
3.0 0.7928921568627451 0.1018041237113402 0.022058823529411766 0.01804123711340206
3.0 0.7855392156862745 0.09278350515463918 0.022058823529411766 0.015463917525773196
4.0 0.7794117647058824 0.08634020618556701 0.0196078431372549 0.01288659793814433
3.0 0.7598039215686274 0.07474226804123711 0.024509803921568627 0.015463917525773196
3.0 0.7757352941176471 0.10695876288659793 0.022058823529411766 0.01804123711340206
3.0 0.7867647058823529 0.11597938144329897 0.024509803921568627 0.020618556701030927
4.0 0.7941176470588235 0.125 0.03431372549019608 0.028350515463917526
3.0 0.8026960784313726 0.13530927835051546 0.02696078431372549 0.01804123711340206
3.0 0.8112745098039216 0.14690721649484537 0.024509803921568627 0.020618556701030927
3.0 0.8370098039215687 0.18170103092783504 0.02696078431372549 0.023195876288659795
4.0 0.8799019607843137 0.2190721649484536 0.024509803921568627 0.02577319587628866
3.0 0.8713235294117647 0.20747422680412372 0.022058823529411766 0.023195876288659795
3.0 0.8517156862745098 0.17268041237113402 0.022058823529411766 0.020618556701030927
3.0 0.8321078431372549 0.14948453608247422 0.022058823529411766 0.020618556701030927
3.0 0.8492647058823529 0.1481958762886598 0.01715686274509804 0.01804123711340206
0.0 0.9485294117647058 0.33762886597938147 0.004901960784313725 0.010309278350515464
0.0 0.9546568627450981 0.3234536082474227 0.0024509803921568627 0.007731958762886598
0.0 0.9375 0.28737113402061853 0.0024509803921568627 0.007731958762886598
