5.0 0.41299019607843135 0.9458762886597938 0.07598039215686274 0.061855670103092786
5.0 0.28431372549019607 0.35309278350515466 0.08333333333333333 0.12886597938144329
8.0 0.28431372549019607 0.1559278350515464 0.049019607843137254 0.059278350515463915
3.0 0.3553921568627451 0.7989690721649485 0.06372549019607843 0.08762886597938144
3.0 0.23651960784313725 0.25128865979381443 0.03676470588235294 0.04381443298969072
4.0 0.2855392156862745 0.13015463917525774 0.022058823529411766 0.023195876288659795
5.0 0.35049019607843135 0.05412371134020619 0.0196078431372549 0.015463917525773196
6.0 0.9264705882352942 0.4639175257731959 0.00980392156862745 0.041237113402061855
3.0 0.9362745098039216 0.47809278350515466 0.00980392156862745 0.04381443298969072
5.0 0.9497549019607843 0.5193298969072165 0.012254901960784314 0.07474226804123711
5.0 0.8578431372549019 0.14690721649484537 0.0196078431372549 0.02577319587628866
5.0 0.8492647058823529 0.8595360824742269 0.0857843137254902 0.08505154639175258
3.0 0.3872549019607843 0.22293814432989692 0.03431372549019608 0.03350515463917526
