3.0 0.12867647058823528 0.8479381443298969 0.051470588235294115 0.05154639175257732
3.0 0.11519607843137254 0.8234536082474226 0.04411764705882353 0.04896907216494845
3.0 0.0784313725490196 0.7564432989690721 0.04411764705882353 0.059278350515463915
3.0 0.16789215686274508 0.8621134020618557 0.051470588235294115 0.059278350515463915
3.0 0.2267156862745098 0.9085051546391752 0.07107843137254902 0.04896907216494845
3.0 0.1875 0.854381443298969 0.07107843137254902 0.059278350515463915
3.0 0.17401960784313725 0.8273195876288659 0.06862745098039216 0.061855670103092786
3.0 0.1556372549019608 0.7899484536082474 0.07107843137254902 0.06958762886597938
3.0 0.36519607843137253 0.9716494845360825 0.05392156862745098 0.030927835051546393
3.0 0.34068627450980393 0.9342783505154639 0.06372549019607843 0.04896907216494845
3.0 0.32230392156862747 0.8878865979381443 0.07107843137254902 0.06443298969072164
6.0 0.2977941176470588 0.836340206185567 0.0661764705882353 0.04381443298969072
3.0 0.28431372549019607 0.7474226804123711 0.09313725490196079 0.13402061855670103
3.0 0.2512254901960784 0.6275773195876289 0.12009803921568628 0.09020618556701031
3.0 0.24387254901960784 0.4742268041237113 0.11519607843137254 0.07731958762886598
3.0 0.2536764705882353 0.37757731958762886 0.11519607843137254 0.09536082474226804
3.0 0.2708333333333333 0.30927835051546393 0.125 0.08762886597938144
3.0 0.2928921568627451 0.24355670103092783 0.12990196078431374 0.08505154639175258
3.0 0.30514705882352944 0.1958762886597938 0.12990196078431374 0.07731958762886598
3.0 0.31985294117647056 0.15206185567010308 0.1053921568627451 0.05670103092783505
3.0 0.3602941176470588 0.07989690721649484 0.10294117647058823 0.04639175257731959
4.0 0.2855392156862745 0.09407216494845361 0.056372549019607844 0.04896907216494845
3.0 0.4019607843137255 0.014175257731958763 0.0784313725490196 0.023195876288659795
9.0 0.2647058823529412 0.09278350515463918 0.029411764705882353 0.015463917525773196
0.0 0.25612745098039214 0.1211340206185567 0.01715686274509804 0.015463917525773196
0.0 0.19852941176470587 0.20618556701030927 0.014705882352941176 0.020618556701030927
3.0 0.5612745098039216 0.9858247422680413 0.04411764705882353 0.023195876288659795
3.0 0.6924019607843137 0.8969072164948454 0.07107843137254902 0.06701030927835051
9.0 0.7046568627450981 0.49742268041237114 0.022058823529411766 0.06701030927835051
1.0 0.7046568627450981 0.49226804123711343 0.022058823529411766 0.03608247422680412
9.0 0.5821078431372549 0.02577319587628866 0.01715686274509804 0.010309278350515464
1.0 0.5821078431372549 0.023195876288659795 0.012254901960784314 0.005154639175257732
6.0 0.8051470588235294 0.8801546391752577 0.031862745098039214 0.03350515463917526
4.0 0.8823529411764706 0.7912371134020618 0.0392156862745098 0.061855670103092786
0.0 0.8897058823529411 0.7422680412371134 0.00980392156862745 0.020618556701030927
3.0 0.9019607843137255 0.6610824742268041 0.03431372549019608 0.09020618556701031
0.0 0.9252450980392157 0.4007731958762887 0.007352941176470588 0.023195876288659795
3.0 0.9215686274509803 0.46005154639175255 0.0196078431372549 0.10051546391752578
3.0 0.9730392156862745 0.5025773195876289 0.014705882352941176 0.03608247422680412
2.0 0.8737745098039216 0.2345360824742268 0.01715686274509804 0.02577319587628866
0.0 0.8125 0.10438144329896908 0.012254901960784314 0.01288659793814433
9.0 0.8002450980392157 0.09536082474226804 0.01715686274509804 0.015463917525773196
3.0 0.7879901960784313 0.09020618556701031 0.03676470588235294 0.030927835051546393
