1.0 0.1619718309859155 0.823076923076923 0.046948356807511735 0.06153846153846154
6.0 0.15375586854460094 0.8141025641025641 0.11032863849765258 0.13076923076923078
0.0 0.11150234741784038 0.7307692307692307 0.02112676056338028 0.05128205128205128
0.0 0.12206572769953052 0.7448717948717949 0.028169014084507043 0.05897435897435897
6.0 0.142018779342723 0.717948717948718 0.05868544600938967 0.07692307692307693
6.0 0.25704225352112675 0.8205128205128205 0.11971830985915492 0.09743589743589744
1.0 0.2699530516431925 0.8282051282051283 0.04225352112676056 0.046153846153846156
9.0 0.2147887323943662 0.7782051282051282 0.035211267605633804 0.04358974358974359
7.0 0.18661971830985916 0.7628205128205128 0.0539906103286385 0.08461538461538462
7.0 0.12206572769953052 0.7269230769230769 0.046948356807511735 0.07948717948717948
0.0 0.20774647887323944 0.6961538461538461 0.01643192488262911 0.038461538461538464
7.0 0.2007042253521127 0.6884615384615385 0.03990610328638498 0.05897435897435897
1.0 0.2335680751173709 0.6948717948717948 0.01643192488262911 0.03076923076923077
9.0 0.23826291079812206 0.7038461538461539 0.02112676056338028 0.038461538461538464
3.0 0.25 0.7205128205128205 0.0539906103286385 0.05641025641025641
1.0 0.6455399061032864 0.8666666666666667 0.04225352112676056 0.046153846153846156
9.0 0.636150234741784 0.8743589743589744 0.08450704225352113 0.05128205128205128
1.0 0.7758215962441315 0.8243589743589743 0.04929577464788732 0.0641025641025641
9.0 0.778169014084507 0.8243589743589743 0.06807511737089202 0.06923076923076923
9.0 0.8016431924882629 0.7935897435897435 0.0539906103286385 0.05384615384615385
1.0 0.8086854460093896 0.7807692307692308 0.035211267605633804 0.04871794871794872
0.0 0.9847417840375586 0.617948717948718 0.007042253521126761 0.03076923076923077
1.0 0.9859154929577465 0.6128205128205129 0.004694835680751174 0.020512820512820513
1.0 0.9788732394366197 0.6397435897435897 0.009389671361502348 0.03333333333333333
9.0 0.9776995305164319 0.6474358974358975 0.011737089201877934 0.038461538461538464
3.0 0.9002347417840375 0.6884615384615385 0.03990610328638498 0.06923076923076923
3.0 0.8732394366197183 0.7102564102564103 0.051643192488262914 0.07692307692307693
6.0 0.676056338028169 0.823076923076923 0.11267605633802817 0.06666666666666667
7.0 0.6748826291079812 0.8012820512820513 0.11971830985915492 0.07435897435897436
0.0 0.5516431924882629 0.8192307692307692 0.03286384976525822 0.04358974358974359
0.0 0.539906103286385 0.8128205128205128 0.018779342723004695 0.041025641025641026
1.0 0.5105633802816901 0.823076923076923 0.02112676056338028 0.020512820512820513
1.0 0.5105633802816901 0.8102564102564103 0.01643192488262911 0.020512820512820513
1.0 0.49413145539906106 0.8192307692307692 0.02112676056338028 0.023076923076923078
6.0 0.5070422535211268 0.8269230769230769 0.056338028169014086 0.038461538461538464
3.0 0.5469483568075117 0.767948717948718 0.056338028169014086 0.04358974358974359
3.0 0.6267605633802817 0.7307692307692307 0.056338028169014086 0.05128205128205128
0.0 0.8169014084507042 0.6846153846153846 0.014084507042253521 0.035897435897435895
0.0 0.6690140845070423 0.7282051282051282 0.018779342723004695 0.035897435897435895
0.0 0.6854460093896714 0.7166666666666667 0.014084507042253521 0.028205128205128206
0.0 0.6455399061032864 0.7384615384615385 0.018779342723004695 0.03076923076923077
9.0 0.6326291079812206 0.7423076923076923 0.03051643192488263 0.028205128205128206
9.0 0.607981220657277 0.7461538461538462 0.04225352112676056 0.02564102564102564
9.0 0.6572769953051644 0.7435897435897436 0.028169014084507043 0.03076923076923077
1.0 0.6807511737089202 0.7333333333333333 0.018779342723004695 0.035897435897435895
9.0 0.6784037558685446 0.7410256410256411 0.023474178403755867 0.035897435897435895
1.0 0.5011737089201878 0.764102564102564 0.02112676056338028 0.02564102564102564
1.0 0.5011737089201878 0.7602564102564102 0.01643192488262911 0.028205128205128206
9.0 0.5011737089201878 0.764102564102564 0.02112676056338028 0.03076923076923077
7.0 0.4460093896713615 0.7576923076923077 0.07042253521126761 0.05384615384615385
7.0 0.3931924882629108 0.7435897435897436 0.0539906103286385 0.05641025641025641
3.0 0.4307511737089202 0.7384615384615385 0.06338028169014084 0.05128205128205128
7.0 0.4800469483568075 0.7346153846153847 0.07746478873239436 0.04871794871794872
6.0 0.5727699530516432 0.6935897435897436 0.03755868544600939 0.038461538461538464
0.0 0.5669014084507042 0.6756410256410257 0.011737089201877934 0.017948717948717947
7.0 0.39906103286384975 0.6756410256410257 0.028169014084507043 0.038461538461538464
1.0 0.3732394366197183 0.6794871794871795 0.014084507042253521 0.02564102564102564
1.0 0.37089201877934275 0.6782051282051282 0.018779342723004695 0.017948717948717947
9.0 0.37089201877934275 0.6820512820512821 0.018779342723004695 0.02564102564102564
3.0 0.27699530516431925 0.6461538461538462 0.03286384976525822 0.041025641025641026
1.0 0.3215962441314554 0.6602564102564102 0.009389671361502348 0.017948717948717947
9.0 0.323943661971831 0.6615384615384615 0.014084507042253521 0.02564102564102564
1.0 0.29225352112676056 0.6461538461538462 0.011737089201877934 0.020512820512820513
9.0 0.2934272300469484 0.6487179487179487 0.018779342723004695 0.020512820512820513
3.0 0.3028169014084507 0.6333333333333333 0.03286384976525822 0.02564102564102564
3.0 0.22065727699530516 0.6461538461538462 0.03755868544600939 0.03076923076923077
3.0 0.33215962441314556 0.6282051282051282 0.04460093896713615 0.02564102564102564
0.0 0.3075117370892019 0.6205128205128205 0.009389671361502348 0.020512820512820513
3.0 0.2887323943661972 0.6128205128205129 0.023474178403755867 0.020512820512820513
1.0 0.4471830985915493 0.6743589743589744 0.011737089201877934 0.02564102564102564
2.0 0.44835680751173707 0.676923076923077 0.014084507042253521 0.015384615384615385
9.0 0.5234741784037559 0.6807692307692308 0.014084507042253521 0.007692307692307693
9.0 0.5328638497652582 0.6794871794871795 0.018779342723004695 0.015384615384615385
3.0 0.5845070422535211 0.6461538461538462 0.056338028169014086 0.035897435897435895
1.0 0.38497652582159625 0.6217948717948718 0.009389671361502348 0.017948717948717947
6.0 0.38615023474178406 0.6256410256410256 0.01643192488262911 0.015384615384615385
3.0 0.42370892018779344 0.6102564102564103 0.01643192488262911 0.015384615384615385
3.0 0.31338028169014087 0.5820512820512821 0.011737089201877934 0.015384615384615385
