3.0 0.06372549019607843 0.7448453608247423 0.058823529411764705 0.1134020618556701
3.0 0.024509803921568627 0.47680412371134023 0.014705882352941176 0.07216494845360824
3.0 0.9056372549019608 0.5180412371134021 0.041666666666666664 0.09278350515463918
3.0 0.9375 0.4381443298969072 0.031862745098039214 0.08247422680412371
3.0 0.9632352941176471 0.4536082474226804 0.0196078431372549 0.061855670103092786
3.0 0.0196078431372549 0.3788659793814433 0.0196078431372549 0.05670103092783505
0.0 0.00980392156862745 0.6146907216494846 0.004901960784313725 0.01288659793814433
9.0 0.6850490196078431 0.3324742268041237 0.03676470588235294 0.05154639175257732
9.0 0.7487745098039216 0.33118556701030927 0.031862745098039214 0.03350515463917526
6.0 0.7352941176470589 0.26417525773195877 0.03431372549019608 0.03865979381443299
9.0 0.5208333333333334 0.18298969072164947 0.03676470588235294 0.015463917525773196
0.0 0.32230392156862747 0.15850515463917525 0.01715686274509804 0.023195876288659795
0.0 0.3137254901960784 0.12242268041237113 0.014705882352941176 0.01804123711340206
0.0 0.2769607843137255 0.13144329896907217 0.014705882352941176 0.015463917525773196
0.0 0.2867647058823529 0.12757731958762886 0.014705882352941176 0.01804123711340206
0.0 0.3627450980392157 0.11597938144329897 0.00980392156862745 0.015463917525773196
0.0 0.3799019607843137 0.11211340206185567 0.014705882352941176 0.01804123711340206
0.0 0.35049019607843135 0.11469072164948453 0.00980392156862745 0.01288659793814433
0.0 0.48161764705882354 0.18556701030927836 0.01715686274509804 0.02577319587628866
0.0 0.8321078431372549 0.14175257731958762 0.012254901960784314 0.015463917525773196
0.0 0.9362745098039216 0.7396907216494846 0.014705882352941176 0.02577319587628866
0.0 0.9313725490196079 0.7487113402061856 0.00980392156862745 0.01804123711340206
0.0 0.9325980392156863 0.7512886597938144 0.012254901960784314 0.023195876288659795
3.0 0.9779411764705882 0.37757731958762886 0.0196078431372549 0.05412371134020619
3.0 0.9473039215686274 0.25257731958762886 0.022058823529411766 0.03608247422680412
3.0 0.9644607843137255 0.297680412371134 0.01715686274509804 0.03350515463917526
1.0 0.6875 0.3170103092783505 0.02696078431372549 0.041237113402061855
1.0 0.7524509803921569 0.327319587628866 0.024509803921568627 0.041237113402061855
