3.0 0.005868544600938967 0.4307692307692308 0.007042253521126761 0.035897435897435895
8.0 0.09154929577464789 0.23461538461538461 0.028169014084507043 0.05384615384615385
9.0 0.4284037558685446 0.0782051282051282 0.025821596244131457 0.01282051282051282
1.0 0.431924882629108 0.07435897435897436 0.014084507042253521 0.010256410256410256
5.0 0.2887323943661972 0.08974358974358974 0.1267605633802817 0.07179487179487179
5.0 0.4647887323943662 0.046153846153846156 0.2112676056338028 0.035897435897435895
0.0 0.5774647887323944 0.04230769230769231 0.014084507042253521 0.007692307692307693
0.0 0.6197183098591549 0.023076923076923078 0.009389671361502348 0.005128205128205128
5.0 0.4823943661971831 0.020512820512820513 0.09624413145539906 0.015384615384615385
9.0 0.6631455399061033 0.03717948717948718 0.01643192488262911 0.007692307692307693
3.0 0.431924882629108 0.11153846153846154 0.056338028169014086 0.038461538461538464
3.0 0.6349765258215962 0.10897435897435898 0.05868544600938967 0.038461538461538464
3.0 0.8169014084507042 0.7846153846153846 0.08450704225352113 0.08717948717948718
3.0 0.7981220657276995 0.8269230769230769 0.07981220657276995 0.07435897435897436
3.0 0.7546948356807511 0.9205128205128205 0.08215962441314555 0.05641025641025641
0.0 0.8474178403755869 0.14102564102564102 0.009389671361502348 0.010256410256410256
3.0 0.965962441314554 0.6935897435897436 0.011737089201877934 0.03333333333333333
