3.0 0.05759803921568627 0.23582474226804123 0.031862745098039214 0.059278350515463915
3.0 0.07720588235294118 0.20489690721649484 0.04656862745098039 0.06958762886597938
3.0 0.05024509803921569 0.27319587628865977 0.041666666666666664 0.08247422680412371
3.0 0.13725490196078433 0.13788659793814434 0.058823529411764705 0.06443298969072164
5.0 0.10049019607843138 0.19974226804123713 0.0784313725490196 0.11082474226804123
3.0 0.13480392156862744 0.16237113402061856 0.06862745098039216 0.07731958762886598
3.0 0.16789215686274508 0.12628865979381443 0.07107843137254902 0.07216494845360824
3.0 0.16789215686274508 0.10824742268041238 0.041666666666666664 0.03608247422680412
3.0 0.24632352941176472 0.06829896907216494 0.0857843137254902 0.059278350515463915
3.0 0.29044117647058826 0.04381443298969072 0.0661764705882353 0.03608247422680412
0.0 0.3174019607843137 0.07603092783505154 0.02696078431372549 0.023195876288659795
0.0 0.2928921568627451 0.07474226804123711 0.031862745098039214 0.020618556701030927
0.0 0.07352941176470588 0.27835051546391754 0.0196078431372549 0.03608247422680412
0.0 0.31862745098039214 0.06572164948453608 0.024509803921568627 0.01804123711340206
3.0 0.25612745098039214 0.1172680412371134 0.11519607843137254 0.09020618556701031
3.0 0.18627450980392157 0.1791237113402062 0.10294117647058823 0.11082474226804123
3.0 0.13480392156862744 0.24097938144329897 0.08823529411764706 0.1211340206185567
3.0 0.08823529411764706 0.30927835051546393 0.0784313725490196 0.12886597938144329
3.0 0.056372549019607844 0.38402061855670105 0.058823529411764705 0.14432989690721648
3.0 0.030637254901960783 0.44329896907216493 0.031862745098039214 0.1134020618556701
3.0 0.012254901960784314 0.49871134020618557 0.014705882352941176 0.08505154639175258
3.0 0.031862745098039214 0.6752577319587629 0.0392156862745098 0.10309278350515463
3.0 0.3897058823529412 0.05154639175257732 0.12254901960784313 0.05154639175257732
4.0 0.5232843137254902 0.023195876288659795 0.09558823529411764 0.030927835051546393
3.0 0.625 0.01804123711340206 0.0784313725490196 0.02577319587628866
5.0 0.8921568627450981 0.26417525773195877 0.11764705882352941 0.2036082474226804
5.0 0.8443627450980392 0.4162371134020619 0.125 0.3015463917525773
0.0 0.9595588235294118 0.6056701030927835 0.012254901960784314 0.03608247422680412
4.0 0.40808823529411764 0.8273195876288659 0.2622549019607843 0.17525773195876287
5.0 0.17279411764705882 0.8853092783505154 0.08088235294117647 0.07474226804123711
