0.0 0.08455882352941177 0.7651933701657458 0.007352941176470588 0.016574585635359115
9.0 0.09068627450980392 0.6933701657458563 0.00980392156862745 0.016574585635359115
3.0 0.21200980392156862 0.8397790055248618 0.04656862745098039 0.055248618784530384
3.0 0.9203431372549019 0.787292817679558 0.02696078431372549 0.04419889502762431
3.0 0.9607843137254902 0.6878453038674033 0.014705882352941176 0.04419889502762431
3.0 0.9816176470588235 0.5883977900552486 0.007352941176470588 0.03314917127071823
3.0 0.9730392156862745 0.585635359116022 0.00980392156862745 0.03314917127071823
3.0 0.9865196078431373 0.4544198895027624 0.0024509803921568627 0.019337016574585635
8.0 0.9803921568627451 0.4212707182320442 0.00980392156862745 0.04696132596685083
3.0 0.9730392156862745 0.3218232044198895 0.004901960784313725 0.013812154696132596
4.0 0.9644607843137255 0.3149171270718232 0.007352941176470588 0.016574585635359115
3.0 0.9325980392156863 0.2983425414364641 0.01715686274509804 0.027624309392265192
9.0 0.9571078431372549 0.2955801104972376 0.0024509803921568627 0.0055248618784530384
1.0 0.9571078431372549 0.2955801104972376 0.0024509803921568627 0.0055248618784530384
1.0 0.9497549019607843 0.2900552486187845 0.0024509803921568627 0.0055248618784530384
9.0 0.9497549019607843 0.2900552486187845 0.0024509803921568627 0.0055248618784530384
8.0 0.9387254901960784 0.24033149171270718 0.0196078431372549 0.03314917127071823
3.0 0.9730392156862745 0.40607734806629836 0.004901960784313725 0.027624309392265192
3.0 0.9656862745098039 0.393646408839779 0.00980392156862745 0.03038674033149171
3.0 0.8713235294117647 0.2886740331491713 0.022058823529411766 0.03038674033149171
4.0 0.9534313725490197 0.43646408839779005 0.00980392156862745 0.03867403314917127
3.0 0.9203431372549019 0.6602209944751382 0.01715686274509804 0.04419889502762431
3.0 0.8799019607843137 0.7265193370165746 0.024509803921568627 0.049723756906077346
4.0 0.9031862745098039 0.574585635359116 0.01715686274509804 0.049723756906077346
4.0 0.6580882352941176 0.8273480662983426 0.04656862745098039 0.052486187845303865
5.0 0.7720588235294118 0.6657458563535912 0.049019607843137254 0.09944751381215469
8.0 0.8149509803921569 0.23895027624309392 0.07107843137254902 0.10220994475138122
3.0 0.5821078431372549 0.10497237569060773 0.022058823529411766 0.016574585635359115
3.0 0.47181372549019607 0.2154696132596685 0.041666666666666664 0.027624309392265192
8.0 0.5257352941176471 0.049723756906077346 0.08088235294117647 0.022099447513812154
3.0 0.3946078431372549 0.052486187845303865 0.029411764705882353 0.011049723756906077
3.0 0.31495098039215685 0.0649171270718232 0.022058823529411766 0.013812154696132596
4.0 0.8333333333333334 0.8770718232044199 0.03431372549019608 0.04143646408839779
9.0 0.7708333333333334 0.8895027624309392 0.01715686274509804 0.022099447513812154
1.0 0.7745098039215687 0.8839779005524862 0.014705882352941176 0.016574585635359115
8.0 0.7107843137254902 0.9281767955801105 0.06372549019607843 0.06077348066298342
8.0 0.20833333333333334 0.744475138121547 0.09313725490196079 0.1574585635359116
8.0 0.21568627450980393 0.1477900552486188 0.029411764705882353 0.03038674033149171
8.0 0.21568627450980393 0.16160220994475138 0.0392156862745098 0.04696132596685083
8.0 0.21446078431372548 0.18646408839779005 0.04656862745098039 0.058011049723756904
8.0 0.23651960784313725 0.17541436464088397 0.051470588235294115 0.052486187845303865
8.0 0.26348039215686275 0.11740331491712708 0.07598039215686274 0.04696132596685083
8.0 0.26715686274509803 0.12016574585635359 0.06372549019607843 0.04143646408839779
8.0 0.2610294117647059 0.12845303867403315 0.07598039215686274 0.04696132596685083
8.0 0.27205882352941174 0.12845303867403315 0.0784313725490196 0.04696132596685083
8.0 0.2855392156862745 0.12845303867403315 0.09068627450980392 0.052486187845303865
8.0 0.30269607843137253 0.13812154696132597 0.09068627450980392 0.055248618784530384
8.0 0.3174019607843137 0.13950276243093923 0.09558823529411764 0.052486187845303865
8.0 0.3247549019607843 0.14502762430939226 0.10049019607843138 0.052486187845303865
8.0 0.42892156862745096 0.16988950276243095 0.11274509803921569 0.06906077348066299
8.0 0.3235294117647059 0.1505524861878453 0.07352941176470588 0.04143646408839779
0.0 0.17892156862745098 0.26657458563535913 0.004901960784313725 0.013812154696132596
0.0 0.18259803921568626 0.2638121546961326 0.007352941176470588 0.019337016574585635
0.0 0.20465686274509803 0.2596685082872928 0.007352941176470588 0.016574585635359115
0.0 0.15073529411764705 0.5759668508287292 0.007352941176470588 0.03038674033149171
0.0 0.15441176470588236 0.5718232044198895 0.004901960784313725 0.022099447513812154
0.0 0.17034313725490197 0.755524861878453 0.012254901960784314 0.024861878453038673
3.0 0.21323529411764705 0.6685082872928176 0.03431372549019608 0.055248618784530384
3.0 0.20588235294117646 0.585635359116022 0.029411764705882353 0.055248618784530384
3.0 0.21200980392156862 0.39779005524861877 0.022058823529411766 0.04419889502762431
3.0 0.2193627450980392 0.44613259668508287 0.022058823529411766 0.052486187845303865
4.0 0.21200980392156862 0.505524861878453 0.022058823529411766 0.055248618784530384
4.0 0.09436274509803921 0.27348066298342544 0.012254901960784314 0.016574585635359115
4.0 0.06740196078431372 0.32734806629834257 0.007352941176470588 0.019337016574585635
3.0 0.0625 0.3453038674033149 0.007352941176470588 0.016574585635359115
4.0 0.07598039215686274 0.3314917127071823 0.00980392156862745 0.027624309392265192
