1.0 0.39602803738317754 0.015776699029126214 0.04906542056074766 0.021844660194174758
9.0 0.3901869158878505 0.02063106796116505 0.056074766355140186 0.02669902912621359
7.0 0.6051401869158879 0.02912621359223301 0.09813084112149532 0.05339805825242718
0.0 0.2570093457943925 0.06310679611650485 0.056074766355140186 0.038834951456310676
0.0 0.2044392523364486 0.09101941747572816 0.04906542056074766 0.0412621359223301
5.0 0.07593457943925233 0.2536407766990291 0.10981308411214953 0.18689320388349515
0.0 0.24182242990654207 0.125 0.07242990654205607 0.06067961165048544
0.0 0.1261682242990654 0.24029126213592233 0.0514018691588785 0.07281553398058252
0.0 0.09929906542056074 0.2949029126213592 0.0397196261682243 0.07524271844660194
0.0 0.11098130841121495 0.3592233009708738 0.04906542056074766 0.10194174757281553
0.0 0.038551401869158876 0.42354368932038833 0.016355140186915886 0.06067961165048544
0.0 0.029205607476635514 0.5218446601941747 0.011682242990654205 0.043689320388349516
0.0 0.037383177570093455 0.5946601941747572 0.018691588785046728 0.05825242718446602
0.0 0.11682242990654206 0.758495145631068 0.04205607476635514 0.055825242718446605
1.0 0.09345794392523364 0.6662621359223301 0.028037383177570093 0.050970873786407765
2.0 0.7207943925233645 0.10922330097087378 0.07242990654205607 0.07281553398058252
3.0 0.594626168224299 0.5606796116504854 0.3014018691588785 0.6359223300970874
2.0 0.2161214953271028 0.13592233009708737 0.08177570093457943 0.08737864077669903
2.0 0.0969626168224299 0.37985436893203883 0.053738317757009345 0.15776699029126215
9.0 0.10046728971962617 0.6868932038834952 0.056074766355140186 0.13592233009708737
9.0 0.8925233644859814 0.4320388349514563 0.0514018691588785 0.0970873786407767
