3.0 0.06372549019607843 0.20994475138121546 0.014705882352941176 0.022099447513812154
3.0 0.08088235294117647 0.19475138121546962 0.014705882352941176 0.024861878453038673
3.0 0.08946078431372549 0.18370165745856354 0.01715686274509804 0.024861878453038673
3.0 0.09681372549019608 0.17403314917127072 0.01715686274509804 0.022099447513812154
8.0 0.09191176470588236 0.19889502762430938 0.051470588235294115 0.08287292817679558
0.0 0.1948529411764706 0.8425414364640884 0.012254901960784314 0.011049723756906077
0.0 0.22916666666666666 0.9185082872928176 0.012254901960784314 0.008287292817679558
0.0 0.1948529411764706 0.893646408839779 0.007352941176470588 0.008287292817679558
0.0 0.23529411764705882 0.8922651933701657 0.00980392156862745 0.011049723756906077
0.0 0.22549019607843138 0.8687845303867403 0.014705882352941176 0.013812154696132596
3.0 0.11151960784313726 0.22513812154696133 0.02696078431372549 0.04143646408839779
3.0 0.15196078431372548 0.1671270718232044 0.029411764705882353 0.03591160220994475
4.0 0.1715686274509804 0.1712707182320442 0.03431372549019608 0.04419889502762431
4.0 0.23161764705882354 0.1671270718232044 0.04656862745098039 0.04696132596685083
3.0 0.23039215686274508 0.21823204419889503 0.0392156862745098 0.049723756906077346
3.0 0.18872549019607843 0.281767955801105 0.0392156862745098 0.06077348066298342
3.0 0.13970588235294118 0.21823204419889503 0.029411764705882353 0.04419889502762431
3.0 0.19975490196078433 0.21132596685082872 0.03676470588235294 0.04696132596685083
3.0 0.18259803921568626 0.21408839779005526 0.03676470588235294 0.04696132596685083
3.0 0.17279411764705882 0.21132596685082872 0.03676470588235294 0.04696132596685083
3.0 0.1482843137254902 0.21823204419889503 0.031862745098039214 0.049723756906077346
3.0 0.15808823529411764 0.21823204419889503 0.03676470588235294 0.049723756906077346
3.0 0.1801470588235294 0.17265193370165746 0.03676470588235294 0.04143646408839779
3.0 0.19240196078431374 0.16988950276243095 0.03676470588235294 0.04143646408839779
3.0 0.2034313725490196 0.1685082872928177 0.03431372549019608 0.03867403314917127
3.0 0.2193627450980392 0.1643646408839779 0.03676470588235294 0.04143646408839779
3.0 0.25245098039215685 0.1671270718232044 0.0392156862745098 0.04143646408839779
0.0 0.5906862745098039 0.015193370165745856 0.004901960784313725 0.0027624309392265192
0.0 0.5857843137254902 0.015193370165745856 0.004901960784313725 0.0027624309392265192
8.0 0.6066176470588235 0.034530386740331494 0.0661764705882353 0.03038674033149171
4.0 0.6311274509803921 0.05662983425414365 0.051470588235294115 0.024861878453038673
3.0 0.6102941176470589 0.0787292817679558 0.04411764705882353 0.03038674033149171
4.0 0.3235294117647059 0.23480662983425415 0.06372549019607843 0.0718232044198895
4.0 0.375 0.17403314917127072 0.058823529411764705 0.055248618784530384
3.0 0.2659313725490196 0.23342541436464087 0.04656862745098039 0.058011049723756904
3.0 0.2916666666666667 0.23342541436464087 0.05392156862745098 0.06353591160220995
3.0 0.27205882352941174 0.1643646408839779 0.049019607843137254 0.04696132596685083
3.0 0.2916666666666667 0.1671270718232044 0.04411764705882353 0.04143646408839779
3.0 0.3088235294117647 0.17541436464088397 0.05392156862745098 0.052486187845303865
3.0 0.3431372549019608 0.17265193370165746 0.05392156862745098 0.04696132596685083
3.0 0.18137254901960784 0.3784530386740331 0.03431372549019608 0.06629834254143646
3.0 0.23039215686274508 0.39088397790055246 0.049019607843137254 0.07458563535911603
4.0 0.2193627450980392 0.3052486187845304 0.041666666666666664 0.06353591160220995
4.0 0.20220588235294118 0.2941988950276243 0.041666666666666664 0.06906077348066299
3.0 0.2512254901960784 0.2969613259668508 0.04656862745098039 0.06353591160220995
4.0 0.46568627450980393 0.5179558011049724 0.08333333333333333 0.11878453038674033
3.0 0.4803921568627451 0.4088397790055249 0.08333333333333333 0.0718232044198895
3.0 0.5134803921568627 0.3687845303867403 0.0661764705882353 0.052486187845303865
3.0 0.5208333333333334 0.3218232044198895 0.07598039215686274 0.058011049723756904
3.0 0.5330882352941176 0.27209944751381215 0.07598039215686274 0.04696132596685083
3.0 0.5588235294117647 0.24861878453038674 0.08333333333333333 0.055248618784530384
3.0 0.5968137254901961 0.21961325966850828 0.07107843137254902 0.04696132596685083
3.0 0.5330882352941176 0.5441988950276243 0.07107843137254902 0.10497237569060773
3.0 0.5882352941176471 0.5552486187845304 0.06862745098039216 0.10497237569060773
3.0 0.6372549019607843 0.5787292817679558 0.058823529411764705 0.0856353591160221
3.0 0.6801470588235294 0.600828729281768 0.061274509803921566 0.09116022099447514
3.0 0.7083333333333334 0.6312154696132597 0.058823529411764705 0.09116022099447514
9.0 0.821078431372549 0.7845303867403315 0.024509803921568627 0.027624309392265192
9.0 0.8137254901960784 0.7969613259668509 0.024509803921568627 0.03038674033149171
9.0 0.8051470588235294 0.8107734806629834 0.022058823529411766 0.024861878453038673
9.0 0.8345588235294118 0.7458563535911602 0.022058823529411766 0.027624309392265192
4.0 0.803921568627451 0.7375690607734806 0.058823529411764705 0.0718232044198895
3.0 0.8051470588235294 0.6712707182320442 0.04656862745098039 0.08287292817679558
3.0 0.7708333333333334 0.6685082872928176 0.04656862745098039 0.08287292817679558
3.0 0.7475490196078431 0.6353591160220995 0.04411764705882353 0.08839779005524862
9.0 0.7732843137254902 0.8397790055248618 0.01715686274509804 0.022099447513812154
9.0 0.7120098039215687 0.0787292817679558 0.022058823529411766 0.013812154696132596
1.0 0.7144607843137255 0.08011049723756906 0.007352941176470588 0.0055248618784530384
1.0 0.7107843137254902 0.07734806629834254 0.00980392156862745 0.011049723756906077
8.0 0.9068627450980392 0.255524861878453 0.058823529411764705 0.09116022099447514
5.0 0.9632352941176471 0.34392265193370164 0.024509803921568627 0.06353591160220995
5.0 0.9889705882352942 0.44613259668508287 0.012254901960784314 0.06353591160220995
3.0 0.991421568627451 0.511049723756906 0.0024509803921568627 0.03867403314917127
3.0 0.9865196078431373 0.5593922651933702 0.007352941176470588 0.04143646408839779
3.0 0.9632352941176471 0.6781767955801105 0.014705882352941176 0.04143646408839779
4.0 0.946078431372549 0.7265193370165746 0.0196078431372549 0.04419889502762431
8.0 0.9178921568627451 0.7886740331491713 0.04656862745098039 0.0856353591160221
