4.0 0.8615196078431373 0.5511049723756906 0.04656862745098039 0.17955801104972377
4.0 0.8909313725490197 0.5511049723756906 0.041666666666666664 0.17403314917127072
4.0 0.9154411764705882 0.5469613259668509 0.031862745098039214 0.15469613259668508
4.0 0.9338235294117647 0.5400552486187845 0.024509803921568627 0.13535911602209943
4.0 0.9497549019607843 0.5400552486187845 0.022058823529411766 0.1298342541436464
4.0 0.4791666666666667 0.9613259668508287 0.0661764705882353 0.06629834254143646
4.0 0.3480392156862745 0.13397790055248618 0.09313725490196079 0.1132596685082873
4.0 0.8799019607843137 0.819060773480663 0.06862745098039216 0.1132596685082873
4.0 0.5575980392156863 0.9585635359116023 0.08088235294117647 0.0718232044198895
4.0 0.40441176470588236 0.9599447513812155 0.08333333333333333 0.06906077348066299
4.0 0.33578431372549017 0.9392265193370166 0.09803921568627451 0.08839779005524862
4.0 0.6887254901960784 0.9350828729281768 0.08333333333333333 0.07458563535911603
4.0 0.16911764705882354 0.8798342541436464 0.08333333333333333 0.07458563535911603
8.0 0.5073529411764706 0.04281767955801105 0.08823529411764706 0.0856353591160221
8.0 0.5968137254901961 0.05386740331491713 0.09068627450980392 0.10220994475138122
8.0 0.7696078431372549 0.11464088397790055 0.12254901960784313 0.1464088397790055
8.0 0.8112745098039216 0.13950276243093923 0.11764705882352941 0.1574585635359116
8.0 0.9178921568627451 0.21961325966850828 0.07598039215686274 0.1408839779005525
3.0 0.3137254901960784 0.8577348066298343 0.10294117647058823 0.12430939226519337
3.0 0.571078431372549 0.8798342541436464 0.09313725490196079 0.10220994475138122
3.0 0.5882352941176471 0.569060773480663 0.09803921568627451 0.24861878453038674
3.0 0.2806372549019608 0.574585635359116 0.07598039215686274 0.23756906077348067
3.0 0.4803921568627451 0.36187845303867405 0.09313725490196079 0.1878453038674033
3.0 0.6813725490196079 0.3743093922651934 0.08823529411764706 0.17955801104972377
3.0 0.27941176470588236 0.3784530386740331 0.0784313725490196 0.16574585635359115
3.0 0.8860294117647058 0.2596685082872928 0.051470588235294115 0.11049723756906077
3.0 0.8517156862745098 0.8480662983425414 0.07107843137254902 0.09944751381215469
3.0 0.6237745098039216 0.9544198895027625 0.08088235294117647 0.06906077348066299
3.0 0.11397058823529412 0.835635359116022 0.056372549019607844 0.06353591160220995
3.0 0.15318627450980393 0.824585635359116 0.0857843137254902 0.09116022099447514
3.0 0.09558823529411764 0.7790055248618785 0.06372549019607843 0.08839779005524862
3.0 0.0821078431372549 0.7361878453038674 0.056372549019607844 0.0856353591160221
3.0 0.1409313725490196 0.7831491712707183 0.07598039215686274 0.0856353591160221
3.0 0.1017156862745098 0.6284530386740331 0.061274509803921566 0.09668508287292818
3.0 0.09803921568627451 0.5483425414364641 0.05392156862745098 0.09668508287292818
3.0 0.06740196078431372 0.47790055248618785 0.03676470588235294 0.0718232044198895
3.0 0.07107843137254902 0.6892265193370166 0.049019607843137254 0.08011049723756906
3.0 0.06495098039215687 0.643646408839779 0.04656862745098039 0.07734806629834254
3.0 0.05024509803921569 0.580110497237569 0.031862745098039214 0.06077348066298342
3.0 0.0392156862745098 0.6505524861878453 0.029411764705882353 0.10773480662983426
3.0 0.025735294117647058 0.6408839779005525 0.02696078431372549 0.09392265193370165
3.0 0.01838235294117647 0.638121546961326 0.022058823529411766 0.08287292817679558
3.0 0.007352941176470588 0.5593922651933702 0.014705882352941176 0.07458563535911603
5.0 0.0661764705882353 0.39640883977900554 0.07352941176470588 0.11878453038674033
5.0 0.07965686274509803 0.3411602209944751 0.07598039215686274 0.1132596685082873
5.0 0.09313725490196079 0.2914364640883978 0.0784313725490196 0.1132596685082873
5.0 0.11029411764705882 0.25 0.09803921568627451 0.1298342541436464
5.0 0.15196078431372548 0.17403314917127072 0.11764705882352941 0.12154696132596685
5.0 0.17524509803921567 0.13674033149171272 0.125 0.1132596685082873
5.0 0.20588235294117646 0.106353591160221 0.15196078431372548 0.11878453038674033
8.0 0.12867647058823528 0.21132596685082872 0.09068627450980392 0.10220994475138122
3.0 0.9620098039215687 0.30386740331491713 0.02696078431372549 0.06629834254143646
4.0 0.9840686274509803 0.393646408839779 0.02696078431372549 0.1132596685082873
3.0 0.9350490196078431 0.2361878453038674 0.02696078431372549 0.052486187845303865
