3.0 0.9647887323943662 0.6923076923076923 0.023474178403755867 0.06666666666666667
3.0 0.9495305164319249 0.7076923076923077 0.03051643192488263 0.07179487179487179
3.0 0.9295774647887324 0.7243589743589743 0.03755868544600939 0.07948717948717948
3.0 0.9131455399061033 0.7397435897435898 0.04225352112676056 0.08461538461538462
3.0 0.7265258215962441 0.8461538461538461 0.09154929577464789 0.10256410256410256
3.0 0.3615023474178404 0.85 0.107981220657277 0.10512820512820513
4.0 0.12441314553990611 0.7410256410256411 0.06103286384976526 0.1076923076923077
3.0 0.10915492957746478 0.5807692307692308 0.03990610328638498 0.12564102564102564
3.0 0.20892018779342722 0.20897435897435898 0.08450704225352113 0.07948717948717948
3.0 0.04225352112676056 0.532051282051282 0.014084507042253521 0.07948717948717948
3.0 0.03403755868544601 0.5256410256410257 0.011737089201877934 0.07692307692307693
3.0 0.4107981220657277 0.0641025641025641 0.04225352112676056 0.02564102564102564
3.0 0.4272300469483568 0.04358974358974359 0.046948356807511735 0.02564102564102564
3.0 0.2863849765258216 0.07692307692307693 0.051643192488262914 0.03076923076923077
3.0 0.2992957746478873 0.0641025641025641 0.05868544600938967 0.03076923076923077
3.0 0.3333333333333333 0.04230769230769231 0.06103286384976526 0.028205128205128206
7.0 0.36032863849765256 0.028205128205128206 0.035211267605633804 0.015384615384615385
7.0 0.32511737089201875 0.038461538461538464 0.03051643192488263 0.015384615384615385
7.0 0.2852112676056338 0.057692307692307696 0.03990610328638498 0.023076923076923078
3.0 0.2699530516431925 0.07051282051282051 0.056338028169014086 0.03333333333333333
