4.0 0.17524509803921567 0.7989690721649485 0.07598039215686274 0.07216494845360824
3.0 0.2916666666666667 0.9123711340206185 0.06372549019607843 0.041237113402061855
3.0 0.3762254901960784 0.9639175257731959 0.051470588235294115 0.02577319587628866
3.0 0.4166666666666667 0.9587628865979382 0.04411764705882353 0.020618556701030927
3.0 0.006127450980392157 0.44072164948453607 0.007352941176470588 0.030927835051546393
3.0 0.015931372549019607 0.4742268041237113 0.007352941176470588 0.03608247422680412
3.0 0.022058823529411766 0.4896907216494845 0.004901960784313725 0.030927835051546393
3.0 0.024509803921568627 0.4961340206185567 0.004901960784313725 0.03350515463917526
3.0 0.013480392156862746 0.46649484536082475 0.007352941176470588 0.03608247422680412
3.0 0.051470588235294115 0.5695876288659794 0.014705882352941176 0.05154639175257732
4.0 0.1053921568627451 0.31443298969072164 0.03431372549019608 0.06701030927835051
3.0 0.13602941176470587 0.3337628865979381 0.031862745098039214 0.05412371134020619
3.0 0.13970588235294118 0.35051546391752575 0.03431372549019608 0.06701030927835051
3.0 0.14215686274509803 0.3698453608247423 0.03431372549019608 0.059278350515463915
3.0 0.18504901960784315 0.3479381443298969 0.051470588235294115 0.06701030927835051
3.0 0.24387254901960784 0.27448453608247425 0.041666666666666664 0.059278350515463915
3.0 0.24019607843137256 0.6185567010309279 0.058823529411764705 0.08247422680412371
0.0 0.4583333333333333 0.6662371134020618 0.024509803921568627 0.03865979381443299
0.0 0.5955882352941176 0.32087628865979384 0.0196078431372549 0.028350515463917526
9.0 0.5343137254901961 0.49226804123711343 0.09803921568627451 0.11855670103092783
5.0 0.5514705882352942 0.7422680412371134 0.10784313725490197 0.09278350515463918
4.0 0.6090686274509803 0.7912371134020618 0.061274509803921566 0.05154639175257732
4.0 0.6409313725490197 0.770618556701031 0.07107843137254902 0.06701030927835051
4.0 0.6825980392156863 0.8402061855670103 0.061274509803921566 0.04639175257731959
4.0 0.7377450980392157 0.8801546391752577 0.058823529411764705 0.04896907216494845
4.0 0.7536764705882353 0.8943298969072165 0.041666666666666664 0.03608247422680412
4.0 0.6519607843137255 0.9523195876288659 0.06862745098039216 0.03865979381443299
3.0 0.7683823529411765 0.9020618556701031 0.04656862745098039 0.041237113402061855
3.0 0.7781862745098039 0.913659793814433 0.041666666666666664 0.03350515463917526
0.0 0.7769607843137255 0.8595360824742269 0.014705882352941176 0.01288659793814433
0.0 0.7892156862745098 0.8518041237113402 0.00980392156862745 0.007731958762886598
0.0 0.7512254901960784 0.7860824742268041 0.01715686274509804 0.020618556701030927
0.0 0.7549019607843137 0.7744845360824743 0.0196078431372549 0.023195876288659795
9.0 0.7732843137254902 0.7654639175257731 0.02696078431372549 0.020618556701030927
3.0 0.9056372549019608 0.6430412371134021 0.01715686274509804 0.05412371134020619
3.0 0.9117647058823529 0.6533505154639175 0.0196078431372549 0.04896907216494845
4.0 0.8884803921568627 0.6224226804123711 0.01715686274509804 0.04381443298969072
3.0 0.9362745098039216 0.5889175257731959 0.014705882352941176 0.028350515463917526
3.0 0.9350490196078431 0.5695876288659794 0.01715686274509804 0.02577319587628866
3.0 0.9387254901960784 0.5451030927835051 0.014705882352941176 0.028350515463917526
3.0 0.9375 0.5244845360824743 0.012254901960784314 0.023195876288659795
3.0 0.9350490196078431 0.49742268041237114 0.012254901960784314 0.02577319587628866
3.0 0.8897058823529411 0.5399484536082474 0.024509803921568627 0.03865979381443299
3.0 0.8615196078431373 0.5309278350515464 0.03676470588235294 0.04639175257731959
3.0 0.8223039215686274 0.5064432989690721 0.041666666666666664 0.04896907216494845
3.0 0.8026960784313726 0.4381443298969072 0.02696078431372549 0.061855670103092786
3.0 0.8308823529411765 0.452319587628866 0.0196078431372549 0.059278350515463915
3.0 0.8517156862745098 0.4677835051546392 0.01715686274509804 0.059278350515463915
3.0 0.8651960784313726 0.47164948453608246 0.014705882352941176 0.05670103092783505
3.0 0.8774509803921569 0.4793814432989691 0.014705882352941176 0.05670103092783505
3.0 0.8909313725490197 0.4832474226804124 0.012254901960784314 0.05412371134020619
3.0 0.9044117647058824 0.49742268041237114 0.00980392156862745 0.05670103092783505
9.0 0.6090686274509803 0.6494845360824743 0.04656862745098039 0.03608247422680412
