3.0 0.03676470588235294 0.42396907216494845 0.00980392156862745 0.023195876288659795
3.0 0.0625 0.38273195876288657 0.01715686274509804 0.028350515463917526
3.0 0.12990196078431374 0.3788659793814433 0.029411764705882353 0.03608247422680412
3.0 0.004901960784313725 0.41365979381443296 0.004901960784313725 0.01288659793814433
3.0 0.003676470588235294 0.43041237113402064 0.0024509803921568627 0.015463917525773196
3.0 0.0012254901960784314 0.44716494845360827 0.0024509803921568627 0.01288659793814433
3.0 0.14950980392156862 0.47036082474226804 0.029411764705882353 0.028350515463917526
3.0 0.16789215686274508 0.3324742268041237 0.03676470588235294 0.03608247422680412
3.0 0.22303921568627452 0.4677835051546392 0.049019607843137254 0.03350515463917526
3.0 0.3014705882352941 0.28737113402061853 0.07352941176470588 0.04896907216494845
3.0 0.5870098039215687 0.04381443298969072 0.02696078431372549 0.015463917525773196
3.0 0.616421568627451 0.05283505154639175 0.02696078431372549 0.01804123711340206
3.0 0.7107843137254902 0.30283505154639173 0.05392156862745098 0.06958762886597938
3.0 0.758578431372549 0.32989690721649484 0.03676470588235294 0.07731958762886598
3.0 0.7757352941176471 0.30670103092783507 0.03676470588235294 0.06701030927835051
3.0 0.8235294117647058 0.27963917525773196 0.029411764705882353 0.05412371134020619
3.0 0.8468137254901961 0.28737113402061853 0.031862745098039214 0.059278350515463915
3.0 0.8615196078431373 0.28865979381443296 0.02696078431372549 0.05154639175257732
4.0 0.8713235294117647 0.2860824742268041 0.02696078431372549 0.05154639175257732
3.0 0.8933823529411765 0.297680412371134 0.022058823529411766 0.04381443298969072
3.0 0.8958333333333334 0.2847938144329897 0.022058823529411766 0.04381443298969072
4.0 0.8700980392156863 0.22164948453608246 0.024509803921568627 0.03608247422680412
3.0 0.8468137254901961 0.18427835051546393 0.02696078431372549 0.03865979381443299
3.0 0.8186274509803921 0.14561855670103094 0.029411764705882353 0.03350515463917526
5.0 0.7928921568627451 0.11469072164948453 0.02696078431372549 0.028350515463917526
4.0 0.7524509803921569 0.06056701030927835 0.0196078431372549 0.01288659793814433
3.0 0.9203431372549019 0.2822164948453608 0.01715686274509804 0.028350515463917526
3.0 0.9276960784313726 0.29896907216494845 0.01715686274509804 0.030927835051546393
3.0 0.928921568627451 0.31572164948453607 0.014705882352941176 0.028350515463917526
3.0 0.9375 0.3286082474226804 0.01715686274509804 0.03865979381443299
3.0 0.9485294117647058 0.3402061855670103 0.014705882352941176 0.030927835051546393
5.0 0.8602941176470589 0.43170103092783507 0.0392156862745098 0.04896907216494845
3.0 0.8823529411764706 0.4175257731958763 0.0196078431372549 0.061855670103092786
3.0 0.8921568627450981 0.41237113402061853 0.0196078431372549 0.05670103092783505
3.0 0.9031862745098039 0.41494845360824745 0.012254901960784314 0.041237113402061855
5.0 0.9215686274509803 0.4175257731958763 0.024509803921568627 0.041237113402061855
3.0 0.9142156862745098 0.3904639175257732 0.0196078431372549 0.03350515463917526
3.0 0.946078431372549 0.5025773195876289 0.004901960784313725 0.041237113402061855
3.0 0.9607843137254902 0.39948453608247425 0.00980392156862745 0.02577319587628866
3.0 0.9656862745098039 0.4175257731958763 0.00980392156862745 0.02577319587628866
3.0 0.9718137254901961 0.45489690721649484 0.007352941176470588 0.023195876288659795
3.0 0.9448529411764706 0.5541237113402062 0.007352941176470588 0.041237113402061855
5.0 0.9338235294117647 0.6585051546391752 0.0196078431372549 0.04896907216494845
3.0 0.9227941176470589 0.7074742268041238 0.01715686274509804 0.03865979381443299
4.0 0.9093137254901961 0.7448453608247423 0.0196078431372549 0.03608247422680412
3.0 0.9375 0.7023195876288659 0.01715686274509804 0.028350515463917526
3.0 0.946078431372549 0.7074742268041238 0.014705882352941176 0.028350515463917526
5.0 0.8762254901960784 0.8221649484536082 0.031862745098039214 0.041237113402061855
5.0 0.9031862745098039 0.7976804123711341 0.022058823529411766 0.028350515463917526
5.0 0.8933823529411765 0.8195876288659794 0.022058823529411766 0.02577319587628866
4.0 0.8872549019607843 0.8298969072164949 0.014705882352941176 0.020618556701030927
4.0 0.8848039215686274 0.8389175257731959 0.0196078431372549 0.023195876288659795
3.0 0.8774509803921569 0.8479381443298969 0.0196078431372549 0.020618556701030927
3.0 0.8725490196078431 0.8569587628865979 0.0196078431372549 0.01804123711340206
3.0 0.8872549019607843 0.20103092783505155 0.024509803921568627 0.030927835051546393
3.0 0.8995098039215687 0.22293814432989692 0.0196078431372549 0.028350515463917526
3.0 0.8774509803921569 0.18298969072164947 0.0196078431372549 0.020618556701030927
3.0 0.8431372549019608 0.5373711340206185 0.0196078431372549 0.07474226804123711
3.0 0.8394607843137255 0.6095360824742269 0.022058823529411766 0.059278350515463915
3.0 0.7598039215686274 0.7809278350515464 0.0392156862745098 0.05670103092783505
3.0 0.7230392156862745 0.8079896907216495 0.03431372549019608 0.04381443298969072
3.0 0.7487745098039216 0.8298969072164949 0.03676470588235294 0.041237113402061855
4.0 0.7781862745098039 0.8208762886597938 0.041666666666666664 0.04896907216494845
4.0 0.75 0.8672680412371134 0.029411764705882353 0.03350515463917526
3.0 0.7267156862745098 0.8878865979381443 0.031862745098039214 0.028350515463917526
3.0 0.6985294117647058 0.9432989690721649 0.024509803921568627 0.020618556701030927
9.0 0.7487745098039216 0.211340206185567 0.022058823529411766 0.02577319587628866
9.0 0.8002450980392157 0.2551546391752577 0.01715686274509804 0.02577319587628866
9.0 0.8529411764705882 0.33505154639175255 0.014705882352941176 0.015463917525773196
9.0 0.7830882352941176 0.27319587628865977 0.01715686274509804 0.030927835051546393
9.0 0.6703431372549019 0.13659793814432988 0.01715686274509804 0.015463917525773196
9.0 0.6544117647058824 0.09536082474226804 0.00980392156862745 0.010309278350515464
9.0 0.5379901960784313 0.2667525773195876 0.02696078431372549 0.023195876288659795
9.0 0.4411764705882353 0.2654639175257732 0.024509803921568627 0.02577319587628866
9.0 0.3860294117647059 0.3440721649484536 0.031862745098039214 0.023195876288659795
9.0 0.14950980392156862 0.4252577319587629 0.0196078431372549 0.02577319587628866
9.0 0.7120098039215687 0.9175257731958762 0.01715686274509804 0.015463917525773196
9.0 0.7389705882352942 0.895618556701031 0.012254901960784314 0.01288659793814433
0.0 0.8921568627450981 0.788659793814433 0.00980392156862745 0.010309278350515464
0.0 0.9681372549019608 0.6649484536082474 0.004901960784313725 0.010309278350515464
0.0 0.8112745098039216 0.1327319587628866 0.00980392156862745 0.007731958762886598
3.0 0.9656862745098039 0.5373711340206185 0.00980392156862745 0.028350515463917526
