8.0 0.6531862745098039 0.03729281767955801 0.08088235294117647 0.04696132596685083
8.0 0.6899509803921569 0.03867403314917127 0.041666666666666664 0.027624309392265192
3.0 0.7120098039215687 0.04696132596685083 0.022058823529411766 0.016574585635359115
4.0 0.7830882352941176 0.08287292817679558 0.022058823529411766 0.022099447513812154
8.0 0.8026960784313726 0.13259668508287292 0.03676470588235294 0.03867403314917127
4.0 0.7009803921568627 0.049723756906077346 0.024509803921568627 0.016574585635359115
4.0 0.6740196078431373 0.06077348066298342 0.029411764705882353 0.022099447513812154
4.0 0.6482843137254902 0.0718232044198895 0.031862745098039214 0.016574585635359115
3.0 0.633578431372549 0.05110497237569061 0.031862745098039214 0.019337016574585635
3.0 0.6899509803921569 0.055248618784530384 0.02696078431372549 0.016574585635359115
3.0 0.7377450980392157 0.07458563535911603 0.024509803921568627 0.022099447513812154
3.0 0.6041666666666666 0.06353591160220995 0.03676470588235294 0.022099447513812154
8.0 0.6519607843137255 0.08425414364640885 0.05392156862745098 0.03591160220994475
8.0 0.5318627450980392 0.03867403314917127 0.09313725490196079 0.03314917127071823
0.0 0.571078431372549 0.026243093922651933 0.004901960784313725 0.0027624309392265192
0.0 0.5318627450980392 0.026243093922651933 0.004901960784313725 0.0027624309392265192
8.0 0.43995098039215685 0.06353591160220995 0.09068627450980392 0.055248618784530384
8.0 0.35294117647058826 0.11878453038674033 0.12745098039215685 0.07734806629834254
0.0 0.25857843137254904 0.16022099447513813 0.007352941176470588 0.011049723756906077
0.0 0.23651960784313725 0.1781767955801105 0.007352941176470588 0.013812154696132596
8.0 0.18259803921568626 0.2527624309392265 0.09558823529411764 0.12430939226519337
8.0 0.11274509803921569 0.356353591160221 0.06372549019607843 0.1270718232044199
8.0 0.13970588235294118 0.3397790055248619 0.0784313725490196 0.13259668508287292
0.0 0.11151960784313726 0.3314917127071823 0.007352941176470588 0.011049723756906077
0.0 0.10294117647058823 0.3494475138121547 0.004901960784313725 0.013812154696132596
0.0 0.07598039215686274 0.40331491712707185 0.004901960784313725 0.011049723756906077
0.0 0.07352941176470588 0.4046961325966851 0.004901960784313725 0.008287292817679558
8.0 0.05514705882352941 0.505524861878453 0.02696078431372549 0.11602209944751381
8.0 0.07475490196078431 0.4723756906077348 0.03676470588235294 0.1270718232044199
8.0 0.19240196078431374 0.3812154696132597 0.09558823529411764 0.14917127071823205
3.0 0.13357843137254902 0.430939226519337 0.02696078431372549 0.049723756906077346
3.0 0.0821078431372549 0.574585635359116 0.01715686274509804 0.04419889502762431
4.0 0.06862745098039216 0.7154696132596685 0.024509803921568627 0.049723756906077346
4.0 0.12622549019607843 0.830110497237569 0.02696078431372549 0.03591160220994475
4.0 0.35294117647058826 0.9696132596685083 0.0392156862745098 0.027624309392265192
4.0 0.38848039215686275 0.914364640883978 0.051470588235294115 0.04419889502762431
4.0 0.3272058823529412 0.7831491712707183 0.061274509803921566 0.06906077348066299
5.0 0.2536764705882353 0.8162983425414365 0.051470588235294115 0.06353591160220995
4.0 0.6813725490196079 0.6187845303867403 0.04411764705882353 0.07734806629834254
5.0 0.5759803921568627 0.7044198895027625 0.11274509803921569 0.1878453038674033
3.0 0.9117647058823529 0.8107734806629834 0.014705882352941176 0.024861878453038673
3.0 0.9791666666666666 0.6146408839779005 0.007352941176470588 0.03591160220994475
3.0 0.9718137254901961 0.3259668508287293 0.007352941176470588 0.022099447513812154
3.0 0.9632352941176471 0.287292817679558 0.00980392156862745 0.022099447513812154
3.0 0.9558823529411765 0.2638121546961326 0.00980392156862745 0.019337016574585635
3.0 0.9473039215686274 0.2430939226519337 0.007352941176470588 0.016574585635359115
3.0 0.9399509803921569 0.2223756906077348 0.007352941176470588 0.019337016574585635
3.0 0.9375 0.31629834254143646 0.012254901960784314 0.03038674033149171
3.0 0.9252450980392157 0.255524861878453 0.012254901960784314 0.024861878453038673
0.0 0.9325980392156863 0.46685082872928174 0.0024509803921568627 0.016574585635359115
3.0 0.8958333333333334 0.1685082872928177 0.007352941176470588 0.016574585635359115
4.0 0.5575980392156863 0.0787292817679558 0.04656862745098039 0.019337016574585635
4.0 0.5441176470588235 0.12016574585635359 0.0392156862745098 0.024861878453038673
4.0 0.39215686274509803 0.1850828729281768 0.06372549019607843 0.04419889502762431
4.0 0.30392156862745096 0.2900552486187845 0.05392156862745098 0.055248618784530384
4.0 0.6409313725490197 0.3011049723756906 0.056372549019607844 0.06077348066298342
3.0 0.7867647058823529 0.4544198895027624 0.029411764705882353 0.06906077348066299
8.0 0.8075980392156863 0.494475138121547 0.056372549019607844 0.19337016574585636
8.0 0.8075980392156863 0.6947513812154696 0.09068627450980392 0.17403314917127072
0.0 0.8259803921568627 0.7748618784530387 0.004901960784313725 0.008287292817679558
0.0 0.8884803921568627 0.600828729281768 0.0024509803921568627 0.008287292817679558
9.0 0.19975490196078433 0.1643646408839779 0.012254901960784314 0.013812154696132596
1.0 0.19975490196078433 0.1643646408839779 0.007352941176470588 0.008287292817679558
