3.0 0.5441176470588235 0.6262886597938144 0.09803921568627451 0.17525773195876287
3.0 0.5588235294117647 0.913659793814433 0.08823529411764706 0.06443298969072164
3.0 0.39828431372549017 0.5747422680412371 0.08088235294117647 0.17525773195876287
3.0 0.3872549019607843 0.20618556701030927 0.058823529411764705 0.06701030927835051
3.0 0.41421568627450983 0.09149484536082474 0.0392156862745098 0.028350515463917526
3.0 0.4877450980392157 0.06056701030927835 0.024509803921568627 0.01288659793814433
3.0 0.4227941176470588 0.05670103092783505 0.02696078431372549 0.015463917525773196
3.0 0.4803921568627451 0.01804123711340206 0.014705882352941176 0.005154639175257732
3.0 0.5257352941176471 0.01288659793814433 0.012254901960784314 0.005154639175257732
3.0 0.4791666666666667 0.007731958762886598 0.01715686274509804 0.005154639175257732
3.0 0.4803921568627451 0.28350515463917525 0.06372549019607843 0.08762886597938144
3.0 0.8198529411764706 0.8724226804123711 0.12009803921568628 0.11597938144329897
3.0 0.6311274509803921 0.970360824742268 0.07107843137254902 0.03865979381443299
9.0 0.3112745098039216 0.779639175257732 0.0392156862745098 0.059278350515463915
1.0 0.30514705882352944 0.7615979381443299 0.031862745098039214 0.04381443298969072
