3.0 0.2034313725490196 0.8582474226804123 0.08823529411764706 0.10309278350515463
3.0 0.5833333333333334 0.8144329896907216 0.1715686274509804 0.06701030927835051
3.0 0.8566176470588235 0.5979381443298969 0.061274509803921566 0.09278350515463918
3.0 0.9215686274509803 0.5347938144329897 0.03431372549019608 0.06958762886597938
3.0 0.9411764705882353 0.5695876288659794 0.03431372549019608 0.07216494845360824
3.0 0.07720588235294118 0.4536082474226804 0.022058823529411766 0.08762886597938144
3.0 0.08946078431372549 0.31443298969072164 0.02696078431372549 0.06701030927835051
3.0 0.2696078431372549 0.12371134020618557 0.04411764705882353 0.03608247422680412
3.0 0.12622549019607843 0.14175257731958762 0.01715686274509804 0.020618556701030927
3.0 0.09191176470588236 0.19974226804123713 0.022058823529411766 0.03350515463917526
3.0 0.06862745098039216 0.25128865979381443 0.0196078431372549 0.03865979381443299
4.0 0.26715686274509803 0.07731958762886598 0.03431372549019608 0.02577319587628866
3.0 0.26838235294117646 0.09149484536082474 0.03676470588235294 0.028350515463917526
3.0 0.26838235294117646 0.05025773195876289 0.022058823529411766 0.01288659793814433
3.0 0.2696078431372549 0.06056701030927835 0.029411764705882353 0.01804123711340206
9.0 0.07720588235294118 0.24355670103092783 0.012254901960784314 0.023195876288659795
3.0 0.05024509803921569 0.30283505154639173 0.01715686274509804 0.04381443298969072
3.0 0.1409313725490196 0.2757731958762887 0.041666666666666664 0.07216494845360824
0.0 0.041666666666666664 0.5347938144329897 0.004901960784313725 0.028350515463917526
9.0 0.04779411764705882 0.6417525773195877 0.012254901960784314 0.041237113402061855
9.0 0.10049019607843138 0.720360824742268 0.014705882352941176 0.028350515463917526
9.0 0.11642156862745098 0.7667525773195877 0.022058823529411766 0.03865979381443299
0.0 0.05269607843137255 0.7422680412371134 0.007352941176470588 0.015463917525773196
0.0 0.049019607843137254 0.7384020618556701 0.00980392156862745 0.01804123711340206
0.0 0.6924019607843137 0.836340206185567 0.01715686274509804 0.023195876288659795
0.0 0.7230392156862745 0.8260309278350515 0.0196078431372549 0.023195876288659795
0.0 0.7107843137254902 0.8711340206185567 0.014705882352941176 0.015463917525773196
0.0 0.6997549019607843 0.8775773195876289 0.012254901960784314 0.01288659793814433
0.0 0.7120098039215687 0.8273195876288659 0.022058823529411766 0.02577319587628866
0.0 0.4485294117647059 0.3118556701030928 0.014705882352941176 0.030927835051546393
0.0 0.43137254901960786 0.30283505154639173 0.0196078431372549 0.04381443298969072
9.0 0.3700980392156863 0.604381443298969 0.029411764705882353 0.06443298969072164
9.0 0.39215686274509803 0.5631443298969072 0.03431372549019608 0.06958762886597938
9.0 0.2622549019607843 0.42010309278350516 0.0392156862745098 0.09278350515463918
9.0 0.29901960784313725 0.24742268041237114 0.0392156862745098 0.041237113402061855
0.0 0.6727941176470589 0.163659793814433 0.01715686274509804 0.023195876288659795
0.0 0.42401960784313725 0.19716494845360824 0.0196078431372549 0.028350515463917526
0.0 0.39950980392156865 0.20103092783505155 0.0196078431372549 0.02577319587628866
2.0 0.38848039215686275 0.211340206185567 0.01715686274509804 0.02577319587628866
3.0 0.4227941176470588 0.045103092783505154 0.056372549019607844 0.01804123711340206
7.0 0.5061274509803921 0.04896907216494845 0.04656862745098039 0.010309278350515464
9.0 0.5232843137254902 0.03350515463917526 0.022058823529411766 0.005154639175257732
9.0 0.5428921568627451 0.03608247422680412 0.01715686274509804 0.005154639175257732
9.0 0.5575980392156863 0.041237113402061855 0.01715686274509804 0.005154639175257732
9.0 0.553921568627451 0.04252577319587629 0.024509803921568627 0.007731958762886598
9.0 0.6801470588235294 0.09149484536082474 0.022058823529411766 0.01288659793814433
9.0 0.6078431372549019 0.05412371134020619 0.014705882352941176 0.010309278350515464
9.0 0.5992647058823529 0.05025773195876289 0.01715686274509804 0.007731958762886598
9.0 0.6875 0.08118556701030928 0.01715686274509804 0.01288659793814433
9.0 0.7892156862745098 0.14432989690721648 0.0196078431372549 0.020618556701030927
9.0 0.7647058823529411 0.1211340206185567 0.014705882352941176 0.015463917525773196
9.0 0.5343137254901961 0.028350515463917526 0.0196078431372549 0.005154639175257732
9.0 0.5649509803921569 0.045103092783505154 0.01715686274509804 0.007731958762886598
9.0 0.616421568627451 0.05670103092783505 0.01715686274509804 0.010309278350515464
9.0 0.6299019607843137 0.059278350515463915 0.014705882352941176 0.010309278350515464
9.0 0.6053921568627451 0.061855670103092786 0.014705882352941176 0.010309278350515464
9.0 0.6188725490196079 0.06701030927835051 0.01715686274509804 0.010309278350515464
9.0 0.6323529411764706 0.07087628865979381 0.0196078431372549 0.01288659793814433
9.0 0.6556372549019608 0.08247422680412371 0.022058823529411766 0.015463917525773196
9.0 0.6470588235294118 0.07216494845360824 0.014705882352941176 0.010309278350515464
9.0 0.6924019607843137 0.09664948453608248 0.01715686274509804 0.01804123711340206
9.0 0.7107843137254902 0.09922680412371133 0.0196078431372549 0.01804123711340206
9.0 0.6997549019607843 0.08634020618556701 0.01715686274509804 0.01288659793814433
9.0 0.7463235294117647 0.125 0.01715686274509804 0.01804123711340206
9.0 0.8075980392156863 0.14948453608247422 0.01715686274509804 0.020618556701030927
9.0 0.8198529411764706 0.15850515463917525 0.01715686274509804 0.01804123711340206
9.0 0.8284313725490197 0.16623711340206185 0.014705882352941176 0.01804123711340206
9.0 0.7941176470588235 0.14690721649484537 0.014705882352941176 0.015463917525773196
9.0 0.7879901960784313 0.13788659793814434 0.01715686274509804 0.01804123711340206
9.0 0.7720588235294118 0.12628865979381443 0.014705882352941176 0.015463917525773196
9.0 0.7291666666666666 0.10051546391752578 0.012254901960784314 0.010309278350515464
9.0 0.7291666666666666 0.1134020618556701 0.01715686274509804 0.015463917525773196
9.0 0.741421568627451 0.11469072164948453 0.012254901960784314 0.01288659793814433
9.0 0.7291666666666666 0.10695876288659793 0.012254901960784314 0.01288659793814433
2.0 0.5845588235294118 0.04768041237113402 0.012254901960784314 0.007731958762886598
2.0 0.6458333333333334 0.06443298969072164 0.012254901960784314 0.010309278350515464
2.0 0.6764705882352942 0.07731958762886598 0.014705882352941176 0.010309278350515464
2.0 0.7132352941176471 0.09407216494845361 0.014705882352941176 0.01288659793814433
2.0 0.7598039215686274 0.125 0.0196078431372549 0.01804123711340206
2.0 0.7377450980392157 0.10438144329896908 0.014705882352941176 0.01288659793814433
2.0 0.8014705882352942 0.14561855670103094 0.014705882352941176 0.01804123711340206
0.0 0.6715686274509803 0.06701030927835051 0.014705882352941176 0.010309278350515464
0.0 0.7524509803921569 0.11211340206185567 0.014705882352941176 0.01288659793814433
0.0 0.6482843137254902 0.11082474226804123 0.012254901960784314 0.015463917525773196
0.0 0.6176470588235294 0.08505154639175258 0.014705882352941176 0.015463917525773196
1.0 0.8321078431372549 0.18685567010309279 0.012254901960784314 0.01804123711340206
1.0 0.6360294117647058 0.10824742268041238 0.01715686274509804 0.015463917525773196
1.0 0.6752450980392157 0.06701030927835051 0.012254901960784314 0.010309278350515464
1.0 0.6397058823529411 0.04639175257731959 0.004901960784313725 0.005154639175257732
0.0 0.8149509803921569 0.47551546391752575 0.007352941176470588 0.04381443298969072
0.0 0.8075980392156863 0.4742268041237113 0.007352941176470588 0.04639175257731959
9.0 0.7990196078431373 0.47809278350515466 0.029411764705882353 0.04381443298969072
0.0 0.9056372549019608 0.23582474226804123 0.012254901960784314 0.01804123711340206
3.0 0.9093137254901961 0.22551546391752578 0.03431372549019608 0.04896907216494845
4.0 0.9240196078431373 0.2847938144329897 0.029411764705882353 0.04896907216494845
9.0 0.9522058823529411 0.6417525773195877 0.012254901960784314 0.03608247422680412
3.0 0.9497549019607843 0.28865979381443296 0.02696078431372549 0.04639175257731959
3.0 0.9546568627450981 0.28994845360824745 0.022058823529411766 0.03865979381443299
3.0 0.9632352941176471 0.297680412371134 0.0196078431372549 0.03865979381443299
3.0 0.9681372549019608 0.32087628865979384 0.0196078431372549 0.03865979381443299
0.0 0.9546568627450981 0.2706185567010309 0.007352941176470588 0.010309278350515464
0.0 0.9534313725490197 0.26804123711340205 0.004901960784313725 0.015463917525773196
3.0 0.9620098039215687 0.2912371134020619 0.012254901960784314 0.030927835051546393
1.0 0.3909313725490196 0.5489690721649485 0.02696078431372549 0.030927835051546393
1.0 0.3713235294117647 0.5979381443298969 0.022058823529411766 0.041237113402061855
1.0 0.25735294117647056 0.3956185567010309 0.014705882352941176 0.028350515463917526
1.0 0.29901960784313725 0.2422680412371134 0.0196078431372549 0.02577319587628866
1.0 0.07965686274509803 0.23711340206185566 0.007352941176470588 0.010309278350515464
1.0 0.09926470588235294 0.7177835051546392 0.012254901960784314 0.01804123711340206
1.0 0.11397058823529412 0.7641752577319587 0.01715686274509804 0.028350515463917526
1.0 0.04656862745098039 0.634020618556701 0.004901960784313725 0.015463917525773196
