3.0 0.11764705882352941 0.8337628865979382 0.11764705882352941 0.13144329896907217
0.0 0.17524509803921567 0.8904639175257731 0.03676470588235294 0.03350515463917526
0.0 0.03799019607843137 0.6971649484536082 0.022058823529411766 0.04381443298969072
0.0 0.03553921568627451 0.6726804123711341 0.022058823529411766 0.05154639175257732
9.0 0.1053921568627451 0.8041237113402062 0.04411764705882353 0.05154639175257732
2.0 0.07598039215686274 0.7667525773195877 0.03431372549019608 0.04381443298969072
3.0 0.07720588235294118 0.6688144329896907 0.09068627450980392 0.14690721649484537
3.0 0.07598039215686274 0.5966494845360825 0.06862745098039216 0.1211340206185567
3.0 0.08700980392156862 0.5077319587628866 0.07107843137254902 0.12371134020618557
3.0 0.10294117647058823 0.4213917525773196 0.08823529411764706 0.1211340206185567
9.0 0.051470588235294115 0.39304123711340205 0.0196078431372549 0.05412371134020619
0.0 0.07720588235294118 0.27190721649484534 0.01715686274509804 0.03865979381443299
0.0 0.058823529411764705 0.3015463917525773 0.0196078431372549 0.041237113402061855
3.0 0.6973039215686274 0.9445876288659794 0.11029411764705882 0.06958762886597938
3.0 0.44362745098039214 0.9664948453608248 0.10784313725490197 0.061855670103092786
0.0 0.6066176470588235 0.9626288659793815 0.04656862745098039 0.023195876288659795
3.0 0.9938725490196079 0.4896907216494845 0.007352941176470588 0.09278350515463918
3.0 0.9791666666666666 0.38917525773195877 0.02696078431372549 0.08247422680412371
3.0 0.9522058823529411 0.30927835051546393 0.03676470588235294 0.08247422680412371
3.0 0.9791666666666666 0.36082474226804123 0.022058823529411766 0.07216494845360824
3.0 0.8921568627450981 0.1791237113402062 0.03431372549019608 0.04381443298969072
3.0 0.8517156862745098 0.15979381443298968 0.04656862745098039 0.05154639175257732
3.0 0.7818627450980392 0.09922680412371133 0.04411764705882353 0.03865979381443299
3.0 0.7806372549019608 0.18427835051546393 0.09068627450980392 0.11082474226804123
0.0 0.9534313725490197 0.28865979381443296 0.014705882352941176 0.03608247422680412
0.0 0.9509803921568627 0.27190721649484534 0.014705882352941176 0.028350515463917526
0.0 0.8590686274509803 0.13917525773195877 0.01715686274509804 0.020618556701030927
0.0 0.8553921568627451 0.13659793814432988 0.0196078431372549 0.020618556701030927
1.0 0.8308823529411765 0.11597938144329897 0.0196078431372549 0.020618556701030927
9.0 0.8321078431372549 0.11855670103092783 0.01715686274509804 0.020618556701030927
4.0 0.6924019607843137 0.08376288659793814 0.0661764705882353 0.05412371134020619
3.0 0.5845588235294118 0.07603092783505154 0.07107843137254902 0.04381443298969072
3.0 0.5833333333333334 0.125 0.09313725490196079 0.07989690721649484
3.0 0.5735294117647058 0.23840206185567012 0.1323529411764706 0.16752577319587628
3.0 0.5392156862745098 0.4884020618556701 0.1715686274509804 0.3582474226804124
3.0 0.4950980392156863 0.7912371134020618 0.18627450980392157 0.211340206185567
0.0 0.3161764705882353 0.3698453608247423 0.049019607843137254 0.10051546391752578
1.0 0.6813725490196079 0.22036082474226804 0.04411764705882353 0.05412371134020619
2.0 0.6825980392156863 0.23582474226804123 0.03676470588235294 0.06958762886597938
1.0 0.6421568627450981 0.019329896907216496 0.014705882352941176 0.007731958762886598
9.0 0.6446078431372549 0.023195876288659795 0.014705882352941176 0.010309278350515464
7.0 0.2426470588235294 0.15463917525773196 0.07352941176470588 0.05154639175257732
2.0 0.13357843137254902 0.22293814432989692 0.03676470588235294 0.04381443298969072
2.0 0.13970588235294118 0.21520618556701032 0.03431372549019608 0.03865979381443299
2.0 0.15931372549019607 0.19716494845360824 0.03431372549019608 0.03865979381443299
2.0 0.22426470588235295 0.15206185567010308 0.041666666666666664 0.03608247422680412
2.0 0.24754901960784315 0.13917525773195877 0.049019607843137254 0.03608247422680412
2.0 0.28308823529411764 0.125 0.051470588235294115 0.03350515463917526
1.0 0.31862745098039214 0.11855670103092783 0.029411764705882353 0.02577319587628866
2.0 0.1568627450980392 0.19201030927835053 0.0392156862745098 0.03865979381443299
2.0 0.19240196078431374 0.163659793814433 0.041666666666666664 0.03865979381443299
2.0 0.18995098039215685 0.17010309278350516 0.03676470588235294 0.030927835051546393
