3.0 0.6936274509803921 0.07989690721649484 0.004901960784313725 0.005154639175257732
3.0 0.625 0.06829896907216494 0.004901960784313725 0.002577319587628866
3.0 0.6299019607843137 0.07216494845360824 0.004901960784313725 0.005154639175257732
5.0 0.5980392156862745 0.05412371134020619 0.00980392156862745 0.005154639175257732
5.0 0.6066176470588235 0.06056701030927835 0.012254901960784314 0.007731958762886598
4.0 0.6311274509803921 0.13402061855670103 0.02696078431372549 0.015463917525773196
3.0 0.4681372549019608 0.11855670103092783 0.014705882352941176 0.010309278350515464
3.0 0.5073529411764706 0.1481958762886598 0.029411764705882353 0.01288659793814433
3.0 0.5563725490196079 0.13530927835051546 0.029411764705882353 0.01288659793814433
5.0 0.4522058823529412 0.16237113402061856 0.056372549019607844 0.04639175257731959
5.0 0.10416666666666667 0.5025773195876289 0.04656862745098039 0.04639175257731959
3.0 0.06862745098039216 0.6610824742268041 0.024509803921568627 0.04896907216494845
3.0 0.13725490196078433 0.8157216494845361 0.04411764705882353 0.05412371134020619
3.0 0.13357843137254902 0.75 0.04656862745098039 0.05154639175257732
3.0 0.06495098039215687 0.5180412371134021 0.012254901960784314 0.020618556701030927
5.0 0.07965686274509803 0.604381443298969 0.031862745098039214 0.04381443298969072
4.0 0.13725490196078433 0.7822164948453608 0.049019607843137254 0.05412371134020619
3.0 0.08700980392156862 0.8118556701030928 0.03676470588235294 0.04639175257731959
5.0 0.04044117647058824 0.6739690721649485 0.022058823529411766 0.04896907216494845
0.0 0.8529411764705882 0.865979381443299 0.00980392156862745 0.010309278350515464
0.0 0.8860294117647058 0.6842783505154639 0.012254901960784314 0.023195876288659795
0.0 0.8811274509803921 0.6804123711340206 0.007352941176470588 0.020618556701030927
0.0 0.9044117647058824 0.6404639175257731 0.00980392156862745 0.023195876288659795
0.0 0.8958333333333334 0.6146907216494846 0.007352941176470588 0.023195876288659795
0.0 0.8639705882352942 0.6056701030927835 0.007352941176470588 0.02577319587628866
0.0 0.8517156862745098 0.5695876288659794 0.007352941176470588 0.02577319587628866
4.0 0.8578431372549019 0.4536082474226804 0.014705882352941176 0.041237113402061855
5.0 0.9497549019607843 0.46005154639175255 0.01715686274509804 0.03350515463917526
3.0 0.9534313725490197 0.3943298969072165 0.00980392156862745 0.020618556701030927
3.0 0.9620098039215687 0.41237113402061853 0.007352941176470588 0.020618556701030927
3.0 0.9546568627450981 0.3556701030927835 0.007352941176470588 0.015463917525773196
4.0 0.9583333333333334 0.3634020618556701 0.00980392156862745 0.015463917525773196
3.0 0.9325980392156863 0.3131443298969072 0.012254901960784314 0.01804123711340206
3.0 0.9375 0.32603092783505155 0.007352941176470588 0.01288659793814433
0.0 0.75 0.3131443298969072 0.00980392156862745 0.01804123711340206
0.0 0.21691176470588236 0.25902061855670105 0.007352941176470588 0.01288659793814433
3.0 0.38357843137254904 0.12628865979381443 0.022058823529411766 0.010309278350515464
3.0 0.4411764705882353 0.10438144329896908 0.029411764705882353 0.007731958762886598
