3.0 0.13357843137254902 0.8028350515463918 0.09068627450980392 0.09536082474226804
3.0 0.04656862745098039 0.7139175257731959 0.0392156862745098 0.07216494845360824
3.0 0.8247549019607843 0.7036082474226805 0.07598039215686274 0.10824742268041238
4.0 0.7732843137254902 0.12757731958762886 0.031862745098039214 0.023195876288659795
3.0 0.8468137254901961 0.16494845360824742 0.012254901960784314 0.015463917525773196
3.0 0.8799019607843137 0.19072164948453607 0.014705882352941176 0.015463917525773196
3.0 0.8517156862745098 0.5850515463917526 0.051470588235294115 0.0979381443298969
3.0 0.8897058823529411 0.49226804123711343 0.029411764705882353 0.07731958762886598
3.0 0.8872549019607843 0.40463917525773196 0.03431372549019608 0.061855670103092786
3.0 0.9093137254901961 0.44329896907216493 0.024509803921568627 0.061855670103092786
3.0 0.9178921568627451 0.4097938144329897 0.022058823529411766 0.05154639175257732
3.0 0.9240196078431373 0.38273195876288657 0.0196078431372549 0.04381443298969072
3.0 0.9252450980392157 0.36082474226804123 0.01715686274509804 0.03608247422680412
3.0 0.9301470588235294 0.34664948453608246 0.01715686274509804 0.03350515463917526
3.0 0.928921568627451 0.3286082474226804 0.014705882352941176 0.028350515463917526
3.0 0.9313725490196079 0.3170103092783505 0.014705882352941176 0.030927835051546393
4.0 0.9313725490196079 0.3079896907216495 0.014705882352941176 0.028350515463917526
3.0 0.9399509803921569 0.2963917525773196 0.012254901960784314 0.020618556701030927
3.0 0.9264705882352942 0.25257731958762886 0.00980392156862745 0.015463917525773196
0.0 0.08946078431372549 0.5412371134020618 0.007352941176470588 0.03608247422680412
0.0 0.1482843137254902 0.5489690721649485 0.007352941176470588 0.03608247422680412
0.0 0.11274509803921569 0.5850515463917526 0.00980392156862745 0.030927835051546393
0.0 0.1801470588235294 0.711340206185567 0.01715686274509804 0.041237113402061855
0.0 0.15808823529411764 0.6971649484536082 0.01715686274509804 0.03865979381443299
0.0 0.17034313725490197 0.7061855670103093 0.01715686274509804 0.03608247422680412
9.0 0.20465686274509803 0.6713917525773195 0.03676470588235294 0.03350515463917526
9.0 0.3590686274509804 0.7152061855670103 0.031862745098039214 0.03350515463917526
9.0 0.35294117647058826 0.6791237113402062 0.04411764705882353 0.03350515463917526
9.0 0.4534313725490196 0.6932989690721649 0.0392156862745098 0.03608247422680412
9.0 0.5061274509803921 0.7061855670103093 0.051470588235294115 0.041237113402061855
9.0 0.5588235294117647 0.6713917525773195 0.05392156862745098 0.03865979381443299
9.0 0.5465686274509803 0.6353092783505154 0.0392156862745098 0.023195876288659795
9.0 0.6176470588235294 0.5889175257731959 0.03431372549019608 0.04381443298969072
0.0 0.6715686274509803 0.6005154639175257 0.0196078431372549 0.05670103092783505
3.0 0.6470588235294118 0.04639175257731959 0.014705882352941176 0.005154639175257732
3.0 0.7156862745098039 0.07087628865979381 0.00980392156862745 0.007731958762886598
3.0 0.6286764705882353 0.03865979381443299 0.007352941176470588 0.005154639175257732
5.0 0.7818627450980392 0.6817010309278351 0.12254901960784313 0.14690721649484537
0.0 0.8590686274509803 0.17783505154639176 0.0024509803921568627 0.005154639175257732
0.0 0.8688725490196079 0.17783505154639176 0.0024509803921568627 0.005154639175257732
0.0 0.866421568627451 0.17783505154639176 0.0024509803921568627 0.005154639175257732
9.0 0.9080882352941176 0.24484536082474226 0.012254901960784314 0.015463917525773196
9.0 0.9203431372549019 0.25 0.007352941176470588 0.010309278350515464
9.0 0.9240196078431373 0.7577319587628866 0.024509803921568627 0.041237113402061855
1.0 0.9203431372549019 0.24871134020618557 0.0024509803921568627 0.007731958762886598
1.0 0.9105392156862745 0.24613402061855671 0.007352941176470588 0.007731958762886598
1.0 0.928921568627451 0.7474226804123711 0.00980392156862745 0.020618556701030927
1.0 0.3553921568627451 0.654639175257732 0.0196078431372549 0.03608247422680412
1.0 0.3590686274509804 0.7010309278350515 0.01715686274509804 0.030927835051546393
1.0 0.4534313725490196 0.6675257731958762 0.014705882352941176 0.030927835051546393
1.0 0.5502450980392157 0.615979381443299 0.012254901960784314 0.030927835051546393
1.0 0.625 0.5618556701030928 0.014705882352941176 0.030927835051546393
1.0 0.5073529411764706 0.6739690721649485 0.0196078431372549 0.028350515463917526
1.0 0.5674019607843137 0.6494845360824743 0.01715686274509804 0.030927835051546393
1.0 0.2034313725490196 0.654639175257732 0.014705882352941176 0.02577319587628866
