5.0 0.11887254901960784 0.2693298969072165 0.031862745098039214 0.03865979381443299
5.0 0.13357843137254902 0.24613402061855671 0.02696078431372549 0.03350515463917526
3.0 0.12867647058823528 0.3595360824742268 0.02696078431372549 0.03350515463917526
3.0 0.12254901960784313 0.3956185567010309 0.029411764705882353 0.03350515463917526
3.0 0.5404411764705882 0.09278350515463918 0.02696078431372549 0.02577319587628866
3.0 0.40808823529411764 0.8827319587628866 0.031862745098039214 0.03350515463917526
3.0 0.4424019607843137 0.990979381443299 0.02696078431372549 0.007731958762886598
3.0 0.5600490196078431 0.990979381443299 0.01715686274509804 0.007731958762886598
9.0 0.5441176470588235 0.9420103092783505 0.00980392156862745 0.007731958762886598
5.0 0.6066176470588235 0.8788659793814433 0.056372549019607844 0.06701030927835051
8.0 0.7193627450980392 0.9381443298969072 0.051470588235294115 0.04639175257731959
4.0 0.33088235294117646 0.5219072164948454 0.06372549019607843 0.04896907216494845
5.0 0.571078431372549 0.055412371134020616 0.04411764705882353 0.04381443298969072
3.0 0.36887254901960786 0.05798969072164949 0.03676470588235294 0.023195876288659795
9.0 0.49142156862745096 0.006443298969072165 0.012254901960784314 0.002577319587628866
9.0 0.5183823529411765 0.006443298969072165 0.007352941176470588 0.002577319587628866
3.0 0.6973039215686274 0.05025773195876289 0.02696078431372549 0.01804123711340206
3.0 0.8063725490196079 0.20489690721649484 0.029411764705882353 0.04381443298969072
4.0 0.7830882352941176 0.18814432989690721 0.031862745098039214 0.04639175257731959
4.0 0.7953431372549019 0.1018041237113402 0.02696078431372549 0.028350515463917526
5.0 0.8982843137254902 0.34149484536082475 0.022058823529411766 0.05412371134020619
9.0 0.8713235294117647 0.4252577319587629 0.007352941176470588 0.02577319587628866
3.0 0.9546568627450981 0.595360824742268 0.012254901960784314 0.02577319587628866
3.0 0.9473039215686274 0.6507731958762887 0.012254901960784314 0.023195876288659795
3.0 0.9436274509803921 0.6752577319587629 0.014705882352941176 0.02577319587628866
3.0 0.9387254901960784 0.6894329896907216 0.014705882352941176 0.023195876288659795
4.0 0.9191176470588235 0.7422680412371134 0.0196078431372549 0.02577319587628866
3.0 0.8492647058823529 0.8337628865979382 0.02696078431372549 0.03350515463917526
3.0 0.8995098039215687 0.8092783505154639 0.0196078431372549 0.020618556701030927
3.0 0.9129901960784313 0.7963917525773195 0.01715686274509804 0.020618556701030927
3.0 0.8651960784313726 0.8234536082474226 0.0196078431372549 0.028350515463917526
