3.0 0.39828431372549017 0.9350828729281768 0.03676470588235294 0.03038674033149171
3.0 0.35661764705882354 0.9337016574585635 0.041666666666666664 0.03867403314917127
3.0 0.5343137254901961 0.9530386740331491 0.029411764705882353 0.027624309392265192
3.0 0.5894607843137255 0.8895027624309392 0.04656862745098039 0.04419889502762431
3.0 0.37254901960784315 0.744475138121547 0.04411764705882353 0.06906077348066299
3.0 0.5024509803921569 0.7679558011049724 0.04411764705882353 0.06077348066298342
3.0 0.49142156862745096 0.1270718232044199 0.01715686274509804 0.016574585635359115
3.0 0.49264705882352944 0.17403314917127072 0.024509803921568627 0.022099447513812154
3.0 0.3762254901960784 0.1878453038674033 0.022058823529411766 0.022099447513812154
3.0 0.34191176470588236 0.19613259668508287 0.022058823529411766 0.027624309392265192
3.0 0.4166666666666667 0.143646408839779 0.0196078431372549 0.016574585635359115
3.0 0.3909313725490196 0.13812154696132597 0.022058823529411766 0.016574585635359115
3.0 0.5208333333333334 0.10359116022099447 0.01715686274509804 0.013812154696132596
3.0 0.5441176470588235 0.0925414364640884 0.014705882352941176 0.013812154696132596
3.0 0.49264705882352944 0.08977900552486189 0.014705882352941176 0.013812154696132596
3.0 0.5134803921568627 0.06767955801104972 0.012254901960784314 0.008287292817679558
3.0 0.4325980392156863 0.09944751381215469 0.012254901960784314 0.011049723756906077
3.0 0.40808823529411764 0.09944751381215469 0.012254901960784314 0.011049723756906077
3.0 0.38235294117647056 0.10359116022099447 0.014705882352941176 0.013812154696132596
3.0 0.5269607843137255 0.21132596685082872 0.024509803921568627 0.03591160220994475
3.0 0.4522058823529412 0.006906077348066298 0.007352941176470588 0.0027624309392265192
3.0 0.45098039215686275 0.012430939226519336 0.00980392156862745 0.0027624309392265192
3.0 0.43995098039215685 0.017955801104972375 0.007352941176470588 0.0027624309392265192
3.0 0.44607843137254904 0.020718232044198894 0.00980392156862745 0.0027624309392265192
3.0 0.4362745098039216 0.03867403314917127 0.004901960784313725 0.0055248618784530384
3.0 0.4375 0.03314917127071823 0.007352941176470588 0.0055248618784530384
3.0 0.4852941176470588 0.024861878453038673 0.00980392156862745 0.0055248618784530384
3.0 0.48651960784313725 0.03591160220994475 0.012254901960784314 0.0055248618784530384
3.0 0.49754901960784315 0.006906077348066298 0.004901960784313725 0.0027624309392265192
3.0 0.5183823529411765 0.020718232044198894 0.007352941176470588 0.0027624309392265192
3.0 0.4485294117647059 0.04419889502762431 0.00980392156862745 0.0055248618784530384
4.0 0.49019607843137253 0.06353591160220995 0.00980392156862745 0.011049723756906077
4.0 0.4362745098039216 0.0718232044198895 0.014705882352941176 0.011049723756906077
4.0 0.4178921568627451 0.06906077348066299 0.01715686274509804 0.011049723756906077
4.0 0.3590686274509804 0.24447513812154695 0.02696078431372549 0.03591160220994475
4.0 0.48284313725490197 0.30248618784530384 0.029411764705882353 0.058011049723756904
4.0 0.48284313725490197 0.016574585635359115 0.00980392156862745 0.0055248618784530384
4.0 0.48284313725490197 0.009668508287292817 0.00980392156862745 0.0027624309392265192
4.0 0.5061274509803921 0.03729281767955801 0.012254901960784314 0.008287292817679558
4.0 0.4411764705882353 0.024861878453038673 0.00980392156862745 0.0055248618784530384
4.0 0.5698529411764706 0.21132596685082872 0.02696078431372549 0.04696132596685083
4.0 0.37254901960784315 0.5704419889502762 0.0392156862745098 0.06353591160220995
3.0 0.3174019607843137 0.6187845303867403 0.03676470588235294 0.06629834254143646
3.0 0.3284313725490196 0.7845303867403315 0.03431372549019608 0.049723756906077346
3.0 0.2855392156862745 0.8259668508287292 0.031862745098039214 0.03867403314917127
3.0 0.4019607843137255 0.9806629834254144 0.03431372549019608 0.022099447513812154
0.0 0.32598039215686275 0.9323204419889503 0.014705882352941176 0.013812154696132596
0.0 0.30269607843137253 0.9267955801104972 0.012254901960784314 0.013812154696132596
0.0 0.32598039215686275 0.9267955801104972 0.00980392156862745 0.008287292817679558
0.0 0.3174019607843137 0.9185082872928176 0.012254901960784314 0.013812154696132596
0.0 0.29044117647058826 0.9116022099447514 0.012254901960784314 0.011049723756906077
0.0 0.3088235294117647 0.9102209944751382 0.014705882352941176 0.013812154696132596
4.0 0.33455882352941174 0.43646408839779005 0.03676470588235294 0.06629834254143646
3.0 0.30514705882352944 0.3328729281767956 0.031862745098039214 0.04143646408839779
4.0 0.3553921568627451 0.16022099447513813 0.024509803921568627 0.022099447513812154
8.0 0.5036764705882353 0.023480662983425413 0.012254901960784314 0.008287292817679558
4.0 0.4987745098039216 0.012430939226519336 0.007352941176470588 0.0027624309392265192
8.0 0.42401960784313725 0.027624309392265192 0.014705882352941176 0.011049723756906077
4.0 0.44730392156862747 0.026243093922651933 0.007352941176470588 0.0027624309392265192
4.0 0.4338235294117647 0.04419889502762431 0.00980392156862745 0.0055248618784530384
3.0 0.4362745098039216 0.008287292817679558 0.00980392156862745 0.0055248618784530384
3.0 0.48161764705882354 0.0055248618784530384 0.007352941176470588 0.0055248618784530384
3.0 0.4534313725490196 0.004143646408839779 0.00980392156862745 0.0027624309392265192
4.0 0.007352941176470588 0.4488950276243094 0.004901960784313725 0.019337016574585635
8.0 0.023284313725490197 0.38535911602209943 0.012254901960784314 0.04696132596685083
4.0 0.07107843137254902 0.27071823204419887 0.00980392156862745 0.022099447513812154
5.0 0.03799019607843137 0.34806629834254144 0.012254901960784314 0.03314917127071823
5.0 0.02696078431372549 0.35911602209944754 0.00980392156862745 0.03314917127071823
