0.0 0.3866822429906542 0.7827669902912622 0.02102803738317757 0.02669902912621359
0.0 0.6203271028037384 0.5254854368932039 0.08644859813084112 0.14320388349514562
0.0 0.7348130841121495 0.5339805825242718 0.0630841121495327 0.13592233009708737
0.0 0.7955607476635514 0.5364077669902912 0.04439252336448598 0.11650485436893204
0.0 0.8504672897196262 0.5315533980582524 0.03271028037383177 0.10194174757281553
3.0 0.8785046728971962 0.5546116504854369 0.028037383177570093 0.09951456310679611
3.0 0.9170560747663551 0.5485436893203883 0.016355140186915886 0.07766990291262135
0.0 0.7219626168224299 0.8483009708737864 0.02336448598130841 0.021844660194174758
0.0 0.7091121495327103 0.9247572815533981 0.016355140186915886 0.009708737864077669
2.0 0.4439252336448598 0.9150485436893204 0.04672897196261682 0.014563106796116505
2.0 0.5981308411214953 0.9405339805825242 0.04205607476635514 0.012135922330097087
2.0 0.6016355140186916 0.9368932038834952 0.04439252336448598 0.014563106796116505
2.0 0.6121495327102804 0.9211165048543689 0.04205607476635514 0.01699029126213592
2.0 0.6238317757009346 0.904126213592233 0.04672897196261682 0.01699029126213592
2.0 0.633177570093458 0.8980582524271845 0.04672897196261682 0.019417475728155338
2.0 0.6320093457943925 0.8919902912621359 0.04439252336448598 0.01699029126213592
2.0 0.6366822429906542 0.883495145631068 0.0397196261682243 0.014563106796116505
2.0 0.6507009345794392 0.8737864077669902 0.04439252336448598 0.019417475728155338
2.0 0.4871495327102804 0.883495145631068 0.053738317757009345 0.009708737864077669
2.0 0.4544392523364486 0.8725728155339806 0.04906542056074766 0.01699029126213592
2.0 0.463785046728972 0.866504854368932 0.04906542056074766 0.019417475728155338
2.0 0.4602803738317757 0.8567961165048543 0.0514018691588785 0.014563106796116505
2.0 0.47079439252336447 0.8507281553398058 0.05841121495327103 0.01699029126213592
2.0 0.4661214953271028 0.837378640776699 0.053738317757009345 0.019417475728155338
