3.0 0.9411764705882353 0.7371134020618557 0.06372549019607843 0.11855670103092783
3.0 0.8884803921568627 0.5592783505154639 0.09068627450980392 0.14948453608247422
0.0 0.6066176470588235 0.6597938144329897 0.09068627450980392 0.08762886597938144
0.0 0.6139705882352942 0.2847938144329897 0.056372549019607844 0.05412371134020619
3.0 0.6764705882352942 0.7989690721649485 0.18627450980392157 0.10824742268041238
3.0 0.678921568627451 0.8711340206185567 0.19117647058823528 0.10824742268041238
3.0 0.5563725490196079 0.9497422680412371 0.16666666666666666 0.05412371134020619
1.0 0.20465686274509803 0.8853092783505154 0.02696078431372549 0.023195876288659795
2.0 0.20588235294117646 0.8865979381443299 0.029411764705882353 0.02577319587628866
3.0 0.27205882352941174 0.9265463917525774 0.07352941176470588 0.059278350515463915
0.0 0.18627450980392157 0.7177835051546392 0.024509803921568627 0.028350515463917526
3.0 0.5061274509803921 0.7512886597938144 0.17401960784313725 0.07989690721649484
3.0 0.3946078431372549 0.8878865979381443 0.12745098039215685 0.059278350515463915
3.0 0.2977941176470588 0.8092783505154639 0.1053921568627451 0.07731958762886598
3.0 0.2536764705882353 0.8376288659793815 0.07598039215686274 0.061855670103092786
4.0 0.2806372549019608 0.8827319587628866 0.10049019607843138 0.06958762886597938
3.0 0.22916666666666666 0.8814432989690721 0.061274509803921566 0.05154639175257732
3.0 0.21446078431372548 0.8479381443298969 0.056372549019607844 0.05154639175257732
3.0 0.19852941176470587 0.7770618556701031 0.05392156862745098 0.05412371134020619
3.0 0.18137254901960784 0.7976804123711341 0.049019607843137254 0.04896907216494845
3.0 0.16666666666666666 0.8118556701030928 0.0392156862745098 0.041237113402061855
3.0 0.16176470588235295 0.8286082474226805 0.0392156862745098 0.04381443298969072
3.0 0.1053921568627451 0.7693298969072165 0.014705882352941176 0.023195876288659795
3.0 0.1482843137254902 0.7744845360824743 0.031862745098039214 0.03865979381443299
3.0 0.13112745098039216 0.7603092783505154 0.022058823529411766 0.030927835051546393
3.0 0.13848039215686275 0.7873711340206185 0.031862745098039214 0.03865979381443299
3.0 0.14583333333333334 0.7487113402061856 0.031862745098039214 0.03865979381443299
3.0 0.1213235294117647 0.7332474226804123 0.022058823529411766 0.03350515463917526
3.0 0.11397058823529412 0.7461340206185567 0.01715686274509804 0.028350515463917526
3.0 0.12377450980392157 0.770618556701031 0.022058823529411766 0.030927835051546393
3.0 0.11029411764705882 0.7577319587628866 0.014705882352941176 0.020618556701030927
3.0 0.1017156862745098 0.720360824742268 0.01715686274509804 0.028350515463917526
3.0 0.09436274509803921 0.7152061855670103 0.012254901960784314 0.023195876288659795
3.0 0.08823529411764706 0.7100515463917526 0.00980392156862745 0.01804123711340206
3.0 0.09681372549019608 0.7306701030927835 0.012254901960784314 0.01804123711340206
3.0 0.10049019607843138 0.7487113402061856 0.014705882352941176 0.023195876288659795
3.0 0.09436274509803921 0.7384020618556701 0.012254901960784314 0.01804123711340206
3.0 0.09068627450980392 0.7255154639175257 0.00980392156862745 0.01804123711340206
3.0 0.0857843137254902 0.7216494845360825 0.00980392156862745 0.015463917525773196
3.0 0.0821078431372549 0.7010309278350515 0.007352941176470588 0.015463917525773196
3.0 0.07965686274509803 0.6997422680412371 0.007352941176470588 0.01804123711340206
3.0 0.0857843137254902 0.729381443298969 0.00980392156862745 0.015463917525773196
3.0 0.0821078431372549 0.7177835051546392 0.007352941176470588 0.01288659793814433
3.0 0.0784313725490196 0.6997422680412371 0.004901960784313725 0.007731958762886598
3.0 0.07965686274509803 0.7139175257731959 0.007352941176470588 0.015463917525773196
3.0 0.07720588235294118 0.7100515463917526 0.007352941176470588 0.01288659793814433
3.0 0.07107843137254902 0.6958762886597938 0.004901960784313725 0.010309278350515464
3.0 0.07230392156862746 0.7023195876288659 0.007352941176470588 0.007731958762886598
3.0 0.06862745098039216 0.7010309278350515 0.004901960784313725 0.010309278350515464
3.0 0.06740196078431372 0.7036082474226805 0.0024509803921568627 0.005154639175257732
3.0 0.0625 0.6958762886597938 0.0024509803921568627 0.005154639175257732
3.0 0.061274509803921566 0.6932989690721649 0.004901960784313725 0.005154639175257732
3.0 0.06372549019607843 0.7023195876288659 0.004901960784313725 0.007731958762886598
7.0 0.12009803921568628 0.6327319587628866 0.014705882352941176 0.023195876288659795
0.0 0.11151960784313726 0.6018041237113402 0.007352941176470588 0.01804123711340206
8.0 0.1090686274509804 0.6275773195876289 0.031862745098039214 0.059278350515463915
0.0 0.09681372549019608 0.6984536082474226 0.007352941176470588 0.010309278350515464
0.0 0.09558823529411764 0.6971649484536082 0.004901960784313725 0.007731958762886598
0.0 0.09558823529411764 0.6984536082474226 0.004901960784313725 0.010309278350515464
3.0 0.06495098039215687 0.6713917525773195 0.0024509803921568627 0.007731958762886598
3.0 0.0625 0.6701030927835051 0.0024509803921568627 0.005154639175257732
0.0 0.0625 0.6623711340206185 0.0024509803921568627 0.005154639175257732
3.0 0.0625 0.6726804123711341 0.0024509803921568627 0.005154639175257732
3.0 0.06004901960784314 0.6752577319587629 0.0024509803921568627 0.005154639175257732
3.0 0.06004901960784314 0.6791237113402062 0.0024509803921568627 0.002577319587628866
3.0 0.06004901960784314 0.6829896907216495 0.0024509803921568627 0.005154639175257732
3.0 0.058823529411764705 0.6765463917525774 0.0 0.002577319587628866
4.0 0.8897058823529411 0.16237113402061856 0.04411764705882353 0.05670103092783505
3.0 0.8799019607843137 0.16237113402061856 0.049019607843137254 0.061855670103092786
3.0 0.8504901960784313 0.163659793814433 0.049019607843137254 0.059278350515463915
0.0 0.8259803921568627 0.14690721649484537 0.024509803921568627 0.02577319587628866
3.0 0.8235294117647058 0.1134020618556701 0.04411764705882353 0.041237113402061855
4.0 0.7977941176470589 0.11211340206185567 0.041666666666666664 0.03865979381443299
3.0 0.8247549019607843 0.163659793814433 0.061274509803921566 0.06958762886597938
3.0 0.7855392156862745 0.16623711340206185 0.0661764705882353 0.06958762886597938
3.0 0.7671568627450981 0.1713917525773196 0.06372549019607843 0.06958762886597938
3.0 0.5808823529411765 0.14304123711340205 0.05392156862745098 0.03865979381443299
3.0 0.553921568627451 0.14561855670103094 0.049019607843137254 0.03350515463917526
3.0 0.5318627450980392 0.15721649484536082 0.05392156862745098 0.041237113402061855
3.0 0.4963235294117647 0.16881443298969073 0.04656862745098039 0.03865979381443299
3.0 0.42401960784313725 0.21391752577319587 0.05392156862745098 0.05154639175257732
