0.0 0.10416666666666667 0.15979381443298968 0.022058823529411766 0.02577319587628866
0.0 0.10294117647058823 0.19201030927835053 0.029411764705882353 0.04381443298969072
0.0 0.06004901960784314 0.3389175257731959 0.022058823529411766 0.04896907216494845
0.0 0.07230392156862746 0.6018041237113402 0.022058823529411766 0.06958762886597938
0.0 0.1482843137254902 0.6494845360824743 0.04656862745098039 0.07216494845360824
0.0 0.4215686274509804 0.9548969072164949 0.0392156862745098 0.01804123711340206
0.0 0.8541666666666666 0.5786082474226805 0.03676470588235294 0.09536082474226804
0.0 0.8713235294117647 0.604381443298969 0.031862745098039214 0.08505154639175258
0.0 0.9056372549019608 0.6095360824742269 0.02696078431372549 0.06443298969072164
0.0 0.9375 0.6971649484536082 0.022058823529411766 0.04896907216494845
0.0 0.9644607843137255 0.6430412371134021 0.01715686274509804 0.04896907216494845
0.0 0.9448529411764706 0.5103092783505154 0.012254901960784314 0.061855670103092786
0.0 0.9375 0.4652061855670103 0.01715686274509804 0.04896907216494845
0.0 0.9852941176470589 0.5773195876288659 0.00980392156862745 0.041237113402061855
0.0 0.991421568627451 0.5515463917525774 0.007352941176470588 0.04639175257731959
0.0 0.9865196078431373 0.4574742268041237 0.007352941176470588 0.03865979381443299
0.0 0.9950980392156863 0.4845360824742268 0.004901960784313725 0.041237113402061855
0.0 0.9816176470588235 0.3943298969072165 0.012254901960784314 0.03608247422680412
0.0 0.9718137254901961 0.3543814432989691 0.01715686274509804 0.04896907216494845
0.0 0.9558823529411765 0.3131443298969072 0.0196078431372549 0.04896907216494845
0.0 0.9436274509803921 0.28994845360824745 0.0196078431372549 0.03865979381443299
0.0 0.07965686274509803 0.30927835051546393 0.031862745098039214 0.06701030927835051
0.0 0.06985294117647059 0.32989690721649484 0.022058823529411766 0.05670103092783505
9.0 0.5453431372549019 0.8041237113402062 0.12009803921568628 0.08762886597938144
