3.0 0.4565727699530516 0.7525641025641026 0.07276995305164319 0.07948717948717948
3.0 0.6009389671361502 0.632051282051282 0.06103286384976526 0.08461538461538462
3.0 0.4014084507042254 0.9833333333333333 0.051643192488262914 0.017948717948717947
3.0 0.5762910798122066 0.2282051282051282 0.035211267605633804 0.035897435897435895
3.0 0.19718309859154928 0.6294871794871795 0.04225352112676056 0.06923076923076923
4.0 0.14906103286384975 0.6217948717948718 0.03990610328638498 0.09487179487179487
3.0 0.1572769953051643 0.5897435897435898 0.03286384976525822 0.05641025641025641
3.0 0.16784037558685447 0.5461538461538461 0.03051643192488263 0.06666666666666667
3.0 0.21713615023474178 0.41923076923076924 0.035211267605633804 0.05897435897435897
4.0 0.23708920187793428 0.36923076923076925 0.03755868544600939 0.05641025641025641
4.0 0.25821596244131456 0.3282051282051282 0.03286384976525822 0.05641025641025641
8.0 0.5187793427230047 0.17051282051282052 0.03755868544600939 0.038461538461538464
8.0 0.5070422535211268 0.14615384615384616 0.028169014084507043 0.02564102564102564
8.0 0.573943661971831 0.08846153846153847 0.01643192488262911 0.01282051282051282
1.0 0.8755868544600939 0.7846153846153846 0.009389671361502348 0.020512820512820513
1.0 0.863849765258216 0.7948717948717948 0.009389671361502348 0.015384615384615385
1.0 0.8931924882629108 0.7435897435897436 0.007042253521126761 0.010256410256410256
1.0 0.8814553990610329 0.732051282051282 0.011737089201877934 0.023076923076923078
1.0 0.18896713615023475 0.8692307692307693 0.011737089201877934 0.010256410256410256
1.0 0.21244131455399062 0.8743589743589744 0.01643192488262911 0.015384615384615385
1.0 0.19248826291079812 0.75 0.014084507042253521 0.023076923076923078
1.0 0.25586854460093894 0.5153846153846153 0.009389671361502348 0.020512820512820513
9.0 0.8568075117370892 0.808974358974359 0.014084507042253521 0.017948717948717947
9.0 0.8697183098591549 0.8 0.02112676056338028 0.02564102564102564
9.0 0.8767605633802817 0.7474358974358974 0.01643192488262911 0.028205128205128206
9.0 0.22535211267605634 0.8910256410256411 0.023474178403755867 0.017948717948717947
9.0 0.19953051643192488 0.8833333333333333 0.023474178403755867 0.023076923076923078
9.0 0.2007042253521127 0.7730769230769231 0.02112676056338028 0.023076923076923078
2.0 0.886150234741784 0.7576923076923077 0.011737089201877934 0.017948717948717947
3.0 0.6349765258215962 0.07692307692307693 0.007042253521126761 0.005128205128205128
3.0 0.6244131455399061 0.07564102564102564 0.004694835680751174 0.002564102564102564
3.0 0.6443661971830986 0.10128205128205128 0.011737089201877934 0.007692307692307693
3.0 0.6009389671361502 0.08076923076923077 0.009389671361502348 0.007692307692307693
4.0 0.4225352112676056 0.15512820512820513 0.023474178403755867 0.017948717948717947
9.0 0.25586854460093894 0.5384615384615384 0.014084507042253521 0.03076923076923077
3.0 0.43427230046948356 0.11538461538461539 0.03755868544600939 0.010256410256410256
3.0 0.4072769953051643 0.13205128205128205 0.035211267605633804 0.01282051282051282
3.0 0.4706572769953052 0.09358974358974359 0.02112676056338028 0.007692307692307693
3.0 0.47300469483568075 0.09102564102564102 0.03051643192488263 0.007692307692307693
3.0 0.43427230046948356 0.10897435897435898 0.028169014084507043 0.007692307692307693
3.0 0.41784037558685444 0.12435897435897436 0.04225352112676056 0.01282051282051282
0.0 0.1056338028169014 0.5897435897435898 0.009389671361502348 0.041025641025641026
