3.0 0.4117647058823529 0.979381443298969 0.06372549019607843 0.030927835051546393
3.0 0.3762254901960784 0.9252577319587629 0.09558823529411764 0.07216494845360824
3.0 0.3394607843137255 0.8402061855670103 0.12009803921568628 0.12886597938144329
3.0 0.3014705882352941 0.6662371134020618 0.09803921568627451 0.19329896907216496
3.0 0.29411764705882354 0.39304123711340205 0.08333333333333333 0.18298969072164947
3.0 0.30637254901960786 0.24355670103092783 0.08823529411764706 0.1211340206185567
3.0 0.33455882352941174 0.14690721649484537 0.061274509803921566 0.06701030927835051
3.0 0.35171568627450983 0.10695876288659793 0.04656862745098039 0.03350515463917526
3.0 0.3627450980392157 0.08376288659793814 0.0392156862745098 0.023195876288659795
3.0 0.4338235294117647 0.08891752577319588 0.05392156862745098 0.04381443298969072
3.0 0.6372549019607843 0.21005154639175258 0.08823529411764706 0.10051546391752578
3.0 0.4877450980392157 0.005154639175257732 0.029411764705882353 0.010309278350515464
9.0 0.6053921568627451 0.09149484536082474 0.0196078431372549 0.01804123711340206
1.0 0.6053921568627451 0.08762886597938144 0.0196078431372549 0.015463917525773196
3.0 0.7977941176470589 0.09278350515463918 0.02696078431372549 0.02577319587628866
3.0 0.6458333333333334 0.020618556701030927 0.056372549019607844 0.015463917525773196
3.0 0.6531862745098039 0.024484536082474227 0.051470588235294115 0.01804123711340206
3.0 0.6556372549019608 0.030927835051546393 0.051470588235294115 0.020618556701030927
3.0 0.6764705882352942 0.03994845360824742 0.049019607843137254 0.023195876288659795
3.0 0.6862745098039216 0.05025773195876289 0.06372549019607843 0.028350515463917526
3.0 0.6973039215686274 0.06056701030927835 0.061274509803921566 0.028350515463917526
3.0 0.7169117647058824 0.07731958762886598 0.061274509803921566 0.030927835051546393
3.0 0.7230392156862745 0.08505154639175258 0.06372549019607843 0.03608247422680412
3.0 0.7401960784313726 0.10051546391752578 0.0784313725490196 0.04639175257731959
3.0 0.7647058823529411 0.12628865979381443 0.0784313725490196 0.05670103092783505
3.0 0.7769607843137255 0.1481958762886598 0.07352941176470588 0.05412371134020619
3.0 0.8014705882352942 0.17525773195876287 0.06862745098039216 0.05670103092783505
3.0 0.821078431372549 0.20489690721649484 0.06862745098039216 0.06443298969072164
3.0 0.8455882352941176 0.24742268041237114 0.06862745098039216 0.07216494845360824
3.0 0.8627450980392157 0.2822164948453608 0.06862745098039216 0.07989690721649484
3.0 0.8762254901960784 0.327319587628866 0.0661764705882353 0.08247422680412371
3.0 0.8909313725490197 0.3801546391752577 0.061274509803921566 0.07989690721649484
4.0 0.9093137254901961 0.4368556701030928 0.04411764705882353 0.06958762886597938
3.0 0.9117647058823529 0.5115979381443299 0.04411764705882353 0.07474226804123711
3.0 0.9105392156862745 0.5798969072164949 0.051470588235294115 0.07216494845360824
3.0 0.9080882352941176 0.634020618556701 0.056372549019607844 0.08247422680412371
3.0 0.75 0.836340206185567 0.08823529411764706 0.10051546391752578
0.0 0.7120098039215687 0.8724226804123711 0.022058823529411766 0.023195876288659795
0.0 0.7034313725490197 0.8698453608247423 0.014705882352941176 0.01804123711340206
0.0 0.8002450980392157 0.8054123711340206 0.01715686274509804 0.028350515463917526
0.0 0.7781862745098039 0.8286082474226805 0.01715686274509804 0.023195876288659795
3.0 0.7071078431372549 0.9407216494845361 0.09068627450980392 0.06701030927835051
0.0 0.7156862745098039 0.05025773195876289 0.00980392156862745 0.007731958762886598
0.0 0.7071078431372549 0.04768041237113402 0.012254901960784314 0.007731958762886598
3.0 0.8051470588235294 0.09149484536082474 0.022058823529411766 0.01804123711340206
0.0 0.8566176470588235 0.16881443298969073 0.012254901960784314 0.01804123711340206
0.0 0.8590686274509803 0.17010309278350516 0.012254901960784314 0.015463917525773196
0.0 0.8676470588235294 0.18685567010309279 0.014705882352941176 0.023195876288659795
0.0 0.9448529411764706 0.3002577319587629 0.007352941176470588 0.01804123711340206
4.0 0.9497549019607843 0.3582474226804124 0.02696078431372549 0.07731958762886598
3.0 0.9571078431372549 0.40463917525773196 0.02696078431372549 0.06701030927835051
0.0 0.9718137254901961 0.4845360824742268 0.0024509803921568627 0.02577319587628866
0.0 0.9607843137254902 0.5064432989690721 0.004901960784313725 0.03350515463917526
0.0 0.9509803921568627 0.48582474226804123 0.004901960784313725 0.03350515463917526
0.0 0.9448529411764706 0.49097938144329895 0.0024509803921568627 0.03865979381443299
3.0 0.8970588235294118 0.6984536082474226 0.06862745098039216 0.0979381443298969
3.0 0.8848039215686274 0.75 0.07352941176470588 0.09278350515463918
3.0 0.8774509803921569 0.7847938144329897 0.0784313725490196 0.09020618556701031
3.0 0.866421568627451 0.8157216494845361 0.07107843137254902 0.07989690721649484
3.0 0.8455882352941176 0.854381443298969 0.08823529411764706 0.08505154639175258
3.0 0.8394607843137255 0.875 0.08088235294117647 0.07474226804123711
3.0 0.9644607843137255 0.6649484536082474 0.03676470588235294 0.0979381443298969
0.0 0.9803921568627451 0.6018041237113402 0.004901960784313725 0.028350515463917526
3.0 0.9448529411764706 0.7448453608247423 0.041666666666666664 0.08247422680412371
