3.0 0.27941176470588236 0.22036082474226804 0.11274509803921569 0.11082474226804123
3.0 0.38480392156862747 0.8672680412371134 0.20588235294117646 0.16237113402061856
3.0 0.9301470588235294 0.729381443298969 0.1053921568627451 0.17010309278350516
3.0 0.4019607843137255 0.9639175257731959 0.16176470588235295 0.06701030927835051
3.0 0.928921568627451 0.6855670103092784 0.09803921568627451 0.16494845360824742
3.0 0.39828431372549017 0.6301546391752577 0.20833333333333334 0.2603092783505155
3.0 0.4105392156862745 0.38917525773195877 0.16911764705882354 0.22164948453608246
3.0 0.4338235294117647 0.23840206185567012 0.16176470588235295 0.10051546391752578
3.0 0.45098039215686275 0.1172680412371134 0.16666666666666666 0.05412371134020619
3.0 0.946078431372549 0.5979381443298969 0.06862745098039216 0.13402061855670103
3.0 0.9411764705882353 0.5438144329896907 0.06372549019607843 0.11855670103092783
3.0 0.9362745098039216 0.47551546391752575 0.06862745098039216 0.1211340206185567
3.0 0.9227941176470589 0.40335051546391754 0.07107843137254902 0.11597938144329897
4.0 0.8799019607843137 0.3131443298969072 0.11764705882352941 0.16237113402061856
3.0 0.8590686274509803 0.27319587628865977 0.08088235294117647 0.0979381443298969
3.0 0.8370098039215687 0.22938144329896906 0.11519607843137254 0.1134020618556701
3.0 0.8223039215686274 0.20231958762886598 0.1053921568627451 0.09536082474226804
3.0 0.8026960784313726 0.17654639175257733 0.09068627450980392 0.07474226804123711
3.0 0.5049019607843137 0.07345360824742268 0.09313725490196079 0.023195876288659795
3.0 0.7757352941176471 0.15206185567010308 0.10049019607843138 0.07216494845360824
3.0 0.7512254901960784 0.12628865979381443 0.0857843137254902 0.05670103092783505
3.0 0.7389705882352942 0.11469072164948453 0.09068627450980392 0.05412371134020619
3.0 0.7242647058823529 0.10309278350515463 0.10049019607843138 0.05670103092783505
3.0 0.7132352941176471 0.09149484536082474 0.08823529411764706 0.04896907216494845
3.0 0.6936274509803921 0.07474226804123711 0.0784313725490196 0.03608247422680412
3.0 0.6740196078431373 0.06056701030927835 0.07352941176470588 0.03350515463917526
3.0 0.6605392156862745 0.05412371134020619 0.07598039215686274 0.030927835051546393
3.0 0.6053921568627451 0.06443298969072164 0.0784313725490196 0.03608247422680412
3.0 0.49754901960784315 0.05798969072164949 0.0784313725490196 0.01804123711340206
3.0 0.49387254901960786 0.04768041237113402 0.056372549019607844 0.01288659793814433
3.0 0.49754901960784315 0.03608247422680412 0.06372549019607843 0.010309278350515464
3.0 0.4424019607843137 0.024484536082474227 0.03676470588235294 0.01288659793814433
3.0 0.47794117647058826 0.028350515463917526 0.0392156862745098 0.010309278350515464
3.0 0.6151960784313726 0.029639175257731958 0.029411764705882353 0.01288659793814433
3.0 0.6078431372549019 0.02577319587628866 0.03431372549019608 0.010309278350515464
3.0 0.5919117647058824 0.019329896907216496 0.02696078431372549 0.007731958762886598
3.0 0.5821078431372549 0.01675257731958763 0.02696078431372549 0.007731958762886598
3.0 0.5674019607843137 0.01288659793814433 0.022058823529411766 0.005154639175257732
3.0 0.5612745098039216 0.010309278350515464 0.024509803921568627 0.005154639175257732
3.0 0.5502450980392157 0.007731958762886598 0.02696078431372549 0.005154639175257732
3.0 0.5306372549019608 0.005154639175257732 0.02696078431372549 0.005154639175257732
3.0 0.5220588235294118 0.002577319587628866 0.0196078431372549 0.005154639175257732
3.0 0.47794117647058826 0.019329896907216496 0.029411764705882353 0.007731958762886598
3.0 0.46691176470588236 0.01675257731958763 0.031862745098039214 0.007731958762886598
3.0 0.4644607843137255 0.014175257731958763 0.031862745098039214 0.007731958762886598
3.0 0.47058823529411764 0.010309278350515464 0.03431372549019608 0.005154639175257732
3.0 0.4571078431372549 0.00902061855670103 0.02696078431372549 0.007731958762886598
