3.0 0.025821596244131457 0.47435897435897434 0.014084507042253521 0.041025641025641026
3.0 0.023474178403755867 0.5089743589743589 0.009389671361502348 0.03333333333333333
3.0 0.03755868544600939 0.5038461538461538 0.014084507042253521 0.04871794871794872
9.0 0.06690140845070422 0.391025641025641 0.007042253521126761 0.028205128205128206
9.0 0.05868544600938967 0.3923076923076923 0.009389671361502348 0.041025641025641026
3.0 0.09741784037558686 0.37051282051282053 0.035211267605633804 0.1
3.0 0.15845070422535212 0.33974358974358976 0.0539906103286385 0.12564102564102564
5.0 0.04107981220657277 0.6012820512820513 0.035211267605633804 0.08461538461538462
4.0 0.09154929577464789 0.7294871794871794 0.051643192488262914 0.09487179487179487
3.0 0.20305164319248825 0.7923076923076923 0.07276995305164319 0.09743589743589744
3.0 0.27816901408450706 0.8384615384615385 0.08685446009389672 0.09743589743589744
3.0 0.34624413145539906 0.85 0.09154929577464789 0.08974358974358974
9.0 0.2323943661971831 0.25 0.023474178403755867 0.038461538461538464
9.0 0.29107981220657275 0.28974358974358977 0.056338028169014086 0.035897435897435895
3.0 0.3873239436619718 0.26794871794871794 0.0892018779342723 0.13076923076923078
3.0 0.5140845070422535 0.25 0.09389671361502347 0.13076923076923078
9.0 0.8086854460093896 0.2794871794871795 0.025821596244131457 0.046153846153846156
9.0 0.9413145539906104 0.36666666666666664 0.009389671361502348 0.03076923076923077
3.0 0.9624413145539906 0.41794871794871796 0.018779342723004695 0.046153846153846156
4.0 0.9870892018779343 0.45897435897435895 0.007042253521126761 0.05128205128205128
3.0 0.9471830985915493 0.25769230769230766 0.01643192488262911 0.03333333333333333
3.0 0.9284037558685446 0.23974358974358975 0.01643192488262911 0.03333333333333333
3.0 0.9765258215962441 0.6064102564102564 0.018779342723004695 0.06923076923076923
3.0 0.9612676056338029 0.6371794871794871 0.025821596244131457 0.07948717948717948
3.0 0.9507042253521126 0.6487179487179487 0.028169014084507043 0.08205128205128205
3.0 0.937793427230047 0.6641025641025641 0.03051643192488263 0.08717948717948718
3.0 0.9084507042253521 0.6897435897435897 0.046948356807511735 0.10256410256410256
3.0 0.8157276995305164 0.7653846153846153 0.07746478873239436 0.11538461538461539
