3.0 0.1482843137254902 0.7603092783505154 0.11519607843137254 0.18041237113402062
3.0 0.21568627450980393 0.759020618556701 0.12745098039215685 0.17783505154639176
3.0 0.34191176470588236 0.5850515463917526 0.12990196078431374 0.2422680412371134
3.0 0.35661764705882354 0.9149484536082474 0.13480392156862744 0.10309278350515463
3.0 0.22916666666666666 0.22036082474226804 0.09558823529411764 0.11597938144329897
3.0 0.3492647058823529 0.13917525773195877 0.08088235294117647 0.07216494845360824
3.0 0.4178921568627451 0.061855670103092786 0.0661764705882353 0.03608247422680412
3.0 0.4583333333333333 0.09536082474226804 0.06862745098039216 0.05154639175257732
3.0 0.41911764705882354 0.22293814432989692 0.12254901960784313 0.12628865979381443
4.0 0.12990196078431374 0.595360824742268 0.07352941176470588 0.17525773195876287
4.0 0.35049019607843135 0.03865979381443299 0.04411764705882353 0.02577319587628866
3.0 0.5220588235294118 0.02190721649484536 0.0392156862745098 0.01288659793814433
3.0 0.5 0.003865979381443299 0.029411764705882353 0.007731958762886598
3.0 0.4105392156862745 0.01288659793814433 0.041666666666666664 0.015463917525773196
3.0 0.16544117647058823 0.3646907216494845 0.08088235294117647 0.15721649484536082
3.0 0.25245098039215685 0.34664948453608246 0.10784313725490197 0.17268041237113402
3.0 0.18137254901960784 0.8762886597938144 0.12254901960784313 0.12371134020618557
3.0 0.25980392156862747 0.9226804123711341 0.12254901960784313 0.09278350515463918
3.0 0.11151960784313726 0.15463917525773196 0.031862745098039214 0.03608247422680412
5.0 0.09681372549019608 0.1713917525773196 0.041666666666666664 0.04896907216494845
9.0 0.15318627450980393 0.1211340206185567 0.012254901960784314 0.015463917525773196
9.0 0.07720588235294118 0.211340206185567 0.01715686274509804 0.02577319587628866
9.0 0.07475490196078431 0.20618556701030927 0.012254901960784314 0.020618556701030927
9.0 0.23774509803921567 0.07087628865979381 0.014705882352941176 0.01288659793814433
9.0 0.03431372549019608 0.38273195876288657 0.014705882352941176 0.04381443298969072
3.0 0.37745098039215685 0.015463917525773196 0.04411764705882353 0.015463917525773196
9.0 0.6838235294117647 0.03608247422680412 0.014705882352941176 0.010309278350515464
9.0 0.8247549019607843 0.1958762886597938 0.02696078431372549 0.03608247422680412
9.0 0.7671568627450981 0.19072164948453607 0.03431372549019608 0.04639175257731959
0.0 0.8235294117647058 0.125 0.014705882352941176 0.01804123711340206
0.0 0.8186274509803921 0.1211340206185567 0.014705882352941176 0.015463917525773196
0.0 0.8100490196078431 0.10695876288659793 0.012254901960784314 0.01288659793814433
0.0 0.803921568627451 0.10309278350515463 0.014705882352941176 0.015463917525773196
0.0 0.7622549019607843 0.07345360824742268 0.014705882352941176 0.01288659793814433
0.0 0.7720588235294118 0.07860824742268041 0.014705882352941176 0.01288659793814433
0.0 0.7855392156862745 0.08891752577319588 0.012254901960784314 0.01288659793814433
0.0 0.7928921568627451 0.09407216494845361 0.012254901960784314 0.01288659793814433
0.0 0.7953431372549019 0.09536082474226804 0.012254901960784314 0.015463917525773196
9.0 0.0784313725490196 0.2603092783505155 0.024509803921568627 0.041237113402061855
1.0 0.1568627450980392 0.1172680412371134 0.004901960784313725 0.007731958762886598
1.0 0.23897058823529413 0.06829896907216494 0.007352941176470588 0.007731958762886598
1.0 0.07598039215686274 0.20489690721649484 0.004901960784313725 0.007731958762886598
1.0 0.07720588235294118 0.21005154639175258 0.007352941176470588 0.01288659793814433
1.0 0.08088235294117647 0.2551546391752577 0.00980392156862745 0.015463917525773196
1.0 0.03553921568627451 0.37371134020618557 0.007352941176470588 0.020618556701030927
1.0 0.6825980392156863 0.03350515463917526 0.007352941176470588 0.005154639175257732
1.0 0.8223039215686274 0.18943298969072164 0.012254901960784314 0.01804123711340206
1.0 0.7647058823529411 0.18170103092783504 0.014705882352941176 0.01804123711340206
