3.0 0.02699530516431925 0.43846153846153846 0.011737089201877934 0.035897435897435895
3.0 0.02112676056338028 0.4641025641025641 0.009389671361502348 0.035897435897435895
3.0 0.03286384976525822 0.46282051282051284 0.014084507042253521 0.038461538461538464
0.0 0.056338028169014086 0.3858974358974359 0.004694835680751174 0.017948717948717947
9.0 0.05868544600938967 0.3717948717948718 0.009389671361502348 0.020512820512820513
9.0 0.062206572769953054 0.38076923076923075 0.007042253521126761 0.023076923076923078
3.0 0.08568075117370892 0.3717948717948718 0.03051643192488263 0.08205128205128205
3.0 0.1255868544600939 0.3628205128205128 0.04460093896713615 0.10512820512820513
9.0 0.20774647887323944 0.35 0.035211267605633804 0.038461538461538464
9.0 0.18192488262910797 0.29615384615384616 0.01643192488262911 0.038461538461538464
3.0 0.2734741784037559 0.3371794871794872 0.08215962441314555 0.1358974358974359
3.0 0.3673708920187793 0.32564102564102565 0.09154929577464789 0.15897435897435896
3.0 0.15140845070422534 0.7551282051282051 0.06338028169014084 0.1
3.0 0.11384976525821597 0.7141025641025641 0.04929577464788732 0.09487179487179487
3.0 0.19131455399061034 0.7833333333333333 0.07276995305164319 0.10512820512820513
5.0 0.02464788732394366 0.5423076923076923 0.02112676056338028 0.05897435897435897
4.0 0.046948356807511735 0.6487179487179487 0.028169014084507043 0.07692307692307693
3.0 0.6349765258215962 0.8705128205128205 0.08215962441314555 0.07435897435897436
3.0 0.8075117370892019 0.8128205128205128 0.07042253521126761 0.09230769230769231
3.0 0.863849765258216 0.7794871794871795 0.051643192488262914 0.08205128205128205
3.0 0.886150234741784 0.7666666666666667 0.04929577464788732 0.08717948717948718
3.0 0.9061032863849765 0.75 0.04225352112676056 0.07948717948717948
3.0 0.9354460093896714 0.7128205128205128 0.035211267605633804 0.07692307692307693
3.0 0.9565727699530516 0.5166666666666667 0.01643192488262911 0.04358974358974359
4.0 0.9788732394366197 0.5564102564102564 0.009389671361502348 0.06153846153846154
3.0 0.9753521126760564 0.6487179487179487 0.02112676056338028 0.06666666666666667
9.0 0.9389671361502347 0.4641025641025641 0.004694835680751174 0.03076923076923077
9.0 0.7605633802816901 0.35384615384615387 0.028169014084507043 0.05641025641025641
9.0 0.6936619718309859 0.31666666666666665 0.02112676056338028 0.05384615384615385
3.0 0.9436619718309859 0.3 0.014084507042253521 0.035897435897435895
3.0 0.9577464788732394 0.32051282051282054 0.014084507042253521 0.035897435897435895
3.0 0.9119718309859155 0.1987179487179487 0.01643192488262911 0.028205128205128206
1.0 0.9436619718309859 0.24358974358974358 0.004694835680751174 0.010256410256410256
0.0 0.9413145539906104 0.24102564102564103 0.004694835680751174 0.010256410256410256
