3.0 0.05514705882352941 0.4574742268041237 0.012254901960784314 0.028350515463917526
4.0 0.32598039215686275 0.125 0.029411764705882353 0.01804123711340206
3.0 0.4325980392156863 0.17525773195876287 0.02696078431372549 0.020618556701030927
4.0 0.4534313725490196 0.3170103092783505 0.08333333333333333 0.04639175257731959
5.0 0.5575980392156863 0.3865979381443299 0.09558823529411764 0.05154639175257732
3.0 0.625 0.24484536082474226 0.049019607843137254 0.02577319587628866
3.0 0.6409313725490197 0.22036082474226804 0.051470588235294115 0.03350515463917526
3.0 0.45955882352941174 0.15335051546391754 0.02696078431372549 0.01288659793814433
3.0 0.4852941176470588 0.1404639175257732 0.024509803921568627 0.01804123711340206
3.0 0.5 0.13015463917525774 0.0196078431372549 0.01288659793814433
5.0 0.8125 0.5541237113402062 0.051470588235294115 0.06701030927835051
5.0 0.8774509803921569 0.6301546391752577 0.029411764705882353 0.059278350515463915
5.0 0.8774509803921569 0.44458762886597936 0.014705882352941176 0.05412371134020619
5.0 0.8884803921568627 0.49097938144329895 0.022058823529411766 0.04381443298969072
5.0 0.9068627450980392 0.5128865979381443 0.0196078431372549 0.04639175257731959
5.0 0.9191176470588235 0.5244845360824743 0.014705882352941176 0.04896907216494845
5.0 0.9264705882352942 0.538659793814433 0.014705882352941176 0.04639175257731959
5.0 0.9411764705882353 0.5528350515463918 0.014705882352941176 0.04896907216494845
5.0 0.8884803921568627 0.6314432989690721 0.04656862745098039 0.09278350515463918
5.0 0.8872549019607843 0.6726804123711341 0.03431372549019608 0.05670103092783505
9.0 0.04044117647058824 0.48711340206185566 0.0024509803921568627 0.015463917525773196
9.0 0.5735294117647058 0.06443298969072164 0.00980392156862745 0.005154639175257732
9.0 0.5674019607843137 0.09020618556701031 0.012254901960784314 0.005154639175257732
3.0 0.5808823529411765 0.02190721649484536 0.00980392156862745 0.002577319587628866
9.0 0.19852941176470587 0.45618556701030927 0.00980392156862745 0.020618556701030927
