3.0 0.3925233644859813 0.010922330097087379 0.009345794392523364 0.0024271844660194173
3.0 0.4953271028037383 0.01820388349514563 0.018691588785046728 0.0024271844660194173
3.0 0.5362149532710281 0.043689320388349516 0.035046728971962614 0.009708737864077669
3.0 0.7009345794392523 0.15169902912621358 0.0794392523364486 0.055825242718446605
3.0 0.7079439252336449 0.21237864077669902 0.102803738317757 0.09466019417475728
3.0 0.12383177570093458 0.7985436893203883 0.08411214953271028 0.11650485436893204
3.0 0.21962616822429906 0.8543689320388349 0.11682242990654206 0.12135922330097088
3.0 0.32242990654205606 0.8871359223300971 0.14018691588785046 0.11407766990291263
4.0 0.441588785046729 0.9077669902912622 0.11682242990654206 0.09223300970873786
4.0 0.7079439252336449 0.8507281553398058 0.17757009345794392 0.16262135922330098
5.0 0.6086448598130841 0.8810679611650486 0.17523364485981308 0.14563106796116504
4.0 0.17757009345794392 0.6856796116504854 0.14018691588785046 0.16262135922330098
3.0 0.010514018691588784 0.4393203883495146 0.011682242990654205 0.03398058252427184
3.0 0.008177570093457943 0.46601941747572817 0.011682242990654205 0.038834951456310676
3.0 0.012850467289719626 0.38470873786407767 0.007009345794392523 0.02669902912621359
3.0 0.9719626168224299 0.3422330097087379 0.018691588785046728 0.043689320388349516
3.0 0.8843457943925234 0.8288834951456311 0.08177570093457943 0.08980582524271845
4.0 0.6098130841121495 0.08131067961165049 0.06074766355140187 0.03155339805825243
4.0 0.35397196261682246 0.16140776699029127 0.08644859813084112 0.0703883495145631
4.0 0.48130841121495327 0.024271844660194174 0.02336448598130841 0.0048543689320388345
4.0 0.47897196261682246 0.021844660194174758 0.018691588785046728 0.0048543689320388345
4.0 0.4357476635514019 0.032766990291262135 0.04906542056074766 0.012135922330097087
4.0 0.45210280373831774 0.01820388349514563 0.02102803738317757 0.007281553398058253
4.0 0.375 0.025485436893203883 0.016355140186915886 0.007281553398058253
4.0 0.39369158878504673 0.021844660194174758 0.016355140186915886 0.0048543689320388345
3.0 0.4205607476635514 0.019417475728155338 0.037383177570093455 0.009708737864077669
3.0 0.32710280373831774 0.044902912621359224 0.028037383177570093 0.012135922330097087
3.0 0.4053738317757009 0.013349514563106795 0.02570093457943925 0.007281553398058253
3.0 0.5186915887850467 0.03640776699029126 0.03271028037383177 0.009708737864077669
3.0 0.5782710280373832 0.06553398058252427 0.053738317757009345 0.019417475728155338
6.0 0.5969626168224299 0.17475728155339806 0.08177570093457943 0.06310679611650485
0.0 0.727803738317757 0.32160194174757284 0.035046728971962614 0.08009708737864078
0.0 0.7546728971962616 0.32160194174757284 0.037383177570093455 0.08009708737864078
1.0 0.7242990654205608 0.4053398058252427 0.0514018691588785 0.09223300970873786
1.0 0.7453271028037384 0.29854368932038833 0.028037383177570093 0.038834951456310676
1.0 0.3142523364485981 0.08131067961165049 0.02102803738317757 0.012135922330097087
1.0 0.29789719626168226 0.08616504854368932 0.02102803738317757 0.01699029126213592
0.0 0.3177570093457944 0.07281553398058252 0.018691588785046728 0.014563106796116505
0.0 0.32009345794392524 0.07524271844660194 0.018691588785046728 0.014563106796116505
0.0 0.3820093457943925 0.01699029126213592 0.007009345794392523 0.0048543689320388345
0.0 0.3644859813084112 0.03640776699029126 0.014018691588785047 0.009708737864077669
3.0 0.3294392523364486 0.0412621359223301 0.018691588785046728 0.009708737864077669
2.0 0.4135514018691589 0.06796116504854369 0.0514018691588785 0.014563106796116505
9.0 0.572429906542056 0.04247572815533981 0.018691588785046728 0.007281553398058253
3.0 0.4077102803738318 0.02912621359223301 0.04439252336448598 0.009708737864077669
3.0 0.411214953271028 0.03033980582524272 0.0514018691588785 0.012135922330097087
3.0 0.4100467289719626 0.032766990291262135 0.04906542056074766 0.012135922330097087
1.0 0.37149532710280375 0.05825242718446602 0.018691588785046728 0.009708737864077669
9.0 0.522196261682243 0.05703883495145631 0.035046728971962614 0.007281553398058253
6.0 0.9147196261682243 0.6747572815533981 0.053738317757009345 0.0825242718446602
0.0 0.2780373831775701 0.9466019417475728 0.037383177570093455 0.024271844660194174
3.0 0.43457943925233644 0.009708737864077669 0.014018691588785047 0.0048543689320388345
3.0 0.4322429906542056 0.012135922330097087 0.02336448598130841 0.0048543689320388345
