3.0 0.07352941176470588 0.7577319587628866 0.10784313725490197 0.1958762886597938
4.0 0.1409313725490196 0.8440721649484536 0.13480392156862744 0.14690721649484537
3.0 0.8382352941176471 0.8530927835051546 0.18627450980392157 0.17525773195876287
3.0 0.8762254901960784 0.7680412371134021 0.15931372549019607 0.18556701030927836
0.0 0.7303921568627451 0.8067010309278351 0.06372549019607843 0.08762886597938144
0.0 0.011029411764705883 0.5889175257731959 0.012254901960784314 0.04381443298969072
3.0 0.0428921568627451 0.5940721649484536 0.061274509803921566 0.19845360824742267
3.0 0.07107843137254902 0.375 0.06862745098039216 0.17268041237113402
4.0 0.4534313725490196 0.5257731958762887 0.19117647058823528 0.3247422680412371
9.0 0.9031862745098039 0.31829896907216493 0.04656862745098039 0.07989690721649484
3.0 0.5122549019607843 0.1134020618556701 0.11764705882352941 0.06701030927835051
3.0 0.12745098039215685 0.24355670103092783 0.0784313725490196 0.11597938144329897
3.0 0.6360294117647058 0.10309278350515463 0.1053921568627451 0.07216494845360824
2.0 0.18137254901960784 0.1404639175257732 0.0392156862745098 0.03350515463917526
3.0 0.19240196078431374 0.15463917525773196 0.10049019607843138 0.10309278350515463
3.0 0.4889705882352941 0.05412371134020619 0.08088235294117647 0.03608247422680412
3.0 0.6213235294117647 0.04639175257731959 0.07598039215686274 0.041237113402061855
3.0 0.5220588235294118 0.02577319587628866 0.06372549019607843 0.020618556701030927
3.0 0.3088235294117647 0.05154639175257732 0.06372549019607843 0.03608247422680412
4.0 0.3321078431372549 0.029639175257731958 0.056372549019607844 0.028350515463917526
4.0 0.48161764705882354 0.007731958762886598 0.041666666666666664 0.015463917525773196
5.0 0.5379901960784313 0.006443298969072165 0.04656862745098039 0.01288659793814433
0.0 0.8676470588235294 0.23969072164948454 0.03431372549019608 0.05670103092783505
9.0 0.7990196078431373 0.12757731958762886 0.04411764705882353 0.03865979381443299
9.0 0.8186274509803921 0.15979381443298968 0.049019607843137254 0.04639175257731959
9.0 0.7610294117647058 0.08762886597938144 0.03676470588235294 0.02577319587628866
4.0 0.7169117647058824 0.055412371134020616 0.09558823529411764 0.05412371134020619
0.0 0.6642156862745098 0.04381443298969072 0.024509803921568627 0.020618556701030927
0.0 0.6764705882352942 0.04768041237113402 0.024509803921568627 0.01804123711340206
2.0 0.7071078431372549 0.041237113402061855 0.031862745098039214 0.015463917525773196
9.0 0.7120098039215687 0.04381443298969072 0.031862745098039214 0.015463917525773196
