3.0 0.04411764705882353 0.6301546391752577 0.0196078431372549 0.04896907216494845
3.0 0.05514705882352941 0.6365979381443299 0.022058823529411766 0.05670103092783505
3.0 0.06372549019607843 0.6469072164948454 0.024509803921568627 0.05670103092783505
4.0 0.2267156862745098 0.13402061855670103 0.012254901960784314 0.010309278350515464
3.0 0.8958333333333334 0.47551546391752575 0.01715686274509804 0.04381443298969072
3.0 0.8823529411764706 0.47164948453608246 0.014705882352941176 0.041237113402061855
3.0 0.9191176470588235 0.4007731958762887 0.0196078431372549 0.028350515463917526
3.0 0.9375 0.4806701030927835 0.012254901960784314 0.03865979381443299
4.0 0.9436274509803921 0.47036082474226804 0.014705882352941176 0.04381443298969072
3.0 0.9509803921568627 0.4742268041237113 0.00980392156862745 0.03608247422680412
3.0 0.9276960784313726 0.3234536082474227 0.012254901960784314 0.023195876288659795
3.0 0.9558823529411765 0.46649484536082475 0.00980392156862745 0.030927835051546393
3.0 0.9632352941176471 0.4587628865979381 0.00980392156862745 0.030927835051546393
3.0 0.9816176470588235 0.4497422680412371 0.007352941176470588 0.023195876288659795
3.0 0.9583333333333334 0.3865979381443299 0.00980392156862745 0.020618556701030927
3.0 0.9975490196078431 0.520618556701031 0.0 0.015463917525773196
3.0 0.9889705882352942 0.520618556701031 0.007352941176470588 0.02577319587628866
0.0 0.9889705882352942 0.4729381443298969 0.0024509803921568627 0.01288659793814433
0.0 0.9963235294117647 0.5335051546391752 0.0024509803921568627 0.015463917525773196
9.0 0.9632352941176471 0.6920103092783505 0.00980392156862745 0.01804123711340206
9.0 0.9644607843137255 0.6855670103092784 0.007352941176470588 0.015463917525773196
9.0 0.9583333333333334 0.7177835051546392 0.00980392156862745 0.023195876288659795
2.0 0.9644607843137255 0.6958762886597938 0.007352941176470588 0.015463917525773196
3.0 0.9791666666666666 0.4110824742268041 0.007352941176470588 0.01804123711340206
4.0 0.9399509803921569 0.34536082474226804 0.012254901960784314 0.020618556701030927
5.0 0.4387254901960784 0.5940721649484536 0.06862745098039216 0.1056701030927835
0.0 0.4840686274509804 0.6211340206185567 0.01715686274509804 0.041237113402061855
3.0 0.5772058823529411 0.6430412371134021 0.11029411764705882 0.059278350515463915
3.0 0.5772058823529411 0.5979381443298969 0.1053921568627451 0.05670103092783505
3.0 0.883578431372549 0.3865979381443299 0.022058823529411766 0.03608247422680412
3.0 0.40931372549019607 0.31572164948453607 0.03431372549019608 0.03865979381443299
3.0 0.6507352941176471 0.1018041237113402 0.02696078431372549 0.01288659793814433
0.0 0.8615196078431373 0.375 0.007352941176470588 0.023195876288659795
0.0 0.8762254901960784 0.36855670103092786 0.007352941176470588 0.020618556701030927
0.0 0.8811274509803921 0.3711340206185567 0.007352941176470588 0.020618556701030927
3.0 0.49264705882352944 0.5180412371134021 0.0392156862745098 0.061855670103092786
0.0 0.40931372549019607 0.15206185567010308 0.014705882352941176 0.015463917525773196
5.0 0.40931372549019607 0.04381443298969072 0.00980392156862745 0.005154639175257732
5.0 0.41299019607843135 0.05412371134020619 0.007352941176470588 0.005154639175257732
8.0 0.4166666666666667 0.05154639175257732 0.00980392156862745 0.005154639175257732
3.0 0.3958333333333333 0.05670103092783505 0.007352941176470588 0.005154639175257732
