8.0 0.8431372549019608 0.8298969072164949 0.14705882352941177 0.15463917525773196
8.0 0.8431372549019608 0.8002577319587629 0.14705882352941177 0.16752577319587628
8.0 0.8480392156862745 0.7680412371134021 0.12745098039215685 0.14948453608247422
8.0 0.8541666666666666 0.7358247422680413 0.12009803921568628 0.14690721649484537
8.0 0.8651960784313726 0.7010309278350515 0.10294117647058823 0.13402061855670103
8.0 0.8774509803921569 0.6726804123711341 0.09313725490196079 0.12886597938144329
8.0 0.8848039215686274 0.645618556701031 0.08333333333333333 0.12628865979381443
8.0 0.8982843137254902 0.5012886597938144 0.051470588235294115 0.09020618556701031
8.0 0.8921568627450981 0.4729381443298969 0.05392156862745098 0.08505154639175258
8.0 0.8897058823529411 0.44329896907216493 0.05392156862745098 0.07731958762886598
8.0 0.8774509803921569 0.4110824742268041 0.05392156862745098 0.07474226804123711
3.0 0.6286764705882353 0.24097938144329897 0.02696078431372549 0.023195876288659795
3.0 0.8357843137254902 0.22036082474226804 0.00980392156862745 0.01288659793814433
3.0 0.8627450980392157 0.23969072164948454 0.004901960784313725 0.005154639175257732
3.0 0.8713235294117647 0.24484536082474226 0.007352941176470588 0.010309278350515464
3.0 0.2536764705882353 0.7641752577319587 0.056372549019607844 0.06443298969072164
4.0 0.05392156862745098 0.7422680412371134 0.029411764705882353 0.05154639175257732
0.0 0.9509803921568627 0.5850515463917526 0.004901960784313725 0.020618556701030927
0.0 0.9338235294117647 0.645618556701031 0.004901960784313725 0.01288659793814433
0.0 0.9362745098039216 0.6417525773195877 0.004901960784313725 0.010309278350515464
0.0 0.9154411764705882 0.7783505154639175 0.012254901960784314 0.020618556701030927
0.0 0.9007352941176471 0.8002577319587629 0.007352941176470588 0.01288659793814433
0.0 0.9031862745098039 0.7963917525773195 0.007352941176470588 0.010309278350515464
0.0 0.9215686274509803 0.7912371134020618 0.00980392156862745 0.015463917525773196
0.0 0.9522058823529411 0.6739690721649485 0.007352941176470588 0.01804123711340206
0.0 0.9485294117647058 0.6688144329896907 0.004901960784313725 0.01288659793814433
0.0 0.9485294117647058 0.6726804123711341 0.004901960784313725 0.015463917525773196
0.0 0.9485294117647058 0.6752577319587629 0.004901960784313725 0.015463917525773196
0.0 0.9571078431372549 0.6713917525773195 0.007352941176470588 0.01804123711340206
3.0 0.10784313725490197 0.8131443298969072 0.0392156862745098 0.04896907216494845
