0.0 0.0428921568627451 0.28350515463917525 0.01715686274509804 0.030927835051546393
0.0 0.041666666666666664 0.2809278350515464 0.00980392156862745 0.02577319587628866
0.0 0.1556372549019608 0.11984536082474227 0.01715686274509804 0.01804123711340206
0.0 0.16911764705882354 0.10695876288659793 0.00980392156862745 0.007731958762886598
6.0 0.16666666666666666 0.1095360824742268 0.014705882352941176 0.01288659793814433
6.0 0.18995098039215685 0.09149484536082474 0.01715686274509804 0.01288659793814433
3.0 0.17401960784313725 0.11984536082474227 0.049019607843137254 0.04896907216494845
5.0 0.13848039215686275 0.14948453608247422 0.061274509803921566 0.07216494845360824
4.0 0.28431372549019607 0.045103092783505154 0.05392156862745098 0.028350515463917526
3.0 0.06740196078431372 0.29381443298969073 0.056372549019607844 0.0979381443298969
3.0 0.10416666666666667 0.3079896907216495 0.07598039215686274 0.11597938144329897
5.0 0.029411764705882353 0.4587628865979381 0.058823529411764705 0.2268041237113402
5.0 0.022058823529411766 0.3853092783505155 0.0392156862745098 0.11082474226804123
3.0 0.21568627450980393 0.21520618556701032 0.1323529411764706 0.1211340206185567
3.0 0.3333333333333333 0.11469072164948453 0.1323529411764706 0.07989690721649484
3.0 0.26838235294117646 0.10438144329896908 0.1053921568627451 0.06958762886597938
4.0 0.17524509803921567 0.18556701030927836 0.1053921568627451 0.10824742268041238
4.0 0.49019607843137253 0.10438144329896908 0.12745098039215685 0.05412371134020619
3.0 0.2965686274509804 0.05283505154639175 0.0784313725490196 0.04381443298969072
4.0 0.3284313725490196 0.03350515463917526 0.06372549019607843 0.030927835051546393
4.0 0.5845588235294118 0.02577319587628866 0.09068627450980392 0.030927835051546393
5.0 0.9191176470588235 0.24742268041237114 0.058823529411764705 0.09278350515463918
0.0 0.9338235294117647 0.634020618556701 0.014705882352941176 0.03608247422680412
3.0 0.9436274509803921 0.6662371134020618 0.058823529411764705 0.13144329896907217
5.0 0.8529411764705882 0.854381443298969 0.09803921568627451 0.11082474226804123
