0.0 0.8529411764705882 0.7822164948453608 0.03431372549019608 0.05412371134020619
0.0 0.8321078431372549 0.7989690721649485 0.03676470588235294 0.05154639175257732
0.0 0.6311274509803921 0.48711340206185566 0.03676470588235294 0.0979381443298969
0.0 0.030637254901960783 0.6829896907216495 0.01715686274509804 0.04639175257731959
0.0 0.0012254901960784314 0.47164948453608246 0.0024509803921568627 0.030927835051546393
1.0 0.24142156862745098 0.49871134020618557 0.031862745098039214 0.07989690721649484
9.0 0.23897058823529413 0.5025773195876289 0.061274509803921566 0.05670103092783505
3.0 0.9240196078431373 0.5760309278350515 0.05392156862745098 0.08505154639175258
3.0 0.8970588235294118 0.47680412371134023 0.058823529411764705 0.07216494845360824
3.0 0.9227941176470589 0.5219072164948454 0.04656862745098039 0.06443298969072164
3.0 0.7205882352941176 0.375 0.12745098039215685 0.11082474226804123
3.0 0.8149509803921569 0.38402061855670105 0.061274509803921566 0.0979381443298969
3.0 0.3088235294117647 0.2667525773195876 0.06372549019607843 0.06443298969072164
3.0 0.3002450980392157 0.2268041237113402 0.04656862745098039 0.041237113402061855
3.0 0.27450980392156865 0.19458762886597938 0.09313725490196079 0.059278350515463915
3.0 0.17034313725490197 0.28350515463917525 0.03676470588235294 0.05154639175257732
3.0 0.08088235294117647 0.3015463917525773 0.024509803921568627 0.041237113402061855
3.0 0.10049019607843138 0.2667525773195876 0.0196078431372549 0.028350515463917526
3.0 0.11887254901960784 0.23840206185567012 0.022058823529411766 0.028350515463917526
3.0 0.13848039215686275 0.211340206185567 0.01715686274509804 0.020618556701030927
3.0 0.14460784313725492 0.20231958762886598 0.0196078431372549 0.023195876288659795
3.0 0.15318627450980393 0.19329896907216496 0.01715686274509804 0.020618556701030927
3.0 0.15931372549019607 0.18427835051546393 0.014705882352941176 0.01804123711340206
3.0 0.17892156862745098 0.16237113402061856 0.014705882352941176 0.015463917525773196
3.0 0.19607843137254902 0.15463917525773196 0.014705882352941176 0.015463917525773196
3.0 0.39338235294117646 0.08505154639175258 0.041666666666666664 0.015463917525773196
3.0 0.36519607843137253 0.1134020618556701 0.029411764705882353 0.015463917525773196
3.0 0.17401960784313725 0.25773195876288657 0.03431372549019608 0.041237113402061855
3.0 0.18872549019607843 0.23067010309278352 0.03431372549019608 0.03865979381443299
3.0 0.19607843137254902 0.21391752577319587 0.03431372549019608 0.03608247422680412
4.0 0.41421568627450983 0.09664948453608248 0.05392156862745098 0.01804123711340206
4.0 0.4068627450980392 0.09664948453608248 0.058823529411764705 0.01804123711340206
4.0 0.24877450980392157 0.26417525773195877 0.056372549019607844 0.07989690721649484
3.0 0.5674019607843137 0.2036082474226804 0.125 0.05154639175257732
3.0 0.5294117647058824 0.24097938144329897 0.08333333333333333 0.05412371134020619
3.0 0.5416666666666666 0.19072164948453607 0.12254901960784313 0.04639175257731959
3.0 0.5134803921568627 0.17783505154639176 0.11519607843137254 0.030927835051546393
3.0 0.5036764705882353 0.16623711340206185 0.11519607843137254 0.028350515463917526
3.0 0.4852941176470588 0.15979381443298968 0.09803921568627451 0.02577319587628866
3.0 0.48161764705882354 0.15077319587628865 0.09558823529411764 0.028350515463917526
3.0 0.6850490196078431 0.24355670103092783 0.07598039215686274 0.07474226804123711
3.0 0.741421568627451 0.2615979381443299 0.07107843137254902 0.06958762886597938
3.0 0.7879901960784313 0.2757731958762887 0.061274509803921566 0.06701030927835051
3.0 0.9191176470588235 0.39819587628865977 0.029411764705882353 0.06958762886597938
3.0 0.9644607843137255 0.41237113402061853 0.022058823529411766 0.05670103092783505
3.0 0.9730392156862745 0.41237113402061853 0.014705882352941176 0.04639175257731959
3.0 0.991421568627451 0.4639175257731959 0.012254901960784314 0.030927835051546393
3.0 0.9828431372549019 0.42396907216494845 0.014705882352941176 0.04381443298969072
3.0 0.9473039215686274 0.4110824742268041 0.02696078431372549 0.059278350515463915
3.0 0.9889705882352942 0.4252577319587629 0.012254901960784314 0.03608247422680412
3.0 0.9730392156862745 0.5 0.0196078431372549 0.04639175257731959
3.0 0.9497549019607843 0.4690721649484536 0.02696078431372549 0.05154639175257732
3.0 0.9718137254901961 0.5412371134020618 0.02696078431372549 0.061855670103092786
3.0 0.991421568627451 0.5180412371134021 0.012254901960784314 0.04639175257731959
3.0 0.9926470588235294 0.4884020618556701 0.00980392156862745 0.03865979381443299
3.0 0.9693627450980392 0.36597938144329895 0.012254901960784314 0.03608247422680412
2.0 0.7475490196078431 0.41494845360824745 0.04411764705882353 0.061855670103092786
0.0 0.8480392156862745 0.7719072164948454 0.0392156862745098 0.06443298969072164
3.0 0.029411764705882353 0.3943298969072165 0.014705882352941176 0.03608247422680412
3.0 0.0392156862745098 0.36855670103092786 0.014705882352941176 0.03608247422680412
3.0 0.051470588235294115 0.33634020618556704 0.0196078431372549 0.03865979381443299
3.0 0.061274509803921566 0.3170103092783505 0.0196078431372549 0.03608247422680412
3.0 0.07352941176470588 0.29510309278350516 0.0196078431372549 0.03350515463917526
3.0 0.05392156862745098 0.3079896907216495 0.014705882352941176 0.03350515463917526
4.0 0.049019607843137254 0.27963917525773196 0.00980392156862745 0.023195876288659795
5.0 0.04411764705882353 0.2706185567010309 0.00980392156862745 0.020618556701030927
5.0 0.05269607843137255 0.26288659793814434 0.012254901960784314 0.020618556701030927
5.0 0.05269607843137255 0.25773195876288657 0.01715686274509804 0.02577319587628866
5.0 0.10294117647058823 0.20618556701030927 0.014705882352941176 0.02577319587628866
5.0 0.10049019607843138 0.20618556701030927 0.014705882352941176 0.020618556701030927
3.0 0.27941176470588236 0.18427835051546393 0.07352941176470588 0.04381443298969072
3.0 0.27328431372549017 0.17525773195876287 0.061274509803921566 0.041237113402061855
4.0 0.28308823529411764 0.16237113402061856 0.0661764705882353 0.041237113402061855
3.0 0.28308823529411764 0.15335051546391754 0.056372549019607844 0.03350515463917526
0.0 0.22916666666666666 0.13015463917525774 0.007352941176470588 0.007731958762886598
3.0 0.9166666666666666 0.7899484536082474 0.06862745098039216 0.10051546391752578
