0.0 0.4387254901960784 0.9484536082474226 0.11274509803921569 0.0979381443298969
1.0 0.05759803921568627 0.6327319587628866 0.031862745098039214 0.07474226804123711
1.0 0.051470588235294115 0.6056701030927835 0.03431372549019608 0.0979381443298969
1.0 0.12622549019607843 0.3131443298969072 0.03676470588235294 0.07474226804123711
0.0 0.8382352941176471 0.25902061855670105 0.049019607843137254 0.09020618556701031
0.0 0.8725490196078431 0.24871134020618557 0.03431372549019608 0.06958762886597938
0.0 0.8909313725490197 0.2693298969072165 0.03676470588235294 0.07474226804123711
0.0 0.8982843137254902 0.26804123711340205 0.03676470588235294 0.08247422680412371
0.0 0.9583333333333334 0.30283505154639173 0.024509803921568627 0.059278350515463915
0.0 0.025735294117647058 0.32989690721649484 0.007352941176470588 0.015463917525773196
0.0 0.10661764705882353 0.23067010309278352 0.012254901960784314 0.023195876288659795
3.0 0.12254901960784313 0.20876288659793815 0.024509803921568627 0.02577319587628866
3.0 0.09313725490196079 0.23582474226804123 0.0196078431372549 0.023195876288659795
0.0 0.10784313725490197 0.21649484536082475 0.004901960784313725 0.010309278350515464
0.0 0.09926470588235294 0.2268041237113402 0.007352941176470588 0.015463917525773196
3.0 0.0857843137254902 0.23969072164948454 0.014705882352941176 0.020618556701030927
3.0 0.09313725490196079 0.23195876288659795 0.014705882352941176 0.020618556701030927
3.0 0.10784313725490197 0.21649484536082475 0.0196078431372549 0.020618556701030927
3.0 0.11642156862745098 0.20747422680412372 0.01715686274509804 0.01804123711340206
3.0 0.125 0.19845360824742267 0.0196078431372549 0.020618556701030927
3.0 0.1556372549019608 0.18427835051546393 0.03676470588235294 0.03350515463917526
0.0 0.42401960784313725 0.11855670103092783 0.014705882352941176 0.015463917525773196
0.0 0.2340686274509804 0.15721649484536082 0.01715686274509804 0.020618556701030927
4.0 0.9019607843137255 0.211340206185567 0.0196078431372549 0.02577319587628866
