5.0 0.1658878504672897 0.20631067961165048 0.04205607476635514 0.05339805825242718
3.0 0.3411214953271028 0.10072815533980582 0.028037383177570093 0.01699029126213592
3.0 0.3866822429906542 0.07766990291262135 0.02102803738317757 0.009708737864077669
3.0 0.3925233644859813 0.0825242718446602 0.02336448598130841 0.009708737864077669
0.0 0.4205607476635514 0.08131067961165049 0.014018691588785047 0.007281553398058253
3.0 0.4462616822429907 0.11529126213592233 0.04205607476635514 0.021844660194174758
3.0 0.3703271028037383 0.15048543689320387 0.04906542056074766 0.02912621359223301
3.0 0.32242990654205606 0.16019417475728157 0.04672897196261682 0.03398058252427184
3.0 0.477803738317757 0.1383495145631068 0.04439252336448598 0.019417475728155338
3.0 0.580607476635514 0.2354368932038835 0.0630841121495327 0.043689320388349516
3.0 0.6191588785046729 0.2961165048543689 0.07009345794392523 0.06796116504854369
3.0 0.4929906542056075 0.3604368932038835 0.08878504672897196 0.08495145631067962
3.0 0.35397196261682246 0.22815533980582525 0.06775700934579439 0.05825242718446602
0.0 0.6612149532710281 0.41504854368932037 0.028037383177570093 0.06310679611650485
3.0 0.6004672897196262 0.8519417475728155 0.09813084112149532 0.06310679611650485
9.0 0.16121495327102803 0.2487864077669903 0.018691588785046728 0.02669902912621359
3.0 0.11799065420560748 0.2536407766990291 0.0397196261682243 0.04611650485436893
3.0 0.10163551401869159 0.28519417475728154 0.02570093457943925 0.03640776699029126
3.0 0.0689252336448598 0.3762135922330097 0.02102803738317757 0.03398058252427184
3.0 0.0689252336448598 0.39805825242718446 0.02102803738317757 0.043689320388349516
3.0 0.0630841121495327 0.42475728155339804 0.02336448598130841 0.043689320388349516
3.0 0.05841121495327103 0.5788834951456311 0.02336448598130841 0.04611650485436893
3.0 0.1647196261682243 0.4174757281553398 0.035046728971962614 0.0825242718446602
3.0 0.10747663551401869 0.41504854368932037 0.018691588785046728 0.05825242718446602
3.0 0.3773364485981308 0.8786407766990292 0.08644859813084112 0.06796116504854369
0.0 0.10864485981308411 0.5279126213592233 0.007009345794392523 0.04611650485436893
3.0 0.2044392523364486 0.8240291262135923 0.06775700934579439 0.07524271844660194
4.0 0.09929906542056074 0.7366504854368932 0.04906542056074766 0.07524271844660194
0.0 0.09929906542056074 0.6966019417475728 0.016355140186915886 0.038834951456310676
0.0 0.10630841121495327 0.7014563106796117 0.016355140186915886 0.03398058252427184
0.0 0.1261682242990654 0.7730582524271845 0.02336448598130841 0.03640776699029126
0.0 0.7488317757009346 0.7002427184466019 0.02570093457943925 0.055825242718446605
0.0 0.7616822429906542 0.6990291262135923 0.02336448598130841 0.05339805825242718
9.0 0.14018691588785046 0.3191747572815534 0.018691588785046728 0.0412621359223301
