5.0 0.6593137254901961 0.9240331491712708 0.2696078431372549 0.1298342541436464
3.0 0.8406862745098039 0.8066298342541437 0.08333333333333333 0.1270718232044199
4.0 0.9375 0.5428176795580111 0.02696078431372549 0.16298342541436464
3.0 0.8615196078431373 0.4930939226519337 0.04656862745098039 0.212707182320442
3.0 0.9117647058823529 0.2265193370165746 0.04411764705882353 0.07734806629834254
0.0 0.1090686274509804 0.4544198895027624 0.01715686274509804 0.04696132596685083
0.0 0.11642156862745098 0.42955801104972374 0.022058823529411766 0.052486187845303865
0.0 0.12009803921568628 0.3660220994475138 0.0196078431372549 0.04696132596685083
0.0 0.11887254901960784 0.3494475138121547 0.022058823529411766 0.052486187845303865
0.0 0.23039215686274508 0.09116022099447514 0.024509803921568627 0.027624309392265192
3.0 0.03799019607843137 0.6312154696132597 0.03676470588235294 0.08011049723756906
