3.0 0.9765258215962441 0.45897435897435895 0.014084507042253521 0.08205128205128205
3.0 0.9577464788732394 0.514102564102564 0.018779342723004695 0.1
4.0 0.9284037558685446 0.5923076923076923 0.035211267605633804 0.11282051282051282
0.0 0.9072769953051644 0.6371794871794871 0.011737089201877934 0.028205128205128206
0.0 0.8826291079812206 0.5717948717948718 0.014084507042253521 0.03076923076923077
4.0 0.8626760563380281 0.6923076923076923 0.07746478873239436 0.14358974358974358
4.0 0.8098591549295775 0.7602564102564102 0.11267605633802817 0.15128205128205127
3.0 0.7476525821596244 0.8128205128205128 0.13849765258215962 0.14871794871794872
3.0 0.6690140845070423 0.8641025641025641 0.14553990610328638 0.12307692307692308
3.0 0.5786384976525821 0.9 0.13380281690140844 0.09230769230769231
3.0 0.40492957746478875 0.9294871794871795 0.11032863849765258 0.07435897435897436
9.0 0.17370892018779344 0.8192307692307692 0.03755868544600939 0.038461538461538464
0.0 0.18192488262910797 0.8333333333333334 0.02112676056338028 0.020512820512820513
0.0 0.1772300469483568 0.8115384615384615 0.01643192488262911 0.017948717948717947
3.0 0.04342723004694836 0.7217948717948718 0.03051643192488263 0.07435897435897436
3.0 0.24295774647887325 0.9064102564102564 0.09624413145539906 0.08461538461538462
6.0 0.2136150234741784 0.9012820512820513 0.06572769953051644 0.0641025641025641
3.0 0.16314553990610328 0.8717948717948718 0.04929577464788732 0.05128205128205128
4.0 0.9530516431924883 0.29615384615384616 0.03286384976525822 0.07948717948717948
