3.0 0.9754901960784313 0.634020618556701 0.024509803921568627 0.06701030927835051
3.0 0.8982843137254902 0.16881443298969073 0.012254901960784314 0.01804123711340206
3.0 0.9044117647058824 0.17654639175257733 0.014705882352941176 0.01804123711340206
5.0 0.9129901960784313 0.20103092783505155 0.02696078431372549 0.041237113402061855
3.0 0.9338235294117647 0.22551546391752578 0.014705882352941176 0.023195876288659795
3.0 0.9436274509803921 0.24484536082474226 0.014705882352941176 0.02577319587628866
3.0 0.9534313725490197 0.2693298969072165 0.014705882352941176 0.028350515463917526
8.0 0.9595588235294118 0.29896907216494845 0.031862745098039214 0.07731958762886598
3.0 0.9730392156862745 0.34536082474226804 0.014705882352941176 0.041237113402061855
3.0 0.9767156862745098 0.3324742268041237 0.007352941176470588 0.02577319587628866
3.0 0.9044117647058824 0.44587628865979384 0.024509803921568627 0.05154639175257732
3.0 0.8382352941176471 0.7667525773195877 0.049019607843137254 0.05412371134020619
3.0 0.8627450980392157 0.720360824742268 0.0392156862745098 0.04896907216494845
3.0 0.875 0.6752577319587629 0.0392156862745098 0.05154639175257732
3.0 0.8149509803921569 0.6430412371134021 0.041666666666666664 0.04896907216494845
3.0 0.8308823529411765 0.7036082474226805 0.04411764705882353 0.05154639175257732
3.0 0.7990196078431373 0.7512886597938144 0.05392156862745098 0.05412371134020619
3.0 0.7941176470588235 0.7873711340206185 0.05392156862745098 0.04896907216494845
3.0 0.7438725490196079 0.8028350515463918 0.061274509803921566 0.04896907216494845
3.0 0.7475490196078431 0.7654639175257731 0.058823529411764705 0.05154639175257732
3.0 0.7879901960784313 0.7126288659793815 0.051470588235294115 0.04896907216494845
3.0 0.7230392156862745 0.7332474226804123 0.06372549019607843 0.05412371134020619
3.0 0.6887254901960784 0.7835051546391752 0.05392156862745098 0.041237113402061855
3.0 0.6924019607843137 0.8144329896907216 0.0661764705882353 0.04639175257731959
3.0 0.6384803921568627 0.8260309278350515 0.056372549019607844 0.03350515463917526
3.0 0.6776960784313726 0.7474226804123711 0.051470588235294115 0.041237113402061855
3.0 0.6360294117647058 0.7938144329896907 0.051470588235294115 0.030927835051546393
3.0 0.5968137254901961 0.8247422680412371 0.056372549019607844 0.030927835051546393
3.0 0.5490196078431373 0.8208762886597938 0.049019607843137254 0.023195876288659795
5.0 0.5735294117647058 0.7938144329896907 0.06862745098039216 0.030927835051546393
3.0 0.6151960784313726 0.7551546391752577 0.049019607843137254 0.03608247422680412
3.0 0.6384803921568627 0.6958762886597938 0.051470588235294115 0.041237113402061855
3.0 0.7095588235294118 0.6056701030927835 0.04656862745098039 0.041237113402061855
3.0 0.5208333333333334 0.7963917525773195 0.04656862745098039 0.020618556701030927
3.0 0.5637254901960784 0.7628865979381443 0.049019607843137254 0.030927835051546393
3.0 0.4730392156862745 0.7925257731958762 0.0392156862745098 0.023195876288659795
3.0 0.49019607843137253 0.7641752577319587 0.04411764705882353 0.028350515463917526
3.0 0.4485294117647059 0.7628865979381443 0.04411764705882353 0.02577319587628866
3.0 0.43014705882352944 0.7873711340206185 0.041666666666666664 0.023195876288659795
3.0 0.3958333333333333 0.7564432989690721 0.03676470588235294 0.028350515463917526
0.0 0.39950980392156865 0.8492268041237113 0.0196078431372549 0.01288659793814433
0.0 0.3958333333333333 0.6146907216494846 0.01715686274509804 0.01804123711340206
3.0 0.3713235294117647 0.6817010309278351 0.031862745098039214 0.023195876288659795
3.0 0.2696078431372549 0.6881443298969072 0.0196078431372549 0.020618556701030927
3.0 0.1948529411764706 0.6726804123711341 0.012254901960784314 0.015463917525773196
3.0 0.19975490196078433 0.7126288659793815 0.012254901960784314 0.01288659793814433
3.0 0.19240196078431374 0.7422680412371134 0.012254901960784314 0.015463917525773196
3.0 0.16544117647058823 0.7074742268041238 0.007352941176470588 0.01288659793814433
8.0 0.15073529411764705 0.6481958762886598 0.012254901960784314 0.01804123711340206
0.0 0.15196078431372548 0.6430412371134021 0.004901960784313725 0.007731958762886598
3.0 0.13848039215686275 0.6610824742268041 0.007352941176470588 0.007731958762886598
3.0 0.12745098039215685 0.6752577319587629 0.004901960784313725 0.010309278350515464
3.0 0.125 0.6507731958762887 0.004901960784313725 0.007731958762886598
3.0 0.12745098039215685 0.6817010309278351 0.004901960784313725 0.007731958762886598
3.0 0.11887254901960784 0.7280927835051546 0.007352941176470588 0.01288659793814433
3.0 0.11151960784313726 0.7255154639175257 0.0024509803921568627 0.007731958762886598
3.0 0.12009803921568628 0.6726804123711341 0.004901960784313725 0.005154639175257732
3.0 0.11887254901960784 0.6662371134020618 0.0024509803921568627 0.007731958762886598
3.0 0.11151960784313726 0.6469072164948454 0.0024509803921568627 0.005154639175257732
3.0 0.10661764705882353 0.6430412371134021 0.0024509803921568627 0.007731958762886598
5.0 0.10049019607843138 0.6404639175257731 0.004901960784313725 0.007731958762886598
5.0 0.09803921568627451 0.6430412371134021 0.004901960784313725 0.007731958762886598
3.0 0.11151960784313726 0.6610824742268041 0.0024509803921568627 0.007731958762886598
3.0 0.11642156862745098 0.6713917525773195 0.0024509803921568627 0.007731958762886598
3.0 0.11151960784313726 0.6649484536082474 0.0024509803921568627 0.005154639175257732
3.0 0.10661764705882353 0.6610824742268041 0.0024509803921568627 0.007731958762886598
3.0 0.13480392156862744 0.7177835051546392 0.00980392156862745 0.01804123711340206
3.0 0.1323529411764706 0.7164948453608248 0.00980392156862745 0.015463917525773196
3.0 0.12745098039215685 0.7126288659793815 0.00980392156862745 0.01804123711340206
3.0 0.1409313725490196 0.7242268041237113 0.012254901960784314 0.020618556701030927
