0.0 0.028186274509803922 0.36049723756906077 0.007352941176470588 0.019337016574585635
0.0 0.0196078431372549 0.39088397790055246 0.004901960784313725 0.019337016574585635
0.0 0.00857843137254902 0.5428176795580111 0.0024509803921568627 0.019337016574585635
0.0 0.014705882352941176 0.6256906077348067 0.004901960784313725 0.019337016574585635
0.0 0.023284313725490197 0.6837016574585635 0.007352941176470588 0.019337016574585635
0.0 0.051470588235294115 0.7679558011049724 0.00980392156862745 0.016574585635359115
5.0 0.8419117647058824 0.7941988950276243 0.10049019607843138 0.1685082872928177
5.0 0.8700980392156863 0.7831491712707183 0.09803921568627451 0.19060773480662985
5.0 0.8909313725490197 0.7859116022099447 0.10049019607843138 0.19060773480662985
4.0 0.8786764705882353 0.6132596685082873 0.04656862745098039 0.06629834254143646
4.0 0.8811274509803921 0.5607734806629834 0.04656862745098039 0.06077348066298342
3.0 0.8811274509803921 0.5013812154696132 0.04656862745098039 0.058011049723756904
3.0 0.8676470588235294 0.39640883977900554 0.05392156862745098 0.06353591160220995
3.0 0.8517156862745098 0.34668508287292815 0.041666666666666664 0.06353591160220995
4.0 0.8370098039215687 0.26933701657458564 0.061274509803921566 0.06906077348066299
3.0 0.8235294117647058 0.2361878453038674 0.058823529411764705 0.06353591160220995
3.0 0.8112745098039216 0.20718232044198895 0.058823529411764705 0.055248618784530384
9.0 0.7928921568627451 0.14917127071823205 0.01715686274509804 0.022099447513812154
9.0 0.7855392156862745 0.13674033149171272 0.03676470588235294 0.03591160220994475
4.0 0.7843137254901961 0.11878453038674033 0.058823529411764705 0.055248618784530384
4.0 0.7683823529411765 0.0856353591160221 0.04656862745098039 0.03867403314917127
4.0 0.7610294117647058 0.07044198895027624 0.04656862745098039 0.03591160220994475
3.0 0.7745098039215687 0.09944751381215469 0.049019607843137254 0.04419889502762431
5.0 0.8492647058823529 0.16022099447513813 0.056372549019607844 0.08287292817679558
5.0 0.8235294117647058 0.11049723756906077 0.03431372549019608 0.03867403314917127
8.0 0.7328431372549019 0.8964088397790055 0.12745098039215685 0.1464088397790055
3.0 0.3284313725490196 0.04696132596685083 0.0392156862745098 0.027624309392265192
3.0 0.45098039215686275 0.11187845303867404 0.049019607843137254 0.04696132596685083
3.0 0.3897058823529412 0.574585635359116 0.06372549019607843 0.13812154696132597
4.0 0.7009803921568627 0.638121546961326 0.06862745098039216 0.16574585635359115
3.0 0.7720588235294118 0.6906077348066298 0.058823529411764705 0.1270718232044199
4.0 0.7573529411764706 0.4005524861878453 0.05392156862745098 0.1270718232044199
4.0 0.6470588235294118 0.2596685082872928 0.06862745098039216 0.11049723756906077
8.0 0.7095588235294118 0.18922651933701656 0.11519607843137254 0.20718232044198895
4.0 0.6531862745098039 0.049723756906077346 0.041666666666666664 0.03867403314917127
4.0 0.6421568627450981 0.07596685082872928 0.04411764705882353 0.04696132596685083
3.0 0.553921568627451 0.07044198895027624 0.04411764705882353 0.03591160220994475
3.0 0.5772058823529411 0.031767955801104975 0.03676470588235294 0.024861878453038673
3.0 0.6409313725490197 0.020718232044198894 0.022058823529411766 0.013812154696132596
