3.0 0.5280373831775701 0.9271844660194175 0.20093457943925233 0.0970873786407767
3.0 0.47546728971962615 0.787621359223301 0.24065420560747663 0.1966019417475728
3.0 0.411214953271028 0.5461165048543689 0.1822429906542056 0.2766990291262136
3.0 0.38901869158878505 0.1953883495145631 0.12850467289719625 0.10436893203883495
3.0 0.3925233644859813 0.13592233009708737 0.09813084112149532 0.05825242718446602
3.0 0.38317757009345793 0.10315533980582524 0.0794392523364486 0.0412621359223301
3.0 0.37616822429906543 0.08616504854368932 0.06074766355140187 0.03155339805825243
3.0 0.3855140186915888 0.07281553398058252 0.07009345794392523 0.02912621359223301
3.0 0.48014018691588783 0.04975728155339806 0.04439252336448598 0.012135922330097087
3.0 0.3796728971962617 0.05825242718446602 0.04439252336448598 0.019417475728155338
3.0 0.3808411214953271 0.050970873786407765 0.037383177570093455 0.014563106796116505
3.0 0.3820093457943925 0.04733009708737864 0.035046728971962614 0.012135922330097087
0.0 0.4100467289719626 0.043689320388349516 0.016355140186915886 0.009708737864077669
0.0 0.4077102803738318 0.03762135922330097 0.011682242990654205 0.007281553398058253
0.0 0.4883177570093458 0.032766990291262135 0.009345794392523364 0.007281553398058253
0.0 0.5070093457943925 0.032766990291262135 0.014018691588785047 0.007281553398058253
0.0 0.5035046728971962 0.03155339805825243 0.007009345794392523 0.0048543689320388345
1.0 0.5782710280373832 0.04854368932038835 0.016355140186915886 0.009708737864077669
9.0 0.5782710280373832 0.04975728155339806 0.016355140186915886 0.007281553398058253
3.0 0.04439252336448598 0.2973300970873786 0.02336448598130841 0.04611650485436893
1.0 0.36682242990654207 0.03519417475728155 0.009345794392523364 0.0024271844660194173
2.0 0.375 0.03398058252427184 0.007009345794392523 0.0048543689320388345
3.0 0.3820093457943925 0.03033980582524272 0.02102803738317757 0.007281553398058253
3.0 0.38901869158878505 0.025485436893203883 0.02102803738317757 0.007281553398058253
3.0 0.38434579439252337 0.025485436893203883 0.016355140186915886 0.007281553398058253
3.0 0.3855140186915888 0.021844660194174758 0.014018691588785047 0.0048543689320388345
3.0 0.38434579439252337 0.02063106796116505 0.011682242990654205 0.0024271844660194173
3.0 0.4217289719626168 0.010922330097087379 0.011682242990654205 0.0024271844660194173
4.0 0.39953271028037385 0.013349514563106795 0.009345794392523364 0.0024271844660194173
3.0 0.4088785046728972 0.007281553398058253 0.004672897196261682 0.0
3.0 0.4158878504672897 0.007281553398058253 0.004672897196261682 0.0
4.0 0.41939252336448596 0.00849514563106796 0.007009345794392523 0.0024271844660194173
0.0 0.36682242990654207 0.023058252427184466 0.004672897196261682 0.0024271844660194173
0.0 0.3691588785046729 0.023058252427184466 0.004672897196261682 0.0024271844660194173
3.0 0.9871495327102804 0.4308252427184466 0.016355140186915886 0.055825242718446605
3.0 0.9626168224299065 0.3774271844660194 0.02336448598130841 0.06067961165048544
3.0 0.9404205607476636 0.2973300970873786 0.02570093457943925 0.04611650485436893
3.0 0.9345794392523364 0.27548543689320387 0.02336448598130841 0.0412621359223301
4.0 0.9135514018691588 0.23786407766990292 0.028037383177570093 0.043689320388349516
3.0 0.897196261682243 0.22694174757281554 0.03271028037383177 0.04611650485436893
3.0 0.8960280373831776 0.21601941747572814 0.035046728971962614 0.043689320388349516
3.0 0.883177570093458 0.19902912621359223 0.028037383177570093 0.03398058252427184
3.0 0.8656542056074766 0.1796116504854369 0.035046728971962614 0.038834951456310676
4.0 0.8481308411214953 0.16140776699029127 0.04205607476635514 0.0412621359223301
3.0 0.8317757009345794 0.14684466019417475 0.04205607476635514 0.03640776699029126
3.0 0.8189252336448598 0.13592233009708737 0.0397196261682243 0.03398058252427184
3.0 0.8142523364485982 0.12985436893203883 0.0397196261682243 0.03155339805825243
4.0 0.7990654205607477 0.11893203883495146 0.037383177570093455 0.02912621359223301
0.0 0.7897196261682243 0.11407766990291263 0.014018691588785047 0.014563106796116505
0.0 0.7558411214953271 0.08859223300970874 0.011682242990654205 0.012135922330097087
0.0 0.7593457943925234 0.09101941747572816 0.009345794392523364 0.007281553398058253
3.0 0.7394859813084113 0.08373786407766991 0.035046728971962614 0.021844660194174758
3.0 0.6448598130841121 0.043689320388349516 0.028037383177570093 0.014563106796116505
3.0 0.7032710280373832 0.06310679611650485 0.04672897196261682 0.024271844660194174
5.0 0.6950934579439252 0.05703883495145631 0.04906542056074766 0.021844660194174758
3.0 0.5245327102803738 0.019417475728155338 0.04439252336448598 0.0048543689320388345
3.0 0.5268691588785047 0.019417475728155338 0.04439252336448598 0.0048543689320388345
4.0 0.5175233644859814 0.01699029126213592 0.04439252336448598 0.0048543689320388345
9.0 0.4696261682242991 0.013349514563106795 0.004672897196261682 0.0024271844660194173
1.0 0.46845794392523366 0.013349514563106795 0.007009345794392523 0.0024271844660194173
9.0 0.5689252336448598 0.01820388349514563 0.007009345794392523 0.0024271844660194173
1.0 0.5677570093457944 0.01820388349514563 0.004672897196261682 0.0024271844660194173
3.0 0.3037383177570093 0.04004854368932039 0.009345794392523364 0.007281553398058253
0.0 0.9065420560747663 0.21237864077669902 0.009345794392523364 0.01699029126213592
3.0 0.9135514018691588 0.2087378640776699 0.014018691588785047 0.019417475728155338
3.0 0.9007009345794392 0.1953883495145631 0.011682242990654205 0.01699029126213592
5.0 0.8901869158878505 0.18446601941747573 0.02336448598130841 0.02912621359223301
5.0 0.8855140186915887 0.1820388349514563 0.028037383177570093 0.03398058252427184
4.0 0.875 0.16990291262135923 0.02102803738317757 0.024271844660194174
4.0 0.8644859813084113 0.16019417475728157 0.018691588785046728 0.019417475728155338
4.0 0.8563084112149533 0.1529126213592233 0.016355140186915886 0.019417475728155338
4.0 0.8481308411214953 0.14441747572815533 0.014018691588785047 0.01699029126213592
4.0 0.8376168224299065 0.13713592233009708 0.016355140186915886 0.01699029126213592
4.0 0.8434579439252337 0.14441747572815533 0.02336448598130841 0.021844660194174758
4.0 0.8282710280373832 0.13470873786407767 0.030373831775700934 0.02669902912621359
4.0 0.822429906542056 0.12864077669902912 0.02336448598130841 0.019417475728155338
4.0 0.8119158878504673 0.11893203883495146 0.02102803738317757 0.019417475728155338
4.0 0.8294392523364486 0.13106796116504854 0.018691588785046728 0.019417475728155338
3.0 0.7897196261682243 0.11165048543689321 0.037383177570093455 0.02912621359223301
3.0 0.8002336448598131 0.11771844660194175 0.0397196261682243 0.03155339805825243
4.0 0.7955607476635514 0.1104368932038835 0.035046728971962614 0.02669902912621359
3.0 0.8084112149532711 0.12135922330097088 0.02336448598130841 0.019417475728155338
4.0 0.7978971962616822 0.1104368932038835 0.030373831775700934 0.021844660194174758
5.0 0.7780373831775701 0.09587378640776699 0.0514018691588785 0.03640776699029126
4.0 0.7710280373831776 0.09466019417475728 0.03271028037383177 0.024271844660194174
0.0 0.741822429906542 0.07524271844660194 0.011682242990654205 0.009708737864077669
4.0 0.7336448598130841 0.07281553398058252 0.028037383177570093 0.019417475728155338
3.0 0.6647196261682243 0.044902912621359224 0.030373831775700934 0.012135922330097087
0.0 0.6542056074766355 0.0412621359223301 0.009345794392523364 0.0048543689320388345
9.0 0.6588785046728972 0.0412621359223301 0.009345794392523364 0.0048543689320388345
3.0 0.6728971962616822 0.044902912621359224 0.02336448598130841 0.012135922330097087
3.0 0.6401869158878505 0.03519417475728155 0.03271028037383177 0.012135922330097087
3.0 0.5876168224299065 0.023058252427184466 0.02102803738317757 0.007281553398058253
3.0 0.5116822429906542 0.010922330097087379 0.014018691588785047 0.0024271844660194173
3.0 0.5105140186915887 0.00849514563106796 0.011682242990654205 0.0024271844660194173
3.0 0.4976635514018692 0.006067961165048544 0.009345794392523364 0.0024271844660194173
3.0 0.4719626168224299 0.006067961165048544 0.009345794392523364 0.0024271844660194173
3.0 0.4696261682242991 0.0036407766990291263 0.004672897196261682 0.0024271844660194173
9.0 0.5397196261682243 0.010922330097087379 0.004672897196261682 0.0024271844660194173
3.0 0.6285046728971962 0.03033980582524272 0.02336448598130841 0.007281553398058253
3.0 0.6063084112149533 0.025485436893203883 0.02102803738317757 0.007281553398058253
3.0 0.6074766355140186 0.024271844660194174 0.028037383177570093 0.009708737864077669
4.0 0.5934579439252337 0.02063106796116505 0.028037383177570093 0.007281553398058253
3.0 0.5922897196261683 0.019417475728155338 0.016355140186915886 0.0048543689320388345
3.0 0.5852803738317757 0.01699029126213592 0.016355140186915886 0.0048543689320388345
3.0 0.5876168224299065 0.015776699029126214 0.02570093457943925 0.007281553398058253
3.0 0.5899532710280374 0.015776699029126214 0.02570093457943925 0.007281553398058253
3.0 0.5630841121495327 0.014563106796116505 0.009345794392523364 0.0048543689320388345
1.0 0.5408878504672897 0.010922330097087379 0.002336448598130841 0.0024271844660194173
3.0 0.5549065420560748 0.010922330097087379 0.011682242990654205 0.0024271844660194173
3.0 0.5595794392523364 0.013349514563106795 0.016355140186915886 0.0024271844660194173
3.0 0.5654205607476636 0.013349514563106795 0.014018691588785047 0.0024271844660194173
3.0 0.572429906542056 0.015776699029126214 0.014018691588785047 0.0024271844660194173
4.0 0.5397196261682243 0.00849514563106796 0.009345794392523364 0.0024271844660194173
3.0 0.5455607476635514 0.009708737864077669 0.02102803738317757 0.0048543689320388345
0.0 0.5654205607476636 0.010922330097087379 0.004672897196261682 0.0024271844660194173
2.0 0.6156542056074766 0.023058252427184466 0.011682242990654205 0.0024271844660194173
2.0 0.6133177570093458 0.021844660194174758 0.011682242990654205 0.0048543689320388345
3.0 0.580607476635514 0.00849514563106796 0.016355140186915886 0.0024271844660194173
4.0 0.5864485981308412 0.010922330097087379 0.014018691588785047 0.0024271844660194173
5.0 0.572429906542056 0.00849514563106796 0.009345794392523364 0.0024271844660194173
