3.0 0.9870892018779343 0.5294871794871795 0.007042253521126761 0.03333333333333333
3.0 0.937793427230047 0.45384615384615384 0.01643192488262911 0.041025641025641026
3.0 0.9025821596244131 0.3935897435897436 0.025821596244131457 0.05384615384615385
3.0 0.8755868544600939 0.35512820512820514 0.03286384976525822 0.05384615384615385
1.0 0.852112676056338 0.30512820512820515 0.009389671361502348 0.020512820512820513
9.0 0.8544600938967136 0.3128205128205128 0.018779342723004695 0.02564102564102564
4.0 0.8157276995305164 0.3371794871794872 0.03990610328638498 0.07435897435897436
0.0 0.7758215962441315 0.36666666666666664 0.011737089201877934 0.041025641025641026
3.0 0.7793427230046949 0.48717948717948717 0.04225352112676056 0.09230769230769231
3.0 0.7523474178403756 0.55 0.06807511737089202 0.09487179487179487
3.0 0.7276995305164319 0.5974358974358974 0.07981220657276995 0.10256410256410256
3.0 0.6995305164319249 0.6538461538461539 0.09389671361502347 0.09743589743589744
3.0 0.6584507042253521 0.6961538461538461 0.11971830985915492 0.1
3.0 0.6396713615023474 0.767948717948718 0.06807511737089202 0.07435897435897436
3.0 0.43661971830985913 0.7769230769230769 0.09859154929577464 0.05128205128205128
3.0 0.38380281690140844 0.7487179487179487 0.09624413145539906 0.06666666666666667
3.0 0.34507042253521125 0.7205128205128205 0.10328638497652583 0.07179487179487179
3.0 0.2981220657276995 0.6794871794871795 0.07981220657276995 0.06153846153846154
3.0 0.25586854460093894 0.6384615384615384 0.06103286384976526 0.06153846153846154
3.0 0.22652582159624413 0.6115384615384616 0.05868544600938967 0.0641025641025641
3.0 0.20305164319248825 0.5769230769230769 0.0539906103286385 0.06153846153846154
3.0 0.1795774647887324 0.5474358974358975 0.035211267605633804 0.04358974358974359
3.0 0.16666666666666666 0.5153846153846153 0.028169014084507043 0.046153846153846156
3.0 0.15140845070422534 0.4935897435897436 0.03051643192488263 0.04358974358974359
3.0 0.13732394366197184 0.4756410256410256 0.03051643192488263 0.04358974358974359
3.0 0.1255868544600939 0.45897435897435895 0.02112676056338028 0.041025641025641026
3.0 0.7370892018779343 0.3935897435897436 0.07511737089201878 0.07435897435897436
3.0 0.6514084507042254 0.4358974358974359 0.1056338028169014 0.08717948717948718
3.0 0.36502347417840375 0.4128205128205128 0.11032863849765258 0.09743589743589744
3.0 0.33568075117370894 0.3858974358974359 0.09389671361502347 0.08461538461538462
3.0 0.2852112676056338 0.3525641025641026 0.08215962441314555 0.07435897435897436
3.0 0.22769953051643194 0.31794871794871793 0.03286384976525822 0.05128205128205128
3.0 0.1807511737089202 0.3641025641025641 0.04225352112676056 0.05641025641025641
3.0 0.14084507042253522 0.35512820512820514 0.03286384976525822 0.04358974358974359
0.0 0.16314553990610328 0.25 0.011737089201877934 0.023076923076923078
0.0 0.046948356807511735 0.6256410256410256 0.004694835680751174 0.015384615384615385
0.0 0.04225352112676056 0.6333333333333333 0.004694835680751174 0.020512820512820513
3.0 0.008215962441314555 0.5243589743589744 0.007042253521126761 0.023076923076923078
3.0 0.0035211267605633804 0.5115384615384615 0.002347417840375587 0.023076923076923078
3.0 0.0035211267605633804 0.48846153846153845 0.002347417840375587 0.023076923076923078
3.0 0.636150234741784 0.052564102564102565 0.03755868544600939 0.017948717948717947
4.0 0.5974178403755869 0.035897435897435895 0.035211267605633804 0.010256410256410256
