0.0 0.4166666666666667 0.9033505154639175 0.029411764705882353 0.023195876288659795
0.0 0.45098039215686275 0.904639175257732 0.0196078431372549 0.020618556701030927
9.0 0.43995098039215685 0.8067010309278351 0.03676470588235294 0.04639175257731959
0.0 0.38357843137254904 0.654639175257732 0.031862745098039214 0.07216494845360824
0.0 0.34681372549019607 0.6314432989690721 0.02696078431372549 0.061855670103092786
0.0 0.18995098039215685 0.6765463917525774 0.02696078431372549 0.04896907216494845
0.0 0.24019607843137256 0.5940721649484536 0.024509803921568627 0.06443298969072164
0.0 0.2622549019607843 0.6056701030927835 0.029411764705882353 0.07216494845360824
0.0 0.2855392156862745 0.6185567010309279 0.02696078431372549 0.06701030927835051
0.0 0.30392156862745096 0.6237113402061856 0.029411764705882353 0.07216494845360824
0.0 0.43504901960784315 0.47809278350515466 0.02696078431372549 0.06958762886597938
0.0 0.40441176470588236 0.47551546391752575 0.024509803921568627 0.06958762886597938
2.0 0.17279411764705882 0.4213917525773196 0.01715686274509804 0.03865979381443299
1.0 0.17524509803921567 0.4020618556701031 0.012254901960784314 0.03608247422680412
0.0 0.45098039215686275 0.4059278350515464 0.03431372549019608 0.06443298969072164
0.0 0.49264705882352944 0.4059278350515464 0.0196078431372549 0.06443298969072164
0.0 0.5245098039215687 0.3698453608247423 0.024509803921568627 0.059278350515463915
0.0 0.5 0.35695876288659795 0.024509803921568627 0.06443298969072164
0.0 0.4730392156862745 0.37242268041237114 0.024509803921568627 0.05412371134020619
0.0 0.29534313725490197 0.19329896907216496 0.022058823529411766 0.02577319587628866
0.0 0.15441176470588236 0.2615979381443299 0.0196078431372549 0.03350515463917526
0.0 0.23039215686274508 0.1481958762886598 0.014705882352941176 0.01804123711340206
9.0 0.20465686274509803 0.1481958762886598 0.012254901960784314 0.01288659793814433
1.0 0.20710784313725492 0.14561855670103094 0.012254901960784314 0.01288659793814433
9.0 0.22303921568627452 0.1327319587628866 0.014705882352941176 0.01288659793814433
0.0 0.19852941176470587 0.14561855670103094 0.00980392156862745 0.01288659793814433
3.0 0.19730392156862744 0.13659793814432988 0.022058823529411766 0.020618556701030927
1.0 0.19240196078431374 0.13530927835051546 0.007352941176470588 0.007731958762886598
9.0 0.19240196078431374 0.13788659793814434 0.012254901960784314 0.01288659793814433
0.0 0.13480392156862744 0.19329896907216496 0.00980392156862745 0.015463917525773196
0.0 0.05269607843137255 0.26804123711340205 0.007352941176470588 0.015463917525773196
0.0 0.061274509803921566 0.25644329896907214 0.00980392156862745 0.01804123711340206
0.0 0.09068627450980392 0.22293814432989692 0.00980392156862745 0.01804123711340206
0.0 0.1053921568627451 0.20618556701030927 0.00980392156862745 0.015463917525773196
0.0 0.11029411764705882 0.20103092783505155 0.00980392156862745 0.015463917525773196
0.0 0.11151960784313726 0.19845360824742267 0.012254901960784314 0.015463917525773196
0.0 0.11764705882352941 0.19329896907216496 0.00980392156862745 0.015463917525773196
0.0 0.12009803921568628 0.19072164948453607 0.00980392156862745 0.015463917525773196
0.0 0.1213235294117647 0.19072164948453607 0.012254901960784314 0.015463917525773196
0.0 0.12377450980392157 0.18943298969072164 0.012254901960784314 0.01804123711340206
0.0 0.13970588235294118 0.1713917525773196 0.00980392156862745 0.01288659793814433
0.0 0.14338235294117646 0.17010309278350516 0.012254901960784314 0.015463917525773196
0.0 0.14460784313725492 0.16881443298969073 0.00980392156862745 0.01288659793814433
0.0 0.14950980392156862 0.163659793814433 0.00980392156862745 0.01288659793814433
0.0 0.15318627450980393 0.15979381443298968 0.012254901960784314 0.015463917525773196
0.0 0.16666666666666666 0.14175257731958762 0.00980392156862745 0.010309278350515464
0.0 0.16176470588235295 0.14175257731958762 0.00980392156862745 0.010309278350515464
0.0 0.16544117647058823 0.13659793814432988 0.007352941176470588 0.010309278350515464
0.0 0.16911764705882354 0.1327319587628866 0.00980392156862745 0.007731958762886598
0.0 0.17769607843137256 0.12371134020618557 0.007352941176470588 0.010309278350515464
0.0 0.1801470588235294 0.12371134020618557 0.007352941176470588 0.010309278350515464
0.0 0.17647058823529413 0.12886597938144329 0.00980392156862745 0.010309278350515464
3.0 0.18627450980392157 0.11211340206185567 0.014705882352941176 0.01288659793814433
0.0 0.17769607843137256 0.11984536082474227 0.007352941176470588 0.007731958762886598
0.0 0.1801470588235294 0.11855670103092783 0.007352941176470588 0.010309278350515464
0.0 0.18137254901960784 0.11855670103092783 0.00980392156862745 0.010309278350515464
0.0 0.18382352941176472 0.1172680412371134 0.00980392156862745 0.007731958762886598
0.0 0.19362745098039216 0.10824742268041238 0.00980392156862745 0.010309278350515464
0.0 0.19730392156862744 0.10438144329896908 0.007352941176470588 0.007731958762886598
0.0 0.19975490196078433 0.10051546391752578 0.007352941176470588 0.005154639175257732
0.0 0.1801470588235294 0.10695876288659793 0.007352941176470588 0.007731958762886598
0.0 0.17892156862745098 0.10695876288659793 0.004901960784313725 0.007731958762886598
0.0 0.39215686274509803 0.028350515463917526 0.004901960784313725 0.005154639175257732
0.0 0.4362745098039216 0.020618556701030927 0.004901960784313725 0.005154639175257732
0.0 0.43014705882352944 0.019329896907216496 0.007352941176470588 0.002577319587628866
0.0 0.48284313725490197 0.01288659793814433 0.004901960784313725 0.005154639175257732
