3.0 0.07965686274509803 0.7809278350515464 0.10049019607843138 0.16494845360824742
3.0 0.13112745098039216 0.8466494845360825 0.09068627450980392 0.1056701030927835
3.0 0.23529411764705882 0.8608247422680413 0.19607843137254902 0.20618556701030927
9.0 0.0024509803921568627 0.5141752577319587 0.004901960784313725 0.05412371134020619
9.0 0.004901960784313725 0.4368556701030928 0.00980392156862745 0.03865979381443299
3.0 0.04534313725490196 0.6237113402061856 0.0661764705882353 0.1958762886597938
3.0 0.8823529411764706 0.7319587628865979 0.1323529411764706 0.22164948453608246
3.0 0.875 0.5695876288659794 0.10294117647058823 0.24742268041237114
3.0 0.8455882352941176 0.3582474226804124 0.11274509803921569 0.20618556701030927
3.0 0.6384803921568627 0.3131443298969072 0.16911764705882354 0.2190721649484536
4.0 0.17524509803921567 0.6146907216494846 0.125 0.3015463917525773
4.0 0.056372549019607844 0.43556701030927836 0.05392156862745098 0.211340206185567
3.0 0.7806372549019608 0.2190721649484536 0.11519607843137254 0.12371134020618557
3.0 0.18995098039215685 0.3492268041237113 0.12009803921568628 0.22422680412371135
3.0 0.08333333333333333 0.4832474226804124 0.049019607843137254 0.2190721649484536
3.0 0.9901960784313726 0.5141752577319587 0.014705882352941176 0.07474226804123711
3.0 0.9840686274509803 0.6082474226804123 0.022058823529411766 0.06701030927835051
3.0 0.9852941176470589 0.4536082474226804 0.024509803921568627 0.08762886597938144
3.0 0.9779411764705882 0.3904639175257732 0.03431372549019608 0.08505154639175258
3.0 0.9754901960784313 0.36211340206185566 0.029411764705882353 0.06958762886597938
0.0 0.9448529411764706 0.2757731958762887 0.01715686274509804 0.03608247422680412
0.0 0.9436274509803921 0.25773195876288657 0.0196078431372549 0.03608247422680412
0.0 0.946078431372549 0.2538659793814433 0.014705882352941176 0.028350515463917526
0.0 0.9093137254901961 0.18814432989690721 0.014705882352941176 0.020618556701030927
0.0 0.9080882352941176 0.18685567010309279 0.012254901960784314 0.01804123711340206
3.0 0.9264705882352942 0.2036082474226804 0.014705882352941176 0.020618556701030927
3.0 0.9068627450980392 0.18427835051546393 0.0392156862745098 0.04896907216494845
4.0 0.9240196078431373 0.22036082474226804 0.04411764705882353 0.059278350515463915
4.0 0.9007352941176471 0.21005154639175258 0.056372549019607844 0.07474226804123711
4.0 0.8431372549019608 0.14948453608247422 0.0784313725490196 0.07216494845360824
4.0 0.6850490196078431 0.045103092783505154 0.11029411764705882 0.05412371134020619
4.0 0.5588235294117647 0.01675257731958763 0.0784313725490196 0.01804123711340206
4.0 0.24509803921568626 0.07345360824742268 0.08333333333333333 0.04896907216494845
4.0 0.42892156862745096 0.07603092783505154 0.08823529411764706 0.05412371134020619
3.0 0.6409313725490197 0.12628865979381443 0.13480392156862744 0.08247422680412371
1.0 0.7120098039215687 0.16494845360824742 0.041666666666666664 0.05154639175257732
9.0 0.7169117647058824 0.17396907216494845 0.051470588235294115 0.05412371134020619
0.0 0.7549019607843137 0.163659793814433 0.0392156862745098 0.04896907216494845
3.0 0.11397058823529412 0.31958762886597936 0.07598039215686274 0.14432989690721648
3.0 0.03308823529411765 0.35309278350515466 0.051470588235294115 0.10309278350515463
3.0 0.03308823529411765 0.3337628865979381 0.041666666666666664 0.08505154639175258
3.0 0.03553921568627451 0.3118556701030928 0.031862745098039214 0.07216494845360824
0.0 0.06740196078431372 0.2693298969072165 0.022058823529411766 0.04381443298969072
0.0 0.08455882352941177 0.24613402061855671 0.02696078431372549 0.04896907216494845
0.0 0.09558823529411764 0.2345360824742268 0.024509803921568627 0.04639175257731959
0.0 0.09068627450980392 0.23582474226804123 0.024509803921568627 0.04381443298969072
0.0 0.33700980392156865 0.06701030927835051 0.022058823529411766 0.020618556701030927
4.0 0.1568627450980392 0.18427835051546393 0.09803921568627451 0.10051546391752578
3.0 0.14215686274509803 0.18556701030927836 0.08333333333333333 0.08762886597938144
3.0 0.13480392156862744 0.18298969072164947 0.0784313725490196 0.08247422680412371
3.0 0.12009803921568628 0.18556701030927836 0.06862745098039216 0.07731958762886598
3.0 0.06372549019607843 0.22938144329896906 0.03431372549019608 0.05670103092783505
3.0 0.06740196078431372 0.2190721649484536 0.022058823529411766 0.03608247422680412
3.0 0.10416666666666667 0.16881443298969073 0.04656862745098039 0.04896907216494845
3.0 0.18382352941176472 0.10824742268041238 0.058823529411764705 0.04639175257731959
3.0 0.29044117647058826 0.10695876288659793 0.09068627450980392 0.06958762886597938
3.0 0.34681372549019607 0.03479381443298969 0.0857843137254902 0.03350515463917526
3.0 0.4534313725490196 0.01675257731958763 0.08823529411764706 0.01804123711340206
0.0 0.23529411764705882 0.08891752577319588 0.014705882352941176 0.01804123711340206
3.0 0.7132352941176471 0.10695876288659793 0.08823529411764706 0.06443298969072164
3.0 0.7794117647058824 0.11469072164948453 0.0784313725490196 0.059278350515463915
3.0 0.8884803921568627 0.20747422680412372 0.0661764705882353 0.08505154639175258
3.0 0.8174019607843137 0.1134020618556701 0.061274509803921566 0.05154639175257732
3.0 0.8676470588235294 0.1481958762886598 0.049019607843137254 0.04896907216494845
9.0 0.07965686274509803 0.211340206185567 0.012254901960784314 0.020618556701030927
3.0 0.09926470588235294 0.18685567010309279 0.04656862745098039 0.05412371134020619
3.0 0.0661764705882353 0.2190721649484536 0.024509803921568627 0.03608247422680412
0.0 0.05514705882352941 0.23711340206185566 0.007352941176470588 0.015463917525773196
