0.0 0.8936915887850467 0.7924757281553398 0.04906542056074766 0.0703883495145631
0.0 0.9147196261682243 0.7669902912621359 0.035046728971962614 0.05825242718446602
9.0 0.9334112149532711 0.7354368932038835 0.0397196261682243 0.06796116504854369
0.0 0.9626168224299065 0.6783980582524272 0.02336448598130841 0.06067961165048544
0.0 0.9591121495327103 0.6808252427184466 0.011682242990654205 0.02669902912621359
0.0 0.9369158878504673 0.7038834951456311 0.03271028037383177 0.07281553398058252
0.0 0.9415887850467289 0.6881067961165048 0.028037383177570093 0.0703883495145631
0.0 0.9334112149532711 0.7002427184466019 0.02102803738317757 0.04611650485436893
6.0 0.7815420560747663 0.8774271844660194 0.12383177570093458 0.11893203883495146
1.0 0.7838785046728972 0.8847087378640777 0.0630841121495327 0.055825242718446605
2.0 0.9427570093457944 0.6614077669902912 0.02570093457943925 0.06553398058252427
0.0 0.9450934579439252 0.6529126213592233 0.02570093457943925 0.06796116504854369
0.0 0.9567757009345794 0.5970873786407767 0.016355140186915886 0.06796116504854369
0.0 0.9369158878504673 0.5970873786407767 0.02336448598130841 0.08737864077669903
9.0 0.9158878504672897 0.6201456310679612 0.037383177570093455 0.08009708737864078
9.0 0.9100467289719626 0.5728155339805825 0.035046728971962614 0.07281553398058252
1.0 0.9147196261682243 0.5546116504854369 0.02102803738317757 0.0703883495145631
0.0 0.9310747663551402 0.5254854368932039 0.011682242990654205 0.08495145631067962
0.0 0.9228971962616822 0.4987864077669903 0.009345794392523364 0.09466019417475728
0.0 0.9591121495327103 0.4733009708737864 0.011682242990654205 0.06796116504854369
0.0 0.9754672897196262 0.4684466019417476 0.007009345794392523 0.04854368932038835
0.0 0.969626168224299 0.4441747572815534 0.009345794392523364 0.05339805825242718
0.0 0.9521028037383178 0.42597087378640774 0.011682242990654205 0.06067961165048544
0.0 0.9380841121495327 0.4211165048543689 0.016355140186915886 0.07524271844660194
0.0 0.9404205607476636 0.4199029126213592 0.016355140186915886 0.06796116504854369
0.0 0.8843457943925234 0.5133495145631068 0.016355140186915886 0.11407766990291263
9.0 0.8960280373831776 0.4733009708737864 0.035046728971962614 0.08737864077669903
1.0 0.897196261682243 0.4684466019417476 0.018691588785046728 0.0970873786407767
9.0 0.772196261682243 0.4684466019417476 0.08644859813084112 0.10194174757281553
1.0 0.7745327102803738 0.45995145631067963 0.04906542056074766 0.14320388349514562
0.0 0.7535046728971962 0.32524271844660196 0.05841121495327103 0.1262135922330097
1.0 0.794392523364486 0.3300970873786408 0.0514018691588785 0.10194174757281553
2.0 0.7967289719626168 0.35072815533980584 0.04205607476635514 0.08980582524271845
3.0 0.8738317757009346 0.36771844660194175 0.08411214953271028 0.17718446601941748
0.0 0.8983644859813084 0.33616504854368934 0.02570093457943925 0.0703883495145631
0.0 0.8714953271028038 0.29854368932038833 0.03271028037383177 0.06796116504854369
9.0 0.8855140186915887 0.32524271844660196 0.028037383177570093 0.06310679611650485
0.0 0.9065420560747663 0.3325242718446602 0.02336448598130841 0.05825242718446602
1.0 0.6612149532710281 0.9453883495145631 0.037383177570093455 0.021844660194174758
0.0 0.6845794392523364 0.9162621359223301 0.06074766355140187 0.04611650485436893
0.0 0.6401869158878505 0.9283980582524272 0.056074766355140186 0.0412621359223301
9.0 0.5689252336448598 0.9150485436893204 0.07242990654205607 0.05825242718446602
9.0 0.7827102803738317 0.6383495145631068 0.09813084112149532 0.12135922330097088
1.0 0.7920560747663551 0.6310679611650486 0.06542056074766354 0.13106796116504854
0.0 0.32242990654205606 0.7135922330097088 0.09813084112149532 0.13592233009708737
0.0 0.2371495327102804 0.6820388349514563 0.05841121495327103 0.1262135922330097
0.0 0.21962616822429906 0.7172330097087378 0.06074766355140187 0.11407766990291263
0.0 0.18691588785046728 0.6783980582524272 0.06074766355140187 0.11407766990291263
0.0 0.20794392523364486 0.5995145631067961 0.06074766355140187 0.14563106796116504
2.0 0.09579439252336448 0.5509708737864077 0.04205607476635514 0.07766990291262135
1.0 0.09228971962616822 0.5424757281553398 0.02102803738317757 0.09466019417475728
0.0 0.056074766355140186 0.49393203883495146 0.009345794392523364 0.0703883495145631
9.0 0.0689252336448598 0.6371359223300971 0.035046728971962614 0.07524271844660194
1.0 0.0630841121495327 0.6213592233009708 0.02336448598130841 0.06796116504854369
1.0 0.056074766355140186 0.6177184466019418 0.014018691588785047 0.050970873786407765
0.0 0.0397196261682243 0.6055825242718447 0.018691588785046728 0.06553398058252427
0.0 0.029205607476635514 0.6031553398058253 0.016355140186915886 0.055825242718446605
0.0 0.029205607476635514 0.6213592233009708 0.016355140186915886 0.04854368932038835
9.0 0.02570093457943925 0.6152912621359223 0.018691588785046728 0.050970873786407765
0.0 0.02102803738317757 0.5849514563106796 0.014018691588785047 0.05825242718446602
0.0 0.015186915887850467 0.5594660194174758 0.007009345794392523 0.04611650485436893
0.0 0.04088785046728972 0.5048543689320388 0.007009345794392523 0.06310679611650485
0.0 0.005841121495327103 0.5242718446601942 0.007009345794392523 0.043689320388349516
0.0 0.007009345794392523 0.5121359223300971 0.004672897196261682 0.038834951456310676
0.0 0.0035046728971962616 0.49029126213592233 0.002336448598130841 0.043689320388349516
0.0 0.004672897196261682 0.4866504854368932 0.004672897196261682 0.0412621359223301
0.0 0.007009345794392523 0.4854368932038835 0.004672897196261682 0.038834951456310676
1.0 0.5432242990654206 0.26941747572815533 0.06775700934579439 0.07281553398058252
0.0 0.6448598130841121 0.24271844660194175 0.04672897196261682 0.08737864077669903
0.0 0.7289719626168224 0.24514563106796117 0.056074766355140186 0.0825242718446602
0.0 0.7383177570093458 0.21844660194174756 0.056074766355140186 0.07766990291262135
0.0 0.7219626168224299 0.1808252427184466 0.04672897196261682 0.055825242718446605
0.0 0.655373831775701 0.1662621359223301 0.04906542056074766 0.06067961165048544
0.0 0.7453271028037384 0.18810679611650485 0.04672897196261682 0.06067961165048544
0.0 0.6285046728971962 0.14805825242718446 0.04672897196261682 0.04854368932038835
0.0 0.5385514018691588 0.1262135922330097 0.035046728971962614 0.03398058252427184
0.0 0.5233644859813084 0.11893203883495146 0.028037383177570093 0.02912621359223301
0.0 0.5210280373831776 0.10922330097087378 0.028037383177570093 0.024271844660194174
1.0 0.49649532710280375 0.12378640776699029 0.02102803738317757 0.009708737864077669
0.0 0.4883177570093458 0.11165048543689321 0.02336448598130841 0.024271844660194174
0.0 0.44042056074766356 0.09587378640776699 0.030373831775700934 0.02669902912621359
3.0 0.6016355140186916 0.11893203883495146 0.12383177570093458 0.06796116504854369
4.0 0.7792056074766355 0.18689320388349515 0.10514018691588785 0.11165048543689321
0.0 0.822429906542056 0.20145631067961164 0.03271028037383177 0.04854368932038835
0.0 0.8130841121495327 0.18446601941747573 0.03271028037383177 0.043689320388349516
0.0 0.8060747663551402 0.1783980582524272 0.03271028037383177 0.0412621359223301
0.0 0.8130841121495327 0.1650485436893204 0.02336448598130841 0.024271844660194174
0.0 0.8084112149532711 0.15898058252427186 0.02336448598130841 0.02669902912621359
4.0 0.7815420560747663 0.15169902912621358 0.08644859813084112 0.0703883495145631
2.0 0.727803738317757 0.14199029126213591 0.04906542056074766 0.03640776699029126
1.0 0.7207943925233645 0.13228155339805825 0.035046728971962614 0.03155339805825243
0.0 0.719626168224299 0.11893203883495146 0.028037383177570093 0.02912621359223301
0.0 0.741822429906542 0.1262135922330097 0.02570093457943925 0.02912621359223301
0.0 0.7313084112149533 0.11529126213592233 0.028037383177570093 0.02669902912621359
0.0 0.7149532710280374 0.11286407766990292 0.02336448598130841 0.021844660194174758
1.0 0.6997663551401869 0.10558252427184465 0.02570093457943925 0.021844660194174758
0.0 0.6892523364485982 0.10436893203883495 0.03271028037383177 0.02912621359223301
0.0 0.6670560747663551 0.0970873786407767 0.030373831775700934 0.024271844660194174
9.0 0.5899532710280374 0.07645631067961164 0.04906542056074766 0.01699029126213592
0.0 0.5338785046728972 0.07888349514563107 0.02570093457943925 0.021844660194174758
0.0 0.45210280373831774 0.0691747572815534 0.02570093457943925 0.01699029126213592
0.0 0.5922897196261683 0.06553398058252427 0.02102803738317757 0.014563106796116505
0.0 0.6133177570093458 0.0703883495145631 0.02102803738317757 0.014563106796116505
0.0 0.5642523364485982 0.05703883495145631 0.02102803738317757 0.012135922330097087
1.0 0.5934579439252337 0.05825242718446602 0.018691588785046728 0.009708737864077669
1.0 0.6098130841121495 0.06067961165048544 0.018691588785046728 0.009708737864077669
4.0 0.9579439252336449 0.3325242718446602 0.03271028037383177 0.07766990291262135
9.0 0.9801401869158879 0.36893203883495146 0.007009345794392523 0.024271844660194174
1.0 0.977803738317757 0.3592233009708738 0.007009345794392523 0.024271844660194174
0.0 0.9649532710280374 0.3118932038834951 0.009345794392523364 0.021844660194174758
0.0 0.9684579439252337 0.3155339805825243 0.007009345794392523 0.019417475728155338
0.0 0.9602803738317757 0.30339805825242716 0.009345794392523364 0.024271844660194174
0.0 0.9579439252336449 0.29854368932038833 0.009345794392523364 0.024271844660194174
0.0 0.9521028037383178 0.28519417475728154 0.011682242990654205 0.02669902912621359
0.0 0.9485981308411215 0.279126213592233 0.009345794392523364 0.024271844660194174
0.0 0.9521028037383178 0.2815533980582524 0.011682242990654205 0.024271844660194174
2.0 0.9521028037383178 0.2803398058252427 0.011682242990654205 0.021844660194174758
1.0 0.9299065420560748 0.2645631067961165 0.009345794392523364 0.014563106796116505
0.0 0.9182242990654206 0.2524271844660194 0.014018691588785047 0.024271844660194174
4.0 0.8060747663551402 0.1553398058252427 0.06074766355140187 0.05825242718446602
0.0 0.8411214953271028 0.1808252427184466 0.018691588785046728 0.021844660194174758
0.0 0.8352803738317757 0.1783980582524272 0.016355140186915886 0.01699029126213592
0.0 0.8119158878504673 0.1650485436893204 0.02102803738317757 0.024271844660194174
0.0 0.8212616822429907 0.1662621359223301 0.02102803738317757 0.02669902912621359
4.0 0.7815420560747663 0.12985436893203883 0.05841121495327103 0.050970873786407765
0.0 0.8060747663551402 0.12864077669902912 0.014018691588785047 0.014563106796116505
0.0 0.8154205607476636 0.13592233009708737 0.014018691588785047 0.014563106796116505
9.0 0.7079439252336449 0.08131067961165049 0.018691588785046728 0.012135922330097087
0.0 0.7161214953271028 0.08131067961165049 0.016355140186915886 0.012135922330097087
3.0 0.17757009345794392 0.24757281553398058 0.0794392523364486 0.0970873786407767
9.0 0.21261682242990654 0.1929611650485437 0.037383177570093455 0.04611650485436893
9.0 0.21378504672897197 0.21723300970873785 0.0397196261682243 0.050970873786407765
2.0 0.22429906542056074 0.17597087378640777 0.037383177570093455 0.0412621359223301
4.0 0.08294392523364486 0.34951456310679613 0.0630841121495327 0.10679611650485436
4.0 0.10046728971962617 0.308252427184466 0.07476635514018691 0.10679611650485436
0.0 0.14719626168224298 0.23179611650485438 0.028037383177570093 0.04611650485436893
0.0 0.1413551401869159 0.23300970873786409 0.030373831775700934 0.04854368932038835
0.0 0.13551401869158877 0.2354368932038835 0.028037383177570093 0.04854368932038835
0.0 0.16004672897196262 0.21359223300970873 0.035046728971962614 0.04854368932038835
0.0 0.19158878504672897 0.17233009708737865 0.03271028037383177 0.038834951456310676
0.0 0.011682242990654205 0.4016990291262136 0.009345794392523364 0.03155339805825243
1.0 0.017523364485981307 0.39441747572815533 0.007009345794392523 0.02669902912621359
4.0 0.39953271028037385 0.0691747572815534 0.09345794392523364 0.03155339805825243
0.0 0.3411214953271028 0.07645631067961164 0.02336448598130841 0.01699029126213592
0.0 0.352803738317757 0.07402912621359223 0.018691588785046728 0.012135922330097087
3.0 0.7266355140186916 0.06553398058252427 0.028037383177570093 0.014563106796116505
8.0 0.7453271028037384 0.0691747572815534 0.028037383177570093 0.01699029126213592
5.0 0.6810747663551402 0.044902912621359224 0.053738317757009345 0.021844660194174758
3.0 0.6822429906542056 0.04247572815533981 0.028037383177570093 0.012135922330097087
3.0 0.677570093457944 0.0412621359223301 0.02336448598130841 0.009708737864077669
3.0 0.647196261682243 0.03155339805825243 0.028037383177570093 0.009708737864077669
5.0 0.6670560747663551 0.03640776699029126 0.030373831775700934 0.014563106796116505
3.0 0.7301401869158879 0.06067961165048544 0.02102803738317757 0.009708737864077669
3.0 0.7207943925233645 0.055825242718446605 0.02102803738317757 0.009708737864077669
0.0 0.610981308411215 0.021844660194174758 0.007009345794392523 0.0048543689320388345
4.0 0.397196261682243 0.043689320388349516 0.03271028037383177 0.014563106796116505
3.0 0.46261682242990654 0.03640776699029126 0.06074766355140187 0.009708737864077669
3.0 0.3644859813084112 0.050970873786407765 0.04672897196261682 0.019417475728155338
3.0 0.3060747663551402 0.0703883495145631 0.037383177570093455 0.019417475728155338
4.0 0.32242990654205606 0.06067961165048544 0.03271028037383177 0.019417475728155338
3.0 0.35630841121495327 0.04975728155339806 0.035046728971962614 0.01699029126213592
0.0 0.3399532710280374 0.05339805825242718 0.016355140186915886 0.009708737864077669
3.0 0.3399532710280374 0.050970873786407765 0.030373831775700934 0.014563106796116505
3.0 0.35630841121495327 0.043689320388349516 0.030373831775700934 0.014563106796116505
4.0 0.36682242990654207 0.038834951456310676 0.02336448598130841 0.009708737864077669
3.0 0.3773364485981308 0.03398058252427184 0.02102803738317757 0.009708737864077669
3.0 0.3878504672897196 0.03033980582524272 0.02336448598130841 0.007281553398058253
3.0 0.4217289719626168 0.025485436893203883 0.016355140186915886 0.007281553398058253
3.0 0.39485981308411217 0.027912621359223302 0.018691588785046728 0.007281553398058253
4.0 0.4053738317757009 0.024271844660194174 0.02102803738317757 0.0048543689320388345
4.0 0.3014018691588785 0.05218446601941747 0.018691588785046728 0.012135922330097087
3.0 0.2558411214953271 0.09101941747572816 0.030373831775700934 0.021844660194174758
4.0 0.26635514018691586 0.08131067961165049 0.028037383177570093 0.01699029126213592
0.0 0.27102803738317754 0.07160194174757281 0.009345794392523364 0.007281553398058253
0.0 0.2838785046728972 0.06432038834951456 0.011682242990654205 0.007281553398058253
0.0 0.2383177570093458 0.09344660194174757 0.014018691588785047 0.012135922330097087
3.0 0.23598130841121495 0.0970873786407767 0.028037383177570093 0.019417475728155338
3.0 0.21495327102803738 0.11165048543689321 0.028037383177570093 0.024271844660194174
4.0 0.1927570093457944 0.12864077669902912 0.035046728971962614 0.02912621359223301
3.0 0.1939252336448598 0.12378640776699029 0.02336448598130841 0.019417475728155338
