3.0 0.45588235294117646 0.990979381443299 0.05392156862745098 0.01288659793814433
3.0 0.4730392156862745 0.9561855670103093 0.06862745098039216 0.041237113402061855
3.0 0.20588235294117646 0.8234536082474226 0.09313725490196079 0.11597938144329897
3.0 0.34558823529411764 0.8891752577319587 0.10294117647058823 0.09278350515463918
3.0 0.4877450980392157 0.8865979381443299 0.08333333333333333 0.07731958762886598
3.0 0.633578431372549 0.9600515463917526 0.125 0.059278350515463915
3.0 0.7745098039215687 0.9188144329896907 0.08823529411764706 0.059278350515463915
4.0 0.8112745098039216 0.8634020618556701 0.08823529411764706 0.07731958762886598
3.0 0.8382352941176471 0.8182989690721649 0.08823529411764706 0.08505154639175258
3.0 0.8602941176470589 0.770618556701031 0.08333333333333333 0.09278350515463918
3.0 0.696078431372549 0.8711340206185567 0.14215686274509803 0.10824742268041238
4.0 0.8762254901960784 0.7216494845360825 0.07598039215686274 0.09278350515463918
3.0 0.7328431372549019 0.8054123711340206 0.14215686274509803 0.13659793814432988
3.0 0.7659313725490197 0.6945876288659794 0.13970588235294118 0.17268041237113402
3.0 0.33700980392156865 0.7667525773195877 0.125 0.17268041237113402
3.0 0.5147058823529411 0.7268041237113402 0.11764705882352941 0.18556701030927836
9.0 0.5171568627450981 0.6262886597938144 0.09313725490196079 0.03608247422680412
9.0 0.9399509803921569 0.6765463917525774 0.01715686274509804 0.04381443298969072
3.0 0.9105392156862745 0.5979381443298969 0.056372549019607844 0.08247422680412371
3.0 0.9203431372549019 0.5347938144329897 0.041666666666666664 0.06958762886597938
4.0 0.7892156862745098 0.5824742268041238 0.11764705882352941 0.19072164948453607
3.0 0.35049019607843135 0.5012886597938144 0.09313725490196079 0.22938144329896906
3.0 0.5600490196078431 0.4536082474226804 0.11029411764705882 0.23195876288659795
3.0 0.7977941176470589 0.4497422680412371 0.1053921568627451 0.17268041237113402
3.0 0.7928921568627451 0.35180412371134023 0.11029411764705882 0.15206185567010308
3.0 0.39950980392156865 0.2912371134020619 0.10294117647058823 0.16494845360824742
4.0 0.7708333333333334 0.25257731958762886 0.12009803921568628 0.13402061855670103
3.0 0.9105392156862745 0.4007731958762887 0.04656862745098039 0.07474226804123711
3.0 0.8946078431372549 0.3402061855670103 0.058823529411764705 0.08247422680412371
3.0 0.8774509803921569 0.28994845360824745 0.06862745098039216 0.08505154639175258
4.0 0.9301470588235294 0.27448453608247425 0.041666666666666664 0.06443298969072164
3.0 0.9362745098039216 0.24484536082474226 0.029411764705882353 0.05670103092783505
3.0 0.9227941176470589 0.22938144329896906 0.031862745098039214 0.05670103092783505
3.0 0.9080882352941176 0.21262886597938144 0.031862745098039214 0.05412371134020619
3.0 0.8909313725490197 0.1958762886597938 0.03676470588235294 0.05154639175257732
3.0 0.8419117647058824 0.18943298969072164 0.07107843137254902 0.06958762886597938
3.0 0.8296568627450981 0.16623711340206185 0.07107843137254902 0.06443298969072164
3.0 0.7561274509803921 0.19458762886597938 0.11519607843137254 0.11082474226804123
3.0 0.7303921568627451 0.13917525773195877 0.10784313725490197 0.08247422680412371
3.0 0.2757352941176471 0.1958762886597938 0.09068627450980392 0.10824742268041238
3.0 0.5870098039215687 0.12757731958762886 0.07598039215686274 0.07474226804123711
3.0 0.7218137254901961 0.11211340206185567 0.09558823529411764 0.06958762886597938
3.0 0.5808823529411765 0.07345360824742268 0.058823529411764705 0.04381443298969072
3.0 0.5012254901960784 0.03865979381443299 0.04656862745098039 0.02577319587628866
5.0 0.36642156862745096 0.06829896907216494 0.0661764705882353 0.04381443298969072
3.0 0.7095588235294118 0.08762886597938144 0.0857843137254902 0.05670103092783505
3.0 0.7071078431372549 0.07216494845360824 0.08088235294117647 0.05154639175257732
3.0 0.5808823529411765 0.03865979381443299 0.049019607843137254 0.030927835051546393
3.0 0.696078431372549 0.05670103092783505 0.07352941176470588 0.041237113402061855
3.0 0.5772058823529411 0.01675257731958763 0.041666666666666664 0.023195876288659795
3.0 0.6838235294117647 0.03994845360824742 0.06862745098039216 0.03865979381443299
3.0 0.7769607843137255 0.09020618556701031 0.06372549019607843 0.04639175257731959
3.0 0.7708333333333334 0.07860824742268041 0.056372549019607844 0.03865979381443299
3.0 0.7549019607843137 0.06443298969072164 0.058823529411764705 0.03608247422680412
3.0 0.6776960784313726 0.03221649484536082 0.056372549019607844 0.023195876288659795
3.0 0.1801470588235294 0.5425257731958762 0.061274509803921566 0.18814432989690721
5.0 0.39828431372549017 0.03221649484536082 0.0661764705882353 0.04381443298969072
3.0 0.5061274509803921 0.019329896907216496 0.03676470588235294 0.01804123711340206
3.0 0.5098039215686274 0.005154639175257732 0.029411764705882353 0.010309278350515464
