3.0 0.17892156862745098 0.18943298969072164 0.08823529411764706 0.10051546391752578
3.0 0.28308823529411764 0.18556701030927836 0.125 0.10309278350515463
3.0 0.24142156862745098 0.9329896907216495 0.061274509803921566 0.03608247422680412
3.0 0.24387254901960784 0.9188144329896907 0.08088235294117647 0.059278350515463915
3.0 0.22303921568627452 0.8646907216494846 0.10294117647058823 0.09020618556701031
3.0 0.31004901960784315 0.9304123711340206 0.09068627450980392 0.05670103092783505
3.0 0.43995098039215685 0.9742268041237113 0.07598039215686274 0.03608247422680412
3.0 0.5208333333333334 0.9652061855670103 0.07107843137254902 0.03350515463917526
3.0 0.4852941176470588 0.9381443298969072 0.10294117647058823 0.04639175257731959
3.0 0.5379901960784313 0.990979381443299 0.03676470588235294 0.01288659793814433
3.0 0.7230392156862745 0.9355670103092784 0.09313725490196079 0.061855670103092786
0.0 0.5980392156862745 0.9677835051546392 0.014705882352941176 0.007731958762886598
0.0 0.6066176470588235 0.9639175257731959 0.007352941176470588 0.005154639175257732
0.0 0.6446078431372549 0.961340206185567 0.00980392156862745 0.005154639175257732
0.0 0.6691176470588235 0.9484536082474226 0.014705882352941176 0.010309278350515464
0.0 0.6715686274509803 0.9600515463917526 0.014705882352941176 0.007731958762886598
0.0 0.758578431372549 0.895618556701031 0.01715686274509804 0.01288659793814433
9.0 0.7463235294117647 0.7461340206185567 0.022058823529411766 0.03865979381443299
9.0 0.7365196078431373 0.7384020618556701 0.041666666666666664 0.04896907216494845
0.0 0.7303921568627451 0.6597938144329897 0.024509803921568627 0.030927835051546393
2.0 0.6421568627450981 0.49742268041237114 0.024509803921568627 0.08247422680412371
1.0 0.6409313725490197 0.4961340206185567 0.022058823529411766 0.04381443298969072
0.0 0.6127450980392157 0.39690721649484534 0.029411764705882353 0.030927835051546393
0.0 0.7230392156862745 0.42912371134020616 0.0196078431372549 0.028350515463917526
9.0 0.696078431372549 0.09536082474226804 0.029411764705882353 0.02577319587628866
4.0 0.7218137254901961 0.08634020618556701 0.09068627450980392 0.06443298969072164
3.0 0.7843137254901961 0.07860824742268041 0.0392156862745098 0.028350515463917526
