3.0 0.6436915887850467 0.962378640776699 0.1378504672897196 0.06067961165048544
3.0 0.6728971962616822 0.9029126213592233 0.1308411214953271 0.08737864077669903
3.0 0.8271028037383178 0.8009708737864077 0.09813084112149532 0.11165048543689321
3.0 0.8294392523364486 0.7366504854368932 0.102803738317757 0.13349514563106796
3.0 0.6308411214953271 0.8434466019417476 0.14485981308411214 0.10922330097087378
3.0 0.5245327102803738 0.6262135922330098 0.1425233644859813 0.16019417475728157
3.0 0.4369158878504673 0.45995145631067963 0.1261682242990654 0.16747572815533981
3.0 0.37149532710280375 0.3483009708737864 0.11682242990654206 0.12378640776699029
3.0 0.32593457943925236 0.26941747572815533 0.10046728971962617 0.09223300970873786
3.0 0.47313084112149534 0.125 0.08644859813084112 0.02669902912621359
3.0 0.5268691588785047 0.05339805825242718 0.0630841121495327 0.009708737864077669
3.0 0.4369158878504673 0.05339805825242718 0.0514018691588785 0.009708737864077669
4.0 0.35397196261682246 0.06674757281553398 0.053738317757009345 0.021844660194174758
4.0 0.29906542056074764 0.0825242718446602 0.04672897196261682 0.024271844660194174
3.0 0.25 0.10679611650485436 0.04205607476635514 0.024271844660194174
0.0 0.25 0.10194174757281553 0.009345794392523364 0.009708737864077669
0.0 0.4871495327102804 0.027912621359223302 0.002336448598130841 0.0024271844660194173
0.0 0.4941588785046729 0.027912621359223302 0.002336448598130841 0.0024271844660194173
3.0 0.3235981308411215 0.04854368932038835 0.016355140186915886 0.009708737864077669
3.0 0.616822429906542 0.0412621359223301 0.03271028037383177 0.009708737864077669
7.0 0.6308411214953271 0.04004854368932039 0.014018691588785047 0.007281553398058253
3.0 0.669392523364486 0.05703883495145631 0.030373831775700934 0.012135922330097087
3.0 0.6927570093457944 0.05703883495145631 0.016355140186915886 0.007281553398058253
4.0 0.7184579439252337 0.07160194174757281 0.02102803738317757 0.012135922330097087
3.0 0.1425233644859813 0.4696601941747573 0.037383177570093455 0.09466019417475728
3.0 0.7242990654205608 0.41504854368932037 0.10747663551401869 0.11650485436893204
3.0 0.6460280373831776 0.30339805825242716 0.1191588785046729 0.0970873786407767
0.0 0.5537383177570093 0.2099514563106796 0.018691588785046728 0.0412621359223301
3.0 0.735981308411215 0.11893203883495146 0.04672897196261682 0.02912621359223301
3.0 0.054906542056074766 0.279126213592233 0.011682242990654205 0.019417475728155338
3.0 0.07009345794392523 0.25728155339805825 0.014018691588785047 0.024271844660194174
3.0 0.09813084112149532 0.220873786407767 0.018691588785046728 0.024271844660194174
3.0 0.12733644859813084 0.19053398058252427 0.02570093457943925 0.02669902912621359
3.0 0.16238317757009346 0.1529126213592233 0.016355140186915886 0.014563106796116505
3.0 0.16355140186915887 0.14927184466019416 0.014018691588785047 0.012135922330097087
5.0 0.18574766355140188 0.11771844660194175 0.011682242990654205 0.012135922330097087
0.0 0.15537383177570094 0.16262135922330098 0.007009345794392523 0.009708737864077669
3.0 0.19509345794392524 0.1395631067961165 0.02570093457943925 0.021844660194174758
