4.0 0.35049019607843135 0.46649484536082475 0.04411764705882353 0.1134020618556701
3.0 0.1556372549019608 0.654639175257732 0.031862745098039214 0.07731958762886598
3.0 0.1801470588235294 0.6713917525773195 0.03676470588235294 0.07474226804123711
5.0 0.2867647058823529 0.7152061855670103 0.049019607843137254 0.09020618556701031
3.0 0.3284313725490196 0.7332474226804123 0.04411764705882353 0.07474226804123711
3.0 0.3737745098039216 0.7512886597938144 0.04656862745098039 0.06958762886597938
7.0 0.3480392156862745 0.8002577319587629 0.049019607843137254 0.028350515463917526
3.0 0.03308823529411765 0.6726804123711341 0.012254901960784314 0.02577319587628866
3.0 0.0392156862745098 0.6945876288659794 0.014705882352941176 0.028350515463917526
3.0 0.05269607843137255 0.7358247422680413 0.01715686274509804 0.028350515463917526
3.0 0.061274509803921566 0.7577319587628866 0.0196078431372549 0.02577319587628866
3.0 0.07598039215686274 0.7873711340206185 0.0196078431372549 0.028350515463917526
3.0 0.0784313725490196 0.7976804123711341 0.0196078431372549 0.028350515463917526
3.0 0.7708333333333334 0.4961340206185567 0.056372549019607844 0.04896907216494845
3.0 0.8946078431372549 0.5128865979381443 0.024509803921568627 0.03608247422680412
3.0 0.7696078431372549 0.35309278350515466 0.06372549019607843 0.061855670103092786
5.0 0.7769607843137255 0.43170103092783507 0.07352941176470588 0.06443298969072164
3.0 0.6752450980392157 0.05154639175257732 0.041666666666666664 0.020618556701030927
3.0 0.6850490196078431 0.061855670103092786 0.04656862745098039 0.020618556701030927
