4.0 0.7573529411764706 0.7899484536082474 0.16666666666666666 0.22422680412371135
4.0 0.8382352941176471 0.7809278350515464 0.13725490196078433 0.21649484536082475
4.0 0.09558823529411764 0.7822164948453608 0.08823529411764706 0.14175257731958762
4.0 0.8737745098039216 0.5811855670103093 0.10049019607843138 0.19845360824742267
3.0 0.6727941176470589 0.6211340206185567 0.15441176470588236 0.33505154639175255
3.0 0.7806372549019608 0.44329896907216493 0.1053921568627451 0.28350515463917525
3.0 0.9313725490196079 0.7010309278350515 0.07352941176470588 0.17010309278350516
3.0 0.9264705882352942 0.3337628865979381 0.06372549019607843 0.15721649484536082
3.0 0.6004901960784313 0.024484536082474227 0.0784313725490196 0.04381443298969072
3.0 0.6470588235294118 0.08376288659793814 0.10784313725490197 0.08505154639175258
4.0 0.7071078431372549 0.20103092783505155 0.12990196078431374 0.15979381443298968
3.0 0.8468137254901961 0.32603092783505155 0.125 0.2190721649484536
3.0 0.7769607843137255 0.17396907216494845 0.15196078431372548 0.14690721649484537
3.0 0.6887254901960784 0.05025773195876289 0.11764705882352941 0.06443298969072164
3.0 0.8590686274509803 0.18814432989690721 0.0857843137254902 0.11855670103092783
3.0 0.8014705882352942 0.1056701030927835 0.07352941176470588 0.07216494845360824
3.0 0.014705882352941176 0.5038659793814433 0.014705882352941176 0.16752577319587628
3.0 0.04656862745098039 0.31829896907216493 0.05392156862745098 0.13659793814432988
3.0 0.09681372549019608 0.2036082474226804 0.0661764705882353 0.0979381443298969
3.0 0.029411764705882353 0.32216494845360827 0.029411764705882353 0.06701030927835051
3.0 0.06372549019607843 0.23582474226804123 0.04411764705882353 0.06958762886597938
3.0 0.09558823529411764 0.17396907216494845 0.058823529411764705 0.07474226804123711
3.0 0.07352941176470588 0.20747422680412372 0.0392156862745098 0.05412371134020619
3.0 0.13848039215686275 0.13530927835051546 0.056372549019607844 0.059278350515463915
3.0 0.00980392156862745 0.4059278350515464 0.014705882352941176 0.059278350515463915
3.0 0.03308823529411765 0.6778350515463918 0.051470588235294115 0.14948453608247422
0.0 0.5612745098039216 0.125 0.049019607843137254 0.04381443298969072
0.0 0.6041666666666666 0.1327319587628866 0.04656862745098039 0.04896907216494845
