9.0 0.12009803921568628 0.8383977900552486 0.04411764705882353 0.058011049723756904
9.0 0.1090686274509804 0.8218232044198895 0.041666666666666664 0.058011049723756904
9.0 0.09558823529411764 0.8052486187845304 0.0392156862745098 0.058011049723756904
9.0 0.051470588235294115 0.6975138121546961 0.0196078431372549 0.04696132596685083
9.0 0.05514705882352941 0.6685082872928176 0.022058823529411766 0.049723756906077346
1.0 0.015931372549019607 0.5773480662983426 0.007352941176470588 0.027624309392265192
0.0 0.06985294117647059 0.600828729281768 0.012254901960784314 0.04143646408839779
0.0 0.11274509803921569 0.7596685082872928 0.014705882352941176 0.022099447513812154
0.0 0.17279411764705882 0.8743093922651933 0.022058823529411766 0.03038674033149171
0.0 0.11519607843137254 0.7251381215469613 0.014705882352941176 0.024861878453038673
3.0 0.11274509803921569 0.20303867403314918 0.05392156862745098 0.07458563535911603
0.0 0.03308823529411765 0.425414364640884 0.007352941176470588 0.03314917127071823
0.0 0.17647058823529413 0.47928176795580113 0.014705882352941176 0.052486187845303865
0.0 0.17892156862745098 0.468232044198895 0.0196078431372549 0.052486187845303865
0.0 0.21323529411764705 0.5469613259668509 0.0196078431372549 0.049723756906077346
0.0 0.25857843137254904 0.5193370165745856 0.022058823529411766 0.06077348066298342
0.0 0.1642156862745098 0.14917127071823205 0.0196078431372549 0.027624309392265192
0.0 0.42034313725490197 0.2472375690607735 0.031862745098039214 0.058011049723756904
0.0 0.4877450980392157 0.28314917127071826 0.024509803921568627 0.052486187845303865
3.0 0.9166666666666666 0.24861878453038674 0.0392156862745098 0.0718232044198895
8.0 0.9779411764705882 0.5939226519337016 0.03431372549019608 0.13812154696132597
