5.0 0.04411764705882353 0.2472375690607735 0.00980392156862745 0.019337016574585635
5.0 0.04411764705882353 0.2513812154696133 0.00980392156862745 0.022099447513812154
5.0 0.058823529411764705 0.26519337016574585 0.014705882352941176 0.03314917127071823
5.0 0.0392156862745098 0.2983425414364641 0.00980392156862745 0.027624309392265192
8.0 0.05024509803921569 0.2541436464088398 0.01715686274509804 0.03867403314917127
8.0 0.03799019607843137 0.28314917127071826 0.01715686274509804 0.04143646408839779
3.0 0.058823529411764705 0.2527624309392265 0.004901960784313725 0.013812154696132596
3.0 0.04534313725490196 0.2941988950276243 0.007352941176470588 0.013812154696132596
3.0 0.05759803921568627 0.2955801104972376 0.012254901960784314 0.027624309392265192
3.0 0.05269607843137255 0.287292817679558 0.007352941176470588 0.016574585635359115
3.0 0.051470588235294115 0.27624309392265195 0.00980392156862745 0.022099447513812154
3.0 0.10416666666666667 0.3660220994475138 0.022058823529411766 0.04696132596685083
3.0 0.17647058823529413 0.4198895027624309 0.0392156862745098 0.06077348066298342
3.0 0.17034313725490197 0.1643646408839779 0.02696078431372549 0.024861878453038673
3.0 0.21200980392156862 0.1919889502762431 0.02696078431372549 0.03038674033149171
3.0 0.2426470588235294 0.18093922651933703 0.03431372549019608 0.03591160220994475
3.0 0.30514705882352944 0.12292817679558012 0.02696078431372549 0.024861878453038673
3.0 0.23897058823529413 0.1270718232044199 0.022058823529411766 0.022099447513812154
3.0 0.27205882352941174 0.10911602209944751 0.024509803921568627 0.019337016574585635
3.0 0.4019607843137255 0.5069060773480663 0.0784313725490196 0.08011049723756906
3.0 0.3075980392156863 0.35911602209944754 0.07107843137254902 0.08287292817679558
3.0 0.21691176470588236 0.34806629834254144 0.051470588235294115 0.06629834254143646
3.0 0.3443627450980392 0.08149171270718232 0.02696078431372549 0.019337016574585635
3.0 0.2696078431372549 0.08839779005524862 0.0196078431372549 0.016574585635359115
3.0 0.13112745098039216 0.24171270718232044 0.022058823529411766 0.03591160220994475
3.0 0.1053921568627451 0.2265193370165746 0.014705882352941176 0.022099447513812154
3.0 0.6066176470588235 0.81353591160221 0.12009803921568628 0.0856353591160221
3.0 0.7573529411764706 0.6947513812154696 0.08823529411764706 0.1132596685082873
3.0 0.30514705882352944 0.05386740331491713 0.01715686274509804 0.013812154696132596
3.0 0.45465686274509803 0.05386740331491713 0.01715686274509804 0.008287292817679558
3.0 0.32965686274509803 0.04005524861878453 0.01715686274509804 0.013812154696132596
3.0 0.1715686274509804 0.15883977900552487 0.024509803921568627 0.024861878453038673
3.0 0.6715686274509803 0.22099447513812154 0.0392156862745098 0.03867403314917127
3.0 0.7230392156862745 0.23204419889502761 0.03431372549019608 0.04419889502762431
3.0 0.6115196078431373 0.13259668508287292 0.031862745098039214 0.027624309392265192
3.0 0.6348039215686274 0.13397790055248618 0.03431372549019608 0.03038674033149171
3.0 0.6617647058823529 0.13950276243093923 0.03431372549019608 0.03038674033149171
3.0 0.6850490196078431 0.1477900552486188 0.031862745098039214 0.03038674033149171
3.0 0.7083333333333334 0.15469613259668508 0.029411764705882353 0.027624309392265192
3.0 0.7316176470588235 0.16298342541436464 0.031862745098039214 0.03314917127071823
3.0 0.7487745098039216 0.1671270718232044 0.02696078431372549 0.03038674033149171
3.0 0.7696078431372549 0.1781767955801105 0.029411764705882353 0.03591160220994475
3.0 0.866421568627451 0.2941988950276243 0.022058823529411766 0.03591160220994475
3.0 0.8394607843137255 0.2803867403314917 0.022058823529411766 0.03038674033149171
3.0 0.821078431372549 0.22790055248618785 0.03431372549019608 0.03591160220994475
3.0 0.7696078431372549 0.21685082872928177 0.049019607843137254 0.04143646408839779
3.0 0.8590686274509803 0.26243093922651933 0.02696078431372549 0.03314917127071823
3.0 0.8590686274509803 0.21685082872928177 0.01715686274509804 0.024861878453038673
3.0 0.866421568627451 0.21408839779005526 0.01715686274509804 0.024861878453038673
3.0 0.883578431372549 0.23342541436464087 0.01715686274509804 0.03038674033149171
3.0 0.9068627450980392 0.2361878453038674 0.014705882352941176 0.024861878453038673
3.0 0.9424019607843137 0.31077348066298344 0.012254901960784314 0.024861878453038673
3.0 0.9607843137254902 0.3453038674033149 0.00980392156862745 0.022099447513812154
3.0 0.9583333333333334 0.35359116022099446 0.00980392156862745 0.027624309392265192
3.0 0.9595588235294118 0.39917127071823205 0.007352941176470588 0.03038674033149171
3.0 0.9681372549019608 0.4046961325966851 0.00980392156862745 0.03591160220994475
3.0 0.9558823529411765 0.43232044198895025 0.00980392156862745 0.03038674033149171
3.0 0.9705882352941176 0.4419889502762431 0.004901960784313725 0.027624309392265192
3.0 0.9779411764705882 0.4419889502762431 0.004901960784313725 0.022099447513812154
3.0 0.9718137254901961 0.4074585635359116 0.007352941176470588 0.03038674033149171
3.0 0.9742647058823529 0.393646408839779 0.007352941176470588 0.024861878453038673
3.0 0.9779411764705882 0.39640883977900554 0.00980392156862745 0.024861878453038673
3.0 0.9816176470588235 0.39917127071823205 0.007352941176470588 0.024861878453038673
3.0 0.9669117647058824 0.3867403314917127 0.007352941176470588 0.022099447513812154
3.0 0.9620098039215687 0.38535911602209943 0.007352941176470588 0.024861878453038673
3.0 0.9583333333333334 0.3825966850828729 0.00980392156862745 0.024861878453038673
3.0 0.9534313725490197 0.3784530386740331 0.00980392156862745 0.03314917127071823
3.0 0.9509803921568627 0.39226519337016574 0.00980392156862745 0.03867403314917127
3.0 0.9436274509803921 0.38950276243093923 0.00980392156862745 0.03314917127071823
3.0 0.9399509803921569 0.3397790055248619 0.012254901960784314 0.027624309392265192
3.0 0.9448529411764706 0.3453038674033149 0.012254901960784314 0.027624309392265192
3.0 0.9497549019607843 0.3494475138121547 0.012254901960784314 0.03038674033149171
3.0 0.9362745098039216 0.32320441988950277 0.00980392156862745 0.022099447513812154
3.0 0.9436274509803921 0.3301104972375691 0.00980392156862745 0.019337016574585635
3.0 0.9473039215686274 0.3328729281767956 0.012254901960784314 0.024861878453038673
3.0 0.9509803921568627 0.3383977900552486 0.00980392156862745 0.024861878453038673
3.0 0.7916666666666666 0.2569060773480663 0.029411764705882353 0.04419889502762431
3.0 0.8125 0.21132596685082872 0.031862745098039214 0.03038674033149171
3.0 0.8553921568627451 0.2513812154696133 0.0196078431372549 0.022099447513812154
3.0 0.8075980392156863 0.20165745856353592 0.03676470588235294 0.03867403314917127
3.0 0.8026960784313726 0.19337016574585636 0.03676470588235294 0.03867403314917127
3.0 0.8370098039215687 0.21961325966850828 0.02696078431372549 0.03038674033149171
3.0 0.8394607843137255 0.2292817679558011 0.031862745098039214 0.03314917127071823
3.0 0.8198529411764706 0.19613259668508287 0.02696078431372549 0.027624309392265192
3.0 0.8480392156862745 0.20027624309392264 0.014705882352941176 0.019337016574585635
3.0 0.875 0.24447513812154695 0.014705882352941176 0.03038674033149171
3.0 0.9129901960784313 0.28314917127071826 0.012254901960784314 0.024861878453038673
3.0 0.7879901960784313 0.1671270718232044 0.031862745098039214 0.03038674033149171
3.0 0.8125 0.18370165745856354 0.031862745098039214 0.03038674033149171
4.0 0.8774509803921569 0.2983425414364641 0.024509803921568627 0.04419889502762431
4.0 0.8088235294117647 0.2596685082872928 0.029411764705882353 0.04419889502762431
4.0 0.7598039215686274 0.20165745856353592 0.049019607843137254 0.03867403314917127
4.0 0.9742647058823529 0.44060773480662985 0.007352941176470588 0.03038674033149171
4.0 0.946078431372549 0.31077348066298344 0.00980392156862745 0.024861878453038673
4.0 0.9203431372549019 0.2886740331491713 0.012254901960784314 0.024861878453038673
4.0 0.9080882352941176 0.2776243093922652 0.012254901960784314 0.024861878453038673
4.0 0.8995098039215687 0.27071823204419887 0.0196078431372549 0.03314917127071823
4.0 0.8933823529411765 0.26657458563535913 0.01715686274509804 0.03591160220994475
4.0 0.9166666666666666 0.26243093922651933 0.014705882352941176 0.027624309392265192
4.0 0.9215686274509803 0.26795580110497236 0.014705882352941176 0.027624309392265192
4.0 0.9276960784313726 0.27209944751381215 0.012254901960784314 0.024861878453038673
4.0 0.9313725490196079 0.27486187845303867 0.014705882352941176 0.03038674033149171
4.0 0.8296568627450981 0.17265193370165746 0.022058823529411766 0.03038674033149171
4.0 0.883578431372549 0.2596685082872928 0.01715686274509804 0.03314917127071823
3.0 0.9007352941176471 0.2955801104972376 0.01715686274509804 0.03314917127071823
3.0 0.9093137254901961 0.30248618784530384 0.014705882352941176 0.024861878453038673
4.0 0.6825980392156863 0.13535911602209943 0.031862745098039214 0.027624309392265192
3.0 0.6580882352941176 0.12845303867403315 0.031862745098039214 0.024861878453038673
3.0 0.6188725490196079 0.11878453038674033 0.041666666666666664 0.022099447513812154
4.0 0.6323529411764706 0.4558011049723757 0.09313725490196079 0.12154696132596685
5.0 0.7598039215686274 0.26795580110497236 0.05392156862745098 0.09392265193370165
5.0 0.8075980392156863 0.2845303867403315 0.04656862745098039 0.08287292817679558
5.0 0.8786764705882353 0.319060773480663 0.031862745098039214 0.06906077348066299
5.0 0.9056372549019608 0.21408839779005526 0.01715686274509804 0.03038674033149171
5.0 0.7671568627450981 0.3715469613259669 0.049019607843137254 0.09668508287292818
5.0 0.8296568627450981 0.2914364640883978 0.041666666666666664 0.08011049723756906
5.0 0.7990196078431373 0.3825966850828729 0.0392156862745098 0.07458563535911603
5.0 0.8259803921568627 0.39088397790055246 0.0392156862745098 0.08011049723756906
5.0 0.8468137254901961 0.393646408839779 0.03676470588235294 0.0856353591160221
5.0 0.8627450980392157 0.39502762430939226 0.0392156862745098 0.10497237569060773
5.0 0.8811274509803921 0.40607734806629836 0.031862745098039214 0.09944751381215469
5.0 0.9080882352941176 0.4074585635359116 0.02696078431372549 0.06906077348066299
5.0 0.7671568627450981 0.1505524861878453 0.06372549019607843 0.052486187845303865
5.0 0.7622549019607843 0.143646408839779 0.05392156862745098 0.04419889502762431
5.0 0.7549019607843137 0.13535911602209943 0.049019607843137254 0.03867403314917127
5.0 0.7512254901960784 0.12845303867403315 0.056372549019607844 0.04143646408839779
5.0 0.7401960784313726 0.11187845303867404 0.06372549019607843 0.04696132596685083
5.0 0.75 0.12569060773480664 0.06372549019607843 0.04696132596685083
5.0 0.7475490196078431 0.11464088397790055 0.06862745098039216 0.04696132596685083
5.0 0.9142156862745098 0.22513812154696133 0.0196078431372549 0.03591160220994475
8.0 0.8345588235294118 0.16574585635359115 0.03676470588235294 0.049723756906077346
8.0 0.8786764705882353 0.20027624309392264 0.031862745098039214 0.052486187845303865
8.0 0.8480392156862745 0.17541436464088397 0.03431372549019608 0.04696132596685083
8.0 0.8884803921568627 0.2085635359116022 0.031862745098039214 0.04696132596685083
8.0 0.9215686274509803 0.2430939226519337 0.029411764705882353 0.055248618784530384
8.0 0.47794117647058826 0.0027624309392265192 0.014705882352941176 0.0055248618784530384
8.0 0.47549019607843135 0.006906077348066298 0.0196078431372549 0.008287292817679558
8.0 0.4950980392156863 0.006906077348066298 0.014705882352941176 0.008287292817679558
8.0 0.4963235294117647 0.004143646408839779 0.01715686274509804 0.008287292817679558
8.0 0.4963235294117647 0.0027624309392265192 0.012254901960784314 0.0055248618784530384
8.0 0.4632352941176471 0.0055248618784530384 0.014705882352941176 0.011049723756906077
8.0 0.47181372549019607 0.013812154696132596 0.022058823529411766 0.011049723756906077
8.0 0.4889705882352941 0.013812154696132596 0.022058823529411766 0.011049723756906077
8.0 0.38480392156862747 0.020718232044198894 0.024509803921568627 0.019337016574585635
3.0 0.4215686274509804 0.020718232044198894 0.014705882352941176 0.008287292817679558
8.0 0.42769607843137253 0.008287292817679558 0.022058823529411766 0.011049723756906077
5.0 0.36519607843137253 0.16298342541436464 0.08333333333333333 0.07734806629834254
5.0 0.7009803921568627 0.761049723756906 0.1568627450980392 0.1574585635359116
4.0 0.24632352941176472 0.24171270718232044 0.041666666666666664 0.058011049723756904
4.0 0.20098039215686275 0.7596685082872928 0.06372549019607843 0.07734806629834254
4.0 0.21446078431372548 0.511049723756906 0.051470588235294115 0.08839779005524862
5.0 0.25857843137254904 0.12845303867403315 0.03676470588235294 0.04143646408839779
3.0 0.6360294117647058 0.17955801104972377 0.0661764705882353 0.03867403314917127
3.0 0.6127450980392157 0.20718232044198895 0.0392156862745098 0.04419889502762431
4.0 0.9117647058823529 0.2569060773480663 0.014705882352941176 0.03314917127071823
4.0 0.8958333333333334 0.19751381215469613 0.012254901960784314 0.019337016574585635
3.0 0.866421568627451 0.16022099447513813 0.007352941176470588 0.011049723756906077
3.0 0.8737745098039216 0.1685082872928177 0.007352941176470588 0.011049723756906077
3.0 0.8786764705882353 0.17541436464088397 0.012254901960784314 0.013812154696132596
0.0 0.40441176470588236 0.09530386740331492 0.014705882352941176 0.013812154696132596
8.0 0.9681372549019608 0.511049723756906 0.029411764705882353 0.055248618784530384
4.0 0.1053921568627451 0.22099447513812154 0.014705882352941176 0.022099447513812154
0.0 0.09926470588235294 0.2223756906077348 0.007352941176470588 0.013812154696132596
0.0 0.14338235294117646 0.20718232044198895 0.007352941176470588 0.011049723756906077
0.0 0.13848039215686275 0.21408839779005526 0.007352941176470588 0.013812154696132596
3.0 0.07598039215686274 0.35082872928176795 0.0196078431372549 0.03867403314917127
