0.0 0.07598039215686274 0.25 0.0196078431372549 0.03608247422680412
0.0 0.09068627450980392 0.22809278350515463 0.0196078431372549 0.03350515463917526
0.0 0.09681372549019608 0.23195876288659795 0.022058823529411766 0.03608247422680412
0.0 0.23651960784313725 0.1172680412371134 0.02696078431372549 0.028350515463917526
1.0 0.06372549019607843 0.4420103092783505 0.00980392156862745 0.03350515463917526
1.0 0.051470588235294115 0.452319587628866 0.00980392156862745 0.03865979381443299
1.0 0.14460784313725492 0.36855670103092786 0.024509803921568627 0.041237113402061855
1.0 0.12990196078431374 0.39819587628865977 0.0196078431372549 0.03865979381443299
1.0 0.11519607843137254 0.41494845360824745 0.0196078431372549 0.04639175257731959
1.0 0.1017156862745098 0.42396907216494845 0.012254901960784314 0.04381443298969072
1.0 0.1053921568627451 0.39819587628865977 0.014705882352941176 0.03865979381443299
1.0 0.11642156862745098 0.3801546391752577 0.01715686274509804 0.04381443298969072
0.0 0.31985294117647056 0.1211340206185567 0.03676470588235294 0.041237113402061855
0.0 0.508578431372549 0.05798969072164949 0.01715686274509804 0.01804123711340206
0.0 0.3946078431372549 0.6868556701030928 0.0392156862745098 0.09536082474226804
1.0 0.3443627450980392 0.7023195876288659 0.061274509803921566 0.059278350515463915
1.0 0.3639705882352941 0.5193298969072165 0.04656862745098039 0.06958762886597938
1.0 0.3284313725490196 0.4806701030927835 0.04411764705882353 0.07474226804123711
1.0 0.30392156862745096 0.5322164948453608 0.0392156862745098 0.059278350515463915
1.0 0.27205882352941174 0.5154639175257731 0.029411764705882353 0.05670103092783505
1.0 0.6041666666666666 0.7319587628865979 0.051470588235294115 0.04639175257731959
1.0 0.6176470588235294 0.6958762886597938 0.0784313725490196 0.05670103092783505
1.0 0.5649509803921569 0.7177835051546392 0.051470588235294115 0.06958762886597938
