3.0 0.08088235294117647 0.20876288659793815 0.00980392156862745 0.015463917525773196
3.0 0.11764705882352941 0.17396907216494845 0.014705882352941176 0.01804123711340206
9.0 0.10661764705882353 0.18298969072164947 0.007352941176470588 0.010309278350515464
3.0 0.14460784313725492 0.15077319587628865 0.014705882352941176 0.01804123711340206
3.0 0.15931372549019607 0.13917525773195877 0.014705882352941176 0.015463917525773196
0.0 0.17401960784313725 0.12628865979381443 0.004901960784313725 0.005154639175257732
3.0 0.19240196078431374 0.11469072164948453 0.01715686274509804 0.01804123711340206
9.0 0.24019607843137256 0.08762886597938144 0.00980392156862745 0.005154639175257732
3.0 0.24019607843137256 0.09149484536082474 0.029411764705882353 0.01804123711340206
3.0 0.25 0.09536082474226804 0.03431372549019608 0.020618556701030927
3.0 0.21446078431372548 0.10309278350515463 0.01715686274509804 0.015463917525773196
3.0 0.33578431372549017 0.024484536082474227 0.014705882352941176 0.007731958762886598
3.0 0.3284313725490196 0.030927835051546393 0.014705882352941176 0.010309278350515464
3.0 0.3247549019607843 0.03865979381443299 0.01715686274509804 0.010309278350515464
3.0 0.31862745098039214 0.045103092783505154 0.014705882352941176 0.01288659793814433
5.0 0.30392156862745096 0.06572164948453608 0.03431372549019608 0.028350515463917526
3.0 0.29044117647058826 0.08891752577319588 0.022058823529411766 0.01804123711340206
3.0 0.2818627450980392 0.10438144329896908 0.024509803921568627 0.023195876288659795
3.0 0.27205882352941174 0.12242268041237113 0.024509803921568627 0.023195876288659795
0.0 0.2806372549019608 0.1211340206185567 0.007352941176470588 0.010309278350515464
3.0 0.25857843137254904 0.14561855670103094 0.02696078431372549 0.023195876288659795
3.0 0.24019607843137256 0.1958762886597938 0.024509803921568627 0.03608247422680412
5.0 0.2696078431372549 0.20489690721649484 0.06372549019607843 0.1056701030927835
3.0 0.14338235294117646 0.3002577319587629 0.022058823529411766 0.04381443298969072
3.0 0.12990196078431374 0.3118556701030928 0.0196078431372549 0.041237113402061855
3.0 0.11887254901960784 0.3170103092783505 0.01715686274509804 0.03608247422680412
3.0 0.15808823529411764 0.2706185567010309 0.02696078431372549 0.030927835051546393
3.0 0.16053921568627452 0.24484536082474226 0.022058823529411766 0.03608247422680412
3.0 0.1482843137254902 0.25257731958762886 0.022058823529411766 0.03608247422680412
3.0 0.13602941176470587 0.2615979381443299 0.022058823529411766 0.03865979381443299
3.0 0.09068627450980392 0.29510309278350516 0.014705882352941176 0.03350515463917526
4.0 0.08455882352941177 0.3002577319587629 0.01715686274509804 0.03865979381443299
3.0 0.058823529411764705 0.30670103092783507 0.014705882352941176 0.02577319587628866
3.0 0.06862745098039216 0.3170103092783505 0.014705882352941176 0.030927835051546393
3.0 0.0625 0.32216494845360827 0.012254901960784314 0.02577319587628866
3.0 0.05759803921568627 0.327319587628866 0.012254901960784314 0.030927835051546393
3.0 0.05024509803921569 0.33505154639175255 0.012254901960784314 0.020618556701030927
3.0 0.04656862745098039 0.34664948453608246 0.00980392156862745 0.01804123711340206
3.0 0.04779411764705882 0.31443298969072164 0.012254901960784314 0.02577319587628866
3.0 0.03431372549019608 0.33118556701030927 0.00980392156862745 0.023195876288659795
3.0 0.024509803921568627 0.3440721649484536 0.00980392156862745 0.023195876288659795
9.0 0.028186274509803922 0.33634020618556704 0.0024509803921568627 0.007731958762886598
3.0 0.020833333333333332 0.3479381443298969 0.007352941176470588 0.020618556701030927
3.0 0.01838235294117647 0.3492268041237113 0.007352941176470588 0.023195876288659795
3.0 0.007352941176470588 0.5309278350515464 0.004901960784313725 0.030927835051546393
9.0 0.00980392156862745 0.5257731958762887 0.0 0.010309278350515464
3.0 0.012254901960784314 0.5270618556701031 0.004901960784313725 0.028350515463917526
3.0 0.01838235294117647 0.5270618556701031 0.0024509803921568627 0.028350515463917526
3.0 0.022058823529411766 0.5270618556701031 0.004901960784313725 0.03350515463917526
3.0 0.024509803921568627 0.5257731958762887 0.004901960784313725 0.030927835051546393
9.0 0.029411764705882353 0.5077319587628866 0.0 0.010309278350515464
9.0 0.030637254901960783 0.5103092783505154 0.0024509803921568627 0.010309278350515464
3.0 0.03676470588235294 0.5154639175257731 0.004901960784313725 0.03608247422680412
3.0 0.041666666666666664 0.5773195876288659 0.00980392156862745 0.03608247422680412
9.0 0.029411764705882353 0.5657216494845361 0.004901960784313725 0.007731958762886598
4.0 0.07965686274509803 0.4832474226804124 0.007352941176470588 0.04381443298969072
3.0 0.22303921568627452 0.6301546391752577 0.029411764705882353 0.06958762886597938
1.0 0.19852941176470587 0.35180412371134023 0.004901960784313725 0.007731958762886598
9.0 0.19975490196078433 0.3556701030927835 0.007352941176470588 0.020618556701030927
3.0 0.29044117647058826 0.8092783505154639 0.03676470588235294 0.05154639175257732
4.0 0.17401960784313725 0.7912371134020618 0.029411764705882353 0.02577319587628866
9.0 0.1642156862745098 0.7667525773195877 0.014705882352941176 0.01804123711340206
9.0 0.13725490196078433 0.7603092783505154 0.004901960784313725 0.010309278350515464
3.0 0.12990196078431374 0.7822164948453608 0.029411764705882353 0.03350515463917526
3.0 0.13725490196078433 0.7989690721649485 0.029411764705882353 0.030927835051546393
3.0 0.14705882352941177 0.8157216494845361 0.029411764705882353 0.03350515463917526
6.0 0.30392156862745096 0.9033505154639175 0.014705882352941176 0.01288659793814433
3.0 0.13480392156862744 0.8182989690721649 0.024509803921568627 0.028350515463917526
3.0 0.12745098039215685 0.8041237113402062 0.029411764705882353 0.030927835051546393
3.0 0.11764705882352941 0.7860824742268041 0.024509803921568627 0.030927835051546393
9.0 0.1017156862745098 0.7641752577319587 0.007352941176470588 0.01288659793814433
9.0 0.09681372549019608 0.7603092783505154 0.007352941176470588 0.015463917525773196
3.0 0.08455882352941177 0.7615979381443299 0.022058823529411766 0.028350515463917526
3.0 0.09681372549019608 0.7899484536082474 0.022058823529411766 0.028350515463917526
3.0 0.08333333333333333 0.7809278350515464 0.0196078431372549 0.02577319587628866
9.0 0.06495098039215687 0.7487113402061856 0.007352941176470588 0.007731958762886598
3.0 0.05269607843137255 0.75 0.012254901960784314 0.020618556701030927
2.0 0.08455882352941177 0.7899484536082474 0.007352941176470588 0.01288659793814433
9.0 0.09436274509803921 0.8273195876288659 0.007352941176470588 0.010309278350515464
3.0 0.11887254901960784 0.8440721649484536 0.022058823529411766 0.028350515463917526
3.0 0.15808823529411764 0.8737113402061856 0.02696078431372549 0.030927835051546393
3.0 0.17647058823529413 0.884020618556701 0.024509803921568627 0.02577319587628866
5.0 0.3321078431372549 0.9123711340206185 0.041666666666666664 0.03608247422680412
3.0 0.5049019607843137 0.001288659793814433 0.024509803921568627 0.002577319587628866
3.0 0.553921568627451 0.005154639175257732 0.024509803921568627 0.005154639175257732
3.0 0.5575980392156863 0.006443298969072165 0.02696078431372549 0.007731958762886598
0.0 0.8590686274509803 0.17783505154639176 0.007352941176470588 0.010309278350515464
9.0 0.883578431372549 0.1958762886597938 0.007352941176470588 0.010309278350515464
0.0 0.6936274509803921 0.05154639175257732 0.004901960784313725 0.005154639175257732
0.0 0.6801470588235294 0.04639175257731959 0.0024509803921568627 0.005154639175257732
1.0 0.7254901960784313 0.07087628865979381 0.004901960784313725 0.002577319587628866
0.0 0.6225490196078431 0.01288659793814433 0.004901960784313725 0.0
3.0 0.7843137254901961 0.8827319587628866 0.0392156862745098 0.028350515463917526
3.0 0.7781862745098039 0.895618556701031 0.031862745098039214 0.023195876288659795
3.0 0.8125 0.875 0.031862745098039214 0.028350515463917526
3.0 0.8431372549019608 0.8530927835051546 0.029411764705882353 0.02577319587628866
3.0 0.8700980392156863 0.8324742268041238 0.024509803921568627 0.02577319587628866
3.0 0.7009803921568627 0.9510309278350515 0.029411764705882353 0.020618556701030927
3.0 0.7181372549019608 0.9458762886597938 0.03431372549019608 0.02577319587628866
3.0 0.7487745098039216 0.9304123711340206 0.031862745098039214 0.02577319587628866
3.0 0.7659313725490197 0.9213917525773195 0.031862745098039214 0.028350515463917526
3.0 0.7794117647058824 0.913659793814433 0.029411764705882353 0.028350515463917526
3.0 0.8296568627450981 0.8814432989690721 0.02696078431372549 0.030927835051546393
3.0 0.8406862745098039 0.8724226804123711 0.029411764705882353 0.03350515463917526
3.0 0.8517156862745098 0.8634020618556701 0.02696078431372549 0.030927835051546393
3.0 0.8700980392156863 0.8479381443298969 0.024509803921568627 0.030927835051546393
3.0 0.8909313725490197 0.8389175257731959 0.022058823529411766 0.028350515463917526
3.0 0.9436274509803921 0.7564432989690721 0.00980392156862745 0.01804123711340206
