9.0 0.4325980392156863 0.9780927835051546 0.012254901960784314 0.007731958762886598
1.0 0.4325980392156863 0.9768041237113402 0.012254901960784314 0.005154639175257732
0.0 0.49264705882352944 0.9639175257731959 0.014705882352941176 0.005154639175257732
0.0 0.4424019607843137 0.9420103092783505 0.01715686274509804 0.007731958762886598
9.0 0.41299019607843135 0.9278350515463918 0.022058823529411766 0.015463917525773196
1.0 0.4117647058823529 0.9278350515463918 0.0196078431372549 0.010309278350515464
3.0 0.5061274509803921 0.8994845360824743 0.056372549019607844 0.05154639175257732
0.0 0.42401960784313725 0.9085051546391752 0.014705882352941176 0.01288659793814433
0.0 0.4338235294117647 0.9097938144329897 0.014705882352941176 0.010309278350515464
2.0 0.3897058823529412 0.8994845360824743 0.0196078431372549 0.020618556701030927
0.0 0.4019607843137255 0.875 0.0196078431372549 0.01288659793814433
0.0 0.4227941176470588 0.8775773195876289 0.022058823529411766 0.01804123711340206
9.0 0.35661764705882354 0.8170103092783505 0.02696078431372549 0.03608247422680412
3.0 0.49754901960784315 0.6469072164948454 0.08333333333333333 0.17010309278350516
0.0 0.4264705882352941 0.47036082474226804 0.0196078431372549 0.03865979381443299
9.0 0.18504901960784315 0.509020618556701 0.01715686274509804 0.06958762886597938
4.0 0.24509803921568626 0.4213917525773196 0.10294117647058823 0.07474226804123711
0.0 0.44730392156862747 0.023195876288659795 0.012254901960784314 0.005154639175257732
0.0 0.43014705882352944 0.024484536082474227 0.012254901960784314 0.007731958762886598
0.0 0.4362745098039216 0.01804123711340206 0.00980392156862745 0.005154639175257732
0.0 0.4411764705882353 0.015463917525773196 0.00980392156862745 0.005154639175257732
0.0 0.4252450980392157 0.00902061855670103 0.012254901960784314 0.007731958762886598
0.0 0.33455882352941174 0.037371134020618556 0.012254901960784314 0.007731958762886598
