3.0 0.1090686274509804 0.8260309278350515 0.09068627450980392 0.11082474226804123
4.0 0.12377450980392157 0.8079896907216495 0.12990196078431374 0.17268041237113402
3.0 0.41544117647058826 0.9664948453608248 0.19852941176470587 0.061855670103092786
3.0 0.9142156862745098 0.7100515463917526 0.08333333333333333 0.15206185567010308
3.0 0.8602941176470589 0.49871134020618557 0.06372549019607843 0.17268041237113402
9.0 0.11274509803921569 0.6520618556701031 0.0392156862745098 0.08247422680412371
0.0 0.1409313725490196 0.5644329896907216 0.022058823529411766 0.07731958762886598
0.0 0.15808823529411764 0.5837628865979382 0.02696078431372549 0.07989690721649484
0.0 0.28431372549019607 0.6069587628865979 0.04411764705882353 0.10051546391752578
0.0 0.23284313725490197 0.5592783505154639 0.03431372549019608 0.08762886597938144
3.0 0.40808823529411764 0.6649484536082474 0.22303921568627452 0.23195876288659795
3.0 0.33700980392156865 0.3247422680412371 0.125 0.15463917525773196
9.0 0.15931372549019607 0.38273195876288657 0.03431372549019608 0.07989690721649484
9.0 0.20955882352941177 0.24742268041237114 0.051470588235294115 0.05154639175257732
0.0 0.2267156862745098 0.2757731958762887 0.03676470588235294 0.06701030927835051
0.0 0.17034313725490197 0.27448453608247425 0.031862745098039214 0.05412371134020619
0.0 0.29534313725490197 0.17654639175257733 0.03676470588235294 0.04381443298969072
0.0 0.35784313725490197 0.1095360824742268 0.03431372549019608 0.028350515463917526
0.0 0.3394607843137255 0.06701030927835051 0.01715686274509804 0.015463917525773196
9.0 0.2696078431372549 0.1172680412371134 0.03431372549019608 0.023195876288659795
9.0 0.27818627450980393 0.10695876288659793 0.031862745098039214 0.023195876288659795
6.0 0.30392156862745096 0.09407216494845361 0.03431372549019608 0.028350515463917526
9.0 0.31004901960784315 0.06829896907216494 0.02696078431372549 0.01288659793814433
9.0 0.3112745098039216 0.06701030927835051 0.029411764705882353 0.015463917525773196
0.0 0.31004901960784315 0.05670103092783505 0.012254901960784314 0.010309278350515464
9.0 0.32230392156862747 0.05154639175257732 0.022058823529411766 0.010309278350515464
9.0 0.3235294117647059 0.04896907216494845 0.024509803921568627 0.010309278350515464
3.0 0.3382352941176471 0.030927835051546393 0.0196078431372549 0.010309278350515464
3.0 0.34558823529411764 0.02190721649484536 0.0196078431372549 0.007731958762886598
2.0 0.30514705882352944 0.04896907216494845 0.022058823529411766 0.010309278350515464
3.0 0.39215686274509803 0.03350515463917526 0.03431372549019608 0.015463917525773196
3.0 0.3860294117647059 0.028350515463917526 0.031862745098039214 0.015463917525773196
3.0 0.4522058823529412 0.041237113402061855 0.03676470588235294 0.015463917525773196
3.0 0.44485294117647056 0.023195876288659795 0.031862745098039214 0.010309278350515464
4.0 0.4485294117647059 0.030927835051546393 0.03431372549019608 0.015463917525773196
3.0 0.43504901960784315 0.011597938144329897 0.022058823529411766 0.007731958762886598
3.0 0.42892156862745096 0.006443298969072165 0.024509803921568627 0.007731958762886598
3.0 0.4632352941176471 0.003865979381443299 0.024509803921568627 0.007731958762886598
3.0 0.6850490196078431 0.10824742268041238 0.07598039215686274 0.05154639175257732
3.0 0.5968137254901961 0.04252577319587629 0.041666666666666664 0.01804123711340206
3.0 0.5465686274509803 0.01675257731958763 0.03431372549019608 0.007731958762886598
3.0 0.5759803921568627 0.03221649484536082 0.0392156862745098 0.01288659793814433
3.0 0.5257352941176471 0.007731958762886598 0.02696078431372549 0.005154639175257732
3.0 0.5171568627450981 0.002577319587628866 0.024509803921568627 0.005154639175257732
3.0 0.6997549019607843 0.28737113402061853 0.12990196078431374 0.15721649484536082
3.0 0.5808823529411765 0.28865979381443296 0.1323529411764706 0.15979381443298968
3.0 0.6433823529411765 0.5322164948453608 0.15441176470588236 0.2551546391752577
3.0 0.8504901960784313 0.31958762886597936 0.0784313725490196 0.12371134020618557
