5.0 0.7622549019607843 0.08891752577319588 0.00980392156862745 0.007731958762886598
5.0 0.7806372549019608 0.09149484536082474 0.007352941176470588 0.007731958762886598
5.0 0.7867647058823529 0.09278350515463918 0.004901960784313725 0.005154639175257732
5.0 0.7928921568627451 0.09407216494845361 0.007352941176470588 0.007731958762886598
3.0 0.7671568627450981 0.08891752577319588 0.004901960784313725 0.002577319587628866
3.0 0.7720588235294118 0.08891752577319588 0.004901960784313725 0.002577319587628866
3.0 0.003676470588235294 0.5077319587628866 0.0024509803921568627 0.010309278350515464
4.0 0.011029411764705883 0.49355670103092786 0.0024509803921568627 0.01288659793814433
3.0 0.013480392156862746 0.49097938144329895 0.0024509803921568627 0.01288659793814433
3.0 0.015931372549019607 0.48195876288659795 0.0024509803921568627 0.010309278350515464
3.0 0.01838235294117647 0.47809278350515466 0.0024509803921568627 0.01288659793814433
3.0 0.020833333333333332 0.47036082474226804 0.0024509803921568627 0.01288659793814433
3.0 0.023284313725490197 0.4639175257731959 0.0024509803921568627 0.010309278350515464
3.0 0.03676470588235294 0.4368556701030928 0.004901960784313725 0.01288659793814433
3.0 0.05024509803921569 0.4059278350515464 0.007352941176470588 0.01804123711340206
3.0 0.029411764705882353 0.45103092783505155 0.004901960784313725 0.015463917525773196
3.0 0.17279411764705882 0.8530927835051546 0.031862745098039214 0.030927835051546393
3.0 0.0661764705882353 0.3904639175257732 0.00980392156862745 0.01804123711340206
3.0 0.07107843137254902 0.3853092783505155 0.00980392156862745 0.01804123711340206
3.0 0.06740196078431372 0.37628865979381443 0.007352941176470588 0.015463917525773196
5.0 0.05392156862745098 0.4845360824742268 0.024509803921568627 0.07216494845360824
3.0 0.1323529411764706 0.31958762886597936 0.00980392156862745 0.015463917525773196
3.0 0.23897058823529413 0.21391752577319587 0.02696078431372549 0.020618556701030927
3.0 0.4056372549019608 0.14304123711340205 0.022058823529411766 0.01288659793814433
3.0 0.5343137254901961 0.09664948453608248 0.014705882352941176 0.007731958762886598
3.0 0.6470588235294118 0.055412371134020616 0.00980392156862745 0.002577319587628866
3.0 0.6556372549019608 0.05798969072164949 0.007352941176470588 0.002577319587628866
5.0 0.7022058823529411 0.06829896907216494 0.012254901960784314 0.007731958762886598
3.0 0.8713235294117647 0.19458762886597938 0.007352941176470588 0.007731958762886598
3.0 0.8872549019607843 0.21005154639175258 0.004901960784313725 0.007731958762886598
4.0 0.8688725490196079 0.19458762886597938 0.007352941176470588 0.007731958762886598
3.0 0.8848039215686274 0.6894329896907216 0.014705882352941176 0.03350515463917526
3.0 0.8970588235294118 0.7010309278350515 0.014705882352941176 0.02577319587628866
3.0 0.9350490196078431 0.6932989690721649 0.012254901960784314 0.02577319587628866
3.0 0.9595588235294118 0.6623711340206185 0.012254901960784314 0.02577319587628866
3.0 0.9227941176470589 0.6572164948453608 0.012254901960784314 0.020618556701030927
3.0 0.9313725490196079 0.654639175257732 0.014705882352941176 0.02577319587628866
3.0 0.9693627450980392 0.6765463917525774 0.012254901960784314 0.028350515463917526
5.0 0.9534313725490197 0.6920103092783505 0.0196078431372549 0.04381443298969072
5.0 0.9276960784313726 0.6971649484536082 0.02696078431372549 0.059278350515463915
5.0 0.9227941176470589 0.6984536082474226 0.022058823529411766 0.05154639175257732
5.0 0.9080882352941176 0.7010309278350515 0.02696078431372549 0.05670103092783505
5.0 0.8872549019607843 0.7216494845360825 0.049019607843137254 0.06701030927835051
5.0 0.18627450980392157 0.6817010309278351 0.049019607843137254 0.07474226804123711
5.0 0.3333333333333333 0.75 0.08823529411764706 0.07216494845360824
5.0 0.3639705882352941 0.7384020618556701 0.09068627450980392 0.07989690721649484
5.0 0.38848039215686275 0.8853092783505154 0.0857843137254902 0.04896907216494845
5.0 0.40931372549019607 0.904639175257732 0.0784313725490196 0.04639175257731959
5.0 0.22916666666666666 0.8247422680412371 0.07598039215686274 0.07216494845360824
5.0 0.22181372549019607 0.8324742268041238 0.07598039215686274 0.06701030927835051
5.0 0.21446078431372548 0.8376288659793815 0.07107843137254902 0.06701030927835051
5.0 0.35171568627450983 0.9587628865979382 0.07107843137254902 0.041237113402061855
5.0 0.3872549019607843 0.9742268041237113 0.06862745098039216 0.030927835051546393
5.0 0.40931372549019607 0.9819587628865979 0.06862745098039216 0.02577319587628866
5.0 0.43995098039215685 0.9884020618556701 0.061274509803921566 0.01804123711340206
5.0 0.4730392156862745 0.9935567010309279 0.0392156862745098 0.007731958762886598
5.0 0.2965686274509804 0.9548969072164949 0.06862745098039216 0.03865979381443299
4.0 0.2806372549019608 0.9523195876288659 0.03676470588235294 0.01804123711340206
5.0 0.8370098039215687 0.7100515463917526 0.051470588235294115 0.06958762886597938
