3.0 0.46078431372549017 0.9502762430939227 0.04411764705882353 0.03314917127071823
3.0 0.8578431372549019 0.324585635359116 0.0196078431372549 0.04143646408839779
3.0 0.7953431372549019 0.1919889502762431 0.01715686274509804 0.024861878453038673
3.0 0.678921568627451 0.052486187845303865 0.014705882352941176 0.011049723756906077
3.0 0.38480392156862747 0.5980662983425414 0.08823529411764706 0.06906077348066299
3.0 0.3946078431372549 0.56353591160221 0.06862745098039216 0.06629834254143646
3.0 0.3700980392156863 0.6560773480662984 0.06862745098039216 0.06906077348066299
3.0 0.6041666666666666 0.05386740331491713 0.007352941176470588 0.008287292817679558
3.0 0.6066176470588235 0.03038674033149171 0.007352941176470588 0.0055248618784530384
3.0 0.7340686274509803 0.08425414364640885 0.022058823529411766 0.013812154696132596
3.0 0.7438725490196079 0.08839779005524862 0.01715686274509804 0.011049723756906077
3.0 0.7683823529411765 0.10082872928176796 0.022058823529411766 0.013812154696132596
3.0 0.7107843137254902 0.0649171270718232 0.00980392156862745 0.008287292817679558
3.0 0.7058823529411765 0.05939226519337017 0.00980392156862745 0.008287292817679558
3.0 0.7009803921568627 0.05386740331491713 0.00980392156862745 0.008287292817679558
3.0 0.6973039215686274 0.049723756906077346 0.012254901960784314 0.011049723756906077
3.0 0.6973039215686274 0.04696132596685083 0.007352941176470588 0.0055248618784530384
3.0 0.6237745098039216 0.03729281767955801 0.007352941176470588 0.0027624309392265192
3.0 0.6200980392156863 0.024861878453038673 0.004901960784313725 0.0055248618784530384
3.0 0.6225490196078431 0.05939226519337017 0.014705882352941176 0.008287292817679558
3.0 0.6102941176470589 0.03867403314917127 0.014705882352941176 0.0055248618784530384
3.0 0.6066176470588235 0.05939226519337017 0.012254901960784314 0.008287292817679558
3.0 0.8406862745098039 0.14502762430939226 0.014705882352941176 0.013812154696132596
3.0 0.8051470588235294 0.12154696132596685 0.02696078431372549 0.022099447513812154
4.0 0.3590686274509804 0.6878453038674033 0.08088235294117647 0.08839779005524862
4.0 0.375 0.4654696132596685 0.08333333333333333 0.08011049723756906
4.0 0.8149509803921569 0.6174033149171271 0.031862745098039214 0.0856353591160221
4.0 0.8676470588235294 0.7679558011049724 0.0392156862745098 0.0718232044198895
8.0 0.5992647058823529 0.08839779005524862 0.02696078431372549 0.022099447513812154
8.0 0.6066176470588235 0.024861878453038673 0.012254901960784314 0.0055248618784530384
3.0 0.8884803921568627 0.18370165745856354 0.012254901960784314 0.013812154696132596
3.0 0.8504901960784313 0.14502762430939226 0.00980392156862745 0.013812154696132596
3.0 0.8627450980392157 0.16298342541436464 0.014705882352941176 0.016574585635359115
3.0 0.8419117647058824 0.13535911602209943 0.007352941176470588 0.011049723756906077
8.0 0.5894607843137255 0.2955801104972376 0.0661764705882353 0.12154696132596685
0.0 0.4534313725490196 0.6270718232044199 0.014705882352941176 0.03867403314917127
0.0 0.4264705882352941 0.787292817679558 0.014705882352941176 0.027624309392265192
0.0 0.40441176470588236 0.7845303867403315 0.014705882352941176 0.027624309392265192
0.0 0.3247549019607843 0.5469613259668509 0.012254901960784314 0.03314917127071823
0.0 0.38112745098039214 0.39917127071823205 0.012254901960784314 0.03038674033149171
0.0 0.4338235294117647 0.35497237569060774 0.004901960784313725 0.03038674033149171
0.0 0.45098039215686275 0.35497237569060774 0.00980392156862745 0.024861878453038673
0.0 0.44730392156862747 0.39917127071823205 0.012254901960784314 0.03038674033149171
0.0 0.4375 0.40193370165745856 0.012254901960784314 0.03591160220994475
0.0 0.3382352941176471 0.6243093922651933 0.014705882352941176 0.03867403314917127
0.0 0.41421568627450983 0.7748618784530387 0.014705882352941176 0.024861878453038673
3.0 0.17524509803921567 0.3839779005524862 0.04656862745098039 0.049723756906077346
