0.0 0.5575980392156863 0.9871134020618557 0.031862745098039214 0.015463917525773196
0.0 0.5404411764705882 0.9845360824742269 0.031862745098039214 0.015463917525773196
0.0 0.6875 0.9342783505154639 0.051470588235294115 0.03350515463917526
0.0 0.7132352941176471 0.9265463917525774 0.049019607843137254 0.03865979381443299
0.0 0.8259803921568627 0.875 0.04411764705882353 0.04381443298969072
0.0 0.9448529411764706 0.7061855670103093 0.02696078431372549 0.05670103092783505
0.0 0.9375 0.7023195876288659 0.02696078431372549 0.059278350515463915
0.0 0.9338235294117647 0.6997422680412371 0.029411764705882353 0.06443298969072164
0.0 0.9276960784313726 0.7010309278350515 0.031862745098039214 0.061855670103092786
0.0 0.9276960784313726 0.6765463917525774 0.02696078431372549 0.059278350515463915
0.0 0.9522058823529411 0.6494845360824743 0.022058823529411766 0.05670103092783505
0.0 0.9522058823529411 0.6262886597938144 0.022058823529411766 0.061855670103092786
0.0 0.9117647058823529 0.625 0.024509803921568627 0.06958762886597938
0.0 0.9276960784313726 0.5528350515463918 0.01715686274509804 0.06958762886597938
0.0 0.4889705882352941 0.7525773195876289 0.031862745098039214 0.07731958762886598
0.0 0.48284313725490197 0.7190721649484536 0.049019607843137254 0.07731958762886598
0.0 0.7549019607843137 0.5399484536082474 0.029411764705882353 0.1056701030927835
0.0 0.7720588235294118 0.5231958762886598 0.029411764705882353 0.10309278350515463
0.0 0.7794117647058824 0.5012886597938144 0.024509803921568627 0.10051546391752578
0.0 0.7561274509803921 0.3492268041237113 0.03676470588235294 0.08505154639175258
0.0 0.19117647058823528 0.2654639175257732 0.029411764705882353 0.05154639175257732
0.0 0.20588235294117646 0.25773195876288657 0.024509803921568627 0.05154639175257732
0.0 0.21446078431372548 0.2551546391752577 0.02696078431372549 0.05154639175257732
0.0 0.10661764705882353 0.38144329896907214 0.022058823529411766 0.061855670103092786
0.0 0.11519607843137254 0.35695876288659795 0.024509803921568627 0.059278350515463915
0.0 0.08823529411764706 0.4536082474226804 0.014705882352941176 0.05154639175257732
0.0 0.08333333333333333 0.4484536082474227 0.00980392156862745 0.05154639175257732
0.0 0.051470588235294115 0.46134020618556704 0.00980392156862745 0.04639175257731959
0.0 0.04534313725490196 0.4884020618556701 0.007352941176470588 0.04381443298969072
0.0 0.03431372549019608 0.48582474226804123 0.00980392156862745 0.04896907216494845
0.0 0.04044117647058824 0.4497422680412371 0.012254901960784314 0.05412371134020619
0.0 0.020833333333333332 0.5631443298969072 0.007352941176470588 0.03865979381443299
0.0 0.01715686274509804 0.5760309278350515 0.00980392156862745 0.03865979381443299
0.0 0.013480392156862746 0.49871134020618557 0.007352941176470588 0.04381443298969072
0.0 0.012254901960784314 0.43427835051546393 0.00980392156862745 0.03865979381443299
0.0 0.007352941176470588 0.4097938144329897 0.00980392156862745 0.03608247422680412
0.0 0.003676470588235294 0.43170103092783507 0.007352941176470588 0.028350515463917526
0.0 0.20588235294117646 0.2268041237113402 0.029411764705882353 0.04639175257731959
0.0 0.23897058823529413 0.19072164948453607 0.02696078431372549 0.03608247422680412
0.0 0.19607843137254902 0.21520618556701032 0.024509803921568627 0.03865979381443299
0.0 0.20588235294117646 0.20747422680412372 0.024509803921568627 0.03865979381443299
0.0 0.21446078431372548 0.20489690721649484 0.02696078431372549 0.03865979381443299
0.0 0.21323529411764705 0.19329896907216496 0.0196078431372549 0.02577319587628866
0.0 0.22181372549019607 0.18685567010309279 0.022058823529411766 0.028350515463917526
0.0 0.1948529411764706 0.19329896907216496 0.02696078431372549 0.03608247422680412
0.0 0.20710784313725492 0.18427835051546393 0.02696078431372549 0.03350515463917526
0.0 0.21691176470588236 0.1791237113402062 0.022058823529411766 0.028350515463917526
0.0 0.22916666666666666 0.1713917525773196 0.02696078431372549 0.03350515463917526
3.0 0.2181372549019608 0.15206185567010308 0.07352941176470588 0.05670103092783505
0.0 0.18627450980392157 0.18556701030927836 0.0196078431372549 0.030927835051546393
0.0 0.19240196078431374 0.18943298969072164 0.01715686274509804 0.028350515463917526
0.0 0.1948529411764706 0.1791237113402062 0.01715686274509804 0.023195876288659795
0.0 0.20465686274509803 0.17525773195876287 0.01715686274509804 0.020618556701030927
0.0 0.21323529411764705 0.1713917525773196 0.0196078431372549 0.023195876288659795
0.0 0.34681372549019607 0.07474226804123711 0.01715686274509804 0.015463917525773196
0.0 0.3553921568627451 0.07216494845360824 0.014705882352941176 0.015463917525773196
0.0 0.36151960784313725 0.07087628865979381 0.01715686274509804 0.01804123711340206
0.0 0.3737745098039216 0.06958762886597938 0.01715686274509804 0.015463917525773196
0.0 0.3700980392156863 0.07216494845360824 0.0196078431372549 0.015463917525773196
0.0 0.3860294117647059 0.06829896907216494 0.01715686274509804 0.01288659793814433
0.0 0.38480392156862747 0.061855670103092786 0.014705882352941176 0.010309278350515464
0.0 0.39950980392156865 0.059278350515463915 0.014705882352941176 0.010309278350515464
0.0 0.4105392156862745 0.05412371134020619 0.012254901960784314 0.010309278350515464
0.0 0.4411764705882353 0.05798969072164949 0.014705882352941176 0.01288659793814433
0.0 0.4325980392156863 0.055412371134020616 0.012254901960784314 0.01288659793814433
0.0 0.39705882352941174 0.05025773195876289 0.014705882352941176 0.01288659793814433
0.0 0.3737745098039216 0.04896907216494845 0.012254901960784314 0.010309278350515464
0.0 0.36642156862745096 0.04896907216494845 0.012254901960784314 0.010309278350515464
0.0 0.3602941176470588 0.05154639175257732 0.014705882352941176 0.010309278350515464
0.0 0.35294117647058826 0.05412371134020619 0.014705882352941176 0.010309278350515464
0.0 0.3382352941176471 0.05670103092783505 0.014705882352941176 0.010309278350515464
0.0 0.3321078431372549 0.059278350515463915 0.012254901960784314 0.010309278350515464
0.0 0.3382352941176471 0.05412371134020619 0.014705882352941176 0.010309278350515464
0.0 0.32965686274509803 0.05670103092783505 0.012254901960784314 0.010309278350515464
0.0 0.3235294117647059 0.059278350515463915 0.00980392156862745 0.010309278350515464
2.0 0.35171568627450983 0.045103092783505154 0.012254901960784314 0.007731958762886598
1.0 0.35294117647058826 0.04252577319587629 0.00980392156862745 0.007731958762886598
2.0 0.2916666666666667 0.055412371134020616 0.00980392156862745 0.007731958762886598
1.0 0.2928921568627451 0.05412371134020619 0.007352941176470588 0.005154639175257732
0.0 0.2610294117647059 0.07474226804123711 0.012254901960784314 0.010309278350515464
0.0 0.2647058823529412 0.07474226804123711 0.00980392156862745 0.010309278350515464
0.0 0.6311274509803921 0.05798969072164949 0.01715686274509804 0.01288659793814433
0.0 0.7083333333333334 0.08634020618556701 0.0196078431372549 0.01804123711340206
0.0 0.7022058823529411 0.08247422680412371 0.01715686274509804 0.015463917525773196
0.0 0.6985294117647058 0.07603092783505154 0.014705882352941176 0.01288659793814433
0.0 0.6911764705882353 0.07345360824742268 0.014705882352941176 0.01288659793814433
0.0 0.7683823529411765 0.10438144329896908 0.01715686274509804 0.01804123711340206
0.0 0.8100490196078431 0.12628865979381443 0.012254901960784314 0.015463917525773196
0.0 0.8382352941176471 0.1481958762886598 0.014705882352941176 0.01804123711340206
0.0 0.821078431372549 0.12886597938144329 0.014705882352941176 0.015463917525773196
0.0 0.9816176470588235 0.5798969072164949 0.012254901960784314 0.05154639175257732
0.0 0.9840686274509803 0.5927835051546392 0.012254901960784314 0.04639175257731959
0.0 0.9901960784313726 0.5476804123711341 0.00980392156862745 0.03865979381443299
0.0 0.9926470588235294 0.5708762886597938 0.00980392156862745 0.04381443298969072
0.0 0.9754901960784313 0.33634020618556704 0.014705882352941176 0.03865979381443299
0.0 0.9791666666666666 0.3440721649484536 0.007352941176470588 0.028350515463917526
