0.0 0.0661764705882353 0.7762430939226519 0.014705882352941176 0.022099447513812154
0.0 0.07352941176470588 0.21823204419889503 0.00980392156862745 0.022099447513812154
0.0 0.07720588235294118 0.212707182320442 0.012254901960784314 0.022099447513812154
1.0 0.05392156862745098 0.6325966850828729 0.00980392156862745 0.03314917127071823
9.0 0.05514705882352941 0.6353591160220995 0.01715686274509804 0.049723756906077346
4.0 0.5637254901960784 0.9005524861878453 0.10294117647058823 0.13259668508287292
5.0 0.75 0.4599447513812155 0.10294117647058823 0.4116022099447514
3.0 0.9803921568627451 0.611878453038674 0.0196078431372549 0.07458563535911603
3.0 0.9840686274509803 0.48756906077348067 0.007352941176470588 0.06906077348066299
3.0 0.9865196078431373 0.4419889502762431 0.012254901960784314 0.06077348066298342
3.0 0.9852941176470589 0.39779005524861877 0.014705882352941176 0.06077348066298342
3.0 0.9803921568627451 0.356353591160221 0.014705882352941176 0.049723756906077346
0.0 0.0661764705882353 0.4350828729281768 0.004901960784313725 0.03591160220994475
