3.0 0.42401960784313725 0.8701657458563536 0.049019607843137254 0.049723756906077346
3.0 0.32598039215686275 0.8950276243093923 0.05392156862745098 0.049723756906077346
3.0 0.42401960784313725 0.6284530386740331 0.05392156862745098 0.07458563535911603
3.0 0.4840686274509804 0.6174033149171271 0.04656862745098039 0.08011049723756906
3.0 0.3946078431372549 0.5069060773480663 0.04411764705882353 0.06906077348066299
3.0 0.39215686274509803 0.7748618784530387 0.049019607843137254 0.06353591160220995
3.0 0.34681372549019607 0.7016574585635359 0.04656862745098039 0.0718232044198895
3.0 0.37254901960784315 0.9088397790055248 0.05392156862745098 0.04419889502762431
3.0 0.32230392156862747 0.9337016574585635 0.051470588235294115 0.04419889502762431
3.0 0.5012254901960784 0.5138121546961326 0.041666666666666664 0.06629834254143646
3.0 0.5294117647058824 0.10773480662983426 0.024509803921568627 0.016574585635359115
3.0 0.5196078431372549 0.13121546961325967 0.024509803921568627 0.019337016574585635
3.0 0.5674019607843137 0.12154696132596685 0.031862745098039214 0.022099447513812154
3.0 0.5318627450980392 0.3798342541436464 0.0392156862745098 0.058011049723756904
3.0 0.4117647058823529 0.9116022099447514 0.04411764705882353 0.03867403314917127
3.0 0.4068627450980392 0.9433701657458563 0.04411764705882353 0.03038674033149171
3.0 0.5674019607843137 0.1408839779005525 0.02696078431372549 0.022099447513812154
3.0 0.4522058823529412 0.31353591160220995 0.041666666666666664 0.052486187845303865
4.0 0.4215686274509804 0.4143646408839779 0.0392156862745098 0.06077348066298342
4.0 0.33700980392156865 0.7638121546961326 0.04656862745098039 0.058011049723756904
4.0 0.32965686274509803 0.8535911602209945 0.056372549019607844 0.055248618784530384
4.0 0.37254901960784315 0.5787292817679558 0.049019607843137254 0.07458563535911603
4.0 0.46200980392156865 0.44751381215469616 0.04656862745098039 0.08839779005524862
4.0 0.4497549019607843 0.738950276243094 0.041666666666666664 0.06353591160220995
4.0 0.43995098039215685 0.8038674033149171 0.051470588235294115 0.055248618784530384
4.0 0.39828431372549017 0.9737569060773481 0.041666666666666664 0.03038674033149171
3.0 0.3627450980392157 0.9737569060773481 0.0392156862745098 0.024861878453038673
3.0 0.3235294117647059 0.9640883977900553 0.0392156862745098 0.022099447513812154
4.0 0.5661764705882353 0.09944751381215469 0.024509803921568627 0.016574585635359115
3.0 0.5159313725490197 0.44337016574585636 0.03676470588235294 0.07458563535911603
3.0 0.4889705882352941 0.20718232044198895 0.02696078431372549 0.03314917127071823
3.0 0.007352941176470588 0.430939226519337 0.004901960784313725 0.022099447513812154
8.0 0.029411764705882353 0.35497237569060774 0.014705882352941176 0.04143646408839779
8.0 0.0661764705882353 0.27486187845303867 0.0196078431372549 0.04143646408839779
8.0 0.0024509803921568627 0.4558011049723757 0.004901960784313725 0.03867403314917127
8.0 0.08700980392156862 0.2430939226519337 0.031862745098039214 0.06077348066298342
8.0 0.10784313725490197 0.2154696132596685 0.024509803921568627 0.03867403314917127
4.0 0.14950980392156862 0.1464088397790055 0.0196078431372549 0.022099447513812154
3.0 0.5686274509803921 0.04558011049723757 0.014705882352941176 0.008287292817679558
4.0 0.5661764705882353 0.03038674033149171 0.0196078431372549 0.011049723756906077
4.0 0.6151960784313726 0.07320441988950276 0.024509803921568627 0.019337016574585635
3.0 0.6274509803921569 0.06353591160220995 0.0196078431372549 0.011049723756906077
0.0 0.616421568627451 0.058011049723756904 0.007352941176470588 0.0055248618784530384
0.0 0.7450980392156863 0.8494475138121547 0.0196078431372549 0.024861878453038673
0.0 0.8333333333333334 0.7334254143646409 0.004901960784313725 0.013812154696132596
0.0 0.8762254901960784 0.6919889502762431 0.007352941176470588 0.013812154696132596
0.0 0.8799019607843137 0.6312154696132597 0.004901960784313725 0.019337016574585635
0.0 0.8100490196078431 0.7486187845303868 0.007352941176470588 0.011049723756906077
0.0 0.8100490196078431 0.7430939226519337 0.007352941176470588 0.011049723756906077
0.0 0.8198529411764706 0.738950276243094 0.007352941176470588 0.013812154696132596
0.0 0.8272058823529411 0.7320441988950276 0.007352941176470588 0.016574585635359115
0.0 0.8296568627450981 0.7306629834254144 0.007352941176470588 0.013812154696132596
0.0 0.8198529411764706 0.7279005524861878 0.007352941176470588 0.013812154696132596
0.0 0.8247549019607843 0.7265193370165746 0.007352941176470588 0.016574585635359115
0.0 0.8296568627450981 0.7209944751381215 0.007352941176470588 0.016574585635359115
0.0 0.8272058823529411 0.7168508287292817 0.007352941176470588 0.019337016574585635
0.0 0.8933823529411765 0.7776243093922652 0.007352941176470588 0.013812154696132596
0.0 0.8982843137254902 0.8204419889502762 0.007352941176470588 0.011049723756906077
0.0 0.9031862745098039 0.8052486187845304 0.007352941176470588 0.013812154696132596
0.0 0.9105392156862745 0.7969613259668509 0.007352941176470588 0.013812154696132596
0.0 0.9068627450980392 0.7941988950276243 0.004901960784313725 0.013812154696132596
0.0 0.9105392156862745 0.7886740331491713 0.007352941176470588 0.013812154696132596
0.0 0.9142156862745098 0.7817679558011049 0.004901960784313725 0.011049723756906077
0.0 0.9142156862745098 0.7845303867403315 0.004901960784313725 0.011049723756906077
0.0 0.9166666666666666 0.787292817679558 0.004901960784313725 0.016574585635359115
0.0 0.9080882352941176 0.8107734806629834 0.007352941176470588 0.013812154696132596
0.0 0.9154411764705882 0.7941988950276243 0.007352941176470588 0.013812154696132596
0.0 0.9276960784313726 0.7541436464088398 0.007352941176470588 0.011049723756906077
0.0 0.9313725490196079 0.7223756906077348 0.00980392156862745 0.019337016574585635
0.0 0.9227941176470589 0.7693370165745856 0.007352941176470588 0.013812154696132596
0.0 0.9154411764705882 0.7997237569060773 0.007352941176470588 0.013812154696132596
0.0 0.9215686274509803 0.7776243093922652 0.004901960784313725 0.013812154696132596
