3.0 0.9865196078431373 0.3801546391752577 0.007352941176470588 0.03865979381443299
0.0 0.9767156862745098 0.36726804123711343 0.007352941176470588 0.01804123711340206
3.0 0.9791666666666666 0.39690721649484534 0.012254901960784314 0.04639175257731959
3.0 0.9718137254901961 0.40463917525773196 0.012254901960784314 0.04639175257731959
3.0 0.9644607843137255 0.4072164948453608 0.012254901960784314 0.04639175257731959
3.0 0.9558823529411765 0.4097938144329897 0.014705882352941176 0.05670103092783505
7.0 0.9473039215686274 0.4162371134020619 0.012254901960784314 0.04381443298969072
3.0 0.991421568627451 0.529639175257732 0.007352941176470588 0.059278350515463915
3.0 0.9669117647058824 0.5528350515463918 0.012254901960784314 0.06443298969072164
3.0 0.9583333333333334 0.5644329896907216 0.014705882352941176 0.061855670103092786
3.0 0.9473039215686274 0.5773195876288659 0.01715686274509804 0.061855670103092786
3.0 0.9338235294117647 0.5837628865979382 0.0196078431372549 0.06958762886597938
2.0 0.8823529411764706 0.7061855670103093 0.014705882352941176 0.02577319587628866
0.0 0.8370098039215687 0.7487113402061856 0.022058823529411766 0.028350515463917526
3.0 0.8419117647058824 0.5038659793814433 0.022058823529411766 0.059278350515463915
3.0 0.821078431372549 0.5012886597938144 0.0196078431372549 0.06958762886597938
3.0 0.8014705882352942 0.5141752577319587 0.024509803921568627 0.06958762886597938
3.0 0.7781862745098039 0.5360824742268041 0.031862745098039214 0.07216494845360824
3.0 0.7083333333333334 0.5786082474226805 0.0392156862745098 0.06443298969072164
3.0 0.6654411764705882 0.5902061855670103 0.041666666666666664 0.06701030927835051
3.0 0.6299019607843137 0.6146907216494846 0.04411764705882353 0.06443298969072164
3.0 0.6004901960784313 0.6224226804123711 0.05392156862745098 0.059278350515463915
3.0 0.6127450980392157 0.7628865979381443 0.05392156862745098 0.05670103092783505
3.0 0.5857843137254902 0.7667525773195877 0.049019607843137254 0.05412371134020619
3.0 0.5355392156862745 0.7809278350515464 0.051470588235294115 0.05154639175257732
3.0 0.508578431372549 0.7860824742268041 0.04656862745098039 0.04639175257731959
3.0 0.4742647058823529 0.7873711340206185 0.051470588235294115 0.04381443298969072
3.0 0.23897058823529413 0.7074742268041238 0.02696078431372549 0.03350515463917526
0.0 0.4534313725490196 0.6275773195876289 0.0196078431372549 0.023195876288659795
0.0 0.4632352941176471 0.6224226804123711 0.0196078431372549 0.01804123711340206
3.0 0.45465686274509803 0.6817010309278351 0.041666666666666664 0.05412371134020619
0.0 0.19975490196078433 0.7152061855670103 0.007352941176470588 0.01288659793814433
3.0 0.07965686274509803 0.7448453608247423 0.0024509803921568627 0.005154639175257732
3.0 0.07720588235294118 0.7448453608247423 0.0024509803921568627 0.005154639175257732
3.0 0.07230392156862746 0.7229381443298969 0.0024509803921568627 0.002577319587628866
3.0 0.07352941176470588 0.7229381443298969 0.0 0.002577319587628866
0.0 0.07720588235294118 0.7242268041237113 0.0024509803921568627 0.005154639175257732
3.0 0.07230392156862746 0.720360824742268 0.0024509803921568627 0.002577319587628866
3.0 0.07230392156862746 0.7255154639175257 0.0024509803921568627 0.002577319587628866
3.0 0.07107843137254902 0.7177835051546392 0.0 0.002577319587628866
3.0 0.06985294117647059 0.7190721649484536 0.0024509803921568627 0.005154639175257732
3.0 0.12009803921568628 0.7654639175257731 0.004901960784313725 0.010309278350515464
3.0 0.12009803921568628 0.7719072164948454 0.004901960784313725 0.007731958762886598
3.0 0.12622549019607843 0.7835051546391752 0.007352941176470588 0.010309278350515464
3.0 0.13725490196078433 0.7938144329896907 0.00980392156862745 0.010309278350515464
3.0 0.12622549019607843 0.7731958762886598 0.007352941176470588 0.010309278350515464
3.0 0.11642156862745098 0.7899484536082474 0.007352941176470588 0.007731958762886598
3.0 0.12867647058823528 0.7976804123711341 0.007352941176470588 0.007731958762886598
3.0 0.12867647058823528 0.8028350515463918 0.007352941176470588 0.007731958762886598
3.0 0.13112745098039216 0.8131443298969072 0.007352941176470588 0.007731958762886598
3.0 0.13970588235294118 0.8118556701030928 0.00980392156862745 0.010309278350515464
3.0 0.15073529411764705 0.7925257731958762 0.007352941176470588 0.01288659793814433
3.0 0.1482843137254902 0.8324742268041238 0.007352941176470588 0.010309278350515464
3.0 0.15196078431372548 0.8324742268041238 0.00980392156862745 0.010309278350515464
3.0 0.16053921568627452 0.8402061855670103 0.012254901960784314 0.010309278350515464
3.0 0.15196078431372548 0.8247422680412371 0.00980392156862745 0.010309278350515464
3.0 0.16789215686274508 0.8105670103092784 0.012254901960784314 0.01288659793814433
3.0 0.1715686274509804 0.8350515463917526 0.014705882352941176 0.015463917525773196
3.0 0.16911764705882354 0.8402061855670103 0.014705882352941176 0.015463917525773196
3.0 0.16789215686274508 0.8518041237113402 0.012254901960784314 0.01288659793814433
3.0 0.1801470588235294 0.8518041237113402 0.012254901960784314 0.01288659793814433
3.0 0.18995098039215685 0.8479381443298969 0.01715686274509804 0.015463917525773196
3.0 0.20465686274509803 0.836340206185567 0.01715686274509804 0.01804123711340206
3.0 0.1875 0.8621134020618557 0.012254901960784314 0.01288659793814433
8.0 0.20220588235294118 0.8762886597938144 0.022058823529411766 0.020618556701030927
4.0 0.24632352941176472 0.8492268041237113 0.022058823529411766 0.01804123711340206
3.0 0.22549019607843138 0.8724226804123711 0.0196078431372549 0.01804123711340206
3.0 0.24509803921568626 0.884020618556701 0.024509803921568627 0.020618556701030927
3.0 0.23774509803921567 0.8865979381443299 0.0196078431372549 0.015463917525773196
3.0 0.22303921568627452 0.8904639175257731 0.0196078431372549 0.01804123711340206
3.0 0.25 0.9007731958762887 0.024509803921568627 0.01804123711340206
3.0 0.23774509803921567 0.9020618556701031 0.0196078431372549 0.015463917525773196
3.0 0.26348039215686275 0.9188144329896907 0.02696078431372549 0.01804123711340206
3.0 0.2818627450980392 0.9213917525773195 0.029411764705882353 0.01804123711340206
3.0 0.3002450980392157 0.9110824742268041 0.031862745098039214 0.01804123711340206
3.0 0.30637254901960786 0.9239690721649485 0.029411764705882353 0.01804123711340206
3.0 0.30269607843137253 0.9317010309278351 0.02696078431372549 0.01804123711340206
3.0 0.3480392156862745 0.9317010309278351 0.0392156862745098 0.01804123711340206
3.0 0.3382352941176471 0.9458762886597938 0.0392156862745098 0.020618556701030927
3.0 0.31495098039215685 0.9458762886597938 0.031862745098039214 0.015463917525773196
3.0 0.31004901960784315 0.8878865979381443 0.02696078431372549 0.01804123711340206
3.0 0.31862745098039214 0.8698453608247423 0.029411764705882353 0.01804123711340206
3.0 0.41911764705882354 0.9175257731958762 0.0392156862745098 0.015463917525773196
3.0 0.6017156862745098 0.9072164948453608 0.061274509803921566 0.02577319587628866
3.0 0.38112745098039214 0.9626288659793815 0.041666666666666664 0.01804123711340206
3.0 0.44607843137254904 0.9548969072164949 0.04411764705882353 0.01288659793814433
3.0 0.43504901960784315 0.9652061855670103 0.041666666666666664 0.01288659793814433
3.0 0.44485294117647056 0.9780927835051546 0.041666666666666664 0.01288659793814433
3.0 0.4791666666666667 0.9871134020618557 0.041666666666666664 0.010309278350515464
3.0 0.49264705882352944 0.9742268041237113 0.04411764705882353 0.010309278350515464
0.0 0.5477941176470589 0.9845360824742269 0.022058823529411766 0.005154639175257732
0.0 0.6102941176470589 0.9806701030927835 0.0196078431372549 0.007731958762886598
0.0 0.7107843137254902 0.9420103092783505 0.029411764705882353 0.01804123711340206
4.0 0.7365196078431373 0.8865979381443299 0.061274509803921566 0.041237113402061855
3.0 0.6127450980392157 0.961340206185567 0.06372549019607843 0.02577319587628866
3.0 0.5453431372549019 0.9768041237113402 0.056372549019607844 0.015463917525773196
3.0 0.5931372549019608 0.9768041237113402 0.058823529411764705 0.020618556701030927
3.0 0.5343137254901961 0.9896907216494846 0.049019607843137254 0.010309278350515464
3.0 0.5073529411764706 0.9961340206185567 0.058823529411764705 0.002577319587628866
3.0 0.6090686274509803 0.9832474226804123 0.08088235294117647 0.023195876288659795
3.0 0.6580882352941176 0.9664948453608248 0.0661764705882353 0.030927835051546393
3.0 0.6752450980392157 0.9484536082474226 0.0661764705882353 0.030927835051546393
3.0 0.7536764705882353 0.9252577319587629 0.07107843137254902 0.04639175257731959
3.0 0.7242647058823529 0.9471649484536082 0.061274509803921566 0.03350515463917526
0.0 0.7401960784313726 0.9201030927835051 0.0196078431372549 0.015463917525773196
3.0 0.8063725490196079 0.8234536082474226 0.05392156862745098 0.04896907216494845
3.0 0.8860294117647058 0.8028350515463918 0.051470588235294115 0.06443298969072164
3.0 0.9387254901960784 0.7358247422680413 0.04411764705882353 0.06443298969072164
3.0 0.9203431372549019 0.7925257731958762 0.041666666666666664 0.059278350515463915
