8.0 0.14338235294117646 0.8287292817679558 0.11519607843137254 0.13812154696132597
3.0 0.23161764705882354 0.8701657458563536 0.07107843137254902 0.0718232044198895
3.0 0.3700980392156863 0.8825966850828729 0.08823529411764706 0.06906077348066299
3.0 0.41421568627450983 0.7002762430939227 0.08823529411764706 0.09668508287292818
4.0 0.3247549019607843 0.6988950276243094 0.08088235294117647 0.09392265193370165
3.0 0.39215686274509803 0.4088397790055249 0.05392156862745098 0.08839779005524862
4.0 0.05269607843137255 0.22513812154696133 0.012254901960784314 0.019337016574585635
4.0 0.056372549019607844 0.2223756906077348 0.00980392156862745 0.019337016574585635
4.0 0.06004901960784314 0.21961325966850828 0.012254901960784314 0.019337016574585635
4.0 0.06862745098039216 0.21132596685082872 0.014705882352941176 0.024861878453038673
3.0 0.0625 0.21823204419889503 0.012254901960784314 0.022099447513812154
4.0 0.04411764705882353 0.2472375690607735 0.00980392156862745 0.019337016574585635
4.0 0.05024509803921569 0.24171270718232044 0.012254901960784314 0.019337016574585635
4.0 0.061274509803921566 0.23066298342541436 0.014705882352941176 0.024861878453038673
4.0 0.0661764705882353 0.2265193370165746 0.014705882352941176 0.022099447513812154
3.0 0.06740196078431372 0.22513812154696133 0.012254901960784314 0.019337016574585635
3.0 0.07230392156862746 0.2223756906077348 0.012254901960784314 0.019337016574585635
4.0 0.07720588235294118 0.21685082872928177 0.01715686274509804 0.024861878453038673
4.0 0.08700980392156862 0.21132596685082872 0.01715686274509804 0.024861878453038673
4.0 0.09068627450980392 0.20718232044198895 0.0196078431372549 0.027624309392265192
3.0 0.10049019607843138 0.20027624309392264 0.0196078431372549 0.024861878453038673
3.0 0.08946078431372549 0.17955801104972377 0.012254901960784314 0.016574585635359115
3.0 0.10784313725490197 0.19613259668508287 0.0196078431372549 0.027624309392265192
4.0 0.11642156862745098 0.18922651933701656 0.022058823529411766 0.03038674033149171
4.0 0.12990196078431374 0.18093922651933703 0.024509803921568627 0.03038674033149171
3.0 0.0392156862745098 0.3011049723756906 0.00980392156862745 0.016574585635359115
3.0 0.05024509803921569 0.2955801104972376 0.012254901960784314 0.022099447513812154
3.0 0.06740196078431372 0.287292817679558 0.01715686274509804 0.027624309392265192
8.0 0.08946078431372549 0.27900552486187846 0.03676470588235294 0.055248618784530384
4.0 0.30392156862745096 0.106353591160221 0.04411764705882353 0.03038674033149171
4.0 0.2181372549019608 0.13535911602209943 0.0392156862745098 0.03314917127071823
4.0 0.2610294117647059 0.11878453038674033 0.041666666666666664 0.03314917127071823
4.0 0.27818627450980393 0.11464088397790055 0.041666666666666664 0.03038674033149171
8.0 0.1801470588235294 0.23204419889502761 0.11029411764705882 0.12154696132596685
3.0 0.17401960784313725 0.27486187845303867 0.04411764705882353 0.04696132596685083
3.0 0.2806372549019608 0.28591160220994477 0.061274509803921566 0.058011049723756904
5.0 0.20465686274509803 0.468232044198895 0.07598039215686274 0.0856353591160221
4.0 0.9938725490196079 0.5524861878453039 0.007352941176470588 0.027624309392265192
3.0 0.9852941176470589 0.5441988950276243 0.00980392156862745 0.027624309392265192
8.0 0.9448529411764706 0.425414364640884 0.04656862745098039 0.08287292817679558
0.0 0.8995098039215687 0.42679558011049723 0.004901960784313725 0.019337016574585635
8.0 0.9448529411764706 0.40607734806629836 0.04656862745098039 0.08839779005524862
4.0 0.9656862745098039 0.3674033149171271 0.014705882352941176 0.03314917127071823
3.0 0.9607843137254902 0.34392265193370164 0.014705882352941176 0.024861878453038673
3.0 0.9583333333333334 0.3328729281767956 0.014705882352941176 0.03038674033149171
8.0 0.9129901960784313 0.2472375690607735 0.051470588235294115 0.07458563535911603
8.0 0.9264705882352942 0.32734806629834257 0.03431372549019608 0.09668508287292818
8.0 0.8627450980392157 0.2776243093922652 0.06862745098039216 0.08011049723756906
8.0 0.8725490196078431 0.26657458563535913 0.05392156862745098 0.06353591160220995
8.0 0.8615196078431373 0.24585635359116023 0.051470588235294115 0.06077348066298342
8.0 0.8639705882352942 0.23480662983425415 0.051470588235294115 0.055248618784530384
8.0 0.8455882352941176 0.1574585635359116 0.0392156862745098 0.055248618784530384
8.0 0.8186274509803921 0.17265193370165746 0.05392156862745098 0.07458563535911603
4.0 0.7450980392156863 0.0718232044198895 0.0196078431372549 0.016574585635359115
4.0 0.6911764705882353 0.0925414364640884 0.03431372549019608 0.03038674033149171
3.0 0.7034313725490197 0.07044198895027624 0.024509803921568627 0.019337016574585635
3.0 0.7450980392156863 0.10773480662983426 0.024509803921568627 0.022099447513812154
3.0 0.6544117647058824 0.13950276243093923 0.04411764705882353 0.03591160220994475
3.0 0.7218137254901961 0.1850828729281768 0.041666666666666664 0.04419889502762431
0.0 0.6740196078431373 0.03591160220994475 0.004901960784313725 0.0055248618784530384
0.0 0.6605392156862745 0.04834254143646409 0.007352941176470588 0.008287292817679558
0.0 0.6397058823529411 0.04834254143646409 0.004901960784313725 0.0027624309392265192
0.0 0.6544117647058824 0.04696132596685083 0.004901960784313725 0.0055248618784530384
0.0 0.6495098039215687 0.04558011049723757 0.004901960784313725 0.008287292817679558
