5.0 0.26348039215686275 0.8383977900552486 0.17892156862745098 0.1408839779005525
3.0 0.5257352941176471 0.8853591160220995 0.1053921568627451 0.052486187845303865
3.0 0.7144607843137255 0.761049723756906 0.07598039215686274 0.0856353591160221
3.0 0.7977941176470589 0.664364640883978 0.0661764705882353 0.09668508287292818
3.0 0.8897058823529411 0.5953038674033149 0.03431372549019608 0.07458563535911603
3.0 0.8774509803921569 0.5359116022099447 0.03431372549019608 0.08287292817679558
3.0 0.9240196078431373 0.4281767955801105 0.024509803921568627 0.055248618784530384
3.0 0.9632352941176471 0.28591160220994477 0.014705882352941176 0.03038674033149171
8.0 0.1090686274509804 0.4696132596685083 0.03676470588235294 0.10497237569060773
3.0 0.13357843137254902 0.4696132596685083 0.031862745098039214 0.07734806629834254
3.0 0.11519607843137254 0.4088397790055249 0.029411764705882353 0.06629834254143646
8.0 0.08823529411764706 0.38535911602209943 0.03431372549019608 0.09116022099447514
3.0 0.1017156862745098 0.356353591160221 0.031862745098039214 0.06629834254143646
3.0 0.09681372549019608 0.31215469613259667 0.031862745098039214 0.06077348066298342
3.0 0.0821078431372549 0.3425414364640884 0.022058823529411766 0.049723756906077346
3.0 0.09191176470588236 0.28591160220994477 0.02696078431372549 0.052486187845303865
3.0 0.08946078431372549 0.2610497237569061 0.02696078431372549 0.04696132596685083
3.0 0.08700980392156862 0.22375690607734808 0.022058823529411766 0.03867403314917127
5.0 0.07230392156862746 0.34392265193370164 0.056372549019607844 0.1464088397790055
5.0 0.056372549019607844 0.39088397790055246 0.029411764705882353 0.09116022099447514
