3.0 0.6850490196078431 0.9226804123711341 0.07598039215686274 0.05670103092783505
3.0 0.8321078431372549 0.8634020618556701 0.061274509803921566 0.06701030927835051
3.0 0.9227941176470589 0.5670103092783505 0.01715686274509804 0.03608247422680412
3.0 0.7769607843137255 0.5309278350515464 0.06862745098039216 0.04639175257731959
3.0 0.20955882352941177 0.47680412371134023 0.051470588235294115 0.05154639175257732
3.0 0.05514705882352941 0.49097938144329895 0.01715686274509804 0.028350515463917526
3.0 0.18259803921568626 0.23324742268041238 0.022058823529411766 0.023195876288659795
3.0 0.12745098039215685 0.30670103092783507 0.0196078431372549 0.02577319587628866
3.0 0.051470588235294115 0.4162371134020619 0.014705882352941176 0.028350515463917526
3.0 0.0024509803921568627 0.4961340206185567 0.004901960784313725 0.01288659793814433
3.0 0.15196078431372548 0.25902061855670105 0.024509803921568627 0.028350515463917526
3.0 0.14215686274509803 0.27963917525773196 0.024509803921568627 0.028350515463917526
0.0 0.051470588235294115 0.3904639175257732 0.004901960784313725 0.01288659793814433
0.0 0.06372549019607843 0.6520618556701031 0.004901960784313725 0.020618556701030927
9.0 0.45098039215686275 0.9368556701030928 0.014705882352941176 0.01288659793814433
1.0 0.4497549019607843 0.9342783505154639 0.012254901960784314 0.007731958762886598
3.0 0.4227941176470588 0.12886597938144329 0.03676470588235294 0.015463917525773196
3.0 0.38112745098039214 0.08376288659793814 0.03676470588235294 0.01288659793814433
3.0 0.5477941176470589 0.10309278350515463 0.01715686274509804 0.010309278350515464
3.0 0.5784313725490197 0.0979381443298969 0.0196078431372549 0.010309278350515464
3.0 0.6409313725490197 0.1172680412371134 0.012254901960784314 0.007731958762886598
3.0 0.6274509803921569 0.10438144329896908 0.014705882352941176 0.007731958762886598
3.0 0.6041666666666666 0.08247422680412371 0.012254901960784314 0.005154639175257732
3.0 0.5882352941176471 0.07860824742268041 0.014705882352941176 0.007731958762886598
3.0 0.5379901960784313 0.07603092783505154 0.01715686274509804 0.007731958762886598
3.0 0.571078431372549 0.08505154639175258 0.014705882352941176 0.005154639175257732
3.0 0.5563725490196079 0.08247422680412371 0.00980392156862745 0.005154639175257732
3.0 0.5747549019607843 0.07216494845360824 0.007352941176470588 0.005154639175257732
3.0 0.5857843137254902 0.07216494845360824 0.00980392156862745 0.005154639175257732
3.0 0.5882352941176471 0.06958762886597938 0.00980392156862745 0.005154639175257732
3.0 0.571078431372549 0.06701030927835051 0.00980392156862745 0.005154639175257732
3.0 0.5772058823529411 0.07603092783505154 0.007352941176470588 0.002577319587628866
3.0 0.5257352941176471 0.06443298969072164 0.012254901960784314 0.005154639175257732
3.0 0.5379901960784313 0.06056701030927835 0.012254901960784314 0.002577319587628866
3.0 0.5220588235294118 0.05154639175257732 0.00980392156862745 0.005154639175257732
3.0 0.5281862745098039 0.03479381443298969 0.007352941176470588 0.002577319587628866
3.0 0.5404411764705882 0.08247422680412371 0.012254901960784314 0.005154639175257732
3.0 0.5502450980392157 0.04768041237113402 0.007352941176470588 0.002577319587628866
3.0 0.5416666666666666 0.045103092783505154 0.004901960784313725 0.002577319587628866
3.0 0.5392156862745098 0.04252577319587629 0.004901960784313725 0.002577319587628866
3.0 0.5367647058823529 0.03994845360824742 0.004901960784313725 0.002577319587628866
3.0 0.5379901960784313 0.03994845360824742 0.007352941176470588 0.002577319587628866
3.0 0.5269607843137255 0.03221649484536082 0.004901960784313725 0.002577319587628866
3.0 0.5355392156862745 0.03221649484536082 0.007352941176470588 0.002577319587628866
3.0 0.5392156862745098 0.03479381443298969 0.004901960784313725 0.002577319587628866
3.0 0.5183823529411765 0.03994845360824742 0.007352941176470588 0.002577319587628866
3.0 0.5147058823529411 0.037371134020618556 0.004901960784313725 0.002577319587628866
3.0 0.5147058823529411 0.030927835051546393 0.00980392156862745 0.0
3.0 0.5061274509803921 0.03221649484536082 0.007352941176470588 0.002577319587628866
3.0 0.5171568627450981 0.03479381443298969 0.004901960784313725 0.002577319587628866
3.0 0.5122549019607843 0.03479381443298969 0.004901960784313725 0.002577319587628866
3.0 0.5159313725490197 0.028350515463917526 0.007352941176470588 0.0
3.0 0.5110294117647058 0.027061855670103094 0.007352941176470588 0.002577319587628866
3.0 0.8088235294117647 0.20876288659793815 0.024509803921568627 0.020618556701030927
3.0 0.8897058823529411 0.27963917525773196 0.014705882352941176 0.01804123711340206
0.0 0.8504901960784313 0.21005154639175258 0.004901960784313725 0.007731958762886598
0.0 0.8431372549019608 0.20231958762886598 0.004901960784313725 0.007731958762886598
0.0 0.8774509803921569 0.2345360824742268 0.004901960784313725 0.005154639175257732
3.0 0.821078431372549 0.19845360824742267 0.014705882352941176 0.015463917525773196
3.0 0.7818627450980392 0.16494845360824742 0.014705882352941176 0.015463917525773196
3.0 0.7904411764705882 0.15979381443298968 0.012254901960784314 0.010309278350515464
3.0 0.7647058823529411 0.18943298969072164 0.029411764705882353 0.023195876288659795
3.0 0.7144607843137255 0.14175257731958762 0.01715686274509804 0.015463917525773196
3.0 0.9595588235294118 0.5051546391752577 0.007352941176470588 0.02577319587628866
3.0 0.9705882352941176 0.4574742268041237 0.004901960784313725 0.01804123711340206
3.0 0.9546568627450981 0.3698453608247423 0.007352941176470588 0.01804123711340206
3.0 0.9571078431372549 0.35695876288659795 0.012254901960784314 0.023195876288659795
3.0 0.9436274509803921 0.3492268041237113 0.014705882352941176 0.023195876288659795
3.0 0.9166666666666666 0.297680412371134 0.014705882352941176 0.01804123711340206
3.0 0.9044117647058824 0.28737113402061853 0.014705882352941176 0.01804123711340206
3.0 0.9350490196078431 0.31958762886597936 0.012254901960784314 0.020618556701030927
3.0 0.9264705882352942 0.31958762886597936 0.014705882352941176 0.020618556701030927
3.0 0.9350490196078431 0.3247422680412371 0.012254901960784314 0.020618556701030927
0.0 0.9644607843137255 0.3440721649484536 0.0024509803921568627 0.007731958762886598
3.0 0.9767156862745098 0.4690721649484536 0.007352941176470588 0.020618556701030927
9.0 0.9473039215686274 0.5322164948453608 0.007352941176470588 0.01288659793814433
1.0 0.9485294117647058 0.5244845360824743 0.004901960784313725 0.01288659793814433
3.0 0.9852941176470589 0.43556701030927836 0.004901960784313725 0.015463917525773196
3.0 0.9803921568627451 0.38788659793814434 0.00980392156862745 0.01804123711340206
1.0 0.9889705882352942 0.4007731958762887 0.0024509803921568627 0.007731958762886598
9.0 0.9889705882352942 0.40335051546391754 0.0024509803921568627 0.007731958762886598
9.0 0.9865196078431373 0.3904639175257732 0.0024509803921568627 0.002577319587628866
9.0 0.9889705882352942 0.3943298969072165 0.0024509803921568627 0.005154639175257732
0.0 0.9791666666666666 0.36855670103092786 0.0024509803921568627 0.005154639175257732
0.0 0.9816176470588235 0.37757731958762886 0.0024509803921568627 0.007731958762886598
1.0 0.9852941176470589 0.38788659793814434 0.0 0.007731958762886598
1.0 0.9889705882352942 0.39304123711340205 0.0024509803921568627 0.007731958762886598
