0.0 0.7634803921568627 0.8324742268041238 0.03676470588235294 0.05154639175257732
3.0 0.9742647058823529 0.5798969072164949 0.02696078431372549 0.061855670103092786
3.0 0.9399509803921569 0.5412371134020618 0.03676470588235294 0.05154639175257732
3.0 0.8272058823529411 0.2770618556701031 0.031862745098039214 0.04381443298969072
0.0 0.9583333333333334 0.4265463917525773 0.004901960784313725 0.028350515463917526
0.0 0.4963235294117647 0.7461340206185567 0.04656862745098039 0.07474226804123711
0.0 0.5723039215686274 0.5567010309278351 0.03676470588235294 0.08247422680412371
0.0 0.40441176470588236 0.904639175257732 0.03431372549019608 0.03608247422680412
5.0 0.8713235294117647 0.34149484536082475 0.051470588235294115 0.10051546391752578
8.0 0.9178921568627451 0.30283505154639173 0.03676470588235294 0.06443298969072164
0.0 0.375 0.8891752577319587 0.049019607843137254 0.041237113402061855
0.0 0.39950980392156865 0.8711340206185567 0.04411764705882353 0.041237113402061855
0.0 0.36642156862745096 0.8608247422680413 0.051470588235294115 0.04639175257731959
0.0 0.3431372549019608 0.8195876288659794 0.04411764705882353 0.05670103092783505
0.0 0.5698529411764706 0.6572164948453608 0.02696078431372549 0.08762886597938144
0.0 0.6899509803921569 0.4652061855670103 0.031862745098039214 0.07474226804123711
0.0 0.5281862745098039 0.6804123711340206 0.03676470588235294 0.07731958762886598
0.0 0.6102941176470589 0.5798969072164949 0.0392156862745098 0.08762886597938144
0.0 0.6433823529411765 0.5670103092783505 0.041666666666666664 0.08762886597938144
2.0 0.6568627450980392 0.5837628865979382 0.029411764705882353 0.07989690721649484
2.0 0.22058823529411764 0.8994845360824743 0.06862745098039216 0.05154639175257732
2.0 0.18137254901960784 0.8530927835051546 0.05392156862745098 0.05154639175257732
2.0 0.13357843137254902 0.8182989690721649 0.04656862745098039 0.04896907216494845
3.0 0.01838235294117647 0.6314432989690721 0.022058823529411766 0.05670103092783505
3.0 0.014705882352941176 0.5798969072164949 0.024509803921568627 0.05670103092783505
3.0 0.05024509803921569 0.6056701030927835 0.031862745098039214 0.05154639175257732
3.0 0.041666666666666664 0.5605670103092784 0.029411764705882353 0.059278350515463915
3.0 0.024509803921568627 0.4420103092783505 0.014705882352941176 0.028350515463917526
3.0 0.1323529411764706 0.6533505154639175 0.08823529411764706 0.09020618556701031
3.0 0.10416666666666667 0.586340206185567 0.07107843137254902 0.08505154639175258
8.0 0.13848039215686275 0.7152061855670103 0.23284313725490197 0.24484536082474226
0.0 0.21568627450980393 0.8788659793814433 0.0392156862745098 0.041237113402061855
0.0 0.1409313725490196 0.8079896907216495 0.03676470588235294 0.04896907216494845
0.0 0.11397058823529412 0.7912371134020618 0.02696078431372549 0.041237113402061855
0.0 0.0857843137254902 0.7912371134020618 0.024509803921568627 0.041237113402061855
0.0 0.05514705882352941 0.7487113402061856 0.022058823529411766 0.04381443298969072
0.0 0.06495098039215687 0.7628865979381443 0.02696078431372549 0.04639175257731959
0.0 0.08823529411764706 0.7860824742268041 0.029411764705882353 0.04639175257731959
0.0 0.11151960784313726 0.8118556701030928 0.031862745098039214 0.04639175257731959
0.0 0.15073529411764705 0.854381443298969 0.03676470588235294 0.04381443298969072
1.0 0.20833333333333334 0.8878865979381443 0.0392156862745098 0.03865979381443299
2.0 0.06495098039215687 0.7525773195876289 0.02696078431372549 0.041237113402061855
9.0 0.04534313725490196 0.729381443298969 0.01715686274509804 0.03608247422680412
2.0 0.056372549019607844 0.7577319587628866 0.0196078431372549 0.02577319587628866
0.0 0.05269607843137255 0.7538659793814433 0.012254901960784314 0.028350515463917526
2.0 0.9620098039215687 0.6920103092783505 0.01715686274509804 0.04381443298969072
1.0 0.9656862745098039 0.6804123711340206 0.014705882352941176 0.03608247422680412
3.0 0.9901960784313726 0.4175257731958763 0.004901960784313725 0.015463917525773196
3.0 0.7671568627450981 0.33762886597938147 0.09803921568627451 0.07731958762886598
0.0 0.8431372549019608 0.39690721649484534 0.014705882352941176 0.04639175257731959
0.0 0.8529411764705882 0.39690721649484534 0.014705882352941176 0.05154639175257732
0.0 0.7009803921568627 0.27963917525773196 0.024509803921568627 0.04381443298969072
0.0 0.6654411764705882 0.24613402061855671 0.022058823529411766 0.03865979381443299
0.0 0.678921568627451 0.2693298969072165 0.024509803921568627 0.03865979381443299
0.0 0.8026960784313726 0.27319587628865977 0.01715686274509804 0.030927835051546393
3.0 0.7561274509803921 0.27963917525773196 0.041666666666666664 0.04381443298969072
3.0 0.758578431372549 0.25773195876288657 0.056372549019607844 0.05154639175257732
4.0 0.7794117647058824 0.16752577319587628 0.03431372549019608 0.02577319587628866
8.0 0.7977941176470589 0.17525773195876287 0.031862745098039214 0.030927835051546393
8.0 0.7830882352941176 0.15979381443298968 0.03676470588235294 0.02577319587628866
3.0 0.022058823529411766 0.41494845360824745 0.014705882352941176 0.041237113402061855
3.0 0.0625 0.3956185567010309 0.022058823529411766 0.04381443298969072
3.0 0.12009803921568628 0.3543814432989691 0.029411764705882353 0.04381443298969072
0.0 0.05759803921568627 0.42783505154639173 0.007352941176470588 0.030927835051546393
0.0 0.06004901960784314 0.42396907216494845 0.007352941176470588 0.028350515463917526
4.0 0.08700980392156862 0.41365979381443296 0.051470588235294115 0.06443298969072164
3.0 0.08333333333333333 0.38917525773195877 0.024509803921568627 0.03608247422680412
3.0 0.2928921568627451 0.33762886597938147 0.125 0.06701030927835051
4.0 0.29534313725490197 0.27835051546391754 0.051470588235294115 0.06701030927835051
3.0 0.36887254901960786 0.26417525773195877 0.0857843137254902 0.06443298969072164
3.0 0.4325980392156863 0.24871134020618557 0.07107843137254902 0.06443298969072164
0.0 0.4987745098039216 0.2036082474226804 0.022058823529411766 0.030927835051546393
3.0 0.5355392156862745 0.24613402061855671 0.125 0.04896907216494845
3.0 0.5833333333333334 0.2345360824742268 0.10784313725490197 0.04639175257731959
3.0 0.6090686274509803 0.22551546391752578 0.08088235294117647 0.03865979381443299
3.0 0.5980392156862745 0.21391752577319587 0.09803921568627451 0.041237113402061855
3.0 0.5992647058823529 0.19845360824742267 0.09558823529411764 0.03608247422680412
3.0 0.5857843137254902 0.18427835051546393 0.09313725490196079 0.03350515463917526
3.0 0.5882352941176471 0.16881443298969073 0.08333333333333333 0.028350515463917526
3.0 0.5882352941176471 0.16237113402061856 0.06862745098039216 0.02577319587628866
3.0 0.5857843137254902 0.15463917525773196 0.07352941176470588 0.02577319587628866
3.0 0.7083333333333334 0.19974226804123713 0.03431372549019608 0.028350515463917526
3.0 0.7291666666666666 0.22809278350515463 0.031862745098039214 0.023195876288659795
4.0 0.7536764705882353 0.2538659793814433 0.04656862745098039 0.04381443298969072
3.0 0.7071078431372549 0.18556701030927836 0.031862745098039214 0.02577319587628866
3.0 0.696078431372549 0.18041237113402062 0.029411764705882353 0.02577319587628866
0.0 0.6617647058823529 0.16237113402061856 0.014705882352941176 0.015463917525773196
0.0 0.633578431372549 0.14690721649484537 0.012254901960784314 0.010309278350515464
0.0 0.6813725490196079 0.15206185567010308 0.00980392156862745 0.010309278350515464
3.0 0.6372549019607843 0.14432989690721648 0.049019607843137254 0.020618556701030927
3.0 0.6323529411764706 0.13530927835051546 0.049019607843137254 0.01804123711340206
3.0 0.6384803921568627 0.1327319587628866 0.041666666666666664 0.01804123711340206
3.0 0.6372549019607843 0.12886597938144329 0.0392156862745098 0.015463917525773196
3.0 0.616421568627451 0.11855670103092783 0.041666666666666664 0.015463917525773196
3.0 0.616421568627451 0.11211340206185567 0.03676470588235294 0.01804123711340206
3.0 0.6004901960784313 0.0979381443298969 0.0196078431372549 0.010309278350515464
