3.0 0.6899509803921569 0.7458563535911602 0.07598039215686274 0.14917127071823205
3.0 0.5943627450980392 0.7430939226519337 0.0857843137254902 0.13812154696132597
3.0 0.43137254901960786 0.9723756906077348 0.07352941176470588 0.049723756906077346
3.0 0.4019607843137255 0.8591160220994475 0.08333333333333333 0.09392265193370165
3.0 0.4227941176470588 0.6091160220994475 0.0857843137254902 0.1408839779005525
3.0 0.3443627450980392 0.34392265193370164 0.0661764705882353 0.12430939226519337
9.0 0.4325980392156863 0.2223756906077348 0.02696078431372549 0.04143646408839779
3.0 0.44362745098039214 0.07044198895027624 0.0392156862745098 0.03038674033149171
3.0 0.5147058823529411 0.026243093922651933 0.024509803921568627 0.013812154696132596
3.0 0.35294117647058826 0.052486187845303865 0.024509803921568627 0.016574585635359115
3.0 0.3284313725490196 0.055248618784530384 0.029411764705882353 0.022099447513812154
3.0 0.3639705882352941 0.03038674033149171 0.022058823529411766 0.016574585635359115
8.0 0.2708333333333333 0.08977900552486189 0.041666666666666664 0.04143646408839779
8.0 0.2512254901960784 0.09116022099447514 0.051470588235294115 0.055248618784530384
8.0 0.28308823529411764 0.055248618784530384 0.03676470588235294 0.03314917127071823
8.0 0.3112745098039216 0.04005524861878453 0.0392156862745098 0.03038674033149171
3.0 0.2916666666666667 0.06353591160220995 0.0196078431372549 0.016574585635359115
0.0 0.7892156862745098 0.8080110497237569 0.024509803921568627 0.03591160220994475
0.0 0.7254901960784313 0.24585635359116023 0.0196078431372549 0.03314917127071823
0.0 0.6715686274509803 0.13397790055248618 0.00980392156862745 0.013812154696132596
0.0 0.6629901960784313 0.12016574585635359 0.01715686274509804 0.019337016574585635
9.0 0.4056372549019608 0.029005524861878452 0.01715686274509804 0.013812154696132596
