3.0 0.5070093457943925 0.01820388349514563 0.014018691588785047 0.0024271844660194173
3.0 0.5969626168224299 0.02669902912621359 0.011682242990654205 0.0048543689320388345
3.0 0.48598130841121495 0.02669902912621359 0.018691588785046728 0.0048543689320388345
3.0 0.5128504672897196 0.02912621359223301 0.02102803738317757 0.0048543689320388345
3.0 0.4941588785046729 0.03640776699029126 0.02102803738317757 0.0048543689320388345
3.0 0.3364485981308411 0.11407766990291263 0.04672897196261682 0.02912621359223301
3.0 0.3633177570093458 0.16140776699029127 0.07242990654205607 0.04611650485436893
3.0 0.2266355140186916 0.22451456310679613 0.06542056074766354 0.07524271844660194
3.0 0.3130841121495327 0.21844660194174756 0.07009345794392523 0.05825242718446602
9.0 0.29205607476635514 0.28398058252427183 0.028037383177570093 0.04854368932038835
5.0 0.10864485981308411 0.7087378640776699 0.10514018691588785 0.1941747572815534
1.0 0.17289719626168223 0.7754854368932039 0.02336448598130841 0.02669902912621359
9.0 0.17757009345794392 0.7851941747572816 0.037383177570093455 0.050970873786407765
3.0 0.06191588785046729 0.3191747572815534 0.016355140186915886 0.03640776699029126
3.0 0.9450934579439252 0.27427184466019416 0.011682242990654205 0.019417475728155338
3.0 0.9544392523364486 0.2912621359223301 0.011682242990654205 0.024271844660194174
3.0 0.9404205607476636 0.2657766990291262 0.011682242990654205 0.01699029126213592
3.0 0.9345794392523364 0.25728155339805825 0.014018691588785047 0.019417475728155338
3.0 0.9217289719626168 0.2354368932038835 0.011682242990654205 0.019417475728155338
3.0 0.9135514018691588 0.2220873786407767 0.014018691588785047 0.01699029126213592
4.0 0.897196261682243 0.18567961165048544 0.004672897196261682 0.007281553398058253
3.0 0.9158878504672897 0.2366504854368932 0.018691588785046728 0.02669902912621359
3.0 0.4357476635514019 0.019417475728155338 0.02570093457943925 0.0048543689320388345
3.0 0.441588785046729 0.015776699029126214 0.02336448598130841 0.0024271844660194173
3.0 0.4696261682242991 0.013349514563106795 0.02336448598130841 0.0024271844660194173
3.0 0.4205607476635514 0.01820388349514563 0.018691588785046728 0.0024271844660194173
3.0 0.42406542056074764 0.01699029126213592 0.016355140186915886 0.0048543689320388345
3.0 0.4661214953271028 0.009708737864077669 0.02102803738317757 0.0048543689320388345
3.0 0.4661214953271028 0.013349514563106795 0.011682242990654205 0.0024271844660194173
3.0 0.4848130841121495 0.00849514563106796 0.016355140186915886 0.0024271844660194173
3.0 0.02102803738317757 0.3640776699029126 0.009345794392523364 0.02912621359223301
3.0 0.015186915887850467 0.36893203883495146 0.007009345794392523 0.024271844660194174
3.0 0.037383177570093455 0.3446601941747573 0.009345794392523364 0.02912621359223301
3.0 0.4497663551401869 0.010922330097087379 0.011682242990654205 0.0024271844660194173
3.0 0.5128504672897196 0.010922330097087379 0.02102803738317757 0.0024271844660194173
3.0 0.5163551401869159 0.010922330097087379 0.018691588785046728 0.0024271844660194173
4.0 0.5198598130841121 0.009708737864077669 0.016355140186915886 0.0
3.0 0.5257009345794392 0.009708737864077669 0.014018691588785047 0.0
3.0 0.5385514018691588 0.00849514563106796 0.02102803738317757 0.0024271844660194173
4.0 0.37850467289719625 0.025485436893203883 0.018691588785046728 0.007281553398058253
4.0 0.4217289719626168 0.02063106796116505 0.016355140186915886 0.0024271844660194173
5.0 0.5502336448598131 0.012135922330097087 0.016355140186915886 0.0048543689320388345
5.0 0.5350467289719626 0.010922330097087379 0.014018691588785047 0.0024271844660194173
0.0 0.6086448598130841 0.023058252427184466 0.007009345794392523 0.0024271844660194173
3.0 0.04322429906542056 0.33737864077669905 0.011682242990654205 0.03398058252427184
3.0 0.02570093457943925 0.3580097087378641 0.009345794392523364 0.02669902912621359
3.0 0.03154205607476635 0.35194174757281554 0.011682242990654205 0.02912621359223301
3.0 0.9100467289719626 0.22815533980582525 0.016355140186915886 0.024271844660194174
3.0 0.8714953271028038 0.17718446601941748 0.018691588785046728 0.019417475728155338
3.0 0.8866822429906542 0.18932038834951456 0.016355140186915886 0.019417475728155338
3.0 0.9088785046728972 0.21723300970873785 0.014018691588785047 0.01699029126213592
3.0 0.9042056074766355 0.2099514563106796 0.014018691588785047 0.01699029126213592
