3.0 0.5110294117647058 0.9664948453608248 0.17401960784313725 0.05670103092783505
3.0 0.9656862745098039 0.6095360824742269 0.058823529411764705 0.1211340206185567
3.0 0.6188725490196079 0.7268041237113402 0.2965686274509804 0.23711340206185566
3.0 0.5870098039215687 0.5167525773195877 0.18382352941176472 0.2603092783505155
0.0 0.3443627450980392 0.8221649484536082 0.08088235294117647 0.10309278350515463
0.0 0.2867647058823529 0.7963917525773195 0.08823529411764706 0.10824742268041238
0.0 0.24509803921568626 0.788659793814433 0.08823529411764706 0.1134020618556701
3.0 0.9632352941176471 0.5476804123711341 0.05392156862745098 0.1056701030927835
3.0 0.9595588235294118 0.47036082474226804 0.051470588235294115 0.09536082474226804
3.0 0.9632352941176471 0.44329896907216493 0.0392156862745098 0.07731958762886598
3.0 0.9693627450980392 0.41494845360824745 0.041666666666666664 0.08762886597938144
3.0 0.9705882352941176 0.3711340206185567 0.0392156862745098 0.08247422680412371
3.0 0.9044117647058824 0.2757731958762887 0.049019607843137254 0.08247422680412371
3.0 0.866421568627451 0.23840206185567012 0.0661764705882353 0.08505154639175258
3.0 0.43504901960784315 0.33505154639175255 0.34068627450980393 0.18556701030927836
3.0 0.37745098039215685 0.18041237113402062 0.23039215686274508 0.10309278350515463
3.0 0.5747549019607843 0.13402061855670103 0.1053921568627451 0.06701030927835051
3.0 0.5637254901960784 0.10051546391752578 0.08333333333333333 0.041237113402061855
3.0 0.5588235294117647 0.07731958762886598 0.07352941176470588 0.02577319587628866
4.0 0.5477941176470589 0.059278350515463915 0.11029411764705882 0.030927835051546393
3.0 0.5281862745098039 0.05025773195876289 0.04656862745098039 0.01288659793814433
4.0 0.5318627450980392 0.04252577319587629 0.04411764705882353 0.01804123711340206
3.0 0.508578431372549 0.03608247422680412 0.03676470588235294 0.010309278350515464
3.0 0.5049019607843137 0.029639175257731958 0.029411764705882353 0.007731958762886598
3.0 0.5183823529411765 0.02190721649484536 0.031862745098039214 0.007731958762886598
3.0 0.47058823529411764 0.003865979381443299 0.0196078431372549 0.007731958762886598
3.0 0.5012254901960784 0.005154639175257732 0.022058823529411766 0.005154639175257732
3.0 0.5392156862745098 0.010309278350515464 0.024509803921568627 0.005154639175257732
5.0 0.5796568627450981 0.019329896907216496 0.041666666666666664 0.01288659793814433
3.0 0.6825980392156863 0.10824742268041238 0.08088235294117647 0.061855670103092786
3.0 0.6507352941176471 0.04381443298969072 0.03676470588235294 0.015463917525773196
3.0 0.6666666666666666 0.055412371134020616 0.049019607843137254 0.023195876288659795
3.0 0.7009803921568627 0.07345360824742268 0.04411764705882353 0.028350515463917526
3.0 0.7205882352941176 0.08376288659793814 0.04411764705882353 0.028350515463917526
3.0 0.741421568627451 0.1018041237113402 0.051470588235294115 0.03865979381443299
3.0 0.7732843137254902 0.12628865979381443 0.051470588235294115 0.041237113402061855
3.0 0.803921568627451 0.1559278350515464 0.058823529411764705 0.059278350515463915
3.0 0.8321078431372549 0.18814432989690721 0.061274509803921566 0.061855670103092786
3.0 0.4987745098039216 0.027061855670103094 0.031862745098039214 0.007731958762886598
3.0 0.09803921568627451 0.23840206185567012 0.05392156862745098 0.06958762886597938
3.0 0.9436274509803921 0.7268041237113402 0.06372549019607843 0.11855670103092783
