0.0 0.09926470588235294 0.5451030927835051 0.022058823529411766 0.09020618556701031
0.0 0.125 0.40335051546391754 0.0196078431372549 0.06443298969072164
0.0 0.11029411764705882 0.4020618556701031 0.0196078431372549 0.061855670103092786
0.0 0.08333333333333333 0.39304123711340205 0.014705882352941176 0.04896907216494845
0.0 0.0428921568627451 0.44458762886597936 0.007352941176470588 0.04381443298969072
0.0 0.0661764705882353 0.4110824742268041 0.00980392156862745 0.04896907216494845
0.0 0.06862745098039216 0.40850515463917525 0.00980392156862745 0.04381443298969072
0.0 0.07598039215686274 0.4497422680412371 0.00980392156862745 0.05412371134020619
0.0 0.0784313725490196 0.45103092783505155 0.00980392156862745 0.03608247422680412
0.0 0.17279411764705882 0.42396907216494845 0.02696078431372549 0.07989690721649484
0.0 0.15808823529411764 0.4097938144329897 0.02696078431372549 0.07731958762886598
0.0 0.13725490196078433 0.23969072164948454 0.014705882352941176 0.02577319587628866
4.0 0.16176470588235295 0.29381443298969073 0.058823529411764705 0.08762886597938144
3.0 0.4068627450980392 0.27448453608247425 0.10294117647058823 0.09020618556701031
3.0 0.41544117647058826 0.20231958762886598 0.0857843137254902 0.06443298969072164
3.0 0.4497549019607843 0.15979381443298968 0.061274509803921566 0.03608247422680412
3.0 0.4632352941176471 0.13530927835051546 0.05392156862745098 0.028350515463917526
3.0 0.4840686274509804 0.11469072164948453 0.04656862745098039 0.023195876288659795
3.0 0.49019607843137253 0.1056701030927835 0.0392156862745098 0.020618556701030927
8.0 0.49387254901960786 0.08891752577319588 0.051470588235294115 0.028350515463917526
8.0 0.47058823529411764 0.06443298969072164 0.014705882352941176 0.005154639175257732
1.0 0.46568627450980393 0.061855670103092786 0.004901960784313725 0.0
9.0 0.4644607843137255 0.06314432989690721 0.007352941176470588 0.002577319587628866
0.0 0.8370098039215687 0.43556701030927836 0.02696078431372549 0.08247422680412371
1.0 0.8161764705882353 0.4690721649484536 0.029411764705882353 0.07731958762886598
1.0 0.9313725490196079 0.4381443298969072 0.014705882352941176 0.05154639175257732
0.0 0.9522058823529411 0.45489690721649484 0.007352941176470588 0.05412371134020619
0.0 0.8921568627450981 0.4252577319587629 0.014705882352941176 0.07216494845360824
0.0 0.9044117647058824 0.40463917525773196 0.014705882352941176 0.05670103092783505
0.0 0.9093137254901961 0.40335051546391754 0.00980392156862745 0.04381443298969072
0.0 0.9068627450980392 0.3917525773195876 0.014705882352941176 0.05670103092783505
0.0 0.8970588235294118 0.422680412371134 0.014705882352941176 0.07216494845360824
0.0 0.8860294117647058 0.4020618556701031 0.01715686274509804 0.061855670103092786
0.0 0.8933823529411765 0.41365979381443296 0.01715686274509804 0.06443298969072164
0.0 0.8492647058823529 0.3427835051546392 0.02696078431372549 0.061855670103092786
0.0 0.8615196078431373 0.3917525773195876 0.022058823529411766 0.06701030927835051
0.0 0.8651960784313726 0.3711340206185567 0.024509803921568627 0.06701030927835051
0.0 0.8627450980392157 0.3634020618556701 0.0196078431372549 0.061855670103092786
0.0 0.8504901960784313 0.39948453608247425 0.024509803921568627 0.07216494845360824
0.0 0.8455882352941176 0.42912371134020616 0.0196078431372549 0.07474226804123711
0.0 0.8419117647058824 0.4162371134020619 0.02696078431372549 0.08505154639175258
6.0 0.7916666666666666 0.49226804123711343 0.10294117647058823 0.09278350515463918
2.0 0.9313725490196079 0.4484536082474227 0.0196078431372549 0.041237113402061855
0.0 0.9166666666666666 0.35051546391752575 0.014705882352941176 0.04639175257731959
3.0 0.9718137254901961 0.5618556701030928 0.041666666666666664 0.08762886597938144
1.0 0.9816176470588235 0.4896907216494845 0.007352941176470588 0.05154639175257732
1.0 0.9950980392156863 0.5025773195876289 0.004901960784313725 0.041237113402061855
2.0 0.9938725490196079 0.5077319587628866 0.007352941176470588 0.02577319587628866
2.0 0.9803921568627451 0.4961340206185567 0.00980392156862745 0.03350515463917526
0.0 0.9926470588235294 0.4368556701030928 0.004901960784313725 0.03350515463917526
3.0 0.9865196078431373 0.4097938144329897 0.01715686274509804 0.05154639175257732
3.0 0.9816176470588235 0.4020618556701031 0.022058823529411766 0.04639175257731959
3.0 0.9742647058823529 0.38402061855670105 0.02696078431372549 0.05670103092783505
4.0 0.9681372549019608 0.36726804123711343 0.029411764705882353 0.059278350515463915
3.0 0.9607843137254902 0.35695876288659795 0.024509803921568627 0.04381443298969072
3.0 0.9546568627450981 0.3427835051546392 0.02696078431372549 0.04639175257731959
3.0 0.9473039215686274 0.3286082474226804 0.031862745098039214 0.04896907216494845
3.0 0.9362745098039216 0.3131443298969072 0.029411764705882353 0.04381443298969072
3.0 0.9313725490196079 0.30283505154639173 0.029411764705882353 0.04381443298969072
6.0 0.9669117647058824 0.38788659793814434 0.012254901960784314 0.03350515463917526
1.0 0.9718137254901961 0.39304123711340205 0.007352941176470588 0.023195876288659795
0.0 0.866421568627451 0.2345360824742268 0.01715686274509804 0.030927835051546393
0.0 0.8357843137254902 0.2036082474226804 0.014705882352941176 0.02577319587628866
1.0 0.8333333333333334 0.20747422680412372 0.014705882352941176 0.01804123711340206
8.0 0.7732843137254902 0.17268041237113402 0.07598039215686274 0.07731958762886598
3.0 0.8970588235294118 0.2925257731958763 0.0392156862745098 0.05412371134020619
0.0 0.7254901960784313 0.15463917525773196 0.0196078431372549 0.020618556701030927
2.0 0.7279411764705882 0.15850515463917525 0.0196078431372549 0.01804123711340206
1.0 0.7365196078431373 0.11855670103092783 0.007352941176470588 0.010309278350515464
9.0 0.7389705882352942 0.11984536082474227 0.007352941176470588 0.007731958762886598
9.0 0.7022058823529411 0.0979381443298969 0.007352941176470588 0.005154639175257732
1.0 0.7022058823529411 0.0979381443298969 0.007352941176470588 0.005154639175257732
0.0 0.6213235294117647 0.08762886597938144 0.012254901960784314 0.010309278350515464
0.0 0.5453431372549019 0.07087628865979381 0.007352941176470588 0.007731958762886598
3.0 0.5625 0.05670103092783505 0.012254901960784314 0.005154639175257732
3.0 0.5637254901960784 0.055412371134020616 0.00980392156862745 0.002577319587628866
3.0 0.5649509803921569 0.05412371134020619 0.012254901960784314 0.005154639175257732
3.0 0.5784313725490197 0.059278350515463915 0.014705882352941176 0.005154639175257732
8.0 0.6274509803921569 0.06314432989690721 0.0196078431372549 0.007731958762886598
3.0 0.5612745098039216 0.045103092783505154 0.004901960784313725 0.002577319587628866
3.0 0.5625 0.05025773195876289 0.007352941176470588 0.002577319587628866
3.0 0.5502450980392157 0.05025773195876289 0.007352941176470588 0.002577319587628866
3.0 0.553921568627451 0.04768041237113402 0.004901960784313725 0.002577319587628866
3.0 0.5992647058823529 0.06443298969072164 0.012254901960784314 0.005154639175257732
3.0 0.6176470588235294 0.06829896907216494 0.00980392156862745 0.002577319587628866
3.0 0.616421568627451 0.07989690721649484 0.022058823529411766 0.010309278350515464
3.0 0.553921568627451 0.04768041237113402 0.004901960784313725 0.002577319587628866
3.0 0.5355392156862745 0.04768041237113402 0.007352941176470588 0.002577319587628866
3.0 0.5404411764705882 0.04768041237113402 0.007352941176470588 0.002577319587628866
3.0 0.5453431372549019 0.04768041237113402 0.007352941176470588 0.002577319587628866
3.0 0.5453431372549019 0.045103092783505154 0.007352941176470588 0.002577319587628866
8.0 0.5232843137254902 0.04768041237113402 0.01715686274509804 0.007731958762886598
8.0 0.5367647058823529 0.04639175257731959 0.014705882352941176 0.005154639175257732
3.0 0.508578431372549 0.04768041237113402 0.007352941176470588 0.002577319587628866
3.0 0.48651960784313725 0.05154639175257732 0.01715686274509804 0.005154639175257732
3.0 0.4987745098039216 0.04768041237113402 0.007352941176470588 0.002577319587628866
3.0 0.49264705882352944 0.04896907216494845 0.004901960784313725 0.005154639175257732
3.0 0.4852941176470588 0.05025773195876289 0.00980392156862745 0.002577319587628866
3.0 0.4644607843137255 0.05798969072164949 0.012254901960784314 0.002577319587628866
3.0 0.4411764705882353 0.06314432989690721 0.00980392156862745 0.002577319587628866
3.0 0.4338235294117647 0.06572164948453608 0.014705882352941176 0.007731958762886598
3.0 0.4264705882352941 0.06701030927835051 0.014705882352941176 0.005154639175257732
3.0 0.42034313725490197 0.07087628865979381 0.01715686274509804 0.007731958762886598
3.0 0.41299019607843135 0.07345360824742268 0.01715686274509804 0.007731958762886598
3.0 0.39338235294117646 0.07989690721649484 0.022058823529411766 0.010309278350515464
3.0 0.3786764705882353 0.08634020618556701 0.022058823529411766 0.01288659793814433
3.0 0.3786764705882353 0.08247422680412371 0.041666666666666664 0.015463917525773196
1.0 0.35784313725490197 0.09536082474226804 0.00980392156862745 0.010309278350515464
2.0 0.35784313725490197 0.09664948453608248 0.00980392156862745 0.007731958762886598
3.0 0.34558823529411764 0.09278350515463918 0.024509803921568627 0.015463917525773196
0.0 0.007352941176470588 0.47036082474226804 0.004901960784313725 0.03350515463917526
3.0 0.00857843137254902 0.42783505154639173 0.01715686274509804 0.04639175257731959
3.0 0.01838235294117647 0.41237113402061853 0.022058823529411766 0.04639175257731959
3.0 0.025735294117647058 0.39304123711340205 0.022058823529411766 0.04896907216494845
0.0 0.031862745098039214 0.3943298969072165 0.00980392156862745 0.03608247422680412
3.0 0.03308823529411765 0.37757731958762886 0.02696078431372549 0.04896907216494845
3.0 0.041666666666666664 0.3646907216494845 0.029411764705882353 0.04896907216494845
0.0 0.041666666666666664 0.3788659793814433 0.00980392156862745 0.03608247422680412
0.0 0.04534313725490196 0.37628865979381443 0.012254901960784314 0.041237113402061855
3.0 0.05024509803921569 0.3492268041237113 0.031862745098039214 0.04896907216494845
3.0 0.061274509803921566 0.33118556701030927 0.029411764705882353 0.04896907216494845
3.0 0.06740196078431372 0.31958762886597936 0.02696078431372549 0.041237113402061855
3.0 0.07230392156862746 0.30927835051546393 0.02696078431372549 0.03608247422680412
3.0 0.08700980392156862 0.28865979381443296 0.03676470588235294 0.05154639175257732
3.0 0.09558823529411764 0.27963917525773196 0.03431372549019608 0.04381443298969072
0.0 0.0821078431372549 0.3118556701030928 0.012254901960784314 0.030927835051546393
0.0 0.08823529411764706 0.3002577319587629 0.014705882352941176 0.028350515463917526
0.0 0.09191176470588236 0.2963917525773196 0.012254901960784314 0.030927835051546393
3.0 0.125 0.2422680412371134 0.0392156862745098 0.041237113402061855
3.0 0.13725490196078433 0.22938144329896906 0.04411764705882353 0.041237113402061855
4.0 0.14583333333333334 0.2190721649484536 0.03676470588235294 0.041237113402061855
3.0 0.15441176470588236 0.21005154639175258 0.03431372549019608 0.03350515463917526
3.0 0.16299019607843138 0.20103092783505155 0.03676470588235294 0.03608247422680412
0.0 0.1568627450980392 0.19845360824742267 0.00980392156862745 0.015463917525773196
0.0 0.18137254901960784 0.19329896907216496 0.014705882352941176 0.020618556701030927
4.0 0.17892156862745098 0.18814432989690721 0.0392156862745098 0.03608247422680412
0.0 0.19975490196078433 0.18685567010309279 0.01715686274509804 0.023195876288659795
0.0 0.20710784313725492 0.18298969072164947 0.01715686274509804 0.020618556701030927
0.0 0.21568627450980393 0.17783505154639176 0.014705882352941176 0.020618556701030927
0.0 0.22794117647058823 0.16881443298969073 0.0196078431372549 0.023195876288659795
0.0 0.22916666666666666 0.15463917525773196 0.012254901960784314 0.015463917525773196
0.0 0.21568627450980393 0.16494845360824742 0.014705882352941176 0.020618556701030927
0.0 0.28308823529411764 0.12371134020618557 0.012254901960784314 0.010309278350515464
0.0 0.2647058823529412 0.13530927835051546 0.00980392156862745 0.01288659793814433
0.0 0.2696078431372549 0.13144329896907217 0.014705882352941176 0.015463917525773196
0.0 0.3541666666666667 0.08634020618556701 0.007352941176470588 0.007731958762886598
0.0 0.4068627450980392 0.06572164948453608 0.00980392156862745 0.007731958762886598
0.0 0.4485294117647059 0.059278350515463915 0.004901960784313725 0.005154639175257732
0.0 0.4411764705882353 0.059278350515463915 0.004901960784313725 0.005154639175257732
0.0 0.43504901960784315 0.061855670103092786 0.007352941176470588 0.005154639175257732
0.0 0.42892156862745096 0.06443298969072164 0.004901960784313725 0.005154639175257732
0.0 0.42401960784313725 0.06443298969072164 0.00980392156862745 0.005154639175257732
