3.0 0.18427230046948356 0.10256410256410256 0.01643192488262911 0.015384615384615385
3.0 0.21713615023474178 0.0858974358974359 0.02112676056338028 0.017948717948717947
3.0 0.1772300469483568 0.1141025641025641 0.02112676056338028 0.023076923076923078
3.0 0.18896713615023475 0.11538461538461539 0.025821596244131457 0.02564102564102564
3.0 0.2136150234741784 0.09615384615384616 0.023474178403755867 0.023076923076923078
3.0 0.21948356807511737 0.09743589743589744 0.03051643192488263 0.02564102564102564
3.0 0.21948356807511737 0.12051282051282051 0.04460093896713615 0.041025641025641026
3.0 0.16784037558685447 0.2 0.04460093896713615 0.05641025641025641
3.0 0.22300469483568075 0.1564102564102564 0.056338028169014086 0.05641025641025641
3.0 0.2981220657276995 0.07564102564102564 0.046948356807511735 0.028205128205128206
0.0 0.20774647887323944 0.09102564102564102 0.007042253521126761 0.007692307692307693
3.0 0.24178403755868544 0.07051282051282051 0.023474178403755867 0.017948717948717947
9.0 0.3591549295774648 0.05512820512820513 0.03755868544600939 0.017948717948717947
0.0 0.36384976525821594 0.04871794871794872 0.009389671361502348 0.005128205128205128
0.0 0.38028169014084506 0.04487179487179487 0.009389671361502348 0.007692307692307693
3.0 0.3908450704225352 0.15897435897435896 0.10093896713615023 0.06666666666666667
3.0 0.34507042253521125 0.14102564102564102 0.07511737089201878 0.05128205128205128
3.0 0.7241784037558685 0.6974358974358974 0.12910798122065728 0.1641025641025641
3.0 0.7805164319248826 0.7064102564102565 0.10093896713615023 0.14615384615384616
3.0 0.8262910798122066 0.7217948717948718 0.08450704225352113 0.13076923076923078
4.0 0.5246478873239436 0.5756410256410256 0.18544600938967137 0.18717948717948718
3.0 0.9730046948356808 0.5602564102564103 0.01643192488262911 0.0641025641025641
0.0 0.9518779342723005 0.55 0.002347417840375587 0.023076923076923078
9.0 0.9565727699530516 0.5423076923076923 0.002347417840375587 0.023076923076923078
3.0 0.994131455399061 0.4641025641025641 0.007042253521126761 0.03076923076923077
3.0 0.994131455399061 0.47692307692307695 0.007042253521126761 0.041025641025641026
