9.0 0.5392156862745098 0.9737569060773481 0.00980392156862745 0.008287292817679558
1.0 0.5379901960784313 0.9737569060773481 0.007352941176470588 0.0027624309392265192
3.0 0.5404411764705882 0.9433701657458563 0.01715686274509804 0.013812154696132596
3.0 0.49754901960784315 0.9488950276243094 0.014705882352941176 0.013812154696132596
4.0 0.5147058823529411 0.8052486187845304 0.014705882352941176 0.03038674033149171
5.0 0.40441176470588236 0.824585635359116 0.03431372549019608 0.052486187845303865
4.0 0.4227941176470588 0.7624309392265194 0.022058823529411766 0.027624309392265192
3.0 0.3946078431372549 0.75 0.024509803921568627 0.024861878453038673
5.0 0.3909313725490196 0.6837016574585635 0.031862745098039214 0.06906077348066299
3.0 0.41544117647058826 0.6657458563535912 0.022058823529411766 0.03314917127071823
3.0 0.40318627450980393 0.6077348066298343 0.022058823529411766 0.027624309392265192
3.0 0.46078431372549017 0.5649171270718232 0.0196078431372549 0.03038674033149171
8.0 0.5514705882352942 0.5607734806629834 0.029411764705882353 0.08839779005524862
4.0 0.5036764705882353 0.5165745856353591 0.01715686274509804 0.03867403314917127
8.0 0.5477941176470589 0.4419889502762431 0.02696078431372549 0.08839779005524862
3.0 0.41299019607843135 0.5400552486187845 0.01715686274509804 0.03038674033149171
4.0 0.38848039215686275 0.5317679558011049 0.01715686274509804 0.03591160220994475
4.0 0.3909313725490196 0.4958563535911602 0.01715686274509804 0.03038674033149171
3.0 0.36642156862745096 0.4903314917127072 0.01715686274509804 0.024861878453038673
3.0 0.4117647058823529 0.4986187845303867 0.0196078431372549 0.024861878453038673
3.0 0.41299019607843135 0.4613259668508287 0.01715686274509804 0.027624309392265192
3.0 0.3909313725490196 0.4516574585635359 0.01715686274509804 0.03038674033149171
3.0 0.3480392156862745 0.4419889502762431 0.014705882352941176 0.027624309392265192
3.0 0.37254901960784315 0.4212707182320442 0.014705882352941176 0.024861878453038673
3.0 0.41421568627450983 0.4281767955801105 0.014705882352941176 0.027624309392265192
3.0 0.43504901960784315 0.43370165745856354 0.01715686274509804 0.027624309392265192
3.0 0.46078431372549017 0.43646408839779005 0.0196078431372549 0.027624309392265192
5.0 0.5 0.3784530386740331 0.03431372549019608 0.049723756906077346
3.0 0.5208333333333334 0.3660220994475138 0.031862745098039214 0.024861878453038673
3.0 0.3321078431372549 0.38812154696132595 0.02696078431372549 0.024861878453038673
3.0 0.26838235294117646 0.3812154696132597 0.031862745098039214 0.022099447513812154
3.0 0.2610294117647059 0.3701657458563536 0.02696078431372549 0.022099447513812154
3.0 0.2267156862745098 0.34668508287292815 0.022058823529411766 0.019337016574585635
8.0 0.21691176470588236 0.3342541436464088 0.031862745098039214 0.027624309392265192
3.0 0.25980392156862747 0.32320441988950277 0.029411764705882353 0.022099447513812154
3.0 0.3075980392156863 0.31215469613259667 0.031862745098039214 0.022099447513812154
3.0 0.36151960784313725 0.30386740331491713 0.02696078431372549 0.016574585635359115
3.0 0.46078431372549017 0.30939226519337015 0.03431372549019608 0.016574585635359115
3.0 0.6433823529411765 0.3383977900552486 0.03676470588235294 0.024861878453038673
8.0 0.6985294117647058 0.3356353591160221 0.06862745098039216 0.04696132596685083
3.0 0.7818627450980392 0.3798342541436464 0.0196078431372549 0.024861878453038673
5.0 0.8063725490196079 0.39088397790055246 0.024509803921568627 0.024861878453038673
8.0 0.8394607843137255 0.393646408839779 0.022058823529411766 0.024861878453038673
3.0 0.8651960784313726 0.39917127071823205 0.0196078431372549 0.024861878453038673
3.0 0.7806372549019608 0.34806629834254144 0.022058823529411766 0.022099447513812154
8.0 0.8995098039215687 0.3784530386740331 0.024509803921568627 0.03314917127071823
3.0 0.9485294117647058 0.43646408839779005 0.004901960784313725 0.011049723756906077
3.0 0.9448529411764706 0.4281767955801105 0.007352941176470588 0.016574585635359115
5.0 0.9436274509803921 0.4198895027624309 0.00980392156862745 0.022099447513812154
8.0 0.9583333333333334 0.42955801104972374 0.00980392156862745 0.024861878453038673
3.0 0.9154411764705882 0.34806629834254144 0.007352941176470588 0.011049723756906077
3.0 0.8517156862745098 0.27348066298342544 0.007352941176470588 0.011049723756906077
3.0 0.8443627450980392 0.26519337016574585 0.007352941176470588 0.011049723756906077
3.0 0.8431372549019608 0.25828729281767954 0.00980392156862745 0.013812154696132596
8.0 0.8468137254901961 0.255524861878453 0.007352941176470588 0.013812154696132596
4.0 0.8357843137254902 0.22513812154696133 0.00980392156862745 0.013812154696132596
3.0 0.8406862745098039 0.23756906077348067 0.00980392156862745 0.011049723756906077
5.0 0.8394607843137255 0.22790055248618785 0.012254901960784314 0.019337016574585635
3.0 0.9509803921568627 0.569060773480663 0.004901960784313725 0.011049723756906077
3.0 0.9522058823529411 0.5607734806629834 0.007352941176470588 0.011049723756906077
3.0 0.9509803921568627 0.5552486187845304 0.004901960784313725 0.011049723756906077
3.0 0.9509803921568627 0.5497237569060773 0.004901960784313725 0.011049723756906077
3.0 0.9497549019607843 0.5441988950276243 0.007352941176470588 0.011049723756906077
3.0 0.9485294117647058 0.5386740331491713 0.004901960784313725 0.011049723756906077
8.0 0.09436274509803921 0.3632596685082873 0.012254901960784314 0.03591160220994475
3.0 0.1017156862745098 0.3397790055248619 0.007352941176470588 0.016574585635359115
3.0 0.1213235294117647 0.28591160220994477 0.007352941176470588 0.013812154696132596
3.0 0.13602941176470587 0.255524861878453 0.007352941176470588 0.013812154696132596
8.0 0.05759803921568627 0.43922651933701656 0.012254901960784314 0.022099447513812154
4.0 0.00980392156862745 0.4447513812154696 0.004901960784313725 0.011049723756906077
3.0 0.011029411764705883 0.43922651933701656 0.0024509803921568627 0.011049723756906077
3.0 0.015931372549019607 0.42265193370165743 0.0024509803921568627 0.011049723756906077
3.0 0.0196078431372549 0.4074585635359116 0.004901960784313725 0.008287292817679558
3.0 0.022058823529411766 0.39917127071823205 0.004901960784313725 0.008287292817679558
3.0 0.024509803921568627 0.38812154696132595 0.004901960784313725 0.008287292817679558
5.0 0.4105392156862745 0.28314917127071826 0.041666666666666664 0.03038674033149171
3.0 0.37254901960784315 0.2886740331491713 0.029411764705882353 0.019337016574585635
3.0 0.4375 0.2569060773480663 0.01715686274509804 0.016574585635359115
3.0 0.41299019607843135 0.24585635359116023 0.012254901960784314 0.016574585635359115
3.0 0.44362745098039214 0.23342541436464087 0.00980392156862745 0.013812154696132596
8.0 0.41544117647058826 0.2085635359116022 0.022058823529411766 0.04143646408839779
3.0 0.49019607843137253 0.2265193370165746 0.014705882352941176 0.016574585635359115
8.0 0.5110294117647058 0.22513812154696133 0.012254901960784314 0.024861878453038673
3.0 0.5061274509803921 0.20303867403314918 0.012254901960784314 0.013812154696132596
3.0 0.5257352941176471 0.20441988950276244 0.012254901960784314 0.016574585635359115
5.0 0.5012254901960784 0.15883977900552487 0.01715686274509804 0.024861878453038673
3.0 0.4963235294117647 0.12569060773480664 0.007352941176470588 0.008287292817679558
3.0 0.4338235294117647 0.12430939226519337 0.00980392156862745 0.011049723756906077
3.0 0.44607843137254904 0.11740331491712708 0.00980392156862745 0.008287292817679558
8.0 0.4387254901960784 0.09806629834254144 0.014705882352941176 0.019337016574585635
3.0 0.4534313725490196 0.06767955801104972 0.00980392156862745 0.0027624309392265192
8.0 0.44607843137254904 0.05662983425414365 0.00980392156862745 0.008287292817679558
8.0 0.4485294117647059 0.04696132596685083 0.00980392156862745 0.0055248618784530384
8.0 0.43995098039215685 0.04419889502762431 0.012254901960784314 0.011049723756906077
8.0 0.4583333333333333 0.04005524861878453 0.00980392156862745 0.008287292817679558
