9.0 0.1927570093457944 0.7900485436893204 0.02570093457943925 0.02669902912621359
3.0 0.4439252336448598 0.8725728155339806 0.08878504672897196 0.03155339805825243
3.0 0.42757009345794394 0.883495145631068 0.10747663551401869 0.03398058252427184
3.0 0.4077102803738318 0.8980582524271845 0.09579439252336448 0.03398058252427184
3.0 0.3925233644859813 0.9077669902912622 0.102803738317757 0.038834951456310676
2.0 0.7289719626168224 0.9344660194174758 0.028037383177570093 0.019417475728155338
2.0 0.7114485981308412 0.933252427184466 0.016355140186915886 0.012135922330097087
2.0 0.7242990654205608 0.9235436893203883 0.02336448598130841 0.012135922330097087
2.0 0.7897196261682243 0.8713592233009708 0.018691588785046728 0.014563106796116505
2.0 0.7862149532710281 0.8774271844660194 0.02102803738317757 0.01699029126213592
2.0 0.7815420560747663 0.8822815533980582 0.02102803738317757 0.01699029126213592
2.0 0.7768691588785047 0.8895631067961165 0.02102803738317757 0.01699029126213592
2.0 0.772196261682243 0.8932038834951457 0.02102803738317757 0.014563106796116505
1.0 0.8037383177570093 0.8713592233009708 0.014018691588785047 0.014563106796116505
2.0 0.8002336448598131 0.8774271844660194 0.011682242990654205 0.012135922330097087
4.0 0.7698598130841121 0.9077669902912622 0.04439252336448598 0.038834951456310676
3.0 0.7441588785046729 0.9344660194174758 0.04439252336448598 0.03398058252427184
1.0 0.7733644859813084 0.9150485436893204 0.014018691588785047 0.009708737864077669
2.0 0.7698598130841121 0.9199029126213593 0.011682242990654205 0.009708737864077669
3.0 0.8387850467289719 0.816747572815534 0.03271028037383177 0.0412621359223301
3.0 0.8598130841121495 0.779126213592233 0.03271028037383177 0.04854368932038835
4.0 0.889018691588785 0.6990291262135923 0.04906542056074766 0.10679611650485436
3.0 0.9228971962616822 0.45995145631067963 0.009345794392523364 0.03155339805825243
3.0 0.9252336448598131 0.49150485436893204 0.009345794392523364 0.03640776699029126
1.0 0.9217289719626168 0.633495145631068 0.007009345794392523 0.019417475728155338
0.0 0.9158878504672897 0.6553398058252428 0.009345794392523364 0.02912621359223301
2.0 0.9205607476635514 0.6407766990291263 0.004672897196261682 0.014563106796116505
3.0 0.927570093457944 0.6601941747572816 0.018691588785046728 0.043689320388349516
3.0 0.947429906542056 0.5521844660194175 0.007009345794392523 0.0412621359223301
3.0 0.9334112149532711 0.3762135922330097 0.011682242990654205 0.02912621359223301
3.0 0.947429906542056 0.42718446601941745 0.007009345794392523 0.02912621359223301
3.0 0.8504672897196262 0.16868932038834952 0.004672897196261682 0.007281553398058253
3.0 0.8598130841121495 0.17597087378640777 0.004672897196261682 0.007281553398058253
5.0 0.866822429906542 0.18325242718446602 0.009345794392523364 0.012135922330097087
3.0 0.8691588785046729 0.18325242718446602 0.004672897196261682 0.007281553398058253
3.0 0.8726635514018691 0.19053398058252427 0.007009345794392523 0.007281553398058253
3.0 0.8796728971962616 0.19781553398058252 0.007009345794392523 0.007281553398058253
3.0 0.883177570093458 0.20388349514563106 0.004672897196261682 0.0048543689320388345
3.0 0.8878504672897196 0.2111650485436893 0.009345794392523364 0.014563106796116505
4.0 0.8539719626168224 0.17354368932038836 0.007009345794392523 0.007281553398058253
3.0 0.8574766355140186 0.1783980582524272 0.004672897196261682 0.007281553398058253
3.0 0.8633177570093458 0.18325242718446602 0.007009345794392523 0.007281553398058253
3.0 0.8644859813084113 0.19174757281553398 0.009345794392523364 0.014563106796116505
3.0 0.860981308411215 0.18325242718446602 0.007009345794392523 0.007281553398058253
3.0 0.8679906542056075 0.1941747572815534 0.007009345794392523 0.009708737864077669
3.0 0.8691588785046729 0.19053398058252427 0.004672897196261682 0.007281553398058253
3.0 0.8703271028037384 0.1941747572815534 0.007009345794392523 0.009708737864077669
3.0 0.8761682242990654 0.20024271844660194 0.004672897196261682 0.007281553398058253
3.0 0.8761682242990654 0.20266990291262135 0.004672897196261682 0.007281553398058253
3.0 0.8703271028037384 0.19902912621359223 0.007009345794392523 0.009708737864077669
3.0 0.8796728971962616 0.21237864077669902 0.007009345794392523 0.007281553398058253
3.0 0.883177570093458 0.21237864077669902 0.004672897196261682 0.007281553398058253
3.0 0.8878504672897196 0.2196601941747573 0.004672897196261682 0.007281553398058253
3.0 0.8855140186915887 0.2220873786407767 0.009345794392523364 0.012135922330097087
3.0 0.8960280373831776 0.22815533980582525 0.007009345794392523 0.009708737864077669
0.0 0.8738317757009346 0.1929611650485437 0.004672897196261682 0.007281553398058253
3.0 0.9310747663551402 0.32160194174757284 0.007009345794392523 0.01699029126213592
3.0 0.9439252336448598 0.33737864077669905 0.009345794392523364 0.019417475728155338
3.0 0.927570093457944 0.30097087378640774 0.009345794392523364 0.014563106796116505
3.0 0.9170560747663551 0.2827669902912621 0.007009345794392523 0.012135922330097087
3.0 0.9042056074766355 0.25606796116504854 0.009345794392523364 0.012135922330097087
3.0 0.8936915887850467 0.2366504854368932 0.007009345794392523 0.012135922330097087
3.0 0.8925233644859814 0.23058252427184467 0.004672897196261682 0.009708737864077669
3.0 0.9007009345794392 0.24393203883495146 0.007009345794392523 0.012135922330097087
3.0 0.905373831775701 0.2536407766990291 0.007009345794392523 0.012135922330097087
3.0 0.9123831775700935 0.25970873786407767 0.007009345794392523 0.009708737864077669
3.0 0.9112149532710281 0.2657766990291262 0.009345794392523364 0.012135922330097087
3.0 0.9170560747663551 0.27184466019417475 0.007009345794392523 0.009708737864077669
3.0 0.9170560747663551 0.279126213592233 0.007009345794392523 0.014563106796116505
3.0 0.9264018691588785 0.2912621359223301 0.007009345794392523 0.014563106796116505
3.0 0.9345794392523364 0.3131067961165049 0.004672897196261682 0.014563106796116505
3.0 0.9310747663551402 0.2912621359223301 0.007009345794392523 0.009708737864077669
3.0 0.9345794392523364 0.29975728155339804 0.004672897196261682 0.012135922330097087
3.0 0.9392523364485982 0.3118932038834951 0.004672897196261682 0.012135922330097087
3.0 0.9450934579439252 0.32281553398058255 0.007009345794392523 0.014563106796116505
3.0 0.9380841121495327 0.3313106796116505 0.007009345794392523 0.01699029126213592
3.0 0.905373831775701 0.32524271844660196 0.011682242990654205 0.024271844660194174
3.0 0.9007009345794392 0.3058252427184466 0.011682242990654205 0.019417475728155338
3.0 0.8913551401869159 0.2827669902912621 0.016355140186915886 0.03155339805825243
4.0 0.8820093457943925 0.25606796116504854 0.02102803738317757 0.03640776699029126
1.0 0.8983644859813084 0.22936893203883496 0.002336448598130841 0.0024271844660194173
9.0 0.9007009345794392 0.23179611650485438 0.002336448598130841 0.0024271844660194173
8.0 0.8995327102803738 0.2366504854368932 0.014018691588785047 0.021844660194174758
1.0 0.9030373831775701 0.23907766990291263 0.002336448598130841 0.007281553398058253
1.0 0.9018691588785047 0.23786407766990292 0.004672897196261682 0.0048543689320388345
1.0 0.9100467289719626 0.25 0.002336448598130841 0.0048543689320388345
2.0 0.9100467289719626 0.2524271844660194 0.002336448598130841 0.0048543689320388345
3.0 0.9100467289719626 0.24757281553398058 0.007009345794392523 0.009708737864077669
3.0 0.9158878504672897 0.2609223300970874 0.009345794392523364 0.01699029126213592
1.0 0.9205607476635514 0.27063106796116504 0.004672897196261682 0.007281553398058253
9.0 0.9217289719626168 0.27427184466019416 0.002336448598130841 0.0048543689320388345
0.0 0.905373831775701 0.30097087378640774 0.007009345794392523 0.014563106796116505
3.0 0.9521028037383178 0.3762135922330097 0.007009345794392523 0.019417475728155338
3.0 0.955607476635514 0.3774271844660194 0.004672897196261682 0.01699029126213592
3.0 0.9567757009345794 0.41019417475728154 0.007009345794392523 0.019417475728155338
3.0 0.9614485981308412 0.41262135922330095 0.007009345794392523 0.019417475728155338
3.0 0.9672897196261683 0.46237864077669905 0.004672897196261682 0.01699029126213592
3.0 0.9672897196261683 0.49150485436893204 0.004672897196261682 0.01699029126213592
3.0 0.9719626168224299 0.4684466019417476 0.004672897196261682 0.019417475728155338
1.0 0.947429906542056 0.3325242718446602 0.002336448598130841 0.0048543689320388345
2.0 0.947429906542056 0.33495145631067963 0.002336448598130841 0.0048543689320388345
3.0 0.9228971962616822 0.27305825242718446 0.004672897196261682 0.007281553398058253
3.0 0.9158878504672897 0.24635922330097088 0.009345794392523364 0.012135922330097087
2.0 0.9544392523364486 0.35194174757281554 0.002336448598130841 0.009708737864077669
3.0 0.9637850467289719 0.3762135922330097 0.007009345794392523 0.014563106796116505
3.0 0.9707943925233645 0.4053398058252427 0.002336448598130841 0.014563106796116505
3.0 0.9742990654205608 0.4186893203883495 0.004672897196261682 0.01699029126213592
1.0 0.9766355140186916 0.45995145631067963 0.0 0.007281553398058253
1.0 0.977803738317757 0.46116504854368934 0.002336448598130841 0.009708737864077669
2.0 0.9766355140186916 0.46601941747572817 0.0 0.0048543689320388345
2.0 0.977803738317757 0.4672330097087379 0.002336448598130841 0.007281553398058253
2.0 0.977803738317757 0.4308252427184466 0.002336448598130841 0.007281553398058253
3.0 0.977803738317757 0.44538834951456313 0.002336448598130841 0.01699029126213592
3.0 0.9801401869158879 0.46116504854368934 0.002336448598130841 0.019417475728155338
1.0 0.9789719626168224 0.5 0.0 0.009708737864077669
9.0 0.9789719626168224 0.5060679611650486 0.0 0.012135922330097087
1.0 0.9789719626168224 0.4866504854368932 0.0 0.012135922330097087
2.0 0.9789719626168224 0.49029126213592233 0.0 0.009708737864077669
3.0 0.9813084112149533 0.49150485436893204 0.004672897196261682 0.01699029126213592
3.0 0.8808411214953271 0.8094660194174758 0.03271028037383177 0.04611650485436893
3.0 0.866822429906542 0.8398058252427184 0.03271028037383177 0.038834951456310676
3.0 0.9135514018691588 0.7281553398058253 0.02336448598130841 0.043689320388349516
3.0 0.9591121495327103 0.5521844660194175 0.007009345794392523 0.03155339805825243
2.0 0.9871495327102804 0.5072815533980582 0.002336448598130841 0.009708737864077669
2.0 0.9871495327102804 0.5121359223300971 0.002336448598130841 0.009708737864077669
2.0 0.9848130841121495 0.5254854368932039 0.002336448598130841 0.007281553398058253
9.0 0.9848130841121495 0.5315533980582524 0.002336448598130841 0.009708737864077669
1.0 0.9801401869158879 0.5436893203883495 0.002336448598130841 0.014563106796116505
2.0 0.9801401869158879 0.5485436893203883 0.002336448598130841 0.009708737864077669
3.0 0.9731308411214953 0.5861650485436893 0.007009345794392523 0.02669902912621359
3.0 0.9836448598130841 0.5546116504854369 0.004672897196261682 0.021844660194174758
3.0 0.9824766355140186 0.5788834951456311 0.007009345794392523 0.021844660194174758
1.0 0.9766355140186916 0.6055825242718447 0.004672897196261682 0.012135922330097087
1.0 0.9754672897196262 0.6104368932038835 0.002336448598130841 0.012135922330097087
3.0 0.9801401869158879 0.6019417475728155 0.007009345794392523 0.02912621359223301
3.0 0.9766355140186916 0.6225728155339806 0.009345794392523364 0.03155339805825243
3.0 0.9731308411214953 0.6432038834951457 0.011682242990654205 0.02912621359223301
1.0 0.9661214953271028 0.6638349514563107 0.002336448598130841 0.012135922330097087
9.0 0.9649532710280374 0.6674757281553398 0.004672897196261682 0.014563106796116505
3.0 0.9287383177570093 0.7524271844660194 0.02102803738317757 0.038834951456310676
3.0 0.9684579439252337 0.6699029126213593 0.011682242990654205 0.03398058252427184
3.0 0.9626168224299065 0.691747572815534 0.014018691588785047 0.03398058252427184
3.0 0.9544392523364486 0.7160194174757282 0.016355140186915886 0.03398058252427184
3.0 0.9532710280373832 0.662621359223301 0.014018691588785047 0.03398058252427184
3.0 0.9637850467289719 0.6310679611650486 0.011682242990654205 0.03398058252427184
0.0 0.985981308411215 0.46480582524271846 0.0 0.012135922330097087
2.0 0.7920560747663551 0.8434466019417476 0.018691588785046728 0.021844660194174758
0.0 0.8878504672897196 0.25849514563106796 0.004672897196261682 0.012135922330097087
