3.0 0.7303921568627451 0.865979381443299 0.20098039215686275 0.19072164948453607
3.0 0.8725490196078431 0.6907216494845361 0.14705882352941177 0.18041237113402062
3.0 0.8676470588235294 0.6056701030927835 0.13725490196078433 0.16494845360824742
3.0 0.8762254901960784 0.4896907216494845 0.08088235294117647 0.13402061855670103
3.0 0.8357843137254902 0.2912371134020619 0.11274509803921569 0.14432989690721648
0.0 0.8026960784313726 0.40463917525773196 0.03676470588235294 0.1134020618556701
0.0 0.6911764705882353 0.30283505154639173 0.049019607843137254 0.1056701030927835
0.0 0.6568627450980392 0.5592783505154639 0.08333333333333333 0.14948453608247422
4.0 0.0784313725490196 0.7822164948453608 0.09313725490196079 0.15721649484536082
3.0 0.05024509803921569 0.5399484536082474 0.04656862745098039 0.18298969072164947
5.0 0.11642156862745098 0.2847938144329897 0.11519607843137254 0.19845360824742267
3.0 0.20588235294117646 0.13530927835051546 0.0784313725490196 0.06443298969072164
0.0 0.6580882352941176 0.055412371134020616 0.022058823529411766 0.01804123711340206
3.0 0.553921568627451 0.04381443298969072 0.08333333333333333 0.020618556701030927
3.0 0.4644607843137255 0.03350515463917526 0.04656862745098039 0.015463917525773196
3.0 0.42892156862745096 0.011597938144329897 0.024509803921568627 0.007731958762886598
3.0 0.31985294117647056 0.03479381443298969 0.031862745098039214 0.01804123711340206
0.0 0.4068627450980392 0.02190721649484536 0.014705882352941176 0.007731958762886598
8.0 0.06862745098039216 0.23324742268041238 0.06372549019607843 0.09536082474226804
0.0 0.20710784313725492 0.10309278350515463 0.01715686274509804 0.020618556701030927
0.0 0.7034313725490197 0.11082474226804123 0.029411764705882353 0.03608247422680412
6.0 0.6605392156862745 0.1559278350515464 0.0857843137254902 0.06958762886597938
6.0 0.6593137254901961 0.1211340206185567 0.06862745098039216 0.05154639175257732
3.0 0.49264705882352944 0.006443298969072165 0.024509803921568627 0.007731958762886598
0.0 0.46691176470588236 0.007731958762886598 0.007352941176470588 0.005154639175257732
0.0 0.47181372549019607 0.005154639175257732 0.007352941176470588 0.005154639175257732
3.0 0.44485294117647056 0.003865979381443299 0.022058823529411766 0.007731958762886598
4.0 0.34068627450980393 0.024484536082474227 0.024509803921568627 0.01288659793814433
9.0 0.5563725490196079 0.01288659793814433 0.00980392156862745 0.005154639175257732
