5.0 0.5379901960784313 0.023195876288659795 0.007352941176470588 0.005154639175257732
5.0 0.5318627450980392 0.027061855670103094 0.004901960784313725 0.002577319587628866
5.0 0.5392156862745098 0.05025773195876289 0.014705882352941176 0.007731958762886598
5.0 0.4963235294117647 0.06443298969072164 0.031862745098039214 0.015463917525773196
5.0 0.47058823529411764 0.16752577319587628 0.029411764705882353 0.030927835051546393
5.0 0.46078431372549017 0.14175257731958762 0.029411764705882353 0.020618556701030927
3.0 0.29901960784313725 0.7835051546391752 0.049019607843137254 0.05670103092783505
3.0 0.3713235294117647 0.32603092783505155 0.041666666666666664 0.04896907216494845
3.0 0.5122549019607843 0.08505154639175258 0.00980392156862745 0.005154639175257732
3.0 0.5159313725490197 0.05283505154639175 0.007352941176470588 0.002577319587628866
3.0 0.5870098039215687 0.059278350515463915 0.007352941176470588 0.005154639175257732
3.0 0.5416666666666666 0.045103092783505154 0.004901960784313725 0.002577319587628866
3.0 0.5441176470588235 0.03994845360824742 0.004901960784313725 0.002577319587628866
4.0 0.4840686274509804 0.1056701030927835 0.012254901960784314 0.010309278350515464
2.0 0.7291666666666666 0.5141752577319587 0.02696078431372549 0.01804123711340206
1.0 0.7303921568627451 0.5103092783505154 0.00980392156862745 0.020618556701030927
5.0 0.3786764705882353 0.045103092783505154 0.012254901960784314 0.007731958762886598
0.0 0.5147058823529411 0.12757731958762886 0.004901960784313725 0.007731958762886598
