0.0 0.012254901960784314 0.3867403314917127 0.004901960784313725 0.022099447513812154
1.0 0.013480392156862746 0.3825966850828729 0.0024509803921568627 0.013812154696132596
0.0 0.0024509803921568627 0.5317679558011049 0.004901960784313725 0.03038674033149171
0.0 0.0012254901960784314 0.5345303867403315 0.0024509803921568627 0.024861878453038673
9.0 0.0024509803921568627 0.5013812154696132 0.004901960784313725 0.03038674033149171
9.0 0.0012254901960784314 0.5193370165745856 0.0024509803921568627 0.022099447513812154
0.0 0.020833333333333332 0.6270718232044199 0.007352941176470588 0.027624309392265192
0.0 0.03799019607843137 0.6795580110497238 0.007352941176470588 0.022099447513812154
0.0 0.06372549019607843 0.755524861878453 0.00980392156862745 0.024861878453038673
0.0 0.0661764705882353 0.7596685082872928 0.00980392156862745 0.016574585635359115
0.0 0.0661764705882353 0.7541436464088398 0.00980392156862745 0.022099447513812154
0.0 0.11887254901960784 0.835635359116022 0.01715686274509804 0.024861878453038673
0.0 0.11887254901960784 0.8425414364640884 0.01715686274509804 0.022099447513812154
9.0 0.004901960784313725 0.4958563535911602 0.004901960784313725 0.024861878453038673
9.0 0.004901960784313725 0.4903314917127072 0.004901960784313725 0.024861878453038673
9.0 0.00857843137254902 0.48342541436464087 0.007352941176470588 0.027624309392265192
9.0 0.00980392156862745 0.47651933701657456 0.004901960784313725 0.024861878453038673
9.0 0.012254901960784314 0.47099447513812154 0.004901960784313725 0.03038674033149171
9.0 0.013480392156862746 0.468232044198895 0.007352941176470588 0.03038674033149171
9.0 0.015931372549019607 0.4613259668508287 0.007352941176470588 0.027624309392265192
9.0 0.01838235294117647 0.4544198895027624 0.007352941176470588 0.024861878453038673
9.0 0.020833333333333332 0.4488950276243094 0.007352941176470588 0.024861878453038673
9.0 0.024509803921568627 0.43646408839779005 0.004901960784313725 0.03314917127071823
0.0 0.14460784313725492 0.24447513812154695 0.014705882352941176 0.03038674033149171
0.0 0.14950980392156862 0.23895027624309392 0.014705882352941176 0.03038674033149171
4.0 0.15808823529411764 0.21823204419889503 0.056372549019607844 0.06629834254143646
4.0 0.20833333333333334 0.1685082872928177 0.058823529411764705 0.06077348066298342
0.0 0.24387254901960784 0.10773480662983426 0.012254901960784314 0.016574585635359115
0.0 0.26838235294117646 0.0925414364640884 0.012254901960784314 0.013812154696132596
0.0 0.34191176470588236 0.05386740331491713 0.007352941176470588 0.008287292817679558
0.0 0.35049019607843135 0.05110497237569061 0.00980392156862745 0.008287292817679558
3.0 0.3443627450980392 0.08011049723756906 0.051470588235294115 0.03314917127071823
3.0 0.2512254901960784 0.13950276243093923 0.056372549019607844 0.04696132596685083
4.0 0.30269607843137253 0.10497237569060773 0.061274509803921566 0.04419889502762431
4.0 0.44730392156862747 0.2638121546961326 0.2034313725490196 0.10773480662983426
4.0 0.24019607843137256 0.39917127071823205 0.15196078431372548 0.1574585635359116
4.0 0.21323529411764705 0.494475138121547 0.12745098039215685 0.17679558011049723
4.0 0.18382352941176472 0.5524861878453039 0.11764705882352941 0.1712707182320442
4.0 0.4007352941176471 0.3784530386740331 0.15441176470588236 0.19889502762430938
4.0 0.6985294117647058 0.27348066298342544 0.16666666666666666 0.12154696132596685
3.0 0.14705882352941177 0.6035911602209945 0.058823529411764705 0.10220994475138122
4.0 0.8284313725490197 0.3411602209944751 0.08333333333333333 0.09116022099447514
4.0 0.8909313725490197 0.3825966850828729 0.04656862745098039 0.07458563535911603
5.0 0.8970588235294118 0.3453038674033149 0.0392156862745098 0.09392265193370165
4.0 0.9191176470588235 0.3687845303867403 0.029411764705882353 0.0856353591160221
4.0 0.9350490196078431 0.393646408839779 0.01715686274509804 0.058011049723756904
3.0 0.9571078431372549 0.5290055248618785 0.022058823529411766 0.04696132596685083
4.0 0.7977941176470589 0.4212707182320442 0.09558823529411764 0.09668508287292818
4.0 0.6421568627450981 0.7361878453038674 0.21568627450980393 0.15193370165745856
4.0 0.7169117647058824 0.6146408839779005 0.16911764705882354 0.1464088397790055
4.0 0.8615196078431373 0.5290055248618785 0.07598039215686274 0.10220994475138122
3.0 0.8799019607843137 0.462707182320442 0.06372549019607843 0.07458563535911603
3.0 0.8725490196078431 0.49171270718232046 0.049019607843137254 0.07734806629834254
3.0 0.8553921568627451 0.5897790055248618 0.08333333333333333 0.10220994475138122
3.0 0.8394607843137255 0.6408839779005525 0.1053921568627451 0.12154696132596685
3.0 0.8161764705882353 0.6892265193370166 0.10294117647058823 0.11878453038674033
3.0 0.7855392156862745 0.7472375690607734 0.14460784313725492 0.1464088397790055
3.0 0.7291666666666666 0.7983425414364641 0.1642156862745098 0.13812154696132597
5.0 0.9056372549019608 0.6975138121546961 0.061274509803921566 0.1408839779005525
9.0 0.883578431372549 0.8287292817679558 0.041666666666666664 0.055248618784530384
9.0 0.8762254901960784 0.8259668508287292 0.04656862745098039 0.06077348066298342
9.0 0.8811274509803921 0.8121546961325967 0.04656862745098039 0.06077348066298342
9.0 0.8921568627450981 0.7928176795580111 0.04411764705882353 0.06077348066298342
9.0 0.8982843137254902 0.7776243093922652 0.041666666666666664 0.06353591160220995
