3.0 0.3075980392156863 0.9175257731958762 0.12009803921568628 0.0979381443298969
3.0 0.2769607843137255 0.7783505154639175 0.13725490196078433 0.18041237113402062
3.0 0.5220588235294118 0.961340206185567 0.07352941176470588 0.05154639175257732
3.0 0.8198529411764706 0.4007731958762887 0.12990196078431374 0.14175257731958762
3.0 0.7892156862745098 0.18041237113402062 0.14215686274509803 0.11855670103092783
3.0 0.7818627450980392 0.12371134020618557 0.11764705882352941 0.09278350515463918
3.0 0.7720588235294118 0.09407216494845361 0.10294117647058823 0.07474226804123711
4.0 0.8125 0.2551546391752577 0.13480392156862744 0.12371134020618557
5.0 0.2512254901960784 0.9252577319587629 0.1053921568627451 0.07731958762886598
3.0 0.11887254901960784 0.8427835051546392 0.0661764705882353 0.07216494845360824
3.0 0.10049019607843138 0.8105670103092784 0.06862745098039216 0.08505154639175258
4.0 0.08823529411764706 0.7783505154639175 0.058823529411764705 0.07731958762886598
3.0 0.06985294117647059 0.7345360824742269 0.061274509803921566 0.09278350515463918
4.0 0.04411764705882353 0.6288659793814433 0.04411764705882353 0.08762886597938144
3.0 0.03553921568627451 0.5618556701030928 0.03676470588235294 0.07731958762886598
3.0 0.03799019607843137 0.4742268041237113 0.031862745098039214 0.07731958762886598
3.0 0.04534313725490196 0.4059278350515464 0.041666666666666664 0.08505154639175258
3.0 0.061274509803921566 0.3389175257731959 0.058823529411764705 0.10051546391752578
3.0 0.08333333333333333 0.27448453608247425 0.06372549019607843 0.09020618556701031
3.0 0.10661764705882353 0.22422680412371135 0.07598039215686274 0.09278350515463918
3.0 0.12867647058823528 0.18041237113402062 0.07598039215686274 0.08247422680412371
3.0 0.1556372549019608 0.14175257731958762 0.0857843137254902 0.08247422680412371
3.0 0.18137254901960784 0.10824742268041238 0.08333333333333333 0.06701030927835051
3.0 0.08455882352941177 0.18814432989690721 0.03676470588235294 0.05154639175257732
3.0 0.11519607843137254 0.15463917525773196 0.0392156862745098 0.04639175257731959
3.0 0.015931372549019607 0.3801546391752577 0.02696078431372549 0.1056701030927835
1.0 0.40318627450980393 0.41494845360824745 0.041666666666666664 0.05154639175257732
2.0 0.3762254901960784 0.46134020618556704 0.03676470588235294 0.08762886597938144
0.0 0.8823529411764706 0.21649484536082475 0.0196078431372549 0.030927835051546393
0.0 0.8688725490196079 0.1958762886597938 0.022058823529411766 0.02577319587628866
0.0 0.9031862745098039 0.3079896907216495 0.01715686274509804 0.028350515463917526
0.0 0.8848039215686274 0.20747422680412372 0.0196078431372549 0.028350515463917526
0.0 0.928921568627451 0.3904639175257732 0.014705882352941176 0.03350515463917526
0.0 0.9252450980392157 0.3234536082474227 0.012254901960784314 0.023195876288659795
0.0 0.9227941176470589 0.3118556701030928 0.012254901960784314 0.020618556701030927
0.0 0.8308823529411765 0.12628865979381443 0.014705882352941176 0.015463917525773196
0.0 0.8492647058823529 0.13917525773195877 0.012254901960784314 0.015463917525773196
0.0 0.8198529411764706 0.11211340206185567 0.022058823529411766 0.023195876288659795
0.0 0.8259803921568627 0.11469072164948453 0.0196078431372549 0.01804123711340206
0.0 0.8419117647058824 0.13144329896907217 0.01715686274509804 0.020618556701030927
0.0 0.8394607843137255 0.13402061855670103 0.01715686274509804 0.020618556701030927
0.0 0.8566176470588235 0.163659793814433 0.01715686274509804 0.01804123711340206
0.0 0.8480392156862745 0.15335051546391754 0.0196078431372549 0.023195876288659795
9.0 0.8468137254901961 0.19201030927835053 0.041666666666666664 0.04896907216494845
9.0 0.9338235294117647 0.3711340206185567 0.0196078431372549 0.030927835051546393
0.0 0.9522058823529411 0.5128865979381443 0.007352941176470588 0.020618556701030927
0.0 0.9558823529411765 0.5154639175257731 0.004901960784313725 0.015463917525773196
2.0 0.9485294117647058 0.5463917525773195 0.014705882352941176 0.02577319587628866
2.0 0.946078431372549 0.5747422680412371 0.014705882352941176 0.02577319587628866
2.0 0.928921568627451 0.645618556701031 0.0196078431372549 0.028350515463917526
2.0 0.946078431372549 0.6018041237113402 0.014705882352941176 0.028350515463917526
0.0 0.8970588235294118 0.7564432989690721 0.0196078431372549 0.028350515463917526
0.0 0.9044117647058824 0.6945876288659794 0.014705882352941176 0.023195876288659795
6.0 0.8995098039215687 0.5992268041237113 0.0392156862745098 0.04896907216494845
9.0 0.8590686274509803 0.6121134020618557 0.031862745098039214 0.07474226804123711
2.0 0.821078431372549 0.6391752577319587 0.049019607843137254 0.05154639175257732
9.0 0.7855392156862745 0.6713917525773195 0.0661764705882353 0.059278350515463915
9.0 0.8897058823529411 0.5347938144329897 0.029411764705882353 0.028350515463917526
9.0 0.8811274509803921 0.49097938144329895 0.02696078431372549 0.059278350515463915
9.0 0.8860294117647058 0.6391752577319587 0.031862745098039214 0.041237113402061855
1.0 0.8700980392156863 0.6932989690721649 0.0196078431372549 0.030927835051546393
0.0 0.8125 0.895618556701031 0.02696078431372549 0.023195876288659795
0.0 0.7867647058823529 0.9072164948453608 0.029411764705882353 0.02577319587628866
4.0 0.7242647058823529 0.9291237113402062 0.07107843137254902 0.059278350515463915
0.0 0.866421568627451 0.8170103092783505 0.022058823529411766 0.02577319587628866
0.0 0.8075980392156863 0.8801546391752577 0.031862745098039214 0.028350515463917526
0.0 0.7598039215686274 0.9085051546391752 0.0196078431372549 0.01804123711340206
