4.0 0.8921568627450981 0.7430939226519337 0.04411764705882353 0.06077348066298342
4.0 0.06740196078431372 0.7237569060773481 0.031862745098039214 0.049723756906077346
4.0 0.03676470588235294 0.6616022099447514 0.024509803921568627 0.04696132596685083
4.0 0.13725490196078433 0.4198895027624309 0.06372549019607843 0.06077348066298342
3.0 0.17892156862745098 0.7223756906077348 0.06862745098039216 0.06353591160220995
3.0 0.05759803921568627 0.6477900552486188 0.02696078431372549 0.04696132596685083
3.0 0.8284313725490197 0.6270718232044199 0.07352941176470588 0.0718232044198895
3.0 0.9215686274509803 0.537292817679558 0.029411764705882353 0.04696132596685083
3.0 0.3897058823529412 0.013812154696132596 0.03431372549019608 0.016574585635359115
0.0 0.8259803921568627 0.11049723756906077 0.014705882352941176 0.016574585635359115
0.0 0.7953431372549019 0.09392265193370165 0.012254901960784314 0.011049723756906077
