3.0 0.013480392156862746 0.40193370165745856 0.007352941176470588 0.019337016574585635
3.0 0.025735294117647058 0.3080110497237569 0.007352941176470588 0.019337016574585635
3.0 0.025735294117647058 0.31077348066298344 0.007352941176470588 0.019337016574585635
3.0 0.02696078431372549 0.31353591160220995 0.00980392156862745 0.019337016574585635
4.0 0.029411764705882353 0.31353591160220995 0.00980392156862745 0.024861878453038673
4.0 0.031862745098039214 0.31353591160220995 0.00980392156862745 0.024861878453038673
4.0 0.049019607843137254 0.319060773480663 0.014705882352941176 0.03038674033149171
4.0 0.05759803921568627 0.319060773480663 0.01715686274509804 0.03038674033149171
4.0 0.06004901960784314 0.32320441988950277 0.01715686274509804 0.03314917127071823
4.0 0.0625 0.32320441988950277 0.01715686274509804 0.03314917127071823
5.0 0.03431372549019608 0.5704419889502762 0.014705882352941176 0.04696132596685083
5.0 0.07720588235294118 0.7320441988950276 0.031862745098039214 0.06077348066298342
0.0 0.11029411764705882 0.7762430939226519 0.00980392156862745 0.016574585635359115
0.0 0.9448529411764706 0.75 0.007352941176470588 0.013812154696132596
1.0 0.9840686274509803 0.6298342541436464 0.0024509803921568627 0.011049723756906077
1.0 0.9865196078431373 0.6201657458563536 0.0024509803921568627 0.008287292817679558
1.0 0.9497549019607843 0.4419889502762431 0.0024509803921568627 0.016574585635359115
4.0 0.9313725490196079 0.48066298342541436 0.014705882352941176 0.03867403314917127
4.0 0.9264705882352942 0.4958563535911602 0.0196078431372549 0.04143646408839779
3.0 0.9215686274509803 0.5193370165745856 0.0196078431372549 0.03314917127071823
5.0 0.9031862745098039 0.5842541436464088 0.04656862745098039 0.08011049723756906
3.0 0.8321078431372549 0.430939226519337 0.041666666666666664 0.055248618784530384
3.0 0.8235294117647058 0.457182320441989 0.0392156862745098 0.04696132596685083
4.0 0.8088235294117647 0.5207182320441989 0.049019607843137254 0.058011049723756904
8.0 0.49387254901960786 0.7016574585635359 0.2622549019607843 0.13812154696132597
8.0 0.5306372549019608 0.664364640883978 0.26715686274509803 0.16298342541436464
0.0 0.5428921568627451 0.6132596685082873 0.01715686274509804 0.03314917127071823
0.0 0.5698529411764706 0.600828729281768 0.012254901960784314 0.03038674033149171
8.0 0.5870098039215687 0.4723756906077348 0.15441176470588236 0.2265193370165746
8.0 0.34681372549019607 0.4240331491712707 0.15931372549019607 0.09116022099447514
8.0 0.4166666666666667 0.3867403314917127 0.1568627450980392 0.0718232044198895
8.0 0.4056372549019608 0.3453038674033149 0.14460784313725492 0.06629834254143646
8.0 0.4681372549019608 0.3080110497237569 0.14215686274509803 0.058011049723756904
8.0 0.7450980392156863 0.26933701657458564 0.14215686274509803 0.12430939226519337
0.0 0.6801470588235294 0.08839779005524862 0.007352941176470588 0.011049723756906077
0.0 0.6850490196078431 0.08977900552486189 0.007352941176470588 0.008287292817679558
8.0 0.6446078431372549 0.1408839779005525 0.09803921568627451 0.08287292817679558
8.0 0.43995098039215685 0.212707182320442 0.13970588235294118 0.11602209944751381
0.0 0.6458333333333334 0.16160220994475138 0.007352941176470588 0.013812154696132596
0.0 0.5134803921568627 0.023480662983425413 0.0024509803921568627 0.0027624309392265192
0.0 0.508578431372549 0.027624309392265192 0.0024509803921568627 0.0055248618784530384
0.0 0.4852941176470588 0.04143646408839779 0.004901960784313725 0.0055248618784530384
0.0 0.4730392156862745 0.04143646408839779 0.004901960784313725 0.0055248618784530384
0.0 0.4644607843137255 0.04696132596685083 0.007352941176470588 0.0055248618784530384
0.0 0.4485294117647059 0.04419889502762431 0.004901960784313725 0.0055248618784530384
0.0 0.4166666666666667 0.058011049723756904 0.004901960784313725 0.0055248618784530384
0.0 0.3946078431372549 0.0787292817679558 0.00980392156862745 0.008287292817679558
0.0 0.34681372549019607 0.09392265193370165 0.007352941176470588 0.011049723756906077
0.0 0.2928921568627451 0.1298342541436464 0.007352941176470588 0.011049723756906077
0.0 0.27941176470588236 0.1477900552486188 0.00980392156862745 0.013812154696132596
0.0 0.2610294117647059 0.16574585635359115 0.012254901960784314 0.016574585635359115
0.0 0.2647058823529412 0.1643646408839779 0.00980392156862745 0.013812154696132596
0.0 0.23529411764705882 0.18922651933701656 0.00980392156862745 0.013812154696132596
0.0 0.23897058823529413 0.1878453038674033 0.007352941176470588 0.011049723756906077
0.0 0.21323529411764705 0.2085635359116022 0.00980392156862745 0.013812154696132596
0.0 0.20955882352941177 0.21132596685082872 0.007352941176470588 0.013812154696132596
3.0 0.6519607843137255 0.8784530386740331 0.0784313725490196 0.049723756906077346
4.0 0.7132352941176471 0.8798342541436464 0.06862745098039216 0.052486187845303865
4.0 0.7683823529411765 0.8729281767955801 0.056372549019607844 0.049723756906077346
