3.0 0.8100490196078431 0.7667525773195877 0.11519607843137254 0.10051546391752578
3.0 0.9252450980392157 0.7461340206185567 0.07598039215686274 0.1211340206185567
3.0 0.9044117647058824 0.5837628865979382 0.05392156862745098 0.07989690721649484
3.0 0.47058823529411764 0.9110824742268041 0.16666666666666666 0.06443298969072164
3.0 0.29534313725490197 0.8969072164948454 0.14950980392156862 0.10309278350515463
3.0 0.2193627450980392 0.759020618556701 0.14460784313725492 0.14175257731958762
3.0 0.9681372549019608 0.5824742268041238 0.029411764705882353 0.07216494845360824
3.0 0.9693627450980392 0.5347938144329897 0.022058823529411766 0.059278350515463915
3.0 0.9877450980392157 0.5708762886597938 0.0196078431372549 0.059278350515463915
3.0 0.23161764705882354 0.9110824742268041 0.13480392156862744 0.10051546391752578
3.0 0.16911764705882354 0.8724226804123711 0.11274509803921569 0.11082474226804123
4.0 0.22058823529411764 0.8492268041237113 0.16176470588235295 0.14690721649484537
3.0 0.49019607843137253 0.26288659793814434 0.16176470588235295 0.06701030927835051
3.0 0.3014705882352941 0.24097938144329897 0.10784313725490197 0.07474226804123711
3.0 0.23897058823529413 0.28737113402061853 0.09558823529411764 0.09020618556701031
3.0 0.17279411764705882 0.31958762886597936 0.0661764705882353 0.08247422680412371
3.0 0.14215686274509803 0.29896907216494845 0.05392156862745098 0.06701030927835051
3.0 0.18504901960784315 0.2693298969072165 0.0661764705882353 0.06958762886597938
3.0 0.20098039215686275 0.23195876288659795 0.06862745098039216 0.06701030927835051
5.0 0.15073529411764705 0.2551546391752577 0.0661764705882353 0.07731958762886598
3.0 0.12009803921568628 0.2603092783505155 0.0392156862745098 0.05154639175257732
3.0 0.1213235294117647 0.2345360824742268 0.03676470588235294 0.04639175257731959
3.0 0.10661764705882353 0.2551546391752577 0.031862745098039214 0.04639175257731959
3.0 0.1017156862745098 0.2345360824742268 0.02696078431372549 0.03608247422680412
3.0 0.8615196078431373 0.31829896907216493 0.056372549019607844 0.06443298969072164
3.0 0.9007352941176471 0.29381443298969073 0.031862745098039214 0.05154639175257732
3.0 0.8786764705882353 0.2603092783505155 0.031862745098039214 0.04639175257731959
3.0 0.883578431372549 0.23840206185567012 0.031862745098039214 0.04381443298969072
3.0 0.8578431372549019 0.23067010309278352 0.03431372549019608 0.04381443298969072
3.0 0.8627450980392157 0.21778350515463918 0.029411764705882353 0.03865979381443299
3.0 0.866421568627451 0.20747422680412372 0.02696078431372549 0.03350515463917526
4.0 0.8272058823529411 0.20747422680412372 0.041666666666666664 0.04896907216494845
5.0 0.8394607843137255 0.19458762886597938 0.051470588235294115 0.06443298969072164
3.0 0.8002450980392157 0.18427835051546393 0.04656862745098039 0.04381443298969072
3.0 0.8100490196078431 0.17654639175257733 0.03676470588235294 0.03865979381443299
3.0 0.8223039215686274 0.17396907216494845 0.031862745098039214 0.03865979381443299
3.0 0.9056372549019608 0.22551546391752578 0.01715686274509804 0.023195876288659795
3.0 0.8774509803921569 0.19201030927835053 0.0196078431372549 0.023195876288659795
3.0 0.8848039215686274 0.17010309278350516 0.00980392156862745 0.015463917525773196
1.0 0.6409313725490197 0.9626288659793815 0.02696078431372549 0.01288659793814433
1.0 0.5931372549019608 0.9587628865979382 0.024509803921568627 0.010309278350515464
1.0 0.6531862745098039 0.9213917525773195 0.031862745098039214 0.023195876288659795
1.0 0.5882352941176471 0.9188144329896907 0.024509803921568627 0.01804123711340206
1.0 0.5857843137254902 0.9432989690721649 0.029411764705882353 0.015463917525773196
1.0 0.4852941176470588 0.9716494845360825 0.029411764705882353 0.010309278350515464
1.0 0.4877450980392157 0.9561855670103093 0.0196078431372549 0.010309278350515464
1.0 0.5220588235294118 0.9780927835051546 0.024509803921568627 0.007731958762886598
1.0 0.7990196078431373 0.875 0.024509803921568627 0.023195876288659795
0.0 0.40441176470588236 0.8608247422680413 0.029411764705882353 0.030927835051546393
9.0 0.5196078431372549 0.9780927835051546 0.029411764705882353 0.01288659793814433
9.0 0.47671568627450983 0.9729381443298969 0.041666666666666664 0.01288659793814433
9.0 0.5919117647058824 0.9600515463917526 0.041666666666666664 0.01804123711340206
9.0 0.6397058823529411 0.9652061855670103 0.029411764705882353 0.01804123711340206
9.0 0.48651960784313725 0.9561855670103093 0.031862745098039214 0.015463917525773196
9.0 0.5845588235294118 0.9445876288659794 0.03676470588235294 0.01804123711340206
1.0 0.5453431372549019 0.9471649484536082 0.02696078431372549 0.01288659793814433
9.0 0.5379901960784313 0.9497422680412371 0.03676470588235294 0.01804123711340206
9.0 0.6495098039215687 0.9226804123711341 0.04411764705882353 0.030927835051546393
9.0 0.5894607843137255 0.9201030927835051 0.056372549019607844 0.020618556701030927
0.0 0.6703431372549019 0.9484536082474226 0.022058823529411766 0.015463917525773196
9.0 0.7953431372549019 0.8775773195876289 0.031862745098039214 0.023195876288659795
1.0 0.19117647058823528 0.5360824742268041 0.00980392156862745 0.03608247422680412
1.0 0.17769607843137256 0.4884020618556701 0.007352941176470588 0.028350515463917526
1.0 0.17401960784313725 0.4845360824742268 0.00980392156862745 0.030927835051546393
9.0 0.19607843137254902 0.5489690721649485 0.024509803921568627 0.041237113402061855
9.0 0.1801470588235294 0.5 0.022058823529411766 0.03608247422680412
1.0 0.15196078431372548 0.4742268041237113 0.00980392156862745 0.020618556701030927
9.0 0.15318627450980393 0.4896907216494845 0.012254901960784314 0.03608247422680412
1.0 0.75 0.4742268041237113 0.0196078431372549 0.05154639175257732
1.0 0.9105392156862745 0.49871134020618557 0.007352941176470588 0.023195876288659795
9.0 0.7463235294117647 0.4793814432989691 0.051470588235294115 0.04639175257731959
9.0 0.9080882352941176 0.5141752577319587 0.007352941176470588 0.028350515463917526
0.0 0.9448529411764706 0.42783505154639173 0.007352941176470588 0.030927835051546393
1.0 0.8713235294117647 0.37242268041237114 0.012254901960784314 0.028350515463917526
9.0 0.8700980392156863 0.3788659793814433 0.0196078431372549 0.02577319587628866
1.0 0.9093137254901961 0.38144329896907214 0.00980392156862745 0.02577319587628866
1.0 0.7732843137254902 0.20231958762886598 0.01715686274509804 0.028350515463917526
0.0 0.6776960784313726 0.13917525773195877 0.012254901960784314 0.015463917525773196
0.0 0.6813725490196079 0.1404639175257732 0.014705882352941176 0.01804123711340206
1.0 0.7193627450980392 0.211340206185567 0.01715686274509804 0.020618556701030927
1.0 0.7009803921568627 0.20489690721649484 0.0196078431372549 0.023195876288659795
1.0 0.7622549019607843 0.17010309278350516 0.014705882352941176 0.015463917525773196
1.0 0.7806372549019608 0.18814432989690721 0.012254901960784314 0.015463917525773196
9.0 0.7745098039215687 0.20618556701030927 0.014705882352941176 0.020618556701030927
9.0 0.7659313725490197 0.17783505154639176 0.01715686274509804 0.015463917525773196
9.0 0.7818627450980392 0.19458762886597938 0.014705882352941176 0.01804123711340206
9.0 0.696078431372549 0.20876288659793815 0.014705882352941176 0.015463917525773196
9.0 0.7181372549019608 0.2190721649484536 0.014705882352941176 0.020618556701030927
9.0 0.9105392156862745 0.38917525773195877 0.01715686274509804 0.02577319587628866
1.0 0.9166666666666666 0.33634020618556704 0.00980392156862745 0.01804123711340206
1.0 0.9264705882352942 0.32216494845360827 0.00980392156862745 0.020618556701030927
1.0 0.9264705882352942 0.3002577319587629 0.004901960784313725 0.01288659793814433
9.0 0.9276960784313726 0.327319587628866 0.007352941176470588 0.010309278350515464
9.0 0.9178921568627451 0.3427835051546392 0.007352941176470588 0.015463917525773196
9.0 0.9264705882352942 0.30541237113402064 0.004901960784313725 0.01288659793814433
0.0 0.9399509803921569 0.3015463917525773 0.007352941176470588 0.020618556701030927
3.0 0.056372549019607844 0.23711340206185566 0.00980392156862745 0.015463917525773196
3.0 0.0625 0.2345360824742268 0.012254901960784314 0.015463917525773196
