4.0 0.07352941176470588 0.4574742268041237 0.03431372549019608 0.15206185567010308
4.0 0.17892156862745098 0.14432989690721648 0.06372549019607843 0.07216494845360824
4.0 0.025735294117647058 0.44587628865979384 0.02696078431372549 0.06701030927835051
3.0 0.015931372549019607 0.5670103092783505 0.02696078431372549 0.061855670103092786
3.0 0.00980392156862745 0.5012886597938144 0.0196078431372549 0.059278350515463915
3.0 0.03799019607843137 0.34149484536082475 0.031862745098039214 0.059278350515463915
3.0 0.04656862745098039 0.30927835051546393 0.03431372549019608 0.05670103092783505
3.0 0.11887254901960784 0.20618556701030927 0.061274509803921566 0.07216494845360824
3.0 0.17892156862745098 0.12886597938144329 0.04411764705882353 0.04639175257731959
3.0 0.14950980392156862 0.16752577319587628 0.04411764705882353 0.05154639175257732
3.0 0.13848039215686275 0.16752577319587628 0.051470588235294115 0.061855670103092786
3.0 0.08088235294117647 0.23840206185567012 0.04411764705882353 0.06443298969072164
3.0 0.09803921568627451 0.20876288659793815 0.049019607843137254 0.061855670103092786
3.0 0.11642156862745098 0.17783505154639176 0.051470588235294115 0.05670103092783505
3.0 0.1323529411764706 0.15721649484536082 0.049019607843137254 0.05154639175257732
3.0 0.16176470588235295 0.12628865979381443 0.05392156862745098 0.04639175257731959
3.0 0.17524509803921567 0.11082474226804123 0.04656862745098039 0.041237113402061855
4.0 0.20710784313725492 0.10824742268041238 0.04656862745098039 0.041237113402061855
0.0 0.07720588235294118 0.32989690721649484 0.01715686274509804 0.041237113402061855
0.0 0.05759803921568627 0.35051546391752575 0.012254901960784314 0.041237113402061855
0.0 0.26715686274509803 0.42912371134020616 0.029411764705882353 0.07474226804123711
0.0 0.17401960784313725 0.16237113402061856 0.024509803921568627 0.030927835051546393
0.0 0.5024509803921569 0.003865979381443299 0.00980392156862745 0.007731958762886598
0.0 0.8100490196078431 0.5502577319587629 0.022058823529411766 0.059278350515463915
0.0 0.8308823529411765 0.5399484536082474 0.0196078431372549 0.059278350515463915
0.0 0.8247549019607843 0.7719072164948454 0.031862745098039214 0.04381443298969072
9.0 0.7058823529411765 0.8105670103092784 0.06372549019607843 0.07989690721649484
9.0 0.6801470588235294 0.7860824742268041 0.051470588235294115 0.08762886597938144
9.0 0.7475490196078431 0.7242268041237113 0.06862745098039216 0.06701030927835051
2.0 0.8541666666666666 0.7448453608247423 0.041666666666666664 0.04639175257731959
3.0 0.8762254901960784 0.5786082474226805 0.0857843137254902 0.11082474226804123
9.0 0.8811274509803921 0.3711340206185567 0.031862745098039214 0.05154639175257732
4.0 0.5330882352941176 0.019329896907216496 0.031862745098039214 0.01288659793814433
3.0 0.5269607843137255 0.00902061855670103 0.029411764705882353 0.01288659793814433
5.0 0.10049019607843138 0.7976804123711341 0.10294117647058823 0.15206185567010308
3.0 0.028186274509803922 0.6701030927835051 0.02696078431372549 0.061855670103092786
3.0 0.015931372549019607 0.6224226804123711 0.022058823529411766 0.059278350515463915
