4.0 0.7156862745098039 0.9281767955801105 0.12254901960784313 0.09392265193370165
3.0 0.9534313725490197 0.4530386740331492 0.024509803921568627 0.08287292817679558
0.0 0.09926470588235294 0.6726519337016574 0.01715686274509804 0.04143646408839779
0.0 0.11274509803921569 0.6533149171270718 0.014705882352941176 0.03591160220994475
0.0 0.12254901960784313 0.6284530386740331 0.014705882352941176 0.04696132596685083
0.0 0.09926470588235294 0.5980662983425414 0.012254901960784314 0.04143646408839779
0.0 0.09436274509803921 0.47790055248618785 0.007352941176470588 0.04419889502762431
4.0 0.18259803921568626 0.35220994475138123 0.09068627450980392 0.1298342541436464
0.0 0.38480392156862747 0.1850828729281768 0.0196078431372549 0.03867403314917127
0.0 0.44730392156862747 0.11878453038674033 0.012254901960784314 0.016574585635359115
0.0 0.4583333333333333 0.11740331491712708 0.014705882352941176 0.019337016574585635
0.0 0.47181372549019607 0.06077348066298342 0.012254901960784314 0.011049723756906077
3.0 0.26348039215686275 0.08287292817679558 0.056372549019607844 0.049723756906077346
