3.0 0.3860294117647059 0.9458762886597938 0.18872549019607843 0.10309278350515463
3.0 0.9240196078431373 0.6597938144329897 0.058823529411764705 0.12371134020618557
4.0 0.5183823529411765 0.5528350515463918 0.12990196078431374 0.19845360824742267
3.0 0.883578431372549 0.3853092783505155 0.04656862745098039 0.08505154639175258
3.0 0.8125 0.25773195876288657 0.056372549019607844 0.061855670103092786
3.0 0.6973039215686274 0.20876288659793815 0.07107843137254902 0.05154639175257732
3.0 0.5612745098039216 0.2912371134020619 0.12254901960784313 0.10824742268041238
3.0 0.5392156862745098 0.23067010309278352 0.0784313725490196 0.059278350515463915
3.0 0.5220588235294118 0.20231958762886598 0.08333333333333333 0.04381443298969072
3.0 0.37254901960784315 0.15463917525773196 0.10294117647058823 0.041237113402061855
3.0 0.7389705882352942 0.17268041237113402 0.04656862745098039 0.04639175257731959
3.0 0.44362745098039214 0.10438144329896908 0.03431372549019608 0.01804123711340206
3.0 0.5122549019607843 0.10695876288659793 0.03431372549019608 0.01804123711340206
4.0 0.7169117647058824 0.14948453608247422 0.03676470588235294 0.030927835051546393
3.0 0.6911764705882353 0.13659793814432988 0.04411764705882353 0.030927835051546393
3.0 0.5036764705882353 0.0979381443298969 0.031862745098039214 0.010309278350515464
3.0 0.49142156862745096 0.09020618556701031 0.031862745098039214 0.010309278350515464
3.0 0.49019607843137253 0.08634020618556701 0.029411764705882353 0.01288659793814433
