0.0 0.9325980392156863 0.7396907216494846 0.01715686274509804 0.03608247422680412
0.0 0.9154411764705882 0.7242268041237113 0.01715686274509804 0.03608247422680412
0.0 0.1801470588235294 0.8646907216494846 0.031862745098039214 0.03865979381443299
0.0 0.049019607843137254 0.6056701030927835 0.004901960784313725 0.015463917525773196
0.0 0.08455882352941177 0.604381443298969 0.007352941176470588 0.023195876288659795
7.0 0.07230392156862746 0.6185567010309279 0.012254901960784314 0.02577319587628866
0.0 0.38235294117647056 0.7268041237113402 0.014705882352941176 0.030927835051546393
0.0 0.2696078431372549 0.7048969072164949 0.014705882352941176 0.028350515463917526
0.0 0.2708333333333333 0.9458762886597938 0.031862745098039214 0.020618556701030927
0.0 0.7132352941176471 0.8376288659793815 0.029411764705882353 0.03608247422680412
0.0 0.9387254901960784 0.5579896907216495 0.0 0.007731958762886598
0.0 0.9019607843137255 0.615979381443299 0.004901960784313725 0.015463917525773196
3.0 0.946078431372549 0.5515463917525774 0.004901960784313725 0.010309278350515464
