3.0 0.6519607843137255 0.913659793814433 0.12254901960784313 0.09536082474226804
3.0 0.508578431372549 0.5347938144329897 0.14950980392156862 0.3324742268041237
3.0 0.20220588235294118 0.40463917525773196 0.09558823529411764 0.24742268041237114
3.0 0.35171568627450983 0.4175257731958763 0.125 0.28350515463917525
3.0 0.39950980392156865 0.13402061855670103 0.11274509803921569 0.11855670103092783
3.0 0.5661764705882353 0.18427835051546393 0.12745098039215685 0.16237113402061856
3.0 0.6825980392156863 0.16108247422680413 0.12009803921568628 0.14690721649484537
3.0 0.5551470588235294 0.03994845360824742 0.07598039215686274 0.04896907216494845
4.0 0.45955882352941174 0.03608247422680412 0.0661764705882353 0.04639175257731959
3.0 0.7181372549019608 0.9432989690721649 0.09313725490196079 0.05670103092783505
1.0 0.08700980392156862 0.509020618556701 0.007352941176470588 0.028350515463917526
1.0 0.11642156862745098 0.5708762886597938 0.012254901960784314 0.03865979381443299
1.0 0.09558823529411764 0.5734536082474226 0.0196078431372549 0.03865979381443299
1.0 0.16666666666666666 0.8389175257731959 0.024509803921568627 0.023195876288659795
1.0 0.14215686274509803 0.8221649484536082 0.024509803921568627 0.030927835051546393
0.0 0.061274509803921566 0.6868556701030928 0.014705882352941176 0.023195876288659795
9.0 0.09068627450980392 0.5128865979381443 0.014705882352941176 0.06701030927835051
9.0 0.12009803921568628 0.5747422680412371 0.0196078431372549 0.07731958762886598
9.0 0.09681372549019608 0.5927835051546392 0.012254901960784314 0.03608247422680412
9.0 0.16911764705882354 0.8376288659793815 0.0392156862745098 0.04639175257731959
9.0 0.14583333333333334 0.8208762886597938 0.041666666666666664 0.05412371134020619
1.0 0.22058823529411764 0.8337628865979382 0.029411764705882353 0.03350515463917526
9.0 0.22916666666666666 0.836340206185567 0.051470588235294115 0.05412371134020619
3.0 0.6629901960784313 0.6481958762886598 0.125 0.2963917525773196
9.0 0.03676470588235294 0.5541237113402062 0.014705882352941176 0.05154639175257732
