1.0 0.05046948356807512 0.28717948717948716 0.002347417840375587 0.005128205128205128
9.0 0.04929577464788732 0.29102564102564105 0.004694835680751174 0.007692307692307693
3.0 0.4225352112676056 0.08076923076923077 0.03286384976525822 0.017948717948717947
3.0 0.4154929577464789 0.04487179487179487 0.023474178403755867 0.01282051282051282
3.0 0.539906103286385 0.00641025641025641 0.014084507042253521 0.002564102564102564
4.0 0.5234741784037559 0.001282051282051282 0.009389671361502348 0.002564102564102564
1.0 0.3532863849765258 0.06794871794871794 0.007042253521126761 0.007692307692307693
1.0 0.32629107981220656 0.09743589743589744 0.009389671361502348 0.010256410256410256
1.0 0.6185446009389671 0.05512820512820513 0.007042253521126761 0.007692307692307693
1.0 0.6431924882629108 0.13076923076923078 0.014084507042253521 0.015384615384615385
1.0 0.6924882629107981 0.15384615384615385 0.014084507042253521 0.015384615384615385
1.0 0.7570422535211268 0.24743589743589745 0.01643192488262911 0.023076923076923078
0.0 0.5880281690140845 0.02564102564102564 0.007042253521126761 0.005128205128205128
9.0 0.34976525821596244 0.07307692307692308 0.009389671361502348 0.007692307692307693
9.0 0.323943661971831 0.10256410256410256 0.014084507042253521 0.010256410256410256
9.0 0.6455399061032864 0.14102564102564102 0.014084507042253521 0.015384615384615385
9.0 0.6971830985915493 0.1641025641025641 0.014084507042253521 0.015384615384615385
9.0 0.7605633802816901 0.2602564102564103 0.014084507042253521 0.023076923076923078
1.0 0.15023474178403756 0.4256410256410256 0.009389671361502348 0.03076923076923077
9.0 0.15023474178403756 0.44487179487179485 0.014084507042253521 0.04358974358974359
1.0 0.8192488262910798 0.5512820512820513 0.009389671361502348 0.035897435897435895
9.0 0.8169014084507042 0.5692307692307692 0.014084507042253521 0.041025641025641026
3.0 0.971830985915493 0.491025641025641 0.009389671361502348 0.028205128205128206
3.0 0.9683098591549296 0.4346153846153846 0.011737089201877934 0.028205128205128206
3.0 0.965962441314554 0.4205128205128205 0.011737089201877934 0.03076923076923077
5.0 0.8908450704225352 0.2282051282051282 0.03990610328638498 0.05128205128205128
9.0 0.6197183098591549 0.05641025641025641 0.009389671361502348 0.005128205128205128
