3.0 0.34558823529411764 0.1671270718232044 0.0392156862745098 0.04143646408839779
3.0 0.5514705882352942 0.05939226519337017 0.029411764705882353 0.019337016574585635
3.0 0.5220588235294118 0.03038674033149171 0.0196078431372549 0.011049723756906077
8.0 0.6666666666666666 0.8950276243093923 0.09803921568627451 0.11049723756906077
4.0 0.49754901960784315 0.7928176795580111 0.05392156862745098 0.09392265193370165
4.0 0.8284313725490197 0.4585635359116022 0.029411764705882353 0.09944751381215469
4.0 0.8198529411764706 0.21823204419889503 0.04656862745098039 0.049723756906077346
4.0 0.875 0.24861878453038674 0.03431372549019608 0.04419889502762431
3.0 0.9019607843137255 0.26795580110497236 0.024509803921568627 0.03314917127071823
3.0 0.9105392156862745 0.28591160220994477 0.022058823529411766 0.03591160220994475
4.0 0.9534313725490197 0.3052486187845304 0.014705882352941176 0.03038674033149171
3.0 0.9877450980392157 0.4116022099447514 0.00980392156862745 0.022099447513812154
3.0 0.9705882352941176 0.32734806629834257 0.00980392156862745 0.019337016574585635
3.0 0.9632352941176471 0.31353591160220995 0.00980392156862745 0.019337016574585635
3.0 0.9705882352941176 0.319060773480663 0.00980392156862745 0.019337016574585635
4.0 0.38235294117647056 0.026243093922651933 0.0196078431372549 0.013812154696132596
0.0 0.22181372549019607 0.16160220994475138 0.012254901960784314 0.013812154696132596
0.0 0.29044117647058826 0.0718232044198895 0.007352941176470588 0.011049723756906077
0.0 0.4166666666666667 0.008287292817679558 0.004901960784313725 0.0055248618784530384
0.0 0.4215686274509804 0.008287292817679558 0.004901960784313725 0.0055248618784530384
3.0 0.9485294117647058 0.5428176795580111 0.00980392156862745 0.04696132596685083
