3.0 0.5845588235294118 0.8342541436464088 0.04656862745098039 0.055248618784530384
5.0 0.6446078431372549 0.7099447513812155 0.06372549019607843 0.13812154696132597
3.0 0.5723039215686274 0.6160220994475138 0.041666666666666664 0.09392265193370165
5.0 0.6360294117647058 0.4102209944751381 0.056372549019607844 0.1464088397790055
4.0 0.5392156862745098 0.25 0.03431372549019608 0.06906077348066299
5.0 0.5955882352941176 0.19613259668508287 0.06862745098039216 0.1270718232044199
3.0 0.4583333333333333 0.21408839779005526 0.0392156862745098 0.058011049723756904
3.0 0.5257352941176471 0.12845303867403315 0.031862745098039214 0.03591160220994475
3.0 0.4522058823529412 0.15607734806629833 0.03676470588235294 0.03591160220994475
3.0 0.4497549019607843 0.11740331491712708 0.03676470588235294 0.03591160220994475
3.0 0.4791666666666667 0.0856353591160221 0.031862745098039214 0.027624309392265192
3.0 0.44485294117647056 0.08701657458563536 0.02696078431372549 0.024861878453038673
3.0 0.5257352941176471 0.03867403314917127 0.022058823529411766 0.016574585635359115
3.0 0.49754901960784315 0.012430939226519336 0.03431372549019608 0.013812154696132596
