0.0 0.04225352112676056 0.7076923076923077 0.009389671361502348 0.02564102564102564
1.0 0.04225352112676056 0.7051282051282052 0.014084507042253521 0.035897435897435895
1.0 0.046948356807511735 0.7102564102564103 0.014084507042253521 0.03076923076923077
0.0 0.13028169014084506 0.6525641025641026 0.02112676056338028 0.0641025641025641
0.0 0.11150234741784038 0.5794871794871795 0.011737089201877934 0.05641025641025641
0.0 0.12323943661971831 0.6217948717948718 0.02112676056338028 0.0641025641025641
0.0 0.1607981220657277 0.6294871794871795 0.02112676056338028 0.04871794871794872
0.0 0.18779342723004694 0.6243589743589744 0.028169014084507043 0.07435897435897436
0.0 0.6208920187793427 0.33205128205128204 0.03051643192488263 0.07948717948717948
0.0 0.681924882629108 0.3935897435897436 0.035211267605633804 0.06923076923076923
0.0 0.6678403755868545 0.3717948717948718 0.03990610328638498 0.07692307692307693
0.0 0.6443661971830986 0.36923076923076925 0.03051643192488263 0.08205128205128205
0.0 0.642018779342723 0.35512820512820514 0.03051643192488263 0.07948717948717948
0.0 0.7711267605633803 0.3128205128205128 0.025821596244131457 0.05641025641025641
0.0 0.7922535211267606 0.3217948717948718 0.025821596244131457 0.05384615384615385
0.0 0.8016431924882629 0.31025641025641026 0.02112676056338028 0.05128205128205128
0.0 0.7910798122065728 0.3128205128205128 0.018779342723004695 0.05128205128205128
0.0 0.7758215962441315 0.3076923076923077 0.03051643192488263 0.05641025641025641
1.0 0.4835680751173709 0.17564102564102563 0.018779342723004695 0.023076923076923078
6.0 0.47183098591549294 0.18076923076923077 0.046948356807511735 0.04358974358974359
0.0 0.539906103286385 0.07692307692307693 0.009389671361502348 0.015384615384615385
0.0 0.5234741784037559 0.07692307692307693 0.009389671361502348 0.015384615384615385
0.0 0.4847417840375587 0.06538461538461539 0.011737089201877934 0.01282051282051282
0.0 0.47183098591549294 0.06666666666666667 0.014084507042253521 0.010256410256410256
0.0 0.4307511737089202 0.10897435897435898 0.01643192488262911 0.017948717948717947
0.0 0.4154929577464789 0.10897435897435898 0.018779342723004695 0.023076923076923078
0.0 0.9225352112676056 0.3294871794871795 0.009389671361502348 0.028205128205128206
1.0 0.9178403755868545 0.3128205128205128 0.009389671361502348 0.02564102564102564
5.0 0.9577464788732394 0.27564102564102566 0.009389671361502348 0.017948717948717947
4.0 0.9483568075117371 0.26282051282051283 0.014084507042253521 0.023076923076923078
9.0 0.9389671361502347 0.25384615384615383 0.004694835680751174 0.010256410256410256
9.0 0.9072769953051644 0.2141025641025641 0.007042253521126761 0.01282051282051282
3.0 0.8873239436619719 0.1935897435897436 0.018779342723004695 0.023076923076923078
6.0 0.931924882629108 0.24487179487179486 0.009389671361502348 0.01282051282051282
0.0 0.931924882629108 0.24487179487179486 0.004694835680751174 0.007692307692307693
3.0 0.6173708920187794 0.041025641025641026 0.046948356807511735 0.015384615384615385
6.0 0.5117370892018779 0.028205128205128206 0.03286384976525822 0.005128205128205128
0.0 0.4694835680751174 0.026923076923076925 0.004694835680751174 0.007692307692307693
0.0 0.4565727699530516 0.028205128205128206 0.007042253521126761 0.005128205128205128
0.0 0.4624413145539906 0.03205128205128205 0.009389671361502348 0.007692307692307693
0.0 0.4694835680751174 0.03076923076923077 0.009389671361502348 0.005128205128205128
0.0 0.43779342723004694 0.03076923076923077 0.007042253521126761 0.005128205128205128
0.0 0.4307511737089202 0.03076923076923077 0.007042253521126761 0.005128205128205128
0.0 0.4272300469483568 0.03076923076923077 0.009389671361502348 0.005128205128205128
0.0 0.4154929577464789 0.03205128205128205 0.004694835680751174 0.002564102564102564
0.0 0.41901408450704225 0.03076923076923077 0.007042253521126761 0.005128205128205128
1.0 0.4072769953051643 0.03333333333333333 0.007042253521126761 0.005128205128205128
1.0 0.3626760563380282 0.04358974358974359 0.007042253521126761 0.005128205128205128
1.0 0.36032863849765256 0.04487179487179487 0.007042253521126761 0.002564102564102564
1.0 0.357981220657277 0.04487179487179487 0.007042253521126761 0.002564102564102564
0.0 0.3485915492957746 0.046153846153846156 0.007042253521126761 0.005128205128205128
0.0 0.3368544600938967 0.05 0.007042253521126761 0.007692307692307693
6.0 0.44014084507042256 0.03076923076923077 0.02112676056338028 0.005128205128205128
6.0 0.32981220657276994 0.052564102564102565 0.01643192488262911 0.007692307692307693
0.0 0.31338028169014087 0.057692307692307696 0.007042253521126761 0.007692307692307693
0.0 0.318075117370892 0.05512820512820513 0.007042253521126761 0.007692307692307693
3.0 0.3274647887323944 0.052564102564102565 0.025821596244131457 0.01282051282051282
3.0 0.29460093896713613 0.06282051282051282 0.02112676056338028 0.01282051282051282
3.0 0.2863849765258216 0.06666666666666667 0.018779342723004695 0.010256410256410256
3.0 0.2793427230046948 0.06923076923076923 0.018779342723004695 0.010256410256410256
3.0 0.2699530516431925 0.07307692307692308 0.018779342723004695 0.01282051282051282
3.0 0.23708920187793428 0.08717948717948718 0.014084507042253521 0.010256410256410256
3.0 0.20539906103286384 0.10512820512820513 0.011737089201877934 0.010256410256410256
3.0 0.20892018779342722 0.10384615384615385 0.009389671361502348 0.007692307692307693
3.0 0.2147887323943662 0.10128205128205128 0.011737089201877934 0.01282051282051282
3.0 0.21830985915492956 0.1 0.014084507042253521 0.010256410256410256
3.0 0.2300469483568075 0.09487179487179487 0.018779342723004695 0.015384615384615385
3.0 0.23826291079812206 0.09102564102564102 0.01643192488262911 0.01282051282051282
3.0 0.24647887323943662 0.0858974358974359 0.018779342723004695 0.01282051282051282
3.0 0.2136150234741784 0.1076923076923077 0.028169014084507043 0.020512820512820513
7.0 0.19483568075117372 0.11923076923076924 0.018779342723004695 0.017948717948717947
3.0 0.03873239436619718 0.2794871794871795 0.007042253521126761 0.015384615384615385
3.0 0.04107981220657277 0.27692307692307694 0.007042253521126761 0.015384615384615385
7.0 0.04342723004694836 0.2717948717948718 0.007042253521126761 0.015384615384615385
6.0 0.045774647887323945 0.26794871794871794 0.007042253521126761 0.01282051282051282
0.0 0.045774647887323945 0.26794871794871794 0.002347417840375587 0.007692307692307693
0.0 0.04929577464788732 0.2653846153846154 0.004694835680751174 0.01282051282051282
0.0 0.046948356807511735 0.2692307692307692 0.004694835680751174 0.010256410256410256
0.0 0.046948356807511735 0.2692307692307692 0.004694835680751174 0.010256410256410256
0.0 0.046948356807511735 0.2705128205128205 0.004694835680751174 0.01282051282051282
0.0 0.04460093896713615 0.27307692307692305 0.004694835680751174 0.01282051282051282
3.0 0.0528169014084507 0.26153846153846155 0.007042253521126761 0.015384615384615385
3.0 0.056338028169014086 0.2551282051282051 0.009389671361502348 0.017948717948717947
4.0 0.062206572769953054 0.24871794871794872 0.011737089201877934 0.020512820512820513
3.0 0.06690140845070422 0.24358974358974358 0.011737089201877934 0.020512820512820513
3.0 0.0715962441314554 0.23717948717948717 0.011737089201877934 0.023076923076923078
3.0 0.07863849765258216 0.22692307692307692 0.011737089201877934 0.017948717948717947
4.0 0.08685446009389672 0.2153846153846154 0.014084507042253521 0.020512820512820513
3.0 0.07981220657276995 0.2230769230769231 0.014084507042253521 0.020512820512820513
5.0 0.06455399061032864 0.24102564102564103 0.01643192488262911 0.02564102564102564
3.0 0.09389671361502347 0.2076923076923077 0.014084507042253521 0.020512820512820513
0.0 0.12089201877934272 0.18333333333333332 0.007042253521126761 0.01282051282051282
4.0 0.11384976525821597 0.19230769230769232 0.025821596244131457 0.03076923076923077
0.0 0.176056338028169 0.1371794871794872 0.009389671361502348 0.01282051282051282
6.0 0.17253521126760563 0.13974358974358975 0.02112676056338028 0.017948717948717947
6.0 0.15375586854460094 0.15512820512820513 0.02112676056338028 0.023076923076923078
0.0 0.1572769953051643 0.15128205128205127 0.009389671361502348 0.010256410256410256
0.0 0.13732394366197184 0.16794871794871793 0.007042253521126761 0.01282051282051282
1.0 0.15140845070422534 0.15256410256410258 0.007042253521126761 0.01282051282051282
9.0 0.15140845070422534 0.15384615384615385 0.007042253521126761 0.010256410256410256
0.0 0.13497652582159625 0.16666666666666666 0.007042253521126761 0.010256410256410256
6.0 0.13262910798122066 0.17051282051282052 0.01643192488262911 0.017948717948717947
0.0 0.16901408450704225 0.14102564102564102 0.009389671361502348 0.010256410256410256
0.0 0.19483568075117372 0.12307692307692308 0.009389671361502348 0.010256410256410256
6.0 0.19248826291079812 0.12564102564102564 0.023474178403755867 0.020512820512820513
0.0 0.2147887323943662 0.11153846153846154 0.011737089201877934 0.01282051282051282
0.0 0.2323943661971831 0.09871794871794871 0.009389671361502348 0.007692307692307693
3.0 0.2147887323943662 0.10512820512820513 0.025821596244131457 0.020512820512820513
0.0 0.2347417840375587 0.1 0.009389671361502348 0.010256410256410256
