3.0 0.05868544600938967 0.258974358974359 0.018779342723004695 0.03076923076923077
3.0 0.06338028169014084 0.24615384615384617 0.014084507042253521 0.020512820512820513
3.0 0.06807511737089202 0.2358974358974359 0.014084507042253521 0.02564102564102564
3.0 0.07042253521126761 0.22948717948717948 0.014084507042253521 0.023076923076923078
5.0 0.07511737089201878 0.2205128205128205 0.018779342723004695 0.02564102564102564
9.0 0.08685446009389672 0.2 0.009389671361502348 0.010256410256410256
9.0 0.07863849765258216 0.21025641025641026 0.007042253521126761 0.010256410256410256
3.0 0.08215962441314555 0.20256410256410257 0.014084507042253521 0.020512820512820513
3.0 0.08685446009389672 0.19615384615384615 0.014084507042253521 0.017948717948717947
3.0 0.04225352112676056 0.3038461538461538 0.014084507042253521 0.03333333333333333
0.0 0.05985915492957746 0.27692307692307694 0.007042253521126761 0.015384615384615385
0.0 0.025821596244131457 0.37435897435897436 0.014084507042253521 0.035897435897435895
0.0 0.029342723004694836 0.35512820512820514 0.01643192488262911 0.03333333333333333
0.0 0.03286384976525822 0.3423076923076923 0.014084507042253521 0.028205128205128206
0.0 0.035211267605633804 0.33076923076923076 0.014084507042253521 0.03076923076923077
3.0 0.012910798122065728 0.4858974358974359 0.007042253521126761 0.03333333333333333
3.0 0.6103286384976526 0.21025641025641026 0.13145539906103287 0.07179487179487179
3.0 0.5176056338028169 0.2782051282051282 0.17136150234741784 0.08461538461538462
2.0 0.7664319248826291 0.22692307692307692 0.03990610328638498 0.03333333333333333
2.0 0.7065727699530516 0.1717948717948718 0.014084507042253521 0.015384615384615385
2.0 0.7241784037558685 0.19230769230769232 0.02112676056338028 0.020512820512820513
2.0 0.6830985915492958 0.15256410256410258 0.014084507042253521 0.01282051282051282
9.0 0.6643192488262911 0.13846153846153847 0.018779342723004695 0.015384615384615385
9.0 0.6232394366197183 0.10897435897435898 0.01643192488262911 0.01282051282051282
9.0 0.6044600938967136 0.09743589743589744 0.01643192488262911 0.010256410256410256
9.0 0.5833333333333334 0.08461538461538462 0.011737089201877934 0.010256410256410256
3.0 0.9413145539906104 0.4423076923076923 0.023474178403755867 0.06923076923076923
7.0 0.9647887323943662 0.35384615384615387 0.009389671361502348 0.03076923076923077
0.0 0.9436619718309859 0.3141025641025641 0.004694835680751174 0.01282051282051282
2.0 0.9413145539906104 0.31153846153846154 0.004694835680751174 0.01282051282051282
2.0 0.937793427230047 0.30256410256410254 0.007042253521126761 0.015384615384615385
2.0 0.9354460093896714 0.2935897435897436 0.007042253521126761 0.01282051282051282
3.0 0.23826291079812206 0.4948717948717949 0.12441314553990611 0.12307692307692308
