3.0 0.1467136150234742 0.17051282051282052 0.0539906103286385 0.06923076923076923
3.0 0.1056338028169014 0.20256410256410257 0.051643192488262914 0.07692307692307693
3.0 0.14553990610328638 0.6756410256410257 0.0892018779342723 0.13076923076923078
3.0 0.05516431924882629 0.5358974358974359 0.03051643192488263 0.09230769230769231
3.0 0.035211267605633804 0.4846153846153846 0.014084507042253521 0.06666666666666667
3.0 0.022300469483568074 0.48846153846153845 0.011737089201877934 0.08461538461538462
3.0 0.029342723004694836 0.3782051282051282 0.025821596244131457 0.08461538461538462
4.0 0.6349765258215962 0.9051282051282051 0.1619718309859155 0.08205128205128205
3.0 0.7852112676056338 0.8782051282051282 0.11032863849765258 0.09487179487179487
3.0 0.8755868544600939 0.8358974358974359 0.046948356807511735 0.05641025641025641
