3.0 0.49387254901960786 0.0013812154696132596 0.012254901960784314 0.0027624309392265192
3.0 0.4730392156862745 0.023480662983425413 0.014705882352941176 0.008287292817679558
3.0 0.5330882352941176 0.026243093922651933 0.01715686274509804 0.008287292817679558
3.0 0.47671568627450983 0.04143646408839779 0.022058823529411766 0.011049723756906077
0.0 0.5502450980392157 0.0013812154696132596 0.0024509803921568627 0.0027624309392265192
0.0 0.5575980392156863 0.004143646408839779 0.0024509803921568627 0.0027624309392265192
0.0 0.5392156862745098 0.0055248618784530384 0.004901960784313725 0.0055248618784530384
0.0 0.6053921568627451 0.027624309392265192 0.004901960784313725 0.0055248618784530384
0.0 0.6151960784313726 0.03314917127071823 0.004901960784313725 0.0055248618784530384
0.0 0.6348039215686274 0.04419889502762431 0.004901960784313725 0.0055248618784530384
0.0 0.6433823529411765 0.04834254143646409 0.007352941176470588 0.008287292817679558
0.0 0.6397058823529411 0.04281767955801105 0.004901960784313725 0.008287292817679558
0.0 0.6200980392156863 0.03314917127071823 0.004901960784313725 0.0055248618784530384
0.0 0.6200980392156863 0.03038674033149171 0.004901960784313725 0.0055248618784530384
0.0 0.6115196078431373 0.03729281767955801 0.007352941176470588 0.008287292817679558
0.0 0.625 0.04419889502762431 0.00980392156862745 0.011049723756906077
0.0 0.6200980392156863 0.04143646408839779 0.004901960784313725 0.0055248618784530384
0.0 0.6617647058823529 0.062154696132596686 0.00980392156862745 0.008287292817679558
0.0 0.6470588235294118 0.05662983425414365 0.004901960784313725 0.008287292817679558
0.0 0.6323529411764706 0.049723756906077346 0.004901960784313725 0.0055248618784530384
0.0 0.6372549019607843 0.049723756906077346 0.004901960784313725 0.0055248618784530384
0.0 0.7745098039215687 0.13121546961325967 0.00980392156862745 0.013812154696132596
0.0 0.7818627450980392 0.13397790055248618 0.00980392156862745 0.013812154696132596
8.0 0.8321078431372549 0.18646408839779005 0.09558823529411764 0.09668508287292818
8.0 0.8639705882352942 0.20165745856353592 0.07598039215686274 0.08839779005524862
0.0 0.8909313725490197 0.30939226519337015 0.007352941176470588 0.022099447513812154
0.0 0.9338235294117647 0.5607734806629834 0.004901960784313725 0.03867403314917127
0.0 0.9571078431372549 0.5939226519337016 0.007352941176470588 0.027624309392265192
0.0 0.9215686274509803 0.6339779005524862 0.00980392156862745 0.03591160220994475
0.0 0.9240196078431373 0.6298342541436464 0.00980392156862745 0.03314917127071823
2.0 0.9129901960784313 0.7154696132596685 0.012254901960784314 0.022099447513812154
0.0 0.15318627450980393 0.7707182320441989 0.01715686274509804 0.03314917127071823
0.0 0.13848039215686275 0.4116022099447514 0.007352941176470588 0.027624309392265192
0.0 0.14583333333333334 0.4046961325966851 0.012254901960784314 0.04143646408839779
1.0 0.04534313725490196 0.6546961325966851 0.007352941176470588 0.022099447513812154
1.0 0.05514705882352941 0.6477900552486188 0.007352941176470588 0.013812154696132596
1.0 0.05514705882352941 0.6395027624309392 0.007352941176470588 0.019337016574585635
1.0 0.05024509803921569 0.6422651933701657 0.007352941176470588 0.019337016574585635
0.0 0.2965686274509804 0.08839779005524862 0.00980392156862745 0.011049723756906077
0.0 0.30637254901960786 0.0856353591160221 0.00980392156862745 0.011049723756906077
0.0 0.2916666666666667 0.09116022099447514 0.00980392156862745 0.011049723756906077
0.0 0.2818627450980392 0.09806629834254144 0.00980392156862745 0.013812154696132596
0.0 0.2769607843137255 0.09944751381215469 0.00980392156862745 0.011049723756906077
0.0 0.26348039215686275 0.10773480662983426 0.007352941176470588 0.011049723756906077
0.0 0.2512254901960784 0.1132596685082873 0.012254901960784314 0.016574585635359115
0.0 0.21323529411764705 0.19060773480662985 0.00980392156862745 0.016574585635359115
0.0 0.21446078431372548 0.1919889502762431 0.012254901960784314 0.019337016574585635
0.0 0.25857843137254904 0.1781767955801105 0.012254901960784314 0.019337016574585635
0.0 0.31985294117647056 0.15331491712707182 0.012254901960784314 0.019337016574585635
0.0 0.3394607843137255 0.15193370165745856 0.012254901960784314 0.016574585635359115
0.0 0.3553921568627451 0.14226519337016574 0.00980392156862745 0.019337016574585635
0.0 0.3627450980392157 0.13812154696132597 0.014705882352941176 0.016574585635359115
0.0 0.3713235294117647 0.143646408839779 0.012254901960784314 0.016574585635359115
0.0 0.3737745098039216 0.13812154696132597 0.007352941176470588 0.016574585635359115
0.0 0.38112745098039214 0.1298342541436464 0.012254901960784314 0.016574585635359115
0.0 0.3909313725490196 0.12430939226519337 0.012254901960784314 0.016574585635359115
0.0 0.3909313725490196 0.1270718232044199 0.012254901960784314 0.016574585635359115
0.0 0.38848039215686275 0.12845303867403315 0.012254901960784314 0.013812154696132596
0.0 0.3958333333333333 0.12845303867403315 0.007352941176470588 0.008287292817679558
0.0 0.39828431372549017 0.13259668508287292 0.007352941176470588 0.011049723756906077
0.0 0.40931372549019607 0.13259668508287292 0.00980392156862745 0.011049723756906077
0.0 0.41544117647058826 0.12292817679558012 0.01715686274509804 0.019337016574585635
0.0 0.4264705882352941 0.12430939226519337 0.00980392156862745 0.016574585635359115
0.0 0.43504901960784315 0.12016574585635359 0.012254901960784314 0.013812154696132596
0.0 0.23774509803921567 0.14917127071823205 0.00980392156862745 0.016574585635359115
0.0 0.2426470588235294 0.1464088397790055 0.00980392156862745 0.016574585635359115
1.0 0.24019607843137256 0.1505524861878453 0.004901960784313725 0.008287292817679558
0.0 0.25 0.143646408839779 0.00980392156862745 0.016574585635359115
0.0 0.24877450980392157 0.1408839779005525 0.012254901960784314 0.016574585635359115
0.0 0.28308823529411764 0.12154696132596685 0.012254901960784314 0.016574585635359115
0.0 0.29534313725490197 0.13259668508287292 0.01715686274509804 0.016574585635359115
0.0 0.29411764705882354 0.13121546961325967 0.014705882352941176 0.019337016574585635
0.0 0.3174019607843137 0.10497237569060773 0.012254901960784314 0.016574585635359115
0.0 0.4963235294117647 0.11602209944751381 0.007352941176470588 0.016574585635359115
0.0 0.508578431372549 0.12292817679558012 0.007352941176470588 0.013812154696132596
0.0 0.3553921568627451 0.10497237569060773 0.00980392156862745 0.011049723756906077
0.0 0.36151960784313725 0.10082872928176796 0.012254901960784314 0.013812154696132596
0.0 0.37745098039215685 0.08149171270718232 0.00980392156862745 0.013812154696132596
0.0 0.3946078431372549 0.06353591160220995 0.00980392156862745 0.011049723756906077
0.0 0.375 0.09116022099447514 0.00980392156862745 0.011049723756906077
0.0 0.3786764705882353 0.09116022099447514 0.012254901960784314 0.011049723756906077
0.0 0.3897058823529412 0.0925414364640884 0.00980392156862745 0.013812154696132596
0.0 0.3897058823529412 0.09530386740331492 0.014705882352941176 0.013812154696132596
0.0 0.39828431372549017 0.08839779005524862 0.007352941176470588 0.011049723756906077
0.0 0.42769607843137253 0.08425414364640885 0.007352941176470588 0.013812154696132596
0.0 0.4497549019607843 0.08287292817679558 0.007352941176470588 0.011049723756906077
0.0 0.46568627450980393 0.08977900552486189 0.014705882352941176 0.013812154696132596
0.0 0.46691176470588236 0.08701657458563536 0.012254901960784314 0.013812154696132596
0.0 0.5490196078431373 0.12430939226519337 0.00980392156862745 0.016574585635359115
0.0 0.5600490196078431 0.12016574585635359 0.007352941176470588 0.013812154696132596
0.0 0.5992647058823529 0.1298342541436464 0.012254901960784314 0.022099447513812154
0.0 0.5882352941176471 0.13259668508287292 0.00980392156862745 0.016574585635359115
0.0 0.6004901960784313 0.13259668508287292 0.00980392156862745 0.016574585635359115
0.0 0.5943627450980392 0.09116022099447514 0.007352941176470588 0.011049723756906077
0.0 0.6115196078431373 0.09668508287292818 0.012254901960784314 0.016574585635359115
0.0 0.49754901960784315 0.08011049723756906 0.004901960784313725 0.011049723756906077
0.0 0.5490196078431373 0.08425414364640885 0.00980392156862745 0.008287292817679558
0.0 0.5723039215686274 0.08011049723756906 0.012254901960784314 0.011049723756906077
0.0 0.5968137254901961 0.08011049723756906 0.007352941176470588 0.011049723756906077
0.0 0.508578431372549 0.06906077348066299 0.0024509803921568627 0.011049723756906077
0.0 0.5980392156862745 0.06353591160220995 0.00980392156862745 0.011049723756906077
1.0 0.6188725490196079 0.07044198895027624 0.007352941176470588 0.008287292817679558
0.0 0.5784313725490197 0.06353591160220995 0.00980392156862745 0.011049723756906077
0.0 0.5563725490196079 0.05662983425414365 0.00980392156862745 0.008287292817679558
1.0 0.5514705882352942 0.04281767955801105 0.00980392156862745 0.008287292817679558
1.0 0.5220588235294118 0.04281767955801105 0.00980392156862745 0.008287292817679558
9.0 0.5208333333333334 0.04558011049723757 0.007352941176470588 0.008287292817679558
9.0 0.5514705882352942 0.04281767955801105 0.004901960784313725 0.008287292817679558
0.0 0.5147058823529411 0.04005524861878453 0.004901960784313725 0.008287292817679558
0.0 0.5036764705882353 0.04696132596685083 0.007352941176470588 0.0055248618784530384
0.0 0.5968137254901961 0.05110497237569061 0.007352941176470588 0.008287292817679558
0.0 0.6004901960784313 0.052486187845303865 0.004901960784313725 0.011049723756906077
0.0 0.5208333333333334 0.06077348066298342 0.007352941176470588 0.011049723756906077
0.0 0.46200980392156865 0.05662983425414365 0.007352941176470588 0.008287292817679558
0.0 0.4166666666666667 0.062154696132596686 0.00980392156862745 0.008287292817679558
0.0 0.4166666666666667 0.05662983425414365 0.00980392156862745 0.008287292817679558
0.0 0.41911764705882354 0.055248618784530384 0.00980392156862745 0.011049723756906077
0.0 0.4252450980392157 0.05386740331491713 0.012254901960784314 0.008287292817679558
0.0 0.43504901960784315 0.05386740331491713 0.007352941176470588 0.008287292817679558
0.0 0.43504901960784315 0.05110497237569061 0.007352941176470588 0.008287292817679558
0.0 0.44607843137254904 0.052486187845303865 0.00980392156862745 0.011049723756906077
0.0 0.4387254901960784 0.06767955801104972 0.00980392156862745 0.008287292817679558
0.0 0.45465686274509803 0.07044198895027624 0.007352941176470588 0.008287292817679558
0.0 0.4681372549019608 0.0718232044198895 0.00980392156862745 0.011049723756906077
0.0 0.4791666666666667 0.07320441988950276 0.012254901960784314 0.013812154696132596
0.0 0.4681372549019608 0.06906077348066299 0.00980392156862745 0.011049723756906077
0.0 0.4730392156862745 0.058011049723756904 0.004901960784313725 0.011049723756906077
0.0 0.47058823529411764 0.05110497237569061 0.004901960784313725 0.008287292817679558
0.0 0.45465686274509803 0.05110497237569061 0.007352941176470588 0.008287292817679558
0.0 0.4644607843137255 0.05110497237569061 0.012254901960784314 0.008287292817679558
0.0 0.47794117647058826 0.05110497237569061 0.00980392156862745 0.008287292817679558
0.0 0.48651960784313725 0.05662983425414365 0.012254901960784314 0.008287292817679558
0.0 0.49019607843137253 0.04558011049723757 0.00980392156862745 0.008287292817679558
0.0 0.5330882352941176 0.05110497237569061 0.007352941176470588 0.008287292817679558
0.0 0.6102941176470589 0.052486187845303865 0.004901960784313725 0.0055248618784530384
0.0 0.5196078431372549 0.05386740331491713 0.00980392156862745 0.008287292817679558
0.0 0.5306372549019608 0.05662983425414365 0.007352941176470588 0.008287292817679558
0.0 0.5330882352941176 0.05939226519337017 0.007352941176470588 0.008287292817679558
