5.0 0.13480392156862744 0.8466494845360825 0.03431372549019608 0.03350515463917526
5.0 0.1642156862745098 0.8737113402061856 0.0784313725490196 0.061855670103092786
5.0 0.17401960784313725 0.8878865979381443 0.0784313725490196 0.059278350515463915
3.0 0.19852941176470587 0.8711340206185567 0.024509803921568627 0.02577319587628866
4.0 0.22303921568627452 0.8853092783505154 0.024509803921568627 0.023195876288659795
4.0 0.15808823529411764 0.43427835051546393 0.03676470588235294 0.03350515463917526
3.0 0.5980392156862745 0.979381443298969 0.024509803921568627 0.015463917525773196
9.0 0.6102941176470589 0.9806701030927835 0.00980392156862745 0.007731958762886598
9.0 0.616421568627451 0.9175257731958762 0.012254901960784314 0.010309278350515464
9.0 0.6911764705882353 0.5695876288659794 0.0196078431372549 0.041237113402061855
9.0 0.6605392156862745 0.2036082474226804 0.022058823529411766 0.030927835051546393
9.0 0.5796568627450981 0.07603092783505154 0.022058823529411766 0.007731958762886598
9.0 0.875 0.2654639175257732 0.014705882352941176 0.02577319587628866
9.0 0.883578431372549 0.25 0.012254901960784314 0.020618556701030927
9.0 0.883578431372549 0.20618556701030927 0.012254901960784314 0.015463917525773196
0.0 0.8112745098039216 0.1327319587628866 0.00980392156862745 0.01288659793814433
0.0 0.8247549019607843 0.15463917525773196 0.007352941176470588 0.010309278350515464
9.0 0.8075980392156863 0.8698453608247423 0.012254901960784314 0.01288659793814433
6.0 0.5919117647058824 0.9432989690721649 0.022058823529411766 0.015463917525773196
3.0 0.625 0.9329896907216495 0.024509803921568627 0.020618556701030927
3.0 0.6556372549019608 0.8492268041237113 0.03676470588235294 0.04381443298969072
3.0 0.7524509803921569 0.9213917525773195 0.024509803921568627 0.023195876288659795
3.0 0.7696078431372549 0.8981958762886598 0.029411764705882353 0.028350515463917526
8.0 0.7438725490196079 0.9394329896907216 0.031862745098039214 0.023195876288659795
4.0 0.7904411764705882 0.8698453608247423 0.02696078431372549 0.028350515463917526
4.0 0.8382352941176471 0.7783505154639175 0.024509803921568627 0.041237113402061855
4.0 0.8602941176470589 0.7280927835051546 0.029411764705882353 0.04896907216494845
5.0 0.8125 0.8286082474226805 0.02696078431372549 0.03865979381443299
5.0 0.8884803921568627 0.6275773195876289 0.03676470588235294 0.11082474226804123
5.0 0.9007352941176471 0.6391752577319587 0.02696078431372549 0.08247422680412371
5.0 0.9142156862745098 0.5103092783505154 0.0196078431372549 0.12886597938144329
5.0 0.9007352941176471 0.47164948453608246 0.01715686274509804 0.07731958762886598
3.0 0.9669117647058824 0.39948453608247425 0.012254901960784314 0.030927835051546393
3.0 0.8700980392156863 0.27963917525773196 0.024509803921568627 0.04896907216494845
3.0 0.8553921568627451 0.2706185567010309 0.024509803921568627 0.04639175257731959
3.0 0.9534313725490197 0.29896907216494845 0.014705882352941176 0.02577319587628866
4.0 0.9644607843137255 0.3079896907216495 0.012254901960784314 0.023195876288659795
3.0 0.8933823529411765 0.22422680412371135 0.022058823529411766 0.02577319587628866
5.0 0.9178921568627451 0.25902061855670105 0.061274509803921566 0.07474226804123711
5.0 0.9497549019607843 0.27963917525773196 0.041666666666666664 0.059278350515463915
5.0 0.6593137254901961 0.09922680412371133 0.0392156862745098 0.03865979381443299
5.0 0.49019607843137253 0.019329896907216496 0.0392156862745098 0.007731958762886598
5.0 0.5012254901960784 0.015463917525773196 0.04656862745098039 0.005154639175257732
3.0 0.5637254901960784 0.05670103092783505 0.04411764705882353 0.015463917525773196
3.0 0.5857843137254902 0.028350515463917526 0.024509803921568627 0.015463917525773196
3.0 0.9448529411764706 0.24484536082474226 0.01715686274509804 0.030927835051546393
3.0 0.17647058823529413 0.1404639175257732 0.03431372549019608 0.028350515463917526
3.0 0.49019607843137253 0.007731958762886598 0.0392156862745098 0.005154639175257732
3.0 0.49264705882352944 0.002577319587628866 0.03431372549019608 0.005154639175257732
3.0 0.38480392156862747 0.01675257731958763 0.0392156862745098 0.01288659793814433
3.0 0.6029411764705882 0.01288659793814433 0.0196078431372549 0.010309278350515464
3.0 0.3909313725490196 0.010309278350515464 0.03676470588235294 0.010309278350515464
3.0 0.44485294117647056 0.010309278350515464 0.022058823529411766 0.010309278350515464
4.0 0.49387254901960786 0.02577319587628866 0.03676470588235294 0.005154639175257732
5.0 0.3627450980392157 0.037371134020618556 0.0196078431372549 0.01288659793814433
