0.0 0.2652582159624413 0.8025641025641026 0.08450704225352113 0.12307692307692308
7.0 0.5117370892018779 0.8743589743589744 0.11737089201877934 0.13846153846153847
0.0 0.5105633802816901 0.09102564102564102 0.02112676056338028 0.028205128205128206
0.0 0.49295774647887325 0.0782051282051282 0.018779342723004695 0.023076923076923078
0.0 0.4800469483568075 0.08717948717948718 0.011737089201877934 0.015384615384615385
0.0 0.465962441314554 0.09871794871794871 0.01643192488262911 0.017948717948717947
0.0 0.43427230046948356 0.1 0.028169014084507043 0.02564102564102564
2.0 0.5528169014084507 0.10384615384615385 0.035211267605633804 0.023076923076923078
3.0 0.49061032863849763 0.01282051282051282 0.046948356807511735 0.005128205128205128
4.0 0.5938967136150235 0.020512820512820513 0.046948356807511735 0.015384615384615385
0.0 0.636150234741784 0.06923076923076923 0.018779342723004695 0.015384615384615385
0.0 0.6467136150234741 0.07435897435897436 0.011737089201877934 0.010256410256410256
3.0 0.9072769953051644 0.33589743589743587 0.07276995305164319 0.1076923076923077
0.0 0.75 0.08974358974358974 0.01643192488262911 0.015384615384615385
0.0 0.6384976525821596 0.023076923076923078 0.009389671361502348 0.005128205128205128
9.0 0.5974178403755869 0.029487179487179487 0.007042253521126761 0.007692307692307693
9.0 0.8274647887323944 0.7705128205128206 0.06338028169014084 0.09487179487179487
6.0 0.8251173708920188 0.8666666666666667 0.13380281690140844 0.1282051282051282
3.0 0.9612676056338029 0.6371794871794871 0.0539906103286385 0.16666666666666666
9.0 0.9706572769953051 0.676923076923077 0.01643192488262911 0.05128205128205128
3.0 0.21009389671361503 0.8782051282051282 0.20892018779342722 0.1717948717948718
5.0 0.6009389671361502 0.016666666666666666 0.009389671361502348 0.007692307692307693
1.0 0.8274647887323944 0.7628205128205128 0.07276995305164319 0.11538461538461539
1.0 0.596244131455399 0.028205128205128206 0.009389671361502348 0.005128205128205128
9.0 0.6115023474178404 0.029487179487179487 0.011737089201877934 0.007692307692307693
1.0 0.6103286384976526 0.028205128205128206 0.014084507042253521 0.005128205128205128
6.0 0.43661971830985913 0.02564102564102564 0.03755868544600939 0.010256410256410256
