8.0 0.07475490196078431 0.7071823204419889 0.02696078431372549 0.04419889502762431
3.0 0.06862745098039216 0.6574585635359116 0.024509803921568627 0.04419889502762431
3.0 0.3762254901960784 0.6988950276243094 0.07107843137254902 0.11602209944751381
3.0 0.5465686274509803 0.6243093922651933 0.049019607843137254 0.09392265193370165
3.0 0.42769607843137253 0.32734806629834257 0.04656862745098039 0.08011049723756906
3.0 0.48284313725490197 0.12016574585635359 0.03431372549019608 0.04143646408839779
3.0 0.5171568627450981 0.034530386740331494 0.03431372549019608 0.019337016574585635
0.0 0.21200980392156862 0.20027624309392264 0.012254901960784314 0.019337016574585635
0.0 0.23284313725490197 0.19613259668508287 0.014705882352941176 0.027624309392265192
0.0 0.23529411764705882 0.18922651933701656 0.014705882352941176 0.024861878453038673
0.0 0.19852941176470587 0.19337016574585636 0.0196078431372549 0.027624309392265192
