4.0 0.7137850467289719 0.15898058252427186 0.02570093457943925 0.01699029126213592
4.0 0.6939252336448598 0.14927184466019416 0.02336448598130841 0.01699029126213592
3.0 0.7021028037383178 0.19781553398058252 0.04906542056074766 0.021844660194174758
4.0 0.6460280373831776 0.1383495145631068 0.030373831775700934 0.014563106796116505
3.0 0.6366822429906542 0.12985436893203883 0.035046728971962614 0.012135922330097087
3.0 0.6273364485981309 0.12135922330097088 0.02570093457943925 0.009708737864077669
3.0 0.6063084112149533 0.11407766990291263 0.011682242990654205 0.0048543689320388345
4.0 0.7827102803738317 0.22330097087378642 0.02336448598130841 0.024271844660194174
3.0 0.44742990654205606 0.09223300970873786 0.02102803738317757 0.0048543689320388345
3.0 0.44042056074766356 0.09951456310679611 0.016355140186915886 0.0048543689320388345
3.0 0.4205607476635514 0.11286407766990292 0.014018691588785047 0.007281553398058253
4.0 0.441588785046729 0.16140776699029127 0.02336448598130841 0.01699029126213592
5.0 0.397196261682243 0.15655339805825244 0.03271028037383177 0.02669902912621359
5.0 0.39135514018691586 0.16990291262135923 0.02102803738317757 0.019417475728155338
0.0 0.802570093457944 0.27548543689320387 0.011682242990654205 0.021844660194174758
0.0 0.7885514018691588 0.2682038834951456 0.011682242990654205 0.021844660194174758
5.0 0.7873831775700935 0.30218446601941745 0.07476635514018691 0.0703883495145631
4.0 0.8119158878504673 0.35436893203883496 0.04906542056074766 0.05339805825242718
3.0 0.8014018691588785 0.3434466019417476 0.04205607476635514 0.03640776699029126
4.0 0.8773364485981309 0.4223300970873786 0.02102803738317757 0.038834951456310676
3.0 0.889018691588785 0.41262135922330095 0.02102803738317757 0.038834951456310676
3.0 0.9030373831775701 0.41504854368932037 0.016355140186915886 0.03398058252427184
3.0 0.9007009345794392 0.5388349514563107 0.035046728971962614 0.043689320388349516
3.0 0.9042056074766355 0.6322815533980582 0.04205607476635514 0.06067961165048544
3.0 0.8843457943925234 0.7172330097087378 0.0630841121495327 0.08009708737864078
3.0 0.1647196261682243 0.5024271844660194 0.030373831775700934 0.06310679611650485
0.0 0.7149532710280374 0.17597087378640777 0.009345794392523364 0.012135922330097087
3.0 0.6962616822429907 0.18932038834951456 0.04205607476635514 0.024271844660194174
3.0 0.6927570093457944 0.18446601941747573 0.0397196261682243 0.019417475728155338
3.0 0.6939252336448598 0.1808252427184466 0.04205607476635514 0.021844660194174758
3.0 0.6845794392523364 0.16990291262135923 0.04205607476635514 0.019417475728155338
3.0 0.6752336448598131 0.1638349514563107 0.037383177570093455 0.01699029126213592
3.0 0.6752336448598131 0.16019417475728157 0.037383177570093455 0.019417475728155338
3.0 0.6647196261682243 0.1553398058252427 0.035046728971962614 0.014563106796116505
3.0 0.6635514018691588 0.15169902912621358 0.037383177570093455 0.01699029126213592
3.0 0.7757009345794392 0.2087378640776699 0.03271028037383177 0.024271844660194174
