3.0 0.08455882352941177 0.8144329896907216 0.02696078431372549 0.041237113402061855
3.0 0.024509803921568627 0.5682989690721649 0.029411764705882353 0.05412371134020619
3.0 0.4877450980392157 0.854381443298969 0.16666666666666666 0.1056701030927835
3.0 0.5833333333333334 0.7628865979381443 0.16666666666666666 0.12886597938144329
3.0 0.8884803921568627 0.6469072164948454 0.0661764705882353 0.0979381443298969
3.0 0.9142156862745098 0.7461340206185567 0.07352941176470588 0.11082474226804123
3.0 0.9534313725490197 0.5721649484536082 0.029411764705882353 0.05154639175257732
3.0 0.9791666666666666 0.529639175257732 0.012254901960784314 0.03350515463917526
3.0 0.991421568627451 0.5077319587628866 0.007352941176470588 0.015463917525773196
3.0 0.9877450980392157 0.49355670103092786 0.00980392156862745 0.01804123711340206
3.0 0.9718137254901961 0.47551546391752575 0.012254901960784314 0.028350515463917526
3.0 0.9828431372549019 0.4677835051546392 0.00980392156862745 0.028350515463917526
3.0 0.9828431372549019 0.45618556701030927 0.00980392156862745 0.015463917525773196
3.0 0.9938725490196079 0.46134020618556704 0.007352941176470588 0.015463917525773196
3.0 0.9424019607843137 0.42010309278350516 0.01715686274509804 0.03608247422680412
3.0 0.9301470588235294 0.4162371134020619 0.01715686274509804 0.03865979381443299
3.0 0.9191176470588235 0.4097938144329897 0.014705882352941176 0.03608247422680412
3.0 0.8982843137254902 0.40335051546391754 0.01715686274509804 0.03865979381443299
3.0 0.8823529411764706 0.42783505154639173 0.04411764705882353 0.04639175257731959
3.0 0.8762254901960784 0.3943298969072165 0.022058823529411766 0.03608247422680412
3.0 0.8982843137254902 0.5579896907216495 0.04656862745098039 0.06443298969072164
3.0 0.803921568627451 0.5902061855670103 0.09313725490196079 0.09278350515463918
3.0 0.7009803921568627 0.5038659793814433 0.10294117647058823 0.06958762886597938
3.0 0.553921568627451 0.5682989690721649 0.13725490196078433 0.11082474226804123
3.0 0.4852941176470588 0.4381443298969072 0.08333333333333333 0.08247422680412371
3.0 0.5808823529411765 0.4072164948453608 0.08333333333333333 0.06701030927835051
3.0 0.4019607843137255 0.36082474226804123 0.07352941176470588 0.06701030927835051
3.0 0.3321078431372549 0.29896907216494845 0.061274509803921566 0.04639175257731959
3.0 0.10416666666666667 0.3698453608247423 0.01715686274509804 0.03350515463917526
3.0 0.1053921568627451 0.3479381443298969 0.014705882352941176 0.02577319587628866
3.0 0.1090686274509804 0.31958762886597936 0.012254901960784314 0.02577319587628866
3.0 0.12009803921568628 0.2757731958762887 0.014705882352941176 0.020618556701030927
3.0 0.004901960784313725 0.47809278350515466 0.00980392156862745 0.023195876288659795
3.0 0.003676470588235294 0.452319587628866 0.007352941176470588 0.023195876288659795
3.0 0.01715686274509804 0.43556701030927836 0.00980392156862745 0.030927835051546393
3.0 0.025735294117647058 0.4265463917525773 0.012254901960784314 0.028350515463917526
3.0 0.030637254901960783 0.41365979381443296 0.01715686274509804 0.03350515463917526
3.0 0.05514705882352941 0.4213917525773196 0.012254901960784314 0.05412371134020619
3.0 0.06004901960784314 0.4007731958762887 0.012254901960784314 0.03350515463917526
3.0 0.06495098039215687 0.37757731958762886 0.012254901960784314 0.03350515463917526
0.0 0.01715686274509804 0.6018041237113402 0.00980392156862745 0.04381443298969072
9.0 0.13848039215686275 0.7744845360824743 0.061274509803921566 0.07474226804123711
9.0 0.09436274509803921 0.8079896907216495 0.03676470588235294 0.04896907216494845
9.0 0.14460784313725492 0.6378865979381443 0.03431372549019608 0.07989690721649484
0.0 0.03308823529411765 0.4536082474226804 0.0024509803921568627 0.030927835051546393
9.0 0.03431372549019608 0.46005154639175255 0.004901960784313725 0.03350515463917526
0.0 0.03553921568627451 0.4587628865979381 0.0024509803921568627 0.02577319587628866
0.0 0.030637254901960783 0.509020618556701 0.0024509803921568627 0.03350515463917526
0.0 0.04044117647058824 0.48195876288659795 0.0024509803921568627 0.02577319587628866
9.0 0.8296568627450981 0.43041237113402064 0.02696078431372549 0.04639175257731959
0.0 0.7561274509803921 0.38144329896907214 0.01715686274509804 0.030927835051546393
0.0 0.8713235294117647 0.45489690721649484 0.007352941176470588 0.03865979381443299
9.0 0.8578431372549019 0.49226804123711343 0.014705882352941176 0.03608247422680412
0.0 0.9473039215686274 0.5038659793814433 0.0024509803921568627 0.028350515463917526
0.0 0.9497549019607843 0.5 0.0024509803921568627 0.02577319587628866
0.0 0.9522058823529411 0.5025773195876289 0.0024509803921568627 0.02577319587628866
0.0 0.9105392156862745 0.4368556701030928 0.007352941176470588 0.03350515463917526
0.0 0.9166666666666666 0.44716494845360827 0.004901960784313725 0.01804123711340206
0.0 0.9705882352941176 0.5850515463917526 0.00980392156862745 0.03608247422680412
0.0 0.991421568627451 0.5644329896907216 0.0024509803921568627 0.020618556701030927
8.0 0.7806372549019608 0.7190721649484536 0.2916666666666667 0.30927835051546393
8.0 0.9325980392156863 0.7139175257731959 0.11519607843137254 0.21649484536082475
4.0 0.12990196078431374 0.8492268041237113 0.10294117647058823 0.1056701030927835
4.0 0.011029411764705883 0.44072164948453607 0.012254901960784314 0.03608247422680412
0.0 0.013480392156862746 0.5502577319587629 0.007352941176470588 0.03350515463917526
3.0 0.11642156862745098 0.29510309278350516 0.012254901960784314 0.01804123711340206
4.0 0.18627450980392157 0.4497422680412371 0.058823529411764705 0.07989690721649484
8.0 0.29411764705882354 0.2190721649484536 0.07352941176470588 0.061855670103092786
9.0 0.2647058823529412 0.23840206185567012 0.014705882352941176 0.01804123711340206
9.0 0.23161764705882354 0.22036082474226804 0.012254901960784314 0.01804123711340206
5.0 0.7463235294117647 0.35051546391752575 0.08088235294117647 0.08762886597938144
0.0 0.7732843137254902 0.4020618556701031 0.012254901960784314 0.04639175257731959
7.0 0.7794117647058824 0.4420103092783505 0.05392156862745098 0.07989690721649484
8.0 0.20098039215686275 0.19329896907216496 0.024509803921568627 0.02577319587628866
0.0 0.2610294117647059 0.21649484536082475 0.007352941176470588 0.015463917525773196
3.0 0.1875 0.21005154639175258 0.007352941176470588 0.007731958762886598
3.0 0.18995098039215685 0.19458762886597938 0.007352941176470588 0.007731958762886598
3.0 0.16911764705882354 0.20103092783505155 0.004901960784313725 0.005154639175257732
0.0 0.061274509803921566 0.35309278350515466 0.004901960784313725 0.015463917525773196
0.0 0.0625 0.35051546391752575 0.007352941176470588 0.020618556701030927
0.0 0.0661764705882353 0.32216494845360827 0.004901960784313725 0.015463917525773196
3.0 0.03553921568627451 0.3956185567010309 0.01715686274509804 0.028350515463917526
3.0 0.03799019607843137 0.3904639175257732 0.01715686274509804 0.028350515463917526
3.0 0.05269607843137255 0.35309278350515466 0.01715686274509804 0.030927835051546393
3.0 0.049019607843137254 0.3582474226804124 0.014705882352941176 0.02577319587628866
3.0 0.04534313725490196 0.36597938144329895 0.01715686274509804 0.02577319587628866
3.0 0.04411764705882353 0.37371134020618557 0.0196078431372549 0.030927835051546393
0.0 0.0392156862745098 0.4213917525773196 0.004901960784313725 0.028350515463917526
0.0 0.041666666666666664 0.4175257731958763 0.004901960784313725 0.030927835051546393
4.0 0.8468137254901961 0.3646907216494845 0.031862745098039214 0.04381443298969072
3.0 0.8137254901960784 0.36082474226804123 0.04411764705882353 0.04639175257731959
3.0 0.38112745098039214 0.5515463917525774 0.09558823529411764 0.10824742268041238
4.0 0.9362745098039216 0.529639175257732 0.029411764705882353 0.05412371134020619
0.0 0.8713235294117647 0.8054123711340206 0.02696078431372549 0.04381443298969072
3.0 0.011029411764705883 0.4948453608247423 0.007352941176470588 0.020618556701030927
1.0 0.09681372549019608 0.8105670103092784 0.02696078431372549 0.03865979381443299
1.0 0.13848039215686275 0.7731958762886598 0.03676470588235294 0.05670103092783505
1.0 0.1409313725490196 0.6327319587628866 0.022058823529411766 0.059278350515463915
1.0 0.26348039215686275 0.24097938144329897 0.012254901960784314 0.01804123711340206
1.0 0.23039215686274508 0.22164948453608246 0.00980392156862745 0.015463917525773196
1.0 0.25245098039215685 0.23324742268041238 0.00980392156862745 0.01288659793814433
9.0 0.2512254901960784 0.23711340206185566 0.012254901960784314 0.015463917525773196
1.0 0.8578431372549019 0.4896907216494845 0.00980392156862745 0.030927835051546393
1.0 0.8308823529411765 0.43170103092783507 0.014705882352941176 0.03865979381443299
0.0 0.8639705882352942 0.4574742268041237 0.007352941176470588 0.03865979381443299
0.0 0.9276960784313726 0.4806701030927835 0.0024509803921568627 0.03350515463917526
0.0 0.8700980392156863 0.4574742268041237 0.004901960784313725 0.03350515463917526
1.0 0.9424019607843137 0.4587628865979381 0.0024509803921568627 0.02577319587628866
9.0 0.9411764705882353 0.4639175257731959 0.004901960784313725 0.015463917525773196
3.0 0.9803921568627451 0.595360824742268 0.014705882352941176 0.04639175257731959
