3.0 0.21144859813084113 0.6747572815533981 0.07710280373831775 0.0970873786407767
3.0 0.17406542056074767 0.6699029126213593 0.0630841121495327 0.08737864077669903
3.0 0.14602803738317757 0.6844660194174758 0.053738317757009345 0.0825242718446602
3.0 0.12967289719626168 0.6893203883495146 0.04439252336448598 0.07281553398058252
3.0 0.27920560747663553 0.6444174757281553 0.10046728971962617 0.10436893203883495
3.0 0.36565420560747663 0.6298543689320388 0.0911214953271028 0.09951456310679611
3.0 0.9007009345794392 0.8033980582524272 0.0397196261682243 0.05339805825242718
3.0 0.8761682242990654 0.8337378640776699 0.04205607476635514 0.050970873786407765
3.0 0.8492990654205608 0.8628640776699029 0.053738317757009345 0.055825242718446605
3.0 0.8294392523364486 0.883495145631068 0.037383177570093455 0.03398058252427184
2.0 0.30957943925233644 0.9223300970873787 0.035046728971962614 0.019417475728155338
2.0 0.4696261682242991 0.9526699029126213 0.028037383177570093 0.007281553398058253
2.0 0.45794392523364486 0.9490291262135923 0.03271028037383177 0.009708737864077669
2.0 0.4264018691588785 0.9381067961165048 0.035046728971962614 0.012135922330097087
2.0 0.39369158878504673 0.9235436893203883 0.035046728971962614 0.01699029126213592
2.0 0.3878504672897196 0.9199029126213593 0.037383177570093455 0.014563106796116505
2.0 0.37383177570093457 0.9138349514563107 0.03271028037383177 0.01699029126213592
2.0 0.2219626168224299 0.8434466019417476 0.02336448598130841 0.021844660194174758
0.0 0.2219626168224299 0.8385922330097088 0.018691588785046728 0.021844660194174758
2.0 0.20794392523364486 0.8398058252427184 0.02336448598130841 0.019417475728155338
2.0 0.21728971962616822 0.8519417475728155 0.028037383177570093 0.024271844660194174
2.0 0.22780373831775702 0.8604368932038835 0.030373831775700934 0.02669902912621359
2.0 0.24649532710280375 0.8786407766990292 0.030373831775700934 0.024271844660194174
2.0 0.24182242990654207 0.8737864077669902 0.030373831775700934 0.024271844660194174
2.0 0.23014018691588786 0.8652912621359223 0.02570093457943925 0.021844660194174758
