3.0 0.07352941176470588 0.7822164948453608 0.014705882352941176 0.023195876288659795
5.0 0.05269607843137255 0.7371134020618557 0.012254901960784314 0.020618556701030927
3.0 0.058823529411764705 0.2603092783505155 0.014705882352941176 0.02577319587628866
3.0 0.05024509803921569 0.2925257731958763 0.012254901960784314 0.023195876288659795
3.0 0.04534313725490196 0.30541237113402064 0.012254901960784314 0.023195876288659795
3.0 0.04044117647058824 0.31958762886597936 0.012254901960784314 0.020618556701030927
3.0 0.03676470588235294 0.33505154639175255 0.00980392156862745 0.020618556701030927
3.0 0.01715686274509804 0.3595360824742268 0.00980392156862745 0.023195876288659795
3.0 0.025735294117647058 0.32989690721649484 0.007352941176470588 0.020618556701030927
4.0 0.029411764705882353 0.3170103092783505 0.00980392156862745 0.02577319587628866
4.0 0.03431372549019608 0.3015463917525773 0.00980392156862745 0.015463917525773196
3.0 0.04411764705882353 0.2770618556701031 0.00980392156862745 0.01804123711340206
3.0 0.03308823529411765 0.40850515463917525 0.007352941176470588 0.023195876288659795
3.0 0.05269607843137255 0.38402061855670105 0.012254901960784314 0.02577319587628866
3.0 0.061274509803921566 0.39304123711340205 0.014705882352941176 0.03350515463917526
3.0 0.05024509803921569 0.42783505154639173 0.012254901960784314 0.030927835051546393
3.0 0.06985294117647059 0.41494845360824745 0.012254901960784314 0.03608247422680412
3.0 0.07475490196078431 0.4175257731958763 0.012254901960784314 0.041237113402061855
3.0 0.07965686274509803 0.42010309278350516 0.012254901960784314 0.041237113402061855
3.0 0.01715686274509804 0.5180412371134021 0.004901960784313725 0.02577319587628866
3.0 0.049019607843137254 0.5528350515463918 0.00980392156862745 0.03350515463917526
3.0 0.05024509803921569 0.6005154639175257 0.012254901960784314 0.030927835051546393
3.0 0.0661764705882353 0.595360824742268 0.014705882352941176 0.03608247422680412
3.0 0.08823529411764706 0.6804123711340206 0.0196078431372549 0.03608247422680412
3.0 0.08455882352941177 0.6365979381443299 0.01715686274509804 0.041237113402061855
3.0 0.10416666666666667 0.6069587628865979 0.022058823529411766 0.03865979381443299
3.0 0.14215686274509803 0.7603092783505154 0.029411764705882353 0.041237113402061855
3.0 0.14705882352941177 0.615979381443299 0.029411764705882353 0.04639175257731959
3.0 0.30637254901960786 0.7306701030927835 0.04411764705882353 0.05412371134020619
3.0 0.35784313725490197 0.5927835051546392 0.04411764705882353 0.06701030927835051
5.0 0.3284313725490196 0.6701030927835051 0.06372549019607843 0.08762886597938144
4.0 0.4325980392156863 0.42396907216494845 0.04656862745098039 0.06958762886597938
3.0 0.4987745098039216 0.28737113402061853 0.04656862745098039 0.06443298969072164
3.0 0.6188725490196079 0.1056701030927835 0.031862745098039214 0.02577319587628866
3.0 0.6323529411764706 0.08634020618556701 0.03431372549019608 0.023195876288659795
3.0 0.6458333333333334 0.07216494845360824 0.02696078431372549 0.020618556701030927
4.0 0.4852941176470588 0.04639175257731959 0.03431372549019608 0.010309278350515464
4.0 0.5882352941176471 0.05283505154639175 0.0392156862745098 0.01288659793814433
3.0 0.5024509803921569 0.03994845360824742 0.03431372549019608 0.007731958762886598
3.0 0.5453431372549019 0.04896907216494845 0.03676470588235294 0.010309278350515464
3.0 0.5637254901960784 0.041237113402061855 0.0392156862745098 0.010309278350515464
3.0 0.6507352941176471 0.061855670103092786 0.022058823529411766 0.015463917525773196
3.0 0.6605392156862745 0.05412371134020619 0.02696078431372549 0.015463917525773196
3.0 0.6666666666666666 0.03994845360824742 0.024509803921568627 0.01288659793814433
3.0 0.6752450980392157 0.037371134020618556 0.022058823529411766 0.01288659793814433
3.0 0.6495098039215687 0.02190721649484536 0.014705882352941176 0.007731958762886598
3.0 0.6801470588235294 0.03221649484536082 0.02696078431372549 0.01288659793814433
3.0 0.6348039215686274 0.9355670103092784 0.03431372549019608 0.020618556701030927
3.0 0.6311274509803921 0.9806701030927835 0.031862745098039214 0.01288659793814433
5.0 0.00980392156862745 0.40335051546391754 0.00980392156862745 0.03350515463917526
