4.0 0.20098039215686275 0.21408839779005526 0.0392156862745098 0.06353591160220995
4.0 0.36764705882352944 0.04281767955801105 0.0392156862745098 0.024861878453038673
3.0 0.14215686274509803 0.7251381215469613 0.049019607843137254 0.09668508287292818
3.0 0.17892156862745098 0.7071823204419889 0.058823529411764705 0.11602209944751381
3.0 0.19730392156862744 0.4419889502762431 0.03676470588235294 0.09944751381215469
3.0 0.16666666666666666 0.36464088397790057 0.03431372549019608 0.08287292817679558
3.0 0.45098039215686275 0.9088397790055248 0.08823529411764706 0.07734806629834254
3.0 0.38480392156862747 0.42679558011049723 0.10294117647058823 0.16298342541436464
3.0 0.7928921568627451 0.43922651933701656 0.056372549019607844 0.13812154696132597
3.0 0.6115196078431373 0.2223756906077348 0.07598039215686274 0.0856353591160221
3.0 0.7977941176470589 0.15883977900552487 0.051470588235294115 0.06353591160220995
3.0 0.6409313725490197 0.04834254143646409 0.051470588235294115 0.03038674033149171
3.0 0.33088235294117646 0.04419889502762431 0.029411764705882353 0.022099447513812154
3.0 0.22303921568627452 0.11187845303867404 0.029411764705882353 0.03038674033149171
5.0 0.19852941176470587 0.8839779005524862 0.08823529411764706 0.09944751381215469
5.0 0.9583333333333334 0.6146408839779005 0.024509803921568627 0.09116022099447514
5.0 0.9656862745098039 0.6298342541436464 0.024509803921568627 0.08839779005524862
5.0 0.9693627450980392 0.6464088397790055 0.02696078431372549 0.08839779005524862
5.0 0.9754901960784313 0.6533149171270718 0.029411764705882353 0.10220994475138122
5.0 0.9840686274509803 0.494475138121547 0.012254901960784314 0.09392265193370165
5.0 0.9938725490196079 0.5179558011049724 0.007352941176470588 0.0856353591160221
0.0 0.09068627450980392 0.7292817679558011 0.014705882352941176 0.03314917127071823
3.0 0.9080882352941176 0.26657458563535913 0.022058823529411766 0.04696132596685083
3.0 0.9681372549019608 0.42265193370165743 0.00980392156862745 0.04419889502762431
3.0 0.9803921568627451 0.44613259668508287 0.00980392156862745 0.04143646408839779
3.0 0.9583333333333334 0.3660220994475138 0.0196078431372549 0.04696132596685083
3.0 0.9546568627450981 0.3453038674033149 0.01715686274509804 0.03867403314917127
4.0 0.9901960784313726 0.4088397790055249 0.00980392156862745 0.03314917127071823
3.0 0.9926470588235294 0.42679558011049723 0.00980392156862745 0.03038674033149171
3.0 0.9865196078431373 0.457182320441989 0.007352941176470588 0.04143646408839779
3.0 0.9522058823529411 0.3052486187845304 0.012254901960784314 0.03591160220994475
3.0 0.9595588235294118 0.31629834254143646 0.012254901960784314 0.03591160220994475
3.0 0.9669117647058824 0.3301104972375691 0.012254901960784314 0.03591160220994475
3.0 0.9730392156862745 0.3425414364640884 0.00980392156862745 0.03314917127071823
3.0 0.9803921568627451 0.35359116022099446 0.00980392156862745 0.03314917127071823
3.0 0.9558823529411765 0.29972375690607733 0.014705882352941176 0.03591160220994475
3.0 0.9644607843137255 0.31215469613259667 0.012254901960784314 0.03314917127071823
4.0 0.9730392156862745 0.3287292817679558 0.00980392156862745 0.03314917127071823
3.0 0.9803921568627451 0.3425414364640884 0.00980392156862745 0.03314917127071823
3.0 0.8480392156862745 0.15883977900552487 0.0196078431372549 0.024861878453038673
3.0 0.8455882352941176 0.1477900552486188 0.024509803921568627 0.03038674033149171
3.0 0.8443627450980392 0.1712707182320442 0.02696078431372549 0.03314917127071823
3.0 0.8406862745098039 0.17679558011049723 0.029411764705882353 0.03867403314917127
3.0 0.8247549019607843 0.14917127071823205 0.031862745098039214 0.03867403314917127
3.0 0.8259803921568627 0.13259668508287292 0.03431372549019608 0.04419889502762431
3.0 0.8394607843137255 0.19751381215469613 0.031862745098039214 0.04696132596685083
3.0 0.7941176470588235 0.09392265193370165 0.0392156862745098 0.03867403314917127
3.0 0.7659313725490197 0.07320441988950276 0.031862745098039214 0.024861878453038673
3.0 0.33455882352941174 0.2900552486187845 0.061274509803921566 0.08287292817679558
3.0 0.5281862745098039 0.023480662983425413 0.031862745098039214 0.013812154696132596
3.0 0.9497549019607843 0.39226519337016574 0.01715686274509804 0.049723756906077346
3.0 0.9424019607843137 0.2914364640883978 0.01715686274509804 0.04143646408839779
4.0 0.9436274509803921 0.281767955801105 0.0196078431372549 0.03867403314917127
0.0 0.9252450980392157 0.6408839779005525 0.007352941176470588 0.022099447513812154
0.0 0.9276960784313726 0.638121546961326 0.007352941176470588 0.027624309392265192
3.0 0.2708333333333333 0.10497237569060773 0.041666666666666664 0.04419889502762431
