5.0 0.8296568627450981 0.15335051546391754 0.125 0.14175257731958762
3.0 0.9791666666666666 0.6030927835051546 0.01715686274509804 0.03608247422680412
5.0 0.013480392156862746 0.5605670103092784 0.02696078431372549 0.05412371134020619
3.0 0.01715686274509804 0.46134020618556704 0.014705882352941176 0.03608247422680412
9.0 0.41299019607843135 0.779639175257732 0.0661764705882353 0.028350515463917526
9.0 0.7205882352941176 0.854381443298969 0.04411764705882353 0.03350515463917526
9.0 0.991421568627451 0.5103092783505154 0.007352941176470588 0.015463917525773196
9.0 0.9362745098039216 0.6752577319587629 0.014705882352941176 0.02577319587628866
0.0 0.11029411764705882 0.327319587628866 0.014705882352941176 0.020618556701030927
0.0 0.3125 0.1018041237113402 0.022058823529411766 0.01804123711340206
2.0 0.4252450980392157 0.006443298969072165 0.01715686274509804 0.007731958762886598
1.0 0.42769607843137253 0.005154639175257732 0.012254901960784314 0.005154639175257732
1.0 0.42034313725490197 0.7809278350515464 0.02696078431372549 0.015463917525773196
1.0 0.7254901960784313 0.8530927835051546 0.024509803921568627 0.020618556701030927
1.0 0.9362745098039216 0.6752577319587629 0.00980392156862745 0.015463917525773196
1.0 0.9926470588235294 0.5115979381443299 0.004901960784313725 0.007731958762886598
0.0 0.5049019607843137 0.8505154639175257 0.03431372549019608 0.020618556701030927
