3.0 0.00980392156862745 0.4110824742268041 0.014705882352941176 0.03865979381443299
3.0 0.03431372549019608 0.4059278350515464 0.029411764705882353 0.05412371134020619
3.0 0.05024509803921569 0.595360824742268 0.03676470588235294 0.061855670103092786
4.0 0.08823529411764706 0.7564432989690721 0.05392156862745098 0.08505154639175258
6.0 0.17524509803921567 0.7873711340206185 0.051470588235294115 0.04896907216494845
0.0 0.17524509803921567 0.7770618556701031 0.01715686274509804 0.01804123711340206
0.0 0.20955882352941177 0.7925257731958762 0.022058823529411766 0.028350515463917526
6.0 0.2549019607843137 0.8350515463917526 0.09313725490196079 0.07731958762886598
3.0 0.4105392156862745 0.9162371134020618 0.10049019607843138 0.06958762886597938
0.0 0.19362745098039216 0.8621134020618557 0.014705882352941176 0.01288659793814433
0.0 0.24019607843137256 0.8994845360824743 0.0196078431372549 0.015463917525773196
0.0 0.35049019607843135 0.9201030927835051 0.014705882352941176 0.010309278350515464
0.0 0.37254901960784315 0.9458762886597938 0.0196078431372549 0.010309278350515464
0.0 0.4889705882352941 0.9716494845360825 0.022058823529411766 0.010309278350515464
2.0 0.375 0.9626288659793815 0.0196078431372549 0.01288659793814433
4.0 0.5625 0.9858247422680413 0.041666666666666664 0.023195876288659795
0.0 0.14215686274509803 0.24871134020618557 0.014705882352941176 0.023195876288659795
7.0 0.15441176470588236 0.3247422680412371 0.05392156862745098 0.061855670103092786
7.0 0.27818627450980393 0.26804123711340205 0.11519607843137254 0.0979381443298969
3.0 0.9877450980392157 0.6018041237113402 0.00980392156862745 0.03350515463917526
4.0 0.9803921568627451 0.5760309278350515 0.0196078431372549 0.04381443298969072
3.0 0.9534313725490197 0.44587628865979384 0.029411764705882353 0.04639175257731959
0.0 0.9227941176470589 0.6597938144329897 0.012254901960784314 0.020618556701030927
0.0 0.8455882352941176 0.8054123711340206 0.014705882352941176 0.01804123711340206
0.0 0.8529411764705882 0.7152061855670103 0.014705882352941176 0.01804123711340206
0.0 0.8700980392156863 0.75 0.00980392156862745 0.015463917525773196
3.0 0.8676470588235294 0.6597938144329897 0.058823529411764705 0.07731958762886598
3.0 0.7438725490196079 0.788659793814433 0.13480392156862744 0.12371134020618557
4.0 0.9362745098039216 0.6855670103092784 0.03431372549019608 0.05154639175257732
2.0 0.6973039215686274 0.9536082474226805 0.031862745098039214 0.015463917525773196
