0.0 0.07710280373831775 0.28519417475728154 0.037383177570093455 0.06553398058252427
1.0 0.056074766355140186 0.34101941747572817 0.028037383177570093 0.06067961165048544
1.0 0.12733644859813084 0.2366504854368932 0.0397196261682243 0.055825242718446605
1.0 0.1413551401869159 0.20388349514563106 0.035046728971962614 0.043689320388349516
1.0 0.12733644859813084 0.20266990291262135 0.0397196261682243 0.050970873786407765
1.0 0.16004672897196262 0.16868932038834952 0.04906542056074766 0.055825242718446605
5.0 0.5852803738317757 0.055825242718446605 0.34345794392523366 0.10679611650485436
4.0 0.01985981308411215 0.6128640776699029 0.035046728971962614 0.1383495145631068
1.0 0.08878504672897196 0.8033980582524272 0.037383177570093455 0.05339805825242718
0.0 0.0969626168224299 0.8021844660194175 0.04439252336448598 0.06067961165048544
0.0 0.10514018691588785 0.816747572815534 0.028037383177570093 0.03640776699029126
0.0 0.4532710280373832 0.9587378640776699 0.056074766355140186 0.024271844660194174
0.0 0.5934579439252337 0.9514563106796117 0.056074766355140186 0.024271844660194174
1.0 0.5829439252336449 0.9587378640776699 0.0397196261682243 0.014563106796116505
9.0 0.3119158878504673 0.8980582524271845 0.13317757009345793 0.0825242718446602
9.0 0.3878504672897196 0.9138349514563107 0.1308411214953271 0.04611650485436893
9.0 0.13317757009345793 0.7451456310679612 0.0794392523364486 0.09223300970873786
0.0 0.4287383177570093 0.9186893203883495 0.07710280373831775 0.03640776699029126
0.0 0.4649532710280374 0.9065533980582524 0.08878504672897196 0.03155339805825243
0.0 0.5257009345794392 0.9138349514563107 0.056074766355140186 0.03155339805825243
0.0 0.602803738317757 0.8932038834951457 0.07476635514018691 0.04854368932038835
0.0 0.7324766355140186 0.8349514563106796 0.06775700934579439 0.05825242718446602
0.0 0.7242990654205608 0.8580097087378641 0.06074766355140187 0.055825242718446605
0.0 0.8271028037383178 0.7949029126213593 0.0514018691588785 0.06067961165048544
0.0 0.8142523364485982 0.8264563106796117 0.05841121495327103 0.06067961165048544
0.0 0.38317757009345793 0.8495145631067961 0.08878504672897196 0.05825242718446602
0.0 0.633177570093458 0.845873786407767 0.056074766355140186 0.0412621359223301
0.0 0.5992990654205608 0.8288834951456311 0.07710280373831775 0.050970873786407765
4.0 0.2488317757009346 0.6407766990291263 0.25 0.44660194174757284
0.0 0.7394859813084113 0.9356796116504854 0.05841121495327103 0.03640776699029126
0.0 0.764018691588785 0.912621359223301 0.06542056074766354 0.04854368932038835
0.0 0.7686915887850467 0.8932038834951457 0.07009345794392523 0.05825242718446602
0.0 0.780373831775701 0.8118932038834952 0.08878504672897196 0.08495145631067962
0.0 0.8411214953271028 0.7560679611650486 0.04205607476635514 0.055825242718446605
0.0 0.8504672897196262 0.7002427184466019 0.0514018691588785 0.07524271844660194
0.0 0.8656542056074766 0.7148058252427184 0.05841121495327103 0.08495145631067962
0.0 0.8925233644859814 0.7087378640776699 0.04205607476635514 0.06310679611650485
0.0 0.9018691588785047 0.7099514563106796 0.037383177570093455 0.06067961165048544
0.0 0.9135514018691588 0.6990291262135923 0.028037383177570093 0.04854368932038835
1.0 0.9299065420560748 0.6941747572815534 0.018691588785046728 0.038834951456310676
1.0 0.9240654205607477 0.6953883495145631 0.02102803738317757 0.0412621359223301
1.0 0.927570093457944 0.6747572815533981 0.02336448598130841 0.04854368932038835
1.0 0.9404205607476636 0.6468446601941747 0.02102803738317757 0.04611650485436893
0.0 0.8983644859813084 0.5970873786407767 0.0397196261682243 0.06796116504854369
0.0 0.9088785046728972 0.6213592233009708 0.03271028037383177 0.05339805825242718
0.0 0.947429906542056 0.7305825242718447 0.016355140186915886 0.02912621359223301
0.0 0.9602803738317757 0.558252427184466 0.018691588785046728 0.043689320388349516
1.0 0.9941588785046729 0.5242718446601942 0.007009345794392523 0.043689320388349516
4.0 0.8855140186915887 0.4842233009708738 0.10747663551401869 0.4975728155339806
4.0 0.7768691588785047 0.16747572815533981 0.24065420560747663 0.2524271844660194
6.0 0.852803738317757 0.16019417475728157 0.10747663551401869 0.11165048543689321
6.0 0.889018691588785 0.1796116504854369 0.05841121495327103 0.07281553398058252
9.0 0.8656542056074766 0.14684466019417475 0.053738317757009345 0.055825242718446605
