0.0 0.1017156862745098 0.8273195876288659 0.012254901960784314 0.015463917525773196
0.0 0.3799019607843137 0.9600515463917526 0.014705882352941176 0.007731958762886598
0.0 0.5526960784313726 0.9304123711340206 0.01715686274509804 0.010309278350515464
0.0 0.8406862745098039 0.7280927835051546 0.014705882352941176 0.023195876288659795
0.0 0.8590686274509803 0.6945876288659794 0.012254901960784314 0.023195876288659795
0.0 0.5625 0.07860824742268041 0.012254901960784314 0.007731958762886598
0.0 0.803921568627451 0.4896907216494845 0.00980392156862745 0.03608247422680412
0.0 0.6286764705882353 0.9742268041237113 0.01715686274509804 0.010309278350515464
9.0 0.3137254901960784 0.9626288659793815 0.029411764705882353 0.01288659793814433
9.0 0.7977941176470589 0.8028350515463918 0.022058823529411766 0.03350515463917526
9.0 0.821078431372549 0.8466494845360825 0.029411764705882353 0.03350515463917526
9.0 0.8002450980392157 0.9097938144329897 0.022058823529411766 0.020618556701030927
9.0 0.6446078431372549 0.9381443298969072 0.0196078431372549 0.015463917525773196
9.0 0.7757352941176471 0.6868556701030928 0.022058823529411766 0.04381443298969072
9.0 0.8125 0.6739690721649485 0.02696078431372549 0.03865979381443299
9.0 0.8161764705882353 0.6932989690721649 0.024509803921568627 0.03608247422680412
9.0 0.7340686274509803 0.42010309278350516 0.01715686274509804 0.041237113402061855
9.0 0.7058823529411765 0.3015463917525773 0.0196078431372549 0.03608247422680412
9.0 0.6801470588235294 0.24613402061855671 0.022058823529411766 0.028350515463917526
9.0 0.7022058823529411 0.23067010309278352 0.022058823529411766 0.023195876288659795
9.0 0.6936274509803921 0.20489690721649484 0.029411764705882353 0.023195876288659795
9.0 0.6850490196078431 0.19458762886597938 0.022058823529411766 0.023195876288659795
9.0 0.6678921568627451 0.1713917525773196 0.022058823529411766 0.01804123711340206
9.0 0.6617647058823529 0.16108247422680413 0.024509803921568627 0.01288659793814433
2.0 0.6936274509803921 0.8981958762886598 0.0196078431372549 0.01804123711340206
2.0 0.6727941176470589 0.9587628865979382 0.022058823529411766 0.010309278350515464
2.0 0.6862745098039216 0.9226804123711341 0.0196078431372549 0.015463917525773196
2.0 0.7855392156862745 0.509020618556701 0.007352941176470588 0.03865979381443299
2.0 0.6384803921568627 0.08891752577319588 0.022058823529411766 0.01288659793814433
9.0 0.5955882352941176 0.9780927835051546 0.024509803921568627 0.01288659793814433
1.0 0.31495098039215685 0.9639175257731959 0.01715686274509804 0.010309278350515464
1.0 0.6740196078431373 0.9561855670103093 0.014705882352941176 0.010309278350515464
1.0 0.6470588235294118 0.9381443298969072 0.014705882352941176 0.010309278350515464
1.0 0.6862745098039216 0.9226804123711341 0.014705882352941176 0.010309278350515464
1.0 0.8014705882352942 0.9085051546391752 0.014705882352941176 0.01288659793814433
1.0 0.696078431372549 0.895618556701031 0.014705882352941176 0.01288659793814433
1.0 0.7990196078431373 0.8002577319587629 0.0196078431372549 0.023195876288659795
1.0 0.7757352941176471 0.6868556701030928 0.01715686274509804 0.03350515463917526
1.0 0.7034313725490197 0.297680412371134 0.014705882352941176 0.023195876288659795
1.0 0.7365196078431373 0.41881443298969073 0.01715686274509804 0.028350515463917526
1.0 0.6801470588235294 0.24097938144329897 0.01715686274509804 0.01804123711340206
3.0 0.633578431372549 0.8505154639175257 0.07107843137254902 0.06701030927835051
3.0 0.8075980392156863 0.7487113402061856 0.056372549019607844 0.07989690721649484
3.0 0.9338235294117647 0.422680412371134 0.0196078431372549 0.05670103092783505
3.0 0.5931372549019608 0.08247422680412371 0.029411764705882353 0.015463917525773196
3.0 0.48651960784313725 0.07731958762886598 0.022058823529411766 0.015463917525773196
3.0 0.5661764705882353 0.05798969072164949 0.024509803921568627 0.01288659793814433
3.0 0.5796568627450981 0.06958762886597938 0.02696078431372549 0.015463917525773196
3.0 0.4877450980392157 0.06572164948453608 0.024509803921568627 0.01288659793814433
3.0 0.4803921568627451 0.05670103092783505 0.0196078431372549 0.010309278350515464
3.0 0.4571078431372549 0.015463917525773196 0.012254901960784314 0.005154639175257732
3.0 0.6213235294117647 0.5322164948453608 0.061274509803921566 0.11597938144329897
6.0 0.7904411764705882 0.8518041237113402 0.031862745098039214 0.03350515463917526
6.0 0.5919117647058824 0.38144329896907214 0.04656862745098039 0.06701030927835051
6.0 0.5833333333333334 0.3015463917525773 0.04411764705882353 0.05154639175257732
6.0 0.6421568627450981 0.13659793814432988 0.029411764705882353 0.02577319587628866
3.0 0.508578431372549 0.11984536082474227 0.02696078431372549 0.023195876288659795
4.0 0.6691176470588235 0.10438144329896908 0.05392156862745098 0.028350515463917526
4.0 0.5330882352941176 0.18298969072164947 0.03676470588235294 0.04639175257731959
4.0 0.5171568627450981 0.14561855670103094 0.029411764705882353 0.03350515463917526
4.0 0.4742647058823529 0.04639175257731959 0.022058823529411766 0.010309278350515464
4.0 0.4730392156862745 0.03865979381443299 0.024509803921568627 0.010309278350515464
4.0 0.46078431372549017 0.007731958762886598 0.0196078431372549 0.005154639175257732
3.0 0.5134803921568627 0.01288659793814433 0.012254901960784314 0.005154639175257732
3.0 0.4840686274509804 0.010309278350515464 0.012254901960784314 0.005154639175257732
5.0 0.49387254901960786 0.09664948453608248 0.031862745098039214 0.01804123711340206
5.0 0.6421568627450981 0.6713917525773195 0.10784313725490197 0.19845360824742267
5.0 0.4644607843137255 0.019329896907216496 0.01715686274509804 0.007731958762886598
5.0 0.4644607843137255 0.024484536082474227 0.01715686274509804 0.007731958762886598
