5.0 0.1017156862745098 0.2603092783505155 0.18382352941176472 0.2422680412371134
5.0 0.17769607843137256 0.18427835051546393 0.1642156862745098 0.15721649484536082
7.0 0.4791666666666667 0.11984536082474227 0.15931372549019607 0.03865979381443299
0.0 0.5147058823529411 0.1211340206185567 0.029411764705882353 0.041237113402061855
0.0 0.4877450980392157 0.10309278350515463 0.029411764705882353 0.030927835051546393
0.0 0.5465686274509803 0.1095360824742268 0.04411764705882353 0.03865979381443299
3.0 0.7683823529411765 0.19458762886597938 0.17401960784313725 0.13659793814432988
9.0 0.6838235294117647 0.19072164948453607 0.09803921568627451 0.07216494845360824
1.0 0.6850490196078431 0.18556701030927836 0.04656862745098039 0.05154639175257732
1.0 0.7034313725490197 0.19072164948453607 0.04411764705882353 0.04639175257731959
0.0 0.32598039215686275 0.37757731958762886 0.049019607843137254 0.11597938144329897
0.0 0.3762254901960784 0.38917525773195877 0.056372549019607844 0.13402061855670103
0.0 0.4068627450980392 0.3556701030927835 0.05392156862745098 0.11855670103092783
0.0 0.4791666666666667 0.3711340206185567 0.041666666666666664 0.1134020618556701
0.0 0.7193627450980392 0.43170103092783507 0.031862745098039214 0.11597938144329897
0.0 0.7830882352941176 0.44716494845360827 0.031862745098039214 0.1056701030927835
3.0 0.7377450980392157 0.6404639175257731 0.28431372549019607 0.2190721649484536
4.0 0.11397058823529412 0.6353092783505154 0.125 0.18298969072164947
0.0 0.18382352941176472 0.7809278350515464 0.06372549019607843 0.08762886597938144
0.0 0.29044117647058826 0.8608247422680413 0.056372549019607844 0.05670103092783505
1.0 0.21691176470588236 0.8505154639175257 0.061274509803921566 0.061855670103092786
9.0 0.22549019607843138 0.8556701030927835 0.08333333333333333 0.07216494845360824
7.0 0.16053921568627452 0.8376288659793815 0.10049019607843138 0.10824742268041238
7.0 0.09313725490196079 0.7757731958762887 0.11764705882352941 0.15463917525773196
7.0 0.04534313725490196 0.7319587628865979 0.02696078431372549 0.05670103092783505
0.0 0.03431372549019608 0.6855670103092784 0.0196078431372549 0.04639175257731959
0.0 0.12377450980392157 0.8324742268041238 0.031862745098039214 0.041237113402061855
7.0 0.11397058823529412 0.836340206185567 0.09558823529411764 0.1056701030927835
7.0 0.2708333333333333 0.9407216494845361 0.0661764705882353 0.04639175257731959
9.0 0.9117647058823529 0.8015463917525774 0.04411764705882353 0.05154639175257732
1.0 0.8737745098039216 0.845360824742268 0.03676470588235294 0.041237113402061855
0.0 0.9252450980392157 0.7912371134020618 0.02696078431372549 0.04639175257731959
0.0 0.928921568627451 0.31056701030927836 0.0196078431372549 0.04896907216494845
3.0 0.9375 0.3118556701030928 0.056372549019607844 0.09278350515463918
