5.0 0.48598130841121495 0.9223300970873787 0.5233644859813084 0.0970873786407767
4.0 0.530373831775701 0.9114077669902912 0.37383177570093457 0.09466019417475728
4.0 0.29439252336448596 0.7949029126213593 0.3691588785046729 0.27427184466019416
5.0 0.22780373831775702 0.5922330097087378 0.34813084112149534 0.5242718446601942
4.0 0.1378504672897196 0.42475728155339804 0.1308411214953271 0.22815533980582525
3.0 0.21144859813084113 0.24150485436893204 0.2266355140186916 0.20631067961165048
5.0 0.17523364485981308 0.21601941747572814 0.22897196261682243 0.2524271844660194
3.0 0.17406542056074767 0.1808252427184466 0.1425233644859813 0.1383495145631068
3.0 0.20093457943925233 0.14320388349514562 0.1588785046728972 0.13106796116504854
3.0 0.24182242990654207 0.10072815533980582 0.15186915887850466 0.09951456310679611
4.0 0.18574766355140188 0.11286407766990292 0.0911214953271028 0.08009708737864078
2.0 0.5467289719626168 0.013349514563106795 0.06542056074766354 0.012135922330097087
2.0 0.6787383177570093 0.03762135922330097 0.0397196261682243 0.021844660194174758
4.0 0.6448598130841121 0.044902912621359224 0.14485981308411214 0.06067961165048544
5.0 0.6997663551401869 0.07524271844660194 0.1705607476635514 0.10679611650485436
2.0 0.8925233644859814 0.23058252427184467 0.037383177570093455 0.05339805825242718
4.0 0.8154205607476636 0.17597087378640777 0.16355140186915887 0.16747572815533981
3.0 0.8913551401869159 0.28883495145631066 0.10981308411214953 0.18932038834951456
3.0 0.9684579439252337 0.6019417475728155 0.04439252336448598 0.1650485436893204
4.0 0.9626168224299065 0.6711165048543689 0.056074766355140186 0.15776699029126215
