3.0 0.19975490196078433 0.9110824742268041 0.01715686274509804 0.01288659793814433
1.0 0.04779411764705882 0.7229381443298969 0.0024509803921568627 0.002577319587628866
9.0 0.049019607843137254 0.7242268041237113 0.004901960784313725 0.010309278350515464
1.0 0.2034313725490196 0.8402061855670103 0.004901960784313725 0.005154639175257732
9.0 0.2034313725490196 0.8389175257731959 0.00980392156862745 0.007731958762886598
9.0 0.29411764705882354 0.8801546391752577 0.014705882352941176 0.007731958762886598
1.0 0.2928921568627451 0.8814432989690721 0.007352941176470588 0.005154639175257732
3.0 0.17647058823529413 0.6726804123711341 0.03431372549019608 0.06701030927835051
3.0 0.16544117647058823 0.5335051546391752 0.022058823529411766 0.05670103092783505
3.0 0.1715686274509804 0.46262886597938147 0.0196078431372549 0.05412371134020619
4.0 0.2340686274509804 0.43427835051546393 0.022058823529411766 0.059278350515463915
3.0 0.24754901960784315 0.3556701030927835 0.029411764705882353 0.05670103092783505
3.0 0.2622549019607843 0.2860824742268041 0.029411764705882353 0.05670103092783505
3.0 0.21323529411764705 0.2770618556701031 0.029411764705882353 0.04896907216494845
3.0 0.19240196078431374 0.33762886597938147 0.02696078431372549 0.05154639175257732
3.0 0.17892156862745098 0.3956185567010309 0.024509803921568627 0.05412371134020619
3.0 0.22916666666666666 0.2268041237113402 0.031862745098039214 0.041237113402061855
3.0 0.2659313725490196 0.15463917525773196 0.02696078431372549 0.030927835051546393
3.0 0.2806372549019608 0.13015463917525774 0.02696078431372549 0.023195876288659795
3.0 0.2977941176470588 0.1056701030927835 0.022058823529411766 0.020618556701030927
3.0 0.3443627450980392 0.09149484536082474 0.022058823529411766 0.01804123711340206
3.0 0.3541666666666667 0.07603092783505154 0.022058823529411766 0.01804123711340206
3.0 0.31004901960784315 0.08634020618556701 0.022058823529411766 0.01804123711340206
4.0 0.35171568627450983 0.055412371134020616 0.01715686274509804 0.01288659793814433
0.0 0.3713235294117647 0.04639175257731959 0.007352941176470588 0.005154639175257732
2.0 0.38235294117647056 0.04381443298969072 0.00980392156862745 0.005154639175257732
2.0 0.38235294117647056 0.041237113402061855 0.00980392156862745 0.005154639175257732
3.0 0.35294117647058826 0.037371134020618556 0.0196078431372549 0.01288659793814433
3.0 0.31495098039215685 0.05798969072164949 0.031862745098039214 0.01288659793814433
3.0 0.3235294117647059 0.05283505154639175 0.029411764705882353 0.01288659793814433
3.0 0.36519607843137253 0.024484536082474227 0.014705882352941176 0.007731958762886598
3.0 0.36887254901960786 0.019329896907216496 0.01715686274509804 0.007731958762886598
3.0 0.4056372549019608 0.011597938144329897 0.01715686274509804 0.007731958762886598
9.0 0.43995098039215685 0.014175257731958763 0.007352941176470588 0.002577319587628866
1.0 0.42401960784313725 0.07087628865979381 0.004901960784313725 0.002577319587628866
9.0 0.4227941176470588 0.07216494845360824 0.007352941176470588 0.005154639175257732
9.0 0.4215686274509804 0.07731958762886598 0.004901960784313725 0.005154639175257732
3.0 0.4325980392156863 0.12242268041237113 0.051470588235294115 0.01804123711340206
3.0 0.36642156862745096 0.1791237113402062 0.051470588235294115 0.028350515463917526
3.0 0.3541666666666667 0.21520618556701032 0.056372549019607844 0.028350515463917526
3.0 0.3492647058823529 0.23711340206185566 0.056372549019607844 0.030927835051546393
3.0 0.3431372549019608 0.26288659793814434 0.058823529411764705 0.03608247422680412
3.0 0.32598039215686275 0.38273195876288657 0.06372549019607843 0.03865979381443299
3.0 0.31985294117647056 0.41881443298969073 0.061274509803921566 0.03865979381443299
3.0 0.31862745098039214 0.46262886597938147 0.06372549019607843 0.03350515463917526
3.0 0.3161764705882353 0.5399484536082474 0.06862745098039216 0.03865979381443299
3.0 0.31495098039215685 0.5760309278350515 0.0661764705882353 0.03865979381443299
9.0 0.4889705882352941 0.6275773195876289 0.007352941176470588 0.023195876288659795
9.0 0.3860294117647059 0.6675257731958762 0.022058823529411766 0.010309278350515464
9.0 0.7769607843137255 0.16494845360824742 0.024509803921568627 0.030927835051546393
2.0 0.5490196078431373 0.6198453608247423 0.00980392156862745 0.01804123711340206
2.0 0.5723039215686274 0.6198453608247423 0.012254901960784314 0.01804123711340206
2.0 0.5882352941176471 0.6172680412371134 0.00980392156862745 0.01804123711340206
2.0 0.6139705882352942 0.6172680412371134 0.007352941176470588 0.01804123711340206
2.0 0.7144607843137255 0.604381443298969 0.007352941176470588 0.01804123711340206
2.0 0.758578431372549 0.595360824742268 0.007352941176470588 0.020618556701030927
2.0 0.7781862745098039 0.5979381443298969 0.007352941176470588 0.020618556701030927
9.0 0.7352941176470589 0.6030927835051546 0.00980392156862745 0.02577319587628866
2.0 0.6825980392156863 0.6108247422680413 0.007352941176470588 0.020618556701030927
2.0 0.6997549019607843 0.6095360824742269 0.007352941176470588 0.01804123711340206
1.0 0.7659313725490197 0.8414948453608248 0.007352941176470588 0.007731958762886598
2.0 0.7634803921568627 0.8427835051546392 0.012254901960784314 0.010309278350515464
1.0 0.5747549019607843 0.9085051546391752 0.0024509803921568627 0.002577319587628866
9.0 0.571078431372549 0.9085051546391752 0.0196078431372549 0.007731958762886598
5.0 0.7659313725490197 0.865979381443299 0.09068627450980392 0.05670103092783505
3.0 0.7279411764705882 0.9420103092783505 0.029411764705882353 0.023195876288659795
3.0 0.7647058823529411 0.9252577319587629 0.029411764705882353 0.02577319587628866
3.0 0.7794117647058824 0.9162371134020618 0.024509803921568627 0.023195876288659795
3.0 0.8100490196078431 0.8969072164948454 0.022058823529411766 0.02577319587628866
3.0 0.8223039215686274 0.8891752577319587 0.02696078431372549 0.030927835051546393
3.0 0.8394607843137255 0.8762886597938144 0.02696078431372549 0.030927835051546393
3.0 0.8492647058823529 0.865979381443299 0.02696078431372549 0.030927835051546393
3.0 0.8627450980392157 0.8569587628865979 0.024509803921568627 0.028350515463917526
3.0 0.8737745098039216 0.8466494845360825 0.022058823529411766 0.028350515463917526
3.0 0.8529411764705882 0.8247422680412371 0.029411764705882353 0.030927835051546393
5.0 0.9644607843137255 0.6984536082474226 0.012254901960784314 0.02577319587628866
1.0 0.9571078431372549 0.6894329896907216 0.0024509803921568627 0.002577319587628866
2.0 0.9571078431372549 0.6907216494845361 0.0024509803921568627 0.005154639175257732
5.0 0.19607843137254902 0.7435567010309279 0.058823529411764705 0.09020618556701031
3.0 0.22916666666666666 0.09020618556701031 0.01715686274509804 0.015463917525773196
3.0 0.23774509803921567 0.08762886597938144 0.0196078431372549 0.015463917525773196
3.0 0.24632352941176472 0.08505154639175258 0.01715686274509804 0.015463917525773196
3.0 0.2610294117647059 0.07731958762886598 0.022058823529411766 0.015463917525773196
3.0 0.27450980392156865 0.07216494845360824 0.0196078431372549 0.015463917525773196
3.0 0.4693627450980392 0.005154639175257732 0.012254901960784314 0.005154639175257732
3.0 0.47181372549019607 0.001288659793814433 0.007352941176470588 0.002577319587628866
