9.0 0.07352941176470588 0.20103092783505155 0.0196078431372549 0.030927835051546393
0.0 0.07965686274509803 0.19072164948453607 0.01715686274509804 0.02577319587628866
0.0 0.08455882352941177 0.18170103092783504 0.01715686274509804 0.023195876288659795
0.0 0.09313725490196079 0.1713917525773196 0.014705882352941176 0.023195876288659795
0.0 0.08946078431372549 0.17654639175257733 0.022058823529411766 0.028350515463917526
9.0 0.023284313725490197 0.3440721649484536 0.01715686274509804 0.04381443298969072
1.0 0.025735294117647058 0.3286082474226804 0.012254901960784314 0.023195876288659795
1.0 0.024509803921568627 0.33762886597938147 0.00980392156862745 0.020618556701030927
9.0 0.01838235294117647 0.5605670103092784 0.012254901960784314 0.05412371134020619
1.0 0.015931372549019607 0.5451030927835051 0.007352941176470588 0.03350515463917526
3.0 0.22058823529411764 0.7396907216494846 0.22549019607843138 0.31443298969072164
0.0 0.1482843137254902 0.6443298969072165 0.02696078431372549 0.04639175257731959
3.0 0.2181372549019608 0.43427835051546393 0.16666666666666666 0.3170103092783505
3.0 0.3946078431372549 0.7306701030927835 0.3284313725490196 0.3118556701030928
4.0 0.5441176470588235 0.5682989690721649 0.37745098039215685 0.44587628865979384
3.0 0.7267156862745098 0.5270618556701031 0.23284313725490197 0.38917525773195877
3.0 0.8394607843137255 0.44329896907216493 0.12990196078431374 0.25257731958762886
3.0 0.6850490196078431 0.24613402061855671 0.2426470588235294 0.20876288659793815
2.0 0.5980392156862745 0.3556701030927835 0.15196078431372548 0.08247422680412371
0.0 0.3762254901960784 0.21391752577319587 0.0661764705882353 0.08762886597938144
0.0 0.46691176470588236 0.21262886597938144 0.051470588235294115 0.08505154639175258
0.0 0.6727941176470589 0.13659793814432988 0.051470588235294115 0.05670103092783505
2.0 0.10294117647058823 0.31572164948453607 0.0392156862745098 0.059278350515463915
2.0 0.0784313725490196 0.3234536082474227 0.0392156862745098 0.06443298969072164
2.0 0.13112745098039216 0.26417525773195877 0.056372549019607844 0.07474226804123711
2.0 0.2536764705882353 0.15979381443298968 0.0661764705882353 0.05154639175257732
2.0 0.41911764705882354 0.08891752577319588 0.07352941176470588 0.03350515463917526
2.0 0.20833333333333334 0.2036082474226804 0.07352941176470588 0.06701030927835051
2.0 0.5772058823529411 0.07989690721649484 0.07107843137254902 0.030927835051546393
2.0 0.5612745098039216 0.06829896907216494 0.04411764705882353 0.01804123711340206
3.0 0.9031862745098039 0.30412371134020616 0.10049019607843138 0.15979381443298968
3.0 0.8823529411764706 0.37242268041237114 0.11764705882352941 0.22422680412371135
3.0 0.8590686274509803 0.24097938144329897 0.12009803921568628 0.14690721649484537
3.0 0.8014705882352942 0.17525773195876287 0.14215686274509803 0.12886597938144329
4.0 0.6311274509803921 0.04768041237113402 0.11519607843137254 0.059278350515463915
4.0 0.6850490196078431 0.055412371134020616 0.12990196078431374 0.07474226804123711
4.0 0.5416666666666666 0.014175257731958763 0.09803921568627451 0.028350515463917526
4.0 0.8455882352941176 0.14304123711340205 0.10294117647058823 0.10051546391752578
4.0 0.7622549019607843 0.07474226804123711 0.09803921568627451 0.06701030927835051
0.0 0.9632352941176471 0.5283505154639175 0.014705882352941176 0.07216494845360824
0.0 0.9546568627450981 0.5051546391752577 0.012254901960784314 0.07731958762886598
3.0 0.9558823529411765 0.6868556701030928 0.06372549019607843 0.15721649484536082
4.0 0.8762254901960784 0.8144329896907216 0.17401960784313725 0.211340206185567
