3.0 0.42406542056074764 0.9660194174757282 0.18457943925233644 0.05339805825242718
3.0 0.3574766355140187 0.9368932038834952 0.19158878504672897 0.08737864077669903
3.0 0.20677570093457945 0.8422330097087378 0.16121495327102803 0.1407766990291262
3.0 0.2605140186915888 0.9259708737864077 0.16121495327102803 0.09951456310679611
3.0 0.1927570093457944 0.8737864077669902 0.1378504672897196 0.12135922330097088
3.0 0.13434579439252337 0.7803398058252428 0.11448598130841121 0.1383495145631068
3.0 0.08878504672897196 0.7317961165048543 0.07476635514018691 0.11407766990291263
3.0 0.07009345794392523 0.6929611650485437 0.06542056074766354 0.11407766990291263
0.0 0.11799065420560748 0.5898058252427184 0.016355140186915886 0.06310679611650485
0.0 0.125 0.5800970873786407 0.016355140186915886 0.06310679611650485
0.0 0.09228971962616822 0.47694174757281554 0.011682242990654205 0.050970873786407765
0.0 0.08177570093457943 0.4963592233009709 0.004672897196261682 0.050970873786407765
0.0 0.07126168224299065 0.5121359223300971 0.007009345794392523 0.043689320388349516
0.0 0.052570093457943924 0.4308252427184466 0.007009345794392523 0.03640776699029126
0.0 0.04906542056074766 0.41383495145631066 0.009345794392523364 0.03640776699029126
0.0 0.04088785046728972 0.4199029126213592 0.007009345794392523 0.038834951456310676
0.0 0.08060747663551401 0.3580097087378641 0.011682242990654205 0.0412621359223301
0.0 0.0689252336448598 0.3616504854368932 0.011682242990654205 0.038834951456310676
0.0 0.5911214953271028 0.8604368932038835 0.0514018691588785 0.04611650485436893
3.0 0.6226635514018691 0.7742718446601942 0.21728971962616822 0.15048543689320387
3.0 0.7137850467289719 0.7912621359223301 0.1705607476635514 0.13592233009708737
0.0 0.8084112149532711 0.7985436893203883 0.12149532710280374 0.1262135922330097
0.0 0.889018691588785 0.6699029126213593 0.06775700934579439 0.12135922330097088
3.0 0.9439252336448598 0.28640776699029125 0.014018691588785047 0.024271844660194174
3.0 0.9649532710280374 0.4854368932038835 0.018691588785046728 0.05339805825242718
3.0 0.9567757009345794 0.3070388349514563 0.011682242990654205 0.021844660194174758
3.0 0.9649532710280374 0.3191747572815534 0.009345794392523364 0.021844660194174758
1.0 0.9439252336448598 0.720873786407767 0.014018691588785047 0.02912621359223301
9.0 0.9404205607476636 0.7293689320388349 0.016355140186915886 0.03640776699029126
3.0 0.9287383177570093 0.6783980582524272 0.04906542056074766 0.09951456310679611
3.0 0.037383177570093455 0.6007281553398058 0.028037383177570093 0.06553398058252427
3.0 0.04439252336448598 0.6383495145631068 0.028037383177570093 0.05825242718446602
3.0 0.9731308411214953 0.33616504854368934 0.007009345794392523 0.01699029126213592
3.0 0.9509345794392523 0.34101941747572817 0.018691588785046728 0.03640776699029126
2.0 0.955607476635514 0.41504854368932037 0.009345794392523364 0.024271844660194174
2.0 0.9614485981308412 0.4199029126213592 0.007009345794392523 0.024271844660194174
2.0 0.9614485981308412 0.4308252427184466 0.007009345794392523 0.021844660194174758
2.0 0.9661214953271028 0.4393203883495146 0.007009345794392523 0.024271844660194174
3.0 0.9521028037383178 0.5315533980582524 0.02570093457943925 0.05825242718446602
