0.0 0.15375586854460094 0.7076923076923077 0.0539906103286385 0.12307692307692308
0.0 0.023474178403755867 0.573076923076923 0.009389671361502348 0.0641025641025641
0.0 0.02112676056338028 0.5884615384615385 0.009389671361502348 0.05384615384615385
0.0 0.008215962441314555 0.5487179487179488 0.007042253521126761 0.05128205128205128
0.0 0.8309859154929577 0.7128205128205128 0.056338028169014086 0.1282051282051282
0.0 0.8931924882629108 0.7153846153846154 0.03990610328638498 0.10256410256410256
0.0 0.9002347417840375 0.7230769230769231 0.035211267605633804 0.08717948717948718
0.0 0.9107981220657277 0.7128205128205128 0.03286384976525822 0.08205128205128205
0.0 0.9190140845070423 0.7064102564102565 0.03051643192488263 0.07948717948717948
0.0 0.926056338028169 0.6987179487179487 0.03051643192488263 0.07948717948717948
0.0 0.9401408450704225 0.6820512820512821 0.03051643192488263 0.08717948717948718
0.0 0.9143192488262911 0.676923076923077 0.03051643192488263 0.09230769230769231
0.0 0.9107981220657277 0.7025641025641025 0.028169014084507043 0.08205128205128205
0.0 0.931924882629108 0.6525641025641026 0.023474178403755867 0.07948717948717948
0.0 0.9330985915492958 0.6794871794871795 0.025821596244131457 0.08205128205128205
0.0 0.92018779342723 0.6923076923076923 0.028169014084507043 0.08205128205128205
0.0 0.9248826291079812 0.691025641025641 0.028169014084507043 0.07948717948717948
0.0 0.9460093896713615 0.676923076923077 0.028169014084507043 0.08205128205128205
0.0 0.9565727699530516 0.6666666666666666 0.025821596244131457 0.07692307692307693
0.0 0.9507042253521126 0.6679487179487179 0.023474178403755867 0.07948717948717948
0.0 0.9424882629107981 0.6576923076923077 0.025821596244131457 0.08461538461538462
0.0 0.9530516431924883 0.6410256410256411 0.018779342723004695 0.07179487179487179
0.0 0.9518779342723005 0.6564102564102564 0.02112676056338028 0.07179487179487179
0.0 0.9647887323943662 0.6307692307692307 0.018779342723004695 0.07179487179487179
0.0 0.960093896713615 0.6333333333333333 0.018779342723004695 0.07179487179487179
0.0 0.9565727699530516 0.6487179487179487 0.02112676056338028 0.07692307692307693
0.0 0.9389671361502347 0.6743589743589744 0.028169014084507043 0.08717948717948718
0.0 0.9730046948356808 0.5974358974358974 0.011737089201877934 0.05641025641025641
0.0 0.9812206572769953 0.5923076923076923 0.009389671361502348 0.05128205128205128
0.0 0.9683098591549296 0.6025641025641025 0.011737089201877934 0.05128205128205128
0.0 0.9706572769953051 0.5974358974358974 0.011737089201877934 0.06153846153846154
0.0 0.036384976525821594 0.3192307692307692 0.002347417840375587 0.007692307692307693
0.0 0.03169014084507042 0.3217948717948718 0.002347417840375587 0.007692307692307693
0.0 0.03169014084507042 0.3269230769230769 0.002347417840375587 0.007692307692307693
0.0 0.03169014084507042 0.3269230769230769 0.002347417840375587 0.002564102564102564
0.0 0.03051643192488263 0.3294871794871795 0.0 0.002564102564102564
0.0 0.029342723004694836 0.3294871794871795 0.002347417840375587 0.007692307692307693
0.0 0.029342723004694836 0.33076923076923076 0.002347417840375587 0.010256410256410256
0.0 0.028169014084507043 0.33076923076923076 0.004694835680751174 0.010256410256410256
0.0 0.02699530516431925 0.33205128205128204 0.002347417840375587 0.007692307692307693
3.0 0.028169014084507043 0.658974358974359 0.04225352112676056 0.11794871794871795
3.0 0.08215962441314555 0.23846153846153847 0.009389671361502348 0.010256410256410256
3.0 0.12793427230046947 0.191025641025641 0.011737089201877934 0.01282051282051282
