3.0 0.05759803921568627 0.6520618556701031 0.0661764705882353 0.15979381443298968
3.0 0.32965686274509803 0.6494845360824743 0.18872549019607843 0.2268041237113402
0.0 0.24019607843137256 0.34149484536082475 0.04411764705882353 0.09536082474226804
3.0 0.4362745098039216 0.3170103092783505 0.23039215686274508 0.10824742268041238
3.0 0.7242647058823529 0.30541237113402064 0.14950980392156862 0.1056701030927835
3.0 0.866421568627451 0.3492268041237113 0.08088235294117647 0.09020618556701031
3.0 0.9387254901960784 0.38273195876288657 0.0392156862745098 0.06958762886597938
3.0 0.08088235294117647 0.38788659793814434 0.03431372549019608 0.07474226804123711
4.0 0.09558823529411764 0.33505154639175255 0.03431372549019608 0.06701030927835051
4.0 0.10294117647058823 0.3118556701030928 0.03431372549019608 0.06701030927835051
3.0 0.07230392156862746 0.3234536082474227 0.041666666666666664 0.059278350515463915
3.0 0.07352941176470588 0.31056701030927836 0.0392156862745098 0.04896907216494845
3.0 0.06495098039215687 0.30412371134020616 0.02696078431372549 0.03608247422680412
3.0 0.061274509803921566 0.297680412371134 0.014705882352941176 0.023195876288659795
3.0 0.09926470588235294 0.2538659793814433 0.022058823529411766 0.028350515463917526
3.0 0.08455882352941177 0.26288659793814434 0.022058823529411766 0.030927835051546393
3.0 0.07107843137254902 0.27190721649484534 0.014705882352941176 0.023195876288659795
3.0 0.05759803921568627 0.27835051546391754 0.012254901960784314 0.020618556701030927
6.0 0.22916666666666666 0.2345360824742268 0.041666666666666664 0.05154639175257732
