3.0 0.5147058823529411 0.9419889502762431 0.06372549019607843 0.049723756906077346
3.0 0.6299019607843137 0.7030386740331491 0.0784313725490196 0.12430939226519337
3.0 0.5465686274509803 0.15469613259668508 0.0392156862745098 0.03867403314917127
3.0 0.5404411764705882 0.027624309392265192 0.022058823529411766 0.011049723756906077
3.0 0.5379901960784313 0.012430939226519336 0.01715686274509804 0.008287292817679558
3.0 0.28308823529411764 0.13397790055248618 0.02696078431372549 0.024861878453038673
3.0 0.3161764705882353 0.0649171270718232 0.0196078431372549 0.013812154696132596
4.0 0.5367647058823529 0.05939226519337017 0.029411764705882353 0.019337016574585635
4.0 0.5306372549019608 0.46408839779005523 0.07107843137254902 0.143646408839779
3.0 0.14215686274509803 0.32320441988950277 0.024509803921568627 0.049723756906077346
5.0 0.5833333333333334 0.055248618784530384 0.049019607843137254 0.03867403314917127
9.0 0.3394607843137255 0.034530386740331494 0.012254901960784314 0.008287292817679558
3.0 0.8223039215686274 0.11602209944751381 0.022058823529411766 0.022099447513812154
3.0 0.03431372549019608 0.2983425414364641 0.00980392156862745 0.016574585635359115
3.0 0.02696078431372549 0.30662983425414364 0.00980392156862745 0.016574585635359115
3.0 0.07230392156862746 0.23480662983425415 0.012254901960784314 0.016574585635359115
3.0 0.11519607843137254 0.1850828729281768 0.014705882352941176 0.016574585635359115
3.0 0.22549019607843138 0.08011049723756906 0.014705882352941176 0.011049723756906077
3.0 0.18137254901960784 0.11602209944751381 0.0196078431372549 0.016574585635359115
3.0 0.23039215686274508 0.0787292817679558 0.0196078431372549 0.013812154696132596
8.0 0.24877450980392157 0.06629834254143646 0.022058823529411766 0.016574585635359115
3.0 0.12745098039215685 0.1671270718232044 0.014705882352941176 0.019337016574585635
0.0 0.031862745098039214 0.32734806629834257 0.004901960784313725 0.013812154696132596
0.0 0.028186274509803922 0.3342541436464088 0.0024509803921568627 0.011049723756906077
0.0 0.03431372549019608 0.31629834254143646 0.004901960784313725 0.013812154696132596
0.0 0.03553921568627451 0.31629834254143646 0.0024509803921568627 0.013812154696132596
0.0 0.03676470588235294 0.31353591160220995 0.004901960784313725 0.013812154696132596
0.0 0.023284313725490197 0.35497237569060774 0.0024509803921568627 0.013812154696132596
0.0 0.023284313725490197 0.35497237569060774 0.0024509803921568627 0.013812154696132596
0.0 0.08700980392156862 0.24447513812154695 0.0024509803921568627 0.008287292817679558
5.0 0.2107843137254902 0.4129834254143646 0.06372549019607843 0.212707182320442
3.0 0.25735294117647056 0.10082872928176796 0.0196078431372549 0.019337016574585635
3.0 0.39950980392156865 0.011049723756906077 0.00980392156862745 0.0055248618784530384
0.0 0.8921568627450981 0.7969613259668509 0.014705882352941176 0.024861878453038673
0.0 0.8982843137254902 0.7914364640883977 0.012254901960784314 0.024861878453038673
