3.0 0.5657276995305164 0.9743589743589743 0.107981220657277 0.035897435897435895
3.0 0.6126760563380281 0.9756410256410256 0.10328638497652583 0.038461538461538464
3.0 0.009389671361502348 0.558974358974359 0.009389671361502348 0.02564102564102564
3.0 0.008215962441314555 0.5461538461538461 0.007042253521126761 0.015384615384615385
4.0 0.022300469483568074 0.36923076923076925 0.007042253521126761 0.020512820512820513
4.0 0.03873239436619718 0.3487179487179487 0.011737089201877934 0.020512820512820513
3.0 0.02464788732394366 0.3641025641025641 0.007042253521126761 0.015384615384615385
3.0 0.02699530516431925 0.3564102564102564 0.007042253521126761 0.015384615384615385
3.0 0.029342723004694836 0.35 0.007042253521126761 0.01282051282051282
3.0 0.03286384976525822 0.3423076923076923 0.009389671361502348 0.017948717948717947
3.0 0.04107981220657277 0.32051282051282054 0.007042253521126761 0.015384615384615385
3.0 0.046948356807511735 0.308974358974359 0.009389671361502348 0.017948717948717947
3.0 0.04929577464788732 0.358974358974359 0.009389671361502348 0.020512820512820513
3.0 0.04460093896713615 0.358974358974359 0.009389671361502348 0.015384615384615385
4.0 0.04107981220657277 0.36025641025641025 0.007042253521126761 0.017948717948717947
3.0 0.03990610328638498 0.3641025641025641 0.009389671361502348 0.020512820512820513
3.0 0.03755868544600939 0.36153846153846153 0.009389671361502348 0.020512820512820513
3.0 0.03755868544600939 0.3564102564102564 0.009389671361502348 0.020512820512820513
3.0 0.03873239436619718 0.34615384615384615 0.011737089201877934 0.020512820512820513
3.0 0.04107981220657277 0.3371794871794872 0.007042253521126761 0.017948717948717947
3.0 0.3392018779342723 0.2153846153846154 0.04460093896713615 0.035897435897435895
3.0 0.4295774647887324 0.2012820512820513 0.046948356807511735 0.03333333333333333
3.0 0.4835680751173709 0.1935897435897436 0.046948356807511735 0.028205128205128206
3.0 0.5293427230046949 0.191025641025641 0.04460093896713615 0.028205128205128206
3.0 0.5774647887323944 0.19230769230769232 0.046948356807511735 0.03076923076923077
3.0 0.7370892018779343 0.2205128205128205 0.04225352112676056 0.041025641025641026
3.0 0.7640845070422535 0.23205128205128206 0.03990610328638498 0.038461538461538464
3.0 0.8368544600938967 0.26282051282051283 0.03051643192488263 0.038461538461538464
3.0 0.8873239436619719 0.2923076923076923 0.018779342723004695 0.03076923076923077
4.0 0.9025821596244131 0.30256410256410254 0.01643192488262911 0.02564102564102564
7.0 0.8767605633802817 0.2692307692307692 0.01643192488262911 0.02564102564102564
3.0 0.9178403755868545 0.31153846153846154 0.014084507042253521 0.028205128205128206
3.0 0.9248826291079812 0.31794871794871793 0.014084507042253521 0.02564102564102564
3.0 0.9342723004694836 0.32564102564102565 0.014084507042253521 0.02564102564102564
3.0 0.9366197183098591 0.3282051282051282 0.009389671361502348 0.020512820512820513
3.0 0.9424882629107981 0.33076923076923076 0.011737089201877934 0.020512820512820513
