5.0 0.3039906103286385 0.14743589743589744 0.12441314553990611 0.08461538461538462
3.0 0.3485915492957746 0.14743589743589744 0.07746478873239436 0.04358974358974359
3.0 0.6748826291079812 0.18846153846153846 0.04460093896713615 0.04358974358974359
3.0 0.7511737089201878 0.2153846153846154 0.03755868544600939 0.041025641025641026
3.0 0.8368544600938967 0.32564102564102565 0.04929577464788732 0.06666666666666667
3.0 0.8403755868544601 0.308974358974359 0.04225352112676056 0.05897435897435897
1.0 0.681924882629108 0.1076923076923077 0.002347417840375587 0.005128205128205128
1.0 0.6830985915492958 0.1076923076923077 0.009389671361502348 0.010256410256410256
2.0 0.6866197183098591 0.11025641025641025 0.011737089201877934 0.010256410256410256
3.0 0.857981220657277 0.2012820512820513 0.02112676056338028 0.028205128205128206
4.0 0.8345070422535211 0.15897435897435896 0.025821596244131457 0.02564102564102564
3.0 0.9213615023474179 0.2692307692307692 0.01643192488262911 0.02564102564102564
3.0 0.9119718309859155 0.25384615384615383 0.01643192488262911 0.02564102564102564
4.0 0.9049295774647887 0.24358974358974358 0.01643192488262911 0.02564102564102564
3.0 0.8990610328638498 0.2358974358974359 0.018779342723004695 0.02564102564102564
3.0 0.892018779342723 0.22564102564102564 0.018779342723004695 0.02564102564102564
3.0 0.892018779342723 0.22179487179487178 0.018779342723004695 0.028205128205128206
3.0 0.8826291079812206 0.2064102564102564 0.018779342723004695 0.023076923076923078
3.0 0.8791079812206573 0.2012820512820513 0.02112676056338028 0.023076923076923078
3.0 0.8779342723004695 0.19743589743589743 0.018779342723004695 0.020512820512820513
3.0 0.8427230046948356 0.16538461538461538 0.018779342723004695 0.023076923076923078
3.0 0.8415492957746479 0.16025641025641027 0.02112676056338028 0.023076923076923078
3.0 0.8450704225352113 0.16282051282051282 0.018779342723004695 0.017948717948717947
3.0 0.8509389671361502 0.16538461538461538 0.02112676056338028 0.023076923076923078
3.0 0.8591549295774648 0.16666666666666666 0.018779342723004695 0.020512820512820513
3.0 0.863849765258216 0.16666666666666666 0.018779342723004695 0.020512820512820513
3.0 0.9706572769953051 0.35384615384615387 0.007042253521126761 0.015384615384615385
