3.0 0.32965686274509803 0.7822164948453608 0.09558823529411764 0.11597938144329897
3.0 0.7916666666666666 0.8170103092783505 0.11764705882352941 0.12886597938144329
3.0 0.8357843137254902 0.8775773195876289 0.07352941176470588 0.06958762886597938
3.0 0.08823529411764706 0.5734536082474226 0.049019607843137254 0.06443298969072164
3.0 0.08700980392156862 0.5064432989690721 0.03676470588235294 0.05412371134020619
3.0 0.09068627450980392 0.4677835051546392 0.0392156862745098 0.04381443298969072
3.0 0.09313725490196079 0.4381443298969072 0.0392156862745098 0.04639175257731959
3.0 0.1017156862745098 0.4110824742268041 0.041666666666666664 0.059278350515463915
3.0 0.11151960784313726 0.36726804123711343 0.041666666666666664 0.05412371134020619
3.0 0.12254901960784313 0.3427835051546392 0.049019607843137254 0.05670103092783505
3.0 0.12867647058823528 0.32087628865979384 0.04656862745098039 0.059278350515463915
3.0 0.13970588235294118 0.3002577319587629 0.049019607843137254 0.059278350515463915
3.0 0.25735294117647056 0.36082474226804123 0.05392156862745098 0.07731958762886598
3.0 0.7242647058823529 0.3853092783505155 0.07107843137254902 0.09020618556701031
3.0 0.7708333333333334 0.6726804123711341 0.09068627450980392 0.12371134020618557
3.0 0.8149509803921569 0.5889175257731959 0.07107843137254902 0.11597938144329897
3.0 0.6200980392156863 0.34536082474226804 0.08333333333333333 0.08762886597938144
3.0 0.5343137254901961 0.19716494845360824 0.05392156862745098 0.03865979381443299
3.0 0.44485294117647056 0.12242268041237113 0.03676470588235294 0.01804123711340206
3.0 0.29901960784313725 0.20103092783505155 0.04411764705882353 0.041237113402061855
3.0 0.3700980392156863 0.05670103092783505 0.00980392156862745 0.005154639175257732
3.0 0.3639705882352941 0.05412371134020619 0.007352941176470588 0.005154639175257732
3.0 0.17524509803921567 0.2190721649484536 0.041666666666666664 0.03608247422680412
3.0 0.4497549019607843 0.037371134020618556 0.012254901960784314 0.002577319587628866
3.0 0.46078431372549017 0.04639175257731959 0.014705882352941176 0.005154639175257732
3.0 0.3713235294117647 0.04896907216494845 0.012254901960784314 0.005154639175257732
3.0 0.8970588235294118 0.8079896907216495 0.06372549019607843 0.08505154639175258
