3.0 0.43995098039215685 0.9171270718232044 0.11519607843137254 0.03314917127071823
3.0 0.2965686274509804 0.744475138121547 0.058823529411764705 0.09668508287292818
3.0 0.23161764705882354 0.4102209944751381 0.04656862745098039 0.11878453038674033
3.0 0.3958333333333333 0.7320441988950276 0.13970588235294118 0.06629834254143646
3.0 0.3946078431372549 0.5966850828729282 0.12254901960784313 0.0718232044198895
3.0 0.375 0.4350828729281768 0.12745098039215685 0.06906077348066299
3.0 0.3872549019607843 0.5096685082872928 0.14215686274509803 0.06906077348066299
3.0 0.37745098039215685 0.356353591160221 0.12254901960784313 0.06629834254143646
3.0 0.3946078431372549 0.23342541436464087 0.12254901960784313 0.058011049723756904
3.0 0.3897058823529412 0.2914364640883978 0.11274509803921569 0.06353591160220995
4.0 0.4007352941176471 0.7941988950276243 0.13480392156862744 0.06353591160220995
4.0 0.4117647058823529 0.8411602209944752 0.12254901960784313 0.052486187845303865
4.0 0.4166666666666667 0.8798342541436464 0.11764705882352941 0.04696132596685083
3.0 0.17524509803921567 0.3660220994475138 0.03676470588235294 0.10220994475138122
4.0 0.16053921568627452 0.47375690607734805 0.02696078431372549 0.1132596685082873
4.0 0.031862745098039214 0.36049723756906077 0.014705882352941176 0.03038674033149171
0.0 0.05392156862745098 0.287292817679558 0.004901960784313725 0.016574585635359115
0.0 0.19117647058823528 0.25828729281767954 0.014705882352941176 0.024861878453038673
0.0 0.16789215686274508 0.27486187845303867 0.012254901960784314 0.024861878453038673
0.0 0.3762254901960784 0.9723756906077348 0.022058823529411766 0.011049723756906077
