0.0 0.3872549019607843 0.9832474226804123 0.014705882352941176 0.007731958762886598
1.0 0.40318627450980393 0.9871134020618557 0.01715686274509804 0.005154639175257732
9.0 0.5747549019607843 0.9832474226804123 0.022058823529411766 0.01288659793814433
1.0 0.5747549019607843 0.9832474226804123 0.01715686274509804 0.007731958762886598
0.0 0.5808823529411765 0.9871134020618557 0.014705882352941176 0.005154639175257732
0.0 0.43014705882352944 0.9677835051546392 0.01715686274509804 0.007731958762886598
0.0 0.3958333333333333 0.9652061855670103 0.01715686274509804 0.007731958762886598
0.0 0.35661764705882354 0.9561855670103093 0.01715686274509804 0.010309278350515464
9.0 0.38480392156862747 0.9742268041237113 0.0392156862745098 0.010309278350515464
9.0 0.3431372549019608 0.9729381443298969 0.0196078431372549 0.01288659793814433
1.0 0.38480392156862747 0.9394329896907216 0.03431372549019608 0.01288659793814433
0.0 0.35171568627450983 0.9278350515463918 0.022058823529411766 0.010309278350515464
0.0 0.3443627450980392 0.9162371134020618 0.022058823529411766 0.01288659793814433
0.0 0.4252450980392157 0.913659793814433 0.022058823529411766 0.01288659793814433
3.0 0.5833333333333334 0.9201030927835051 0.06862745098039216 0.05154639175257732
0.0 0.6299019607843137 0.9317010309278351 0.024509803921568627 0.01288659793814433
9.0 0.27941176470588236 0.8595360824742269 0.03431372549019608 0.023195876288659795
9.0 0.27450980392156865 0.845360824742268 0.03431372549019608 0.020618556701030927
9.0 0.27205882352941174 0.8324742268041238 0.0392156862745098 0.02577319587628866
0.0 0.42892156862745096 0.6030927835051546 0.024509803921568627 0.030927835051546393
9.0 0.6801470588235294 0.8505154639175257 0.061274509803921566 0.030927835051546393
9.0 0.6985294117647058 0.8182989690721649 0.04411764705882353 0.028350515463917526
2.0 0.7169117647058824 0.7384020618556701 0.03676470588235294 0.04896907216494845
2.0 0.7561274509803921 0.6997422680412371 0.041666666666666664 0.03865979381443299
9.0 0.7352941176470589 0.6984536082474226 0.05392156862745098 0.05670103092783505
2.0 0.7316176470588235 0.6817010309278351 0.051470588235294115 0.04381443298969072
0.0 0.7549019607843137 0.6262886597938144 0.029411764705882353 0.030927835051546393
0.0 0.7781862745098039 0.6391752577319587 0.01715686274509804 0.02577319587628866
0.0 0.3860294117647059 0.46262886597938147 0.022058823529411766 0.03865979381443299
0.0 0.571078431372549 0.4420103092783505 0.0392156862745098 0.03350515463917526
0.0 0.6703431372549019 0.4896907216494845 0.02696078431372549 0.03608247422680412
0.0 0.6495098039215687 0.4729381443298969 0.029411764705882353 0.03865979381443299
0.0 0.7757352941176471 0.5837628865979382 0.022058823529411766 0.028350515463917526
0.0 0.4252450980392157 0.34664948453608246 0.031862745098039214 0.023195876288659795
4.0 0.3002450980392157 0.3956185567010309 0.13480392156862744 0.08505154639175258
3.0 0.32598039215686275 0.30670103092783507 0.16666666666666666 0.09278350515463918
3.0 0.3321078431372549 0.21778350515463918 0.15931372549019607 0.11597938144329897
3.0 0.7193627450980392 0.30927835051546393 0.09558823529411764 0.17525773195876287
2.0 0.7757352941176471 0.29510309278350516 0.031862745098039214 0.05412371134020619
2.0 0.7892156862745098 0.30927835051546393 0.024509803921568627 0.04639175257731959
0.0 0.14583333333333334 0.3479381443298969 0.01715686274509804 0.020618556701030927
9.0 0.5159313725490197 0.16752577319587628 0.02696078431372549 0.04639175257731959
1.0 0.5122549019607843 0.16752577319587628 0.024509803921568627 0.020618556701030927
0.0 0.6066176470588235 0.15335051546391754 0.02696078431372549 0.01804123711340206
0.0 0.5502450980392157 0.10824742268041238 0.022058823529411766 0.020618556701030927
0.0 0.6740196078431373 0.15850515463917525 0.0196078431372549 0.01804123711340206
0.0 0.6887254901960784 0.16237113402061856 0.0196078431372549 0.020618556701030927
6.0 0.7843137254901961 0.18298969072164947 0.04411764705882353 0.041237113402061855
3.0 0.7573529411764706 0.11984536082474227 0.08333333333333333 0.059278350515463915
3.0 0.32107843137254904 0.11597938144329897 0.09803921568627451 0.08247422680412371
3.0 0.3786764705882353 0.06572164948453608 0.0857843137254902 0.05412371134020619
0.0 0.43504901960784315 0.06314432989690721 0.012254901960784314 0.007731958762886598
0.0 0.44730392156862747 0.06056701030927835 0.012254901960784314 0.007731958762886598
0.0 0.4485294117647059 0.05412371134020619 0.014705882352941176 0.005154639175257732
0.0 0.5294117647058824 0.05154639175257732 0.0196078431372549 0.010309278350515464
0.0 0.48161764705882354 0.029639175257731958 0.01715686274509804 0.007731958762886598
0.0 0.5698529411764706 0.04639175257731959 0.01715686274509804 0.010309278350515464
0.0 0.5698529411764706 0.037371134020618556 0.01715686274509804 0.007731958762886598
1.0 0.6053921568627451 0.04381443298969072 0.014705882352941176 0.005154639175257732
3.0 0.32107843137254904 0.06701030927835051 0.07352941176470588 0.05670103092783505
4.0 0.11887254901960784 0.3131443298969072 0.061274509803921566 0.07474226804123711
3.0 0.11397058823529412 0.40335051546391754 0.051470588235294115 0.08505154639175258
3.0 0.12622549019607843 0.22809278350515463 0.061274509803921566 0.06958762886597938
3.0 0.1875 0.19072164948453607 0.08088235294117647 0.07216494845360824
3.0 0.011029411764705883 0.43943298969072164 0.012254901960784314 0.06958762886597938
3.0 0.030637254901960783 0.31056701030927836 0.022058823529411766 0.04381443298969072
