4.0 0.7120098039215687 0.9265463917525774 0.21323529411764705 0.1211340206185567
3.0 0.7218137254901961 0.8634020618556701 0.17401960784313725 0.15463917525773196
3.0 0.7696078431372549 0.759020618556701 0.14215686274509803 0.15721649484536082
3.0 0.06372549019607843 0.5927835051546392 0.06372549019607843 0.09278350515463918
3.0 0.05392156862745098 0.6649484536082474 0.06862745098039216 0.12886597938144329
3.0 0.2855392156862745 0.7461340206185567 0.2769607843137255 0.19845360824742267
3.0 0.0821078431372549 0.5747422680412371 0.061274509803921566 0.09278350515463918
3.0 0.12745098039215685 0.5167525773195877 0.10294117647058823 0.11597938144329897
3.0 0.15931372549019607 0.45618556701030927 0.10294117647058823 0.0979381443298969
3.0 0.19975490196078433 0.4329896907216495 0.11029411764705882 0.08762886597938144
3.0 0.0857843137254902 0.42010309278350516 0.03431372549019608 0.07216494845360824
3.0 0.13480392156862744 0.38402061855670105 0.06372549019607843 0.08762886597938144
4.0 0.3443627450980392 0.30541237113402064 0.15441176470588236 0.09536082474226804
3.0 0.6151960784313726 0.30283505154639173 0.1715686274509804 0.08505154639175258
3.0 0.7267156862745098 0.27319587628865977 0.0661764705882353 0.061855670103092786
3.0 0.6948529411764706 0.25257731958762886 0.10049019607843138 0.061855670103092786
3.0 0.8125 0.5025773195876289 0.0661764705882353 0.13917525773195877
3.0 0.28431372549019607 0.7010309278350515 0.2647058823529412 0.18041237113402062
3.0 0.3075980392156863 0.6391752577319587 0.2818627450980392 0.17010309278350516
3.0 0.34068627450980393 0.5914948453608248 0.27941176470588236 0.15206185567010308
3.0 0.4117647058823529 0.5219072164948454 0.29901960784313725 0.15721649484536082
3.0 0.4681372549019608 0.41494845360824745 0.28921568627450983 0.12371134020618557
3.0 0.8823529411764706 0.42010309278350516 0.07352941176470588 0.08762886597938144
3.0 0.8737745098039216 0.38917525773195877 0.0661764705882353 0.07731958762886598
3.0 0.866421568627451 0.37242268041237114 0.07598039215686274 0.08505154639175258
3.0 0.8590686274509803 0.35180412371134023 0.07107843137254902 0.07474226804123711
3.0 0.8541666666666666 0.3337628865979381 0.061274509803921566 0.06443298969072164
3.0 0.8480392156862745 0.30927835051546393 0.06862745098039216 0.07216494845360824
3.0 0.7720588235294118 0.25257731958762886 0.049019607843137254 0.05154639175257732
0.0 0.9522058823529411 0.604381443298969 0.01715686274509804 0.06443298969072164
6.0 0.9399509803921569 0.6275773195876289 0.056372549019607844 0.10051546391752578
