4.0 0.23481308411214954 0.7633495145631068 0.24065420560747663 0.26941747572815533
0.0 0.9018691588785047 0.5133495145631068 0.009345794392523364 0.06553398058252427
1.0 0.8738317757009346 0.3616504854368932 0.028037383177570093 0.06310679611650485
3.0 0.009345794392523364 0.4368932038834951 0.014018691588785047 0.05825242718446602
3.0 0.02336448598130841 0.39684466019417475 0.02336448598130841 0.06553398058252427
3.0 0.102803738317757 0.25 0.06542056074766354 0.08737864077669903
3.0 0.18691588785046728 0.15169902912621358 0.0794392523364486 0.06553398058252427
3.0 0.308411214953271 0.06674757281553398 0.0794392523364486 0.03640776699029126
4.0 0.29906542056074764 0.06432038834951456 0.06074766355140187 0.03155339805825243
3.0 0.33060747663551404 0.050970873786407765 0.0630841121495327 0.024271844660194174
4.0 0.32710280373831774 0.04975728155339806 0.056074766355140186 0.021844660194174758
4.0 0.3492990654205608 0.03762135922330097 0.05841121495327103 0.021844660194174758
4.0 0.45093457943925236 0.010922330097087379 0.04672897196261682 0.007281553398058253
3.0 0.4929906542056075 0.0012135922330097086 0.028037383177570093 0.0024271844660194173
3.0 0.5829439252336449 0.01699029126213592 0.04906542056074766 0.009708737864077669
3.0 0.6261682242990654 0.015776699029126214 0.028037383177570093 0.007281553398058253
8.0 0.5864485981308412 0.007281553398058253 0.02336448598130841 0.0048543689320388345
3.0 0.36565420560747663 0.12257281553398058 0.17990654205607476 0.07524271844660194
3.0 0.4591121495327103 0.06310679611650485 0.12383177570093458 0.024271844660194174
4.0 0.4742990654205608 0.04854368932038835 0.11682242990654206 0.019417475728155338
4.0 0.8457943925233645 0.19902912621359223 0.08411214953271028 0.08737864077669903
3.0 0.8271028037383178 0.16747572815533981 0.07476635514018691 0.06796116504854369
3.0 0.8060747663551402 0.14320388349514562 0.07009345794392523 0.05825242718446602
0.0 0.6296728971962616 0.03519417475728155 0.011682242990654205 0.007281553398058253
0.0 0.6997663551401869 0.04733009708737864 0.011682242990654205 0.007281553398058253
0.0 0.705607476635514 0.04975728155339806 0.009345794392523364 0.007281553398058253
3.0 0.741822429906542 0.06796116504854369 0.02102803738317757 0.014563106796116505
