3.0 0.19362745098039216 0.17679558011049723 0.05392156862745098 0.0718232044198895
3.0 0.43504901960784315 0.024861878453038673 0.03676470588235294 0.022099447513812154
3.0 0.7205882352941176 0.0856353591160221 0.06862745098039216 0.055248618784530384
3.0 0.9436274509803921 0.675414364640884 0.049019607843137254 0.11878453038674033
3.0 0.16666666666666666 0.7430939226519337 0.0784313725490196 0.143646408839779
3.0 0.5723039215686274 0.38812154696132595 0.09558823529411764 0.15193370165745856
5.0 0.13725490196078433 0.35359116022099446 0.06862745098039216 0.1878453038674033
4.0 0.8480392156862745 0.324585635359116 0.07352941176470588 0.1464088397790055
4.0 0.6801470588235294 0.9046961325966851 0.11029411764705882 0.10220994475138122
4.0 0.48284313725490197 0.10911602209944751 0.04411764705882353 0.052486187845303865
3.0 0.07107843137254902 0.20303867403314918 0.014705882352941176 0.024861878453038673
3.0 0.061274509803921566 0.22790055248618785 0.014705882352941176 0.03038674033149171
3.0 0.05392156862745098 0.24861878453038674 0.014705882352941176 0.03314917127071823
9.0 0.03676470588235294 0.7071823204419889 0.014705882352941176 0.03314917127071823
1.0 0.03553921568627451 0.7030386740331491 0.007352941176470588 0.019337016574585635
