3.0 0.6495098039215687 0.9317010309278351 0.1568627450980392 0.09536082474226804
3.0 0.8075980392156863 0.8273195876288659 0.125 0.14432989690721648
3.0 0.8296568627450981 0.729381443298969 0.10049019607843138 0.13917525773195877
3.0 0.9595588235294118 0.6881443298969072 0.041666666666666664 0.0979381443298969
3.0 0.9865196078431373 0.5734536082474226 0.01715686274509804 0.06958762886597938
4.0 0.991421568627451 0.5051546391752577 0.007352941176470588 0.061855670103092786
5.0 0.9068627450980392 0.48195876288659795 0.04411764705882353 0.15463917525773196
3.0 0.9178921568627451 0.3904639175257732 0.031862745098039214 0.07474226804123711
3.0 0.9178921568627451 0.34664948453608246 0.02696078431372549 0.059278350515463915
3.0 0.9093137254901961 0.29896907216494845 0.029411764705882353 0.05670103092783505
3.0 0.9080882352941176 0.27835051546391754 0.02696078431372549 0.04639175257731959
3.0 0.9068627450980392 0.25773195876288657 0.024509803921568627 0.03608247422680412
3.0 0.8982843137254902 0.2345360824742268 0.02696078431372549 0.03608247422680412
3.0 0.8921568627450981 0.2190721649484536 0.0196078431372549 0.02577319587628866
3.0 0.8909313725490197 0.21005154639175258 0.022058823529411766 0.03350515463917526
4.0 0.8848039215686274 0.19974226804123713 0.03431372549019608 0.03865979381443299
3.0 0.875 0.18427835051546393 0.03431372549019608 0.03865979381443299
3.0 0.8811274509803921 0.18298969072164947 0.01715686274509804 0.020618556701030927
3.0 0.8799019607843137 0.17654639175257733 0.014705882352941176 0.01804123711340206
3.0 0.8774509803921569 0.17268041237113402 0.014705882352941176 0.015463917525773196
3.0 0.8762254901960784 0.17010309278350516 0.012254901960784314 0.015463917525773196
3.0 0.8602941176470589 0.15463917525773196 0.014705882352941176 0.015463917525773196
3.0 0.8725490196078431 0.16108247422680413 0.0196078431372549 0.023195876288659795
3.0 0.875 0.15979381443298968 0.014705882352941176 0.015463917525773196
3.0 0.8725490196078431 0.1559278350515464 0.014705882352941176 0.01288659793814433
3.0 0.8688725490196079 0.15077319587628865 0.012254901960784314 0.01288659793814433
3.0 0.8590686274509803 0.1404639175257732 0.012254901960784314 0.01288659793814433
3.0 0.8639705882352942 0.14432989690721648 0.007352941176470588 0.010309278350515464
3.0 0.8602941176470589 0.13917525773195877 0.00980392156862745 0.010309278350515464
3.0 0.8590686274509803 0.13659793814432988 0.007352941176470588 0.010309278350515464
3.0 0.8578431372549019 0.13530927835051546 0.00980392156862745 0.007731958762886598
3.0 0.8553921568627451 0.13144329896907217 0.00980392156862745 0.010309278350515464
3.0 0.8541666666666666 0.13015463917525774 0.012254901960784314 0.01288659793814433
3.0 0.8480392156862745 0.12371134020618557 0.00980392156862745 0.010309278350515464
3.0 0.8529411764705882 0.1327319587628866 0.00980392156862745 0.01288659793814433
3.0 0.8504901960784313 0.1211340206185567 0.00980392156862745 0.010309278350515464
3.0 0.8639705882352942 0.13402061855670103 0.007352941176470588 0.010309278350515464
3.0 0.866421568627451 0.13788659793814434 0.007352941176470588 0.007731958762886598
3.0 0.8933823529411765 0.16752577319587628 0.007352941176470588 0.010309278350515464
3.0 0.8909313725490197 0.163659793814433 0.007352941176470588 0.007731958762886598
3.0 0.8872549019607843 0.15979381443298968 0.00980392156862745 0.010309278350515464
3.0 0.883578431372549 0.1559278350515464 0.007352941176470588 0.007731958762886598
3.0 0.8811274509803921 0.15335051546391754 0.007352941176470588 0.007731958762886598
3.0 0.8786764705882353 0.15077319587628865 0.007352941176470588 0.007731958762886598
3.0 0.8762254901960784 0.14690721649484537 0.007352941176470588 0.010309278350515464
3.0 0.8737745098039216 0.14561855670103094 0.007352941176470588 0.007731958762886598
3.0 0.8958333333333334 0.1713917525773196 0.012254901960784314 0.01288659793814433
3.0 0.9007352941176471 0.1791237113402062 0.012254901960784314 0.01804123711340206
3.0 0.9044117647058824 0.18556701030927836 0.014705882352941176 0.020618556701030927
3.0 0.9056372549019608 0.18556701030927836 0.01715686274509804 0.020618556701030927
3.0 0.9080882352941176 0.19201030927835053 0.01715686274509804 0.023195876288659795
3.0 0.9117647058823529 0.19845360824742267 0.0196078431372549 0.02577319587628866
3.0 0.9129901960784313 0.20231958762886598 0.01715686274509804 0.023195876288659795
3.0 0.9142156862745098 0.20231958762886598 0.014705882352941176 0.023195876288659795
4.0 0.9154411764705882 0.20618556701030927 0.022058823529411766 0.030927835051546393
3.0 0.9203431372549019 0.21262886597938144 0.01715686274509804 0.023195876288659795
3.0 0.9240196078431373 0.2190721649484536 0.0196078431372549 0.02577319587628866
3.0 0.9240196078431373 0.22164948453608246 0.0196078431372549 0.02577319587628866
3.0 0.9276960784313726 0.22809278350515463 0.022058823529411766 0.028350515463917526
3.0 0.9264705882352942 0.2268041237113402 0.0196078431372549 0.02577319587628866
3.0 0.9325980392156863 0.23840206185567012 0.022058823529411766 0.028350515463917526
3.0 0.9387254901960784 0.24871134020618557 0.0196078431372549 0.028350515463917526
3.0 0.9399509803921569 0.2551546391752577 0.022058823529411766 0.030927835051546393
3.0 0.9387254901960784 0.2551546391752577 0.0196078431372549 0.02577319587628866
3.0 0.9424019607843137 0.26417525773195877 0.01715686274509804 0.028350515463917526
3.0 0.9473039215686274 0.27448453608247425 0.01715686274509804 0.028350515463917526
3.0 0.9509803921568627 0.2860824742268041 0.0196078431372549 0.030927835051546393
3.0 0.9546568627450981 0.29381443298969073 0.022058823529411766 0.03608247422680412
3.0 0.9558823529411765 0.3015463917525773 0.0196078431372549 0.030927835051546393
3.0 0.9595588235294118 0.3131443298969072 0.022058823529411766 0.03865979381443299
3.0 0.9644607843137255 0.3247422680412371 0.022058823529411766 0.041237113402061855
3.0 0.9693627450980392 0.34149484536082475 0.01715686274509804 0.03350515463917526
3.0 0.9730392156862745 0.3595360824742268 0.0196078431372549 0.03865979381443299
3.0 0.9767156862745098 0.3801546391752577 0.01715686274509804 0.03865979381443299
3.0 0.9865196078431373 0.4536082474226804 0.01715686274509804 0.04639175257731959
5.0 0.9840686274509803 0.40463917525773196 0.022058823529411766 0.07731958762886598
