3.0 0.012254901960784314 0.39917127071823205 0.00980392156862745 0.04696132596685083
3.0 0.0661764705882353 0.27624309392265195 0.029411764705882353 0.049723756906077346
3.0 0.01838235294117647 0.3839779005524862 0.012254901960784314 0.04419889502762431
3.0 0.125 0.2223756906077348 0.04411764705882353 0.058011049723756904
3.0 0.19607843137254902 0.19889502762430938 0.07352941176470588 0.07734806629834254
3.0 0.34068627450980393 0.17403314917127072 0.10294117647058823 0.07734806629834254
3.0 0.4325980392156863 0.13950276243093923 0.11029411764705882 0.058011049723756904
3.0 0.6017156862745098 0.1712707182320442 0.11519607843137254 0.06077348066298342
3.0 0.6568627450980392 0.23204419889502761 0.11764705882352941 0.07734806629834254
3.0 0.7806372549019608 0.25828729281767954 0.07598039215686274 0.07458563535911603
3.0 0.9117647058823529 0.35911602209944754 0.0392156862745098 0.06629834254143646
3.0 0.9215686274509803 0.40193370165745856 0.024509803921568627 0.052486187845303865
3.0 0.9632352941176471 0.4157458563535912 0.0196078431372549 0.052486187845303865
3.0 0.9718137254901961 0.4558011049723757 0.01715686274509804 0.04419889502762431
3.0 0.9546568627450981 0.27071823204419887 0.012254901960784314 0.027624309392265192
3.0 0.9693627450980392 0.3328729281767956 0.012254901960784314 0.03591160220994475
3.0 0.9803921568627451 0.4143646408839779 0.00980392156862745 0.03867403314917127
3.0 0.9852941176470589 0.45027624309392267 0.00980392156862745 0.03867403314917127
3.0 0.8627450980392157 0.8162983425414365 0.06862745098039216 0.08011049723756906
3.0 0.8982843137254902 0.7997237569060773 0.04656862745098039 0.06353591160220995
3.0 0.8946078431372549 0.8176795580110497 0.04411764705882353 0.055248618784530384
3.0 0.8590686274509803 0.8397790055248618 0.07107843137254902 0.08287292817679558
3.0 0.8394607843137255 0.8660220994475138 0.07107843137254902 0.07458563535911603
3.0 0.8799019607843137 0.8411602209944752 0.049019607843137254 0.052486187845303865
3.0 0.9080882352941176 0.7707182320441989 0.051470588235294115 0.07734806629834254
5.0 0.9117647058823529 0.7417127071823204 0.06862745098039216 0.10773480662983426
3.0 0.8676470588235294 0.744475138121547 0.049019607843137254 0.10220994475138122
3.0 0.9093137254901961 0.6602209944751382 0.029411764705882353 0.07734806629834254
3.0 0.8921568627450981 0.6685082872928176 0.03431372549019608 0.08287292817679558
3.0 0.8688725490196079 0.6837016574585635 0.051470588235294115 0.11878453038674033
3.0 0.8063725490196079 0.6325966850828729 0.05392156862745098 0.13812154696132597
8.0 0.8186274509803921 0.7030386740331491 0.12745098039215685 0.2955801104972376
1.0 0.8823529411764706 0.255524861878453 0.00980392156862745 0.019337016574585635
1.0 0.8799019607843137 0.24585635359116023 0.014705882352941176 0.022099447513812154
3.0 0.8921568627450981 0.7237569060773481 0.0392156862745098 0.07734806629834254
4.0 0.9387254901960784 0.24033149171270718 0.024509803921568627 0.055248618784530384
4.0 0.9546568627450981 0.2541436464088398 0.01715686274509804 0.03314917127071823
3.0 0.9865196078431373 0.4986187845303867 0.012254901960784314 0.04143646408839779
4.0 0.12867647058823528 0.19889502762430938 0.041666666666666664 0.055248618784530384
