3.0 0.17892156862745098 0.7396907216494846 0.10294117647058823 0.16494845360824742
3.0 0.45955882352941174 0.9226804123711341 0.09558823529411764 0.08247422680412371
3.0 0.36764705882352944 0.9175257731958762 0.10294117647058823 0.09278350515463918
3.0 0.44730392156862747 0.7384020618556701 0.1053921568627451 0.17783505154639176
3.0 0.7512254901960784 0.8853092783505154 0.11519607843137254 0.11082474226804123
3.0 0.7169117647058824 0.779639175257732 0.12009803921568628 0.15721649484536082
3.0 0.8063725490196079 0.7332474226804123 0.09803921568627451 0.15721649484536082
3.0 0.6691176470588235 0.9175257731958762 0.10784313725490197 0.08762886597938144
3.0 0.9252450980392157 0.46262886597938147 0.02696078431372549 0.11597938144329897
3.0 0.9338235294117647 0.7229381443298969 0.06372549019607843 0.1211340206185567
3.0 0.9816176470588235 0.5064432989690721 0.012254901960784314 0.08505154639175258
3.0 0.6752450980392157 0.06056701030927835 0.09068627450980392 0.04381443298969072
3.0 0.553921568627451 0.04896907216494845 0.10294117647058823 0.02577319587628866
3.0 0.3088235294117647 0.07860824742268041 0.09803921568627451 0.04896907216494845
3.0 0.5575980392156863 0.024484536082474227 0.08088235294117647 0.01804123711340206
3.0 0.40808823529411764 0.015463917525773196 0.08088235294117647 0.020618556701030927
3.0 0.6691176470588235 0.037371134020618556 0.0784313725490196 0.03350515463917526
3.0 0.7916666666666666 0.12371134020618557 0.06862745098039216 0.05154639175257732
4.0 0.12377450980392157 0.16623711340206185 0.04656862745098039 0.04896907216494845
4.0 0.3161764705882353 0.059278350515463915 0.08333333333333333 0.041237113402061855
4.0 0.6053921568627451 0.7345360824742269 0.11274509803921569 0.17010309278350516
3.0 0.30637254901960786 0.7474226804123711 0.11764705882352941 0.18556701030927836
3.0 0.9718137254901961 0.6301546391752577 0.041666666666666664 0.1211340206185567
4.0 0.8774509803921569 0.16108247422680413 0.04411764705882353 0.04896907216494845
4.0 0.2426470588235294 0.06443298969072164 0.06372549019607843 0.041237113402061855
3.0 0.06372549019607843 0.22293814432989692 0.0196078431372549 0.028350515463917526
3.0 0.041666666666666664 0.27190721649484534 0.014705882352941176 0.028350515463917526
3.0 0.9938725490196079 0.509020618556701 0.007352941176470588 0.08505154639175258
3.0 0.17401960784313725 0.8904639175257731 0.04411764705882353 0.03865979381443299
8.0 0.4264705882352941 0.3118556701030928 0.5245098039215687 0.25257731958762886
0.0 0.9399509803921569 0.6211340206185567 0.012254901960784314 0.030927835051546393
0.0 0.9558823529411765 0.6327319587628866 0.00980392156862745 0.028350515463917526
0.0 0.9522058823529411 0.5064432989690721 0.007352941176470588 0.03350515463917526
0.0 0.8443627450980392 0.4329896907216495 0.022058823529411766 0.05154639175257732
0.0 0.9558823529411765 0.4639175257731959 0.004901960784313725 0.020618556701030927
0.0 0.9485294117647058 0.48195876288659795 0.004901960784313725 0.030927835051546393
0.0 0.875 0.31056701030927836 0.0196078431372549 0.03865979381443299
0.0 0.8223039215686274 0.2693298969072165 0.022058823529411766 0.03865979381443299
0.0 0.7046568627450981 0.17010309278350516 0.02696078431372549 0.030927835051546393
0.0 0.6642156862745098 0.12757731958762886 0.024509803921568627 0.028350515463917526
0.0 0.7561274509803921 0.17010309278350516 0.02696078431372549 0.030927835051546393
0.0 0.1482843137254902 0.25128865979381443 0.022058823529411766 0.03865979381443299
0.0 0.06985294117647059 0.35051546391752575 0.01715686274509804 0.03608247422680412
0.0 0.05392156862745098 0.29896907216494845 0.00980392156862745 0.02577319587628866
0.0 0.05392156862745098 0.40335051546391754 0.00980392156862745 0.03865979381443299
0.0 0.30392156862745096 0.14175257731958762 0.029411764705882353 0.030927835051546393
0.0 0.3860294117647059 0.10438144329896908 0.02696078431372549 0.023195876288659795
0.0 0.44730392156862747 0.10438144329896908 0.022058823529411766 0.023195876288659795
0.0 0.46691176470588236 0.13015463917525774 0.02696078431372549 0.028350515463917526
0.0 0.8860294117647058 0.2268041237113402 0.01715686274509804 0.030927835051546393
0.0 0.9558823529411765 0.30541237113402064 0.00980392156862745 0.023195876288659795
0.0 0.9387254901960784 0.32216494845360827 0.014705882352941176 0.03608247422680412
0.0 0.9203431372549019 0.7332474226804123 0.01715686274509804 0.028350515463917526
0.0 0.04044117647058824 0.31572164948453607 0.012254901960784314 0.028350515463917526
0.0 0.056372549019607844 0.2822164948453608 0.014705882352941176 0.028350515463917526
0.0 0.04534313725490196 0.297680412371134 0.012254901960784314 0.023195876288659795
0.0 0.12377450980392157 0.23324742268041238 0.022058823529411766 0.03350515463917526
0.0 0.13112745098039216 0.22551546391752578 0.012254901960784314 0.01804123711340206
0.0 0.10416666666666667 0.2615979381443299 0.01715686274509804 0.028350515463917526
0.0 0.09681372549019608 0.26288659793814434 0.01715686274509804 0.030927835051546393
0.0 0.09926470588235294 0.2551546391752577 0.012254901960784314 0.020618556701030927
0.0 0.10661764705882353 0.24613402061855671 0.01715686274509804 0.028350515463917526
0.0 0.03308823529411765 0.3646907216494845 0.012254901960784314 0.03350515463917526
0.0 0.041666666666666664 0.3427835051546392 0.00980392156862745 0.02577319587628866
0.0 0.11029411764705882 0.3002577319587629 0.0196078431372549 0.03865979381443299
0.0 0.1090686274509804 0.32087628865979384 0.01715686274509804 0.03865979381443299
7.0 0.04779411764705882 0.3389175257731959 0.02696078431372549 0.06958762886597938
1.0 0.05392156862745098 0.27448453608247425 0.00980392156862745 0.023195876288659795
1.0 0.08333333333333333 0.25 0.014705882352941176 0.02577319587628866
1.0 0.21323529411764705 0.20103092783505155 0.0196078431372549 0.020618556701030927
1.0 0.2034313725490196 0.20618556701030927 0.0196078431372549 0.02577319587628866
9.0 0.2181372549019608 0.2036082474226804 0.04411764705882353 0.03608247422680412
9.0 0.08333333333333333 0.25128865979381443 0.0196078431372549 0.028350515463917526
9.0 0.05392156862745098 0.2757731958762887 0.014705882352941176 0.020618556701030927
0.0 0.9411764705882353 0.30670103092783507 0.00980392156862745 0.02577319587628866
0.0 0.9485294117647058 0.33762886597938147 0.00980392156862745 0.02577319587628866
0.0 0.9448529411764706 0.33634020618556704 0.007352941176470588 0.01804123711340206
0.0 0.9105392156862745 0.25773195876288657 0.01715686274509804 0.030927835051546393
0.0 0.9375 0.2912371134020619 0.012254901960784314 0.02577319587628866
1.0 0.9203431372549019 0.24613402061855671 0.007352941176470588 0.01804123711340206
1.0 0.8799019607843137 0.18943298969072164 0.00980392156862745 0.01288659793814433
2.0 0.9191176470588235 0.24742268041237114 0.014705882352941176 0.020618556701030927
2.0 0.9375 0.2912371134020619 0.012254901960784314 0.020618556701030927
9.0 0.883578431372549 0.1958762886597938 0.01715686274509804 0.020618556701030927
0.0 0.9129901960784313 0.770618556701031 0.012254901960784314 0.020618556701030927
0.0 0.9203431372549019 0.7577319587628866 0.012254901960784314 0.020618556701030927
1.0 0.9105392156862745 0.6353092783505154 0.012254901960784314 0.023195876288659795
9.0 0.9080882352941176 0.6417525773195877 0.01715686274509804 0.05670103092783505
9.0 0.04044117647058824 0.6701030927835051 0.012254901960784314 0.03608247422680412
9.0 0.030637254901960783 0.6146907216494846 0.012254901960784314 0.04381443298969072
9.0 0.007352941176470588 0.5631443298969072 0.00980392156862745 0.03865979381443299
