3.0 0.061274509803921566 0.33505154639175255 0.024509803921568627 0.03608247422680412
3.0 0.04411764705882353 0.39948453608247425 0.014705882352941176 0.02577319587628866
3.0 0.056372549019607844 0.3543814432989691 0.0196078431372549 0.03350515463917526
0.0 0.061274509803921566 0.6804123711340206 0.004901960784313725 0.015463917525773196
3.0 0.05392156862745098 0.7126288659793815 0.024509803921568627 0.03865979381443299
3.0 0.0857843137254902 0.8092783505154639 0.029411764705882353 0.03608247422680412
3.0 0.15441176470588236 0.8672680412371134 0.04411764705882353 0.03865979381443299
3.0 0.3394607843137255 0.9574742268041238 0.07107843137254902 0.028350515463917526
3.0 0.3174019607843137 0.9394329896907216 0.0661764705882353 0.028350515463917526
3.0 0.4252450980392157 0.9626288659793815 0.07107843137254902 0.01804123711340206
3.0 0.4375 0.9780927835051546 0.07598039215686274 0.01804123711340206
0.0 0.6838235294117647 0.7268041237113402 0.014705882352941176 0.020618556701030927
0.0 0.4485294117647059 0.7074742268041238 0.004901960784313725 0.01804123711340206
0.0 0.45955882352941174 0.711340206185567 0.007352941176470588 0.015463917525773196
3.0 0.5808823529411765 0.061855670103092786 0.024509803921568627 0.015463917525773196
3.0 0.5686274509803921 0.04252577319587629 0.0196078431372549 0.01288659793814433
3.0 0.4571078431372549 0.04768041237113402 0.031862745098039214 0.007731958762886598
3.0 0.4534313725490196 0.03994845360824742 0.029411764705882353 0.007731958762886598
4.0 0.4852941176470588 0.01288659793814433 0.029411764705882353 0.005154639175257732
4.0 0.48651960784313725 0.010309278350515464 0.031862745098039214 0.005154639175257732
4.0 0.5465686274509803 0.00902061855670103 0.014705882352941176 0.007731958762886598
3.0 0.49019607843137253 0.020618556701030927 0.0392156862745098 0.005154639175257732
4.0 0.6311274509803921 0.041237113402061855 0.022058823529411766 0.015463917525773196
3.0 0.7512254901960784 0.15335051546391754 0.03676470588235294 0.03865979381443299
3.0 0.75 0.08376288659793814 0.0196078431372549 0.01804123711340206
3.0 0.7365196078431373 0.06829896907216494 0.022058823529411766 0.01804123711340206
4.0 0.7977941176470589 0.13917525773195877 0.02696078431372549 0.030927835051546393
3.0 0.8100490196078431 0.32216494845360827 0.03676470588235294 0.07216494845360824
3.0 0.8639705882352942 0.5025773195876289 0.01715686274509804 0.08247422680412371
3.0 0.8553921568627451 0.7036082474226805 0.0392156862745098 0.07731958762886598
3.0 0.6458333333333334 0.9536082474226805 0.07598039215686274 0.03608247422680412
3.0 0.8529411764705882 0.8402061855670103 0.04411764705882353 0.05154639175257732
3.0 0.8970588235294118 0.7603092783505154 0.0392156862745098 0.05670103092783505
9.0 0.9424019607843137 0.7164948453608248 0.007352941176470588 0.015463917525773196
9.0 0.9436274509803921 0.7087628865979382 0.00980392156862745 0.015463917525773196
1.0 0.9436274509803921 0.7087628865979382 0.004901960784313725 0.010309278350515464
1.0 0.9424019607843137 0.7152061855670103 0.007352941176470588 0.007731958762886598
3.0 0.9338235294117647 0.7628865979381443 0.024509803921568627 0.03608247422680412
3.0 0.9252450980392157 0.7847938144329897 0.02696078431372549 0.03350515463917526
