3.0 0.17769607843137256 0.15077319587628865 0.08088235294117647 0.08505154639175258
3.0 0.16544117647058823 0.18556701030927836 0.10049019607843138 0.1134020618556701
3.0 0.41421568627450983 0.03221649484536082 0.11274509803921569 0.03350515463917526
0.0 0.27328431372549017 0.09536082474226804 0.022058823529411766 0.020618556701030927
9.0 0.11642156862745098 0.2603092783505155 0.02696078431372549 0.05154639175257732
5.0 0.4375 0.07087628865979381 0.2034313725490196 0.059278350515463915
5.0 0.4387254901960784 0.1056701030927835 0.23529411764705882 0.07731958762886598
5.0 0.4681372549019608 0.21520618556701032 0.25980392156862747 0.09536082474226804
7.0 0.4227941176470588 0.15463917525773196 0.13970588235294118 0.05154639175257732
0.0 0.3247549019607843 0.125 0.022058823529411766 0.023195876288659795
0.0 0.9215686274509803 0.7976804123711341 0.014705882352941176 0.01804123711340206
0.0 0.9276960784313726 0.7899484536082474 0.007352941176470588 0.007731958762886598
0.0 0.8419117647058824 0.8724226804123711 0.01715686274509804 0.01804123711340206
0.0 0.8345588235294118 0.875 0.01715686274509804 0.01288659793814433
0.0 0.8394607843137255 0.8698453608247423 0.012254901960784314 0.01288659793814433
0.0 0.8161764705882353 0.8518041237113402 0.024509803921568627 0.023195876288659795
0.0 0.6580882352941176 0.961340206185567 0.012254901960784314 0.005154639175257732
0.0 0.6666666666666666 0.9561855670103093 0.0196078431372549 0.010309278350515464
4.0 0.3786764705882353 0.9213917525773195 0.11519607843137254 0.09020618556701031
1.0 0.38480392156862747 0.8556701030927835 0.029411764705882353 0.020618556701030927
0.0 0.5906862745098039 0.7615979381443299 0.0392156862745098 0.028350515463917526
1.0 0.6188725490196079 0.6623711340206185 0.03676470588235294 0.03608247422680412
0.0 0.22303921568627452 0.6791237113402062 0.024509803921568627 0.028350515463917526
0.0 0.20833333333333334 0.6804123711340206 0.014705882352941176 0.020618556701030927
7.0 0.36764705882352944 0.43943298969072164 0.12745098039215685 0.12628865979381443
0.0 0.30514705882352944 0.48582474226804123 0.02696078431372549 0.04896907216494845
9.0 0.08946078431372549 0.4948453608247423 0.022058823529411766 0.02577319587628866
0.0 0.14460784313725492 0.46005154639175255 0.0196078431372549 0.04896907216494845
0.0 0.20833333333333334 0.4110824742268041 0.024509803921568627 0.04896907216494845
0.0 0.22058823529411764 0.45618556701030927 0.029411764705882353 0.04639175257731959
0.0 0.23161764705882354 0.4110824742268041 0.022058823529411766 0.04896907216494845
0.0 0.24387254901960784 0.297680412371134 0.022058823529411766 0.03350515463917526
0.0 0.3235294117647059 0.33634020618556704 0.029411764705882353 0.04896907216494845
1.0 0.33455882352941174 0.27319587628865977 0.02696078431372549 0.03608247422680412
