3.0 0.07720588235294118 0.787292817679558 0.031862745098039214 0.049723756906077346
5.0 0.09926470588235294 0.7486187845303868 0.0661764705882353 0.08839779005524862
3.0 0.2193627450980392 0.8867403314917127 0.0661764705882353 0.055248618784530384
3.0 0.18137254901960784 0.8480662983425414 0.058823529411764705 0.06077348066298342
3.0 0.16666666666666666 0.8162983425414365 0.05392156862745098 0.058011049723756904
3.0 0.9644607843137255 0.6353591160220995 0.01715686274509804 0.03867403314917127
4.0 0.9227941176470589 0.6975138121546961 0.031862745098039214 0.058011049723756904
3.0 0.8700980392156863 0.761049723756906 0.04411764705882353 0.058011049723756904
3.0 0.8014705882352942 0.824585635359116 0.06862745098039216 0.06906077348066299
3.0 0.6029411764705882 0.9185082872928176 0.09803921568627451 0.04143646408839779
3.0 0.4693627450980392 0.8895027624309392 0.09558823529411764 0.049723756906077346
3.0 0.38480392156862747 0.8232044198895028 0.07352941176470588 0.0718232044198895
3.0 0.29901960784313725 0.6726519337016574 0.0784313725490196 0.11878453038674033
5.0 0.23529411764705882 0.3729281767955801 0.09803921568627451 0.22099447513812154
8.0 0.34681372549019607 0.3356353591160221 0.09068627450980392 0.15193370165745856
8.0 0.32230392156862747 0.21132596685082872 0.08088235294117647 0.10773480662983426
3.0 0.42401960784313725 0.3674033149171271 0.06862745098039216 0.10497237569060773
3.0 0.3860294117647059 0.2596685082872928 0.07107843137254902 0.08287292817679558
3.0 0.36887254901960786 0.18093922651933703 0.061274509803921566 0.06906077348066299
3.0 0.3602941176470588 0.12569060773480664 0.05392156862745098 0.052486187845303865
3.0 0.3161764705882353 0.1464088397790055 0.05392156862745098 0.055248618784530384
3.0 0.3480392156862745 0.09392265193370165 0.049019607843137254 0.03867403314917127
3.0 0.3394607843137255 0.06629834254143646 0.041666666666666664 0.03314917127071823
3.0 0.3321078431372549 0.03591160220994475 0.041666666666666664 0.027624309392265192
5.0 0.23529411764705882 0.19337016574585636 0.06862745098039216 0.09392265193370165
