3.0 0.030637254901960783 0.6823204419889503 0.012254901960784314 0.027624309392265192
3.0 0.07230392156862746 0.6961325966850829 0.022058823529411766 0.049723756906077346
3.0 0.08700980392156862 0.7113259668508287 0.022058823529411766 0.03591160220994475
3.0 0.1053921568627451 0.7196132596685083 0.024509803921568627 0.03591160220994475
3.0 0.16544117647058823 0.7513812154696132 0.03676470588235294 0.03867403314917127
3.0 0.23897058823529413 0.7914364640883977 0.051470588235294115 0.04143646408839779
5.0 0.33578431372549017 0.856353591160221 0.08823529411764706 0.049723756906077346
3.0 0.4215686274509804 0.8770718232044199 0.06372549019607843 0.03038674033149171
3.0 0.7389705882352942 0.7748618784530387 0.041666666666666664 0.06353591160220995
3.0 0.6936274509803921 0.20994475138121546 0.049019607843137254 0.0718232044198895
3.0 0.6348039215686274 0.08011049723756906 0.0392156862745098 0.03867403314917127
5.0 0.6262254901960784 0.023480662983425413 0.03676470588235294 0.024861878453038673
5.0 0.8198529411764706 0.8466850828729282 0.07107843137254902 0.06353591160220995
3.0 0.8615196078431373 0.8176795580110497 0.02696078431372549 0.027624309392265192
3.0 0.8860294117647058 0.7997237569060773 0.022058823529411766 0.024861878453038673
3.0 0.8884803921568627 0.8066298342541437 0.022058823529411766 0.027624309392265192
3.0 0.8455882352941176 0.8522099447513812 0.029411764705882353 0.03038674033149171
3.0 0.8566176470588235 0.856353591160221 0.031862745098039214 0.03314917127071823
3.0 0.8774509803921569 0.8370165745856354 0.024509803921568627 0.027624309392265192
3.0 0.8982843137254902 0.8162983425414365 0.022058823529411766 0.03038674033149171
3.0 0.9154411764705882 0.7969613259668509 0.01715686274509804 0.024861878453038673
3.0 0.8995098039215687 0.8066298342541437 0.0196078431372549 0.027624309392265192
3.0 0.9313725490196079 0.7693370165745856 0.014705882352941176 0.024861878453038673
3.0 0.9301470588235294 0.7817679558011049 0.01715686274509804 0.027624309392265192
4.0 0.9436274509803921 0.7638121546961326 0.014705882352941176 0.024861878453038673
3.0 0.9534313725490197 0.7486187845303868 0.00980392156862745 0.022099447513812154
3.0 0.9546568627450981 0.7251381215469613 0.012254901960784314 0.024861878453038673
3.0 0.9669117647058824 0.7058011049723757 0.012254901960784314 0.024861878453038673
