3.0 0.21009389671361503 0.7935897435897435 0.13380281690140844 0.16666666666666666
3.0 0.6302816901408451 0.8589743589743589 0.2511737089201878 0.11794871794871795
3.0 0.5446009389671361 0.7884615384615384 0.3145539906103286 0.13076923076923078
3.0 0.47183098591549294 0.6538461538461539 0.3380281690140845 0.13846153846153847
3.0 0.43309859154929575 0.5692307692307692 0.2605633802816901 0.13846153846153847
6.0 0.7746478873239436 0.45 0.09859154929577464 0.11538461538461539
3.0 0.2136150234741784 0.191025641025641 0.04225352112676056 0.038461538461538464
5.0 0.2711267605633803 0.16025641025641027 0.05868544600938967 0.04358974358974359
3.0 0.20657276995305165 0.15128205128205127 0.018779342723004695 0.020512820512820513
3.0 0.21713615023474178 0.15128205128205127 0.02112676056338028 0.020512820512820513
3.0 0.2312206572769953 0.1346153846153846 0.02112676056338028 0.017948717948717947
7.0 0.2323943661971831 0.13974358974358975 0.023474178403755867 0.023076923076923078
0.0 0.18427230046948356 0.15 0.007042253521126761 0.007692307692307693
