3.0 0.49765258215962443 0.9525641025641025 0.14553990610328638 0.03333333333333333
3.0 0.4835680751173709 0.9153846153846154 0.1267605633802817 0.05128205128205128
3.0 0.6584507042253521 0.8602564102564103 0.15258215962441316 0.09487179487179487
4.0 0.34976525821596244 0.9217948717948717 0.15023474178403756 0.07948717948717948
9.0 0.5845070422535211 0.8653846153846154 0.04225352112676056 0.03333333333333333
0.0 0.3403755868544601 0.8641025641025641 0.03286384976525822 0.035897435897435895
0.0 0.36619718309859156 0.8666666666666667 0.023474178403755867 0.035897435897435895
0.0 0.8720657276995305 0.6166666666666667 0.011737089201877934 0.038461538461538464
0.0 0.8755868544600939 0.6217948717948718 0.009389671361502348 0.023076923076923078
0.0 0.8744131455399061 0.6051282051282051 0.011737089201877934 0.035897435897435895
9.0 0.8955399061032864 0.5987179487179487 0.01643192488262911 0.03333333333333333
2.0 0.2652582159624413 0.8846153846153846 0.028169014084507043 0.03076923076923077
3.0 0.9119718309859155 0.6153846153846154 0.04460093896713615 0.09230769230769231
3.0 0.9612676056338029 0.5025641025641026 0.007042253521126761 0.05128205128205128
4.0 0.9424882629107981 0.5551282051282052 0.02112676056338028 0.05897435897435897
0.0 0.9448356807511737 0.514102564102564 0.002347417840375587 0.023076923076923078
8.0 0.971830985915493 0.5897435897435898 0.03286384976525822 0.12307692307692308
8.0 0.9929577464788732 0.5217948717948718 0.009389671361502348 0.08974358974358974
9.0 0.3051643192488263 0.8910256410256411 0.056338028169014086 0.038461538461538464
9.0 0.926056338028169 0.5602564102564103 0.011737089201877934 0.028205128205128206
9.0 0.9354460093896714 0.5384615384615384 0.007042253521126761 0.035897435897435895
9.0 0.965962441314554 0.46794871794871795 0.007042253521126761 0.023076923076923078
9.0 0.9624413145539906 0.4551282051282051 0.004694835680751174 0.023076923076923078
9.0 0.636150234741784 0.8435897435897436 0.056338028169014086 0.041025641025641026
9.0 0.2875586854460094 0.8884615384615384 0.035211267605633804 0.028205128205128206
9.0 0.9237089201877934 0.5205128205128206 0.007042253521126761 0.020512820512820513
9.0 0.9295774647887324 0.514102564102564 0.004694835680751174 0.01282051282051282
1.0 0.9248826291079812 0.5076923076923077 0.004694835680751174 0.015384615384615385
1.0 0.9295774647887324 0.5 0.004694835680751174 0.020512820512820513
9.0 0.11971830985915492 0.8282051282051283 0.03755868544600939 0.046153846153846156
9.0 0.11384976525821597 0.8179487179487179 0.035211267605633804 0.046153846153846156
