3.0 0.07009345794392523 0.7475728155339806 0.0794392523364486 0.12135922330097088
3.0 0.32242990654205606 0.9356796116504854 0.14953271028037382 0.09951456310679611
3.0 0.6682242990654206 0.9393203883495146 0.16822429906542055 0.0970873786407767
3.0 0.6448598130841121 0.8859223300970874 0.1822429906542056 0.12135922330097088
4.0 0.2616822429906542 0.8434466019417476 0.14953271028037382 0.14805825242718446
3.0 0.6214953271028038 0.7827669902912622 0.18691588785046728 0.16747572815533981
3.0 0.5876168224299065 0.6638349514563107 0.16121495327102803 0.14805825242718446
4.0 0.21144859813084113 0.7487864077669902 0.10046728971962617 0.12864077669902912
3.0 0.19626168224299065 0.6189320388349514 0.09345794392523364 0.18932038834951456
3.0 0.18457943925233644 0.5 0.056074766355140186 0.1262135922330097
3.0 0.18691588785046728 0.39927184466019416 0.056074766355140186 0.08980582524271845
3.0 0.4894859813084112 0.3907766990291262 0.13317757009345793 0.13106796116504854
0.0 0.5514018691588785 0.28640776699029125 0.028037383177570093 0.06310679611650485
3.0 0.4205607476635514 0.23786407766990292 0.0794392523364486 0.06796116504854369
3.0 0.17172897196261683 0.2973300970873786 0.08644859813084112 0.08980582524271845
3.0 0.21845794392523366 0.23907766990291263 0.08177570093457943 0.0703883495145631
0.0 0.3364485981308411 0.17718446601941748 0.02336448598130841 0.02912621359223301
4.0 0.053738317757009345 0.4684466019417476 0.028037383177570093 0.06796116504854369
3.0 0.056074766355140186 0.44781553398058255 0.028037383177570093 0.06067961165048544
3.0 0.5023364485981309 0.13349514563106796 0.102803738317757 0.019417475728155338
3.0 0.8177570093457944 0.22330097087378642 0.056074766355140186 0.04854368932038835
4.0 0.6927570093457944 0.14927184466019416 0.07242990654205607 0.0412621359223301
9.0 0.5257009345794392 0.16019417475728157 0.04205607476635514 0.019417475728155338
1.0 0.514018691588785 0.1553398058252427 0.014018691588785047 0.019417475728155338
1.0 0.5268691588785047 0.15655339805825244 0.016355140186915886 0.01699029126213592
3.0 0.6997663551401869 0.13349514563106796 0.053738317757009345 0.02912621359223301
3.0 0.6682242990654206 0.12014563106796117 0.04672897196261682 0.021844660194174758
3.0 0.6273364485981309 0.10315533980582524 0.04439252336448598 0.01699029126213592
5.0 0.7546728971962616 0.16140776699029127 0.07476635514018691 0.050970873786407765
5.0 0.7336448598130841 0.1395631067961165 0.06074766355140187 0.0412621359223301
3.0 0.7850467289719626 0.1529126213592233 0.02336448598130841 0.019417475728155338
