0.0 0.29901960784313725 0.18427835051546393 0.004901960784313725 0.007731958762886598
0.0 0.15318627450980393 0.30670103092783507 0.007352941176470588 0.010309278350515464
0.0 0.26838235294117646 0.23067010309278352 0.007352941176470588 0.01288659793814433
3.0 0.04779411764705882 0.729381443298969 0.01715686274509804 0.03608247422680412
3.0 0.05759803921568627 0.7371134020618557 0.01715686274509804 0.03608247422680412
3.0 0.06495098039215687 0.7448453608247423 0.01715686274509804 0.03608247422680412
3.0 0.07107843137254902 0.7487113402061856 0.014705882352941176 0.028350515463917526
3.0 0.07965686274509803 0.7577319587628866 0.022058823529411766 0.03608247422680412
3.0 0.0661764705882353 0.779639175257732 0.0196078431372549 0.03350515463917526
3.0 0.0784313725490196 0.7899484536082474 0.0196078431372549 0.03350515463917526
3.0 0.09313725490196079 0.8041237113402062 0.024509803921568627 0.03608247422680412
3.0 0.08455882352941177 0.7951030927835051 0.022058823529411766 0.03350515463917526
3.0 0.03799019607843137 0.7190721649484536 0.012254901960784314 0.030927835051546393
3.0 0.1482843137254902 0.8079896907216495 0.02696078431372549 0.03865979381443299
4.0 0.15931372549019607 0.8118556701030928 0.029411764705882353 0.041237113402061855
3.0 0.17647058823529413 0.8221649484536082 0.029411764705882353 0.041237113402061855
3.0 0.19975490196078433 0.836340206185567 0.031862745098039214 0.03865979381443299
3.0 0.18627450980392157 0.8711340206185567 0.029411764705882353 0.030927835051546393
3.0 0.20588235294117646 0.8827319587628866 0.029411764705882353 0.028350515463917526
3.0 0.2610294117647059 0.9085051546391752 0.031862745098039214 0.028350515463917526
3.0 0.30269607843137253 0.9226804123711341 0.031862745098039214 0.02577319587628866
3.0 0.3272058823529412 0.9304123711340206 0.031862745098039214 0.02577319587628866
4.0 0.35171568627450983 0.9355670103092784 0.041666666666666664 0.030927835051546393
3.0 0.3762254901960784 0.9407216494845361 0.031862745098039214 0.02577319587628866
3.0 0.4105392156862745 0.9471649484536082 0.02696078431372549 0.023195876288659795
3.0 0.49142156862745096 0.9484536082474226 0.022058823529411766 0.020618556701030927
3.0 0.33088235294117646 0.8853092783505154 0.03431372549019608 0.03350515463917526
3.0 0.4019607843137255 0.8969072164948454 0.03431372549019608 0.030927835051546393
3.0 0.5036764705882353 0.904639175257732 0.02696078431372549 0.02577319587628866
4.0 0.5355392156862745 0.8994845360824743 0.031862745098039214 0.030927835051546393
0.0 0.2647058823529412 0.7603092783505154 0.004901960784313725 0.010309278350515464
0.0 0.2193627450980392 0.7087628865979382 0.007352941176470588 0.010309278350515464
9.0 0.25612745098039214 0.7525773195876289 0.01715686274509804 0.015463917525773196
0.0 0.9644607843137255 0.3956185567010309 0.0024509803921568627 0.007731958762886598
0.0 0.8529411764705882 0.22293814432989692 0.004901960784313725 0.007731958762886598
0.0 0.8995098039215687 0.27835051546391754 0.004901960784313725 0.010309278350515464
0.0 0.9007352941176471 0.28737113402061853 0.0024509803921568627 0.007731958762886598
0.0 0.9031862745098039 0.2912371134020619 0.0024509803921568627 0.005154639175257732
9.0 0.8639705882352942 0.27190721649484534 0.007352941176470588 0.01288659793814433
9.0 0.8700980392156863 0.2809278350515464 0.004901960784313725 0.010309278350515464
9.0 0.8737745098039216 0.2860824742268041 0.007352941176470588 0.010309278350515464
9.0 0.8786764705882353 0.2912371134020619 0.007352941176470588 0.010309278350515464
0.0 0.9889705882352942 0.40850515463917525 0.0024509803921568627 0.007731958762886598
3.0 0.9276960784313726 0.23067010309278352 0.012254901960784314 0.023195876288659795
3.0 0.9301470588235294 0.2345360824742268 0.012254901960784314 0.020618556701030927
3.0 0.9387254901960784 0.24742268041237114 0.00980392156862745 0.020618556701030927
3.0 0.9436274509803921 0.2538659793814433 0.00980392156862745 0.01804123711340206
3.0 0.9509803921568627 0.2654639175257732 0.00980392156862745 0.020618556701030927
