8.0 0.5821078431372549 0.35497237569060774 0.14950980392156862 0.20165745856353592
3.0 0.4117647058823529 0.18922651933701656 0.058823529411764705 0.04143646408839779
3.0 0.1556372549019608 0.1408839779005525 0.01715686274509804 0.016574585635359115
3.0 0.24509803921568626 0.1464088397790055 0.029411764705882353 0.027624309392265192
8.0 0.30392156862745096 0.07320441988950276 0.06372549019607843 0.03591160220994475
8.0 0.3174019607843137 0.06077348066298342 0.061274509803921566 0.027624309392265192
8.0 0.3333333333333333 0.04834254143646409 0.06372549019607843 0.03038674033149171
8.0 0.3590686274509804 0.029005524861878452 0.0661764705882353 0.024861878453038673
8.0 0.375 0.016574585635359115 0.058823529411764705 0.022099447513812154
8.0 0.41299019607843135 0.008287292817679558 0.01715686274509804 0.0055248618784530384
8.0 0.4264705882352941 0.004143646408839779 0.00980392156862745 0.0027624309392265192
8.0 0.4497549019607843 0.0013812154696132596 0.012254901960784314 0.0027624309392265192
4.0 0.38357843137254904 0.28314917127071826 0.061274509803921566 0.06906077348066299
4.0 0.15931372549019607 0.21685082872928177 0.0196078431372549 0.03038674033149171
5.0 0.12254901960784313 0.15469613259668508 0.014705882352941176 0.016574585635359115
5.0 0.16544117647058823 0.1132596685082873 0.01715686274509804 0.016574585635359115
4.0 0.15196078431372548 0.12154696132596685 0.00980392156862745 0.011049723756906077
8.0 0.1875 0.09944751381215469 0.022058823529411766 0.022099447513812154
4.0 0.17892156862745098 0.10359116022099447 0.014705882352941176 0.013812154696132596
