3.0 0.09068627450980392 0.7809278350515464 0.1323529411764706 0.20618556701030927
3.0 0.020833333333333332 0.3853092783505155 0.041666666666666664 0.12628865979381443
3.0 0.4411764705882353 0.005154639175257732 0.05392156862745098 0.010309278350515464
3.0 0.03799019607843137 0.2963917525773196 0.03676470588235294 0.07731958762886598
3.0 0.1017156862745098 0.19201030927835053 0.051470588235294115 0.06443298969072164
3.0 0.12745098039215685 0.16881443298969073 0.05392156862745098 0.059278350515463915
3.0 0.1568627450980392 0.14690721649484537 0.06372549019607843 0.06701030927835051
3.0 0.19975490196078433 0.13402061855670103 0.11029411764705882 0.08762886597938144
3.0 0.05759803921568627 0.27835051546391754 0.051470588235294115 0.08762886597938144
3.0 0.08823529411764706 0.25 0.07352941176470588 0.10824742268041238
3.0 0.16789215686274508 0.21391752577319587 0.11029411764705882 0.13917525773195877
4.0 0.10784313725490197 0.3118556701030928 0.10294117647058823 0.20103092783505155
3.0 0.8848039215686274 0.7036082474226805 0.1568627450980392 0.27835051546391754
3.0 0.6176470588235294 0.5811855670103093 0.24019607843137256 0.40463917525773196
3.0 0.8909313725490197 0.4381443298969072 0.09068627450980392 0.23711340206185566
3.0 0.8370098039215687 0.25257731958762886 0.11519607843137254 0.15463917525773196
3.0 0.7745098039215687 0.15206185567010308 0.10784313725490197 0.0979381443298969
3.0 0.7071078431372549 0.08247422680412371 0.07598039215686274 0.05154639175257732
4.0 0.6409313725490197 0.03221649484536082 0.061274509803921566 0.028350515463917526
3.0 0.5992647058823529 0.01804123711340206 0.0661764705882353 0.020618556701030927
3.0 0.5208333333333334 0.02190721649484536 0.07598039215686274 0.01804123711340206
3.0 0.46568627450980393 0.028350515463917526 0.05392156862745098 0.015463917525773196
3.0 0.4632352941176471 0.045103092783505154 0.06862745098039216 0.028350515463917526
3.0 0.5551470588235294 0.04252577319587629 0.07107843137254902 0.028350515463917526
3.0 0.49142156862745096 0.07087628865979381 0.10049019607843138 0.04381443298969072
3.0 0.3541666666666667 0.03350515463917526 0.051470588235294115 0.02577319587628866
3.0 0.5196078431372549 0.002577319587628866 0.049019607843137254 0.005154639175257732
