0.0 0.06740196078431372 0.5231958762886598 0.012254901960784314 0.02577319587628866
0.0 0.15318627450980393 0.5979381443298969 0.02696078431372549 0.041237113402061855
0.0 0.15196078431372548 0.5038659793814433 0.024509803921568627 0.028350515463917526
0.0 0.14215686274509803 0.4677835051546392 0.0196078431372549 0.028350515463917526
0.0 0.26838235294117646 0.4793814432989691 0.022058823529411766 0.03608247422680412
0.0 0.3075980392156863 0.39690721649484534 0.03676470588235294 0.04639175257731959
0.0 0.38357843137254904 0.4652061855670103 0.02696078431372549 0.03350515463917526
0.0 0.3762254901960784 0.44072164948453607 0.02696078431372549 0.03608247422680412
0.0 0.48161764705882354 0.4329896907216495 0.051470588235294115 0.04639175257731959
0.0 0.4889705882352941 0.4007731958762887 0.041666666666666664 0.04381443298969072
0.0 0.5857843137254902 0.5528350515463918 0.03431372549019608 0.03865979381443299
0.0 0.6053921568627451 0.538659793814433 0.029411764705882353 0.04639175257731959
0.0 0.6862745098039216 0.5167525773195877 0.03431372549019608 0.04896907216494845
0.0 0.6850490196078431 0.4729381443298969 0.03676470588235294 0.04381443298969072
0.0 0.6838235294117647 0.43041237113402064 0.049019607843137254 0.05154639175257732
0.0 0.7071078431372549 0.5747422680412371 0.02696078431372549 0.03608247422680412
0.0 0.7708333333333334 0.6172680412371134 0.022058823529411766 0.03350515463917526
0.0 0.7732843137254902 0.5914948453608248 0.031862745098039214 0.04381443298969072
0.0 0.8075980392156863 0.5463917525773195 0.01715686274509804 0.03608247422680412
0.0 0.8799019607843137 0.5515463917525774 0.014705882352941176 0.020618556701030927
0.0 0.8811274509803921 0.5283505154639175 0.01715686274509804 0.020618556701030927
0.0 0.8529411764705882 0.46134020618556704 0.00980392156862745 0.030927835051546393
0.0 0.8419117647058824 0.4420103092783505 0.022058823529411766 0.028350515463917526
0.0 0.8676470588235294 0.3943298969072165 0.014705882352941176 0.03608247422680412
0.0 0.8602941176470589 0.36855670103092786 0.014705882352941176 0.030927835051546393
0.0 0.9264705882352942 0.422680412371134 0.014705882352941176 0.020618556701030927
0.0 0.9276960784313726 0.4329896907216495 0.012254901960784314 0.020618556701030927
0.0 0.9325980392156863 0.4587628865979381 0.007352941176470588 0.020618556701030927
0.0 0.9313725490196079 0.5451030927835051 0.00980392156862745 0.01804123711340206
0.0 0.9325980392156863 0.5322164948453608 0.007352941176470588 0.01804123711340206
0.0 0.9656862745098039 0.5309278350515464 0.00980392156862745 0.015463917525773196
0.0 0.9779411764705882 0.5322164948453608 0.004901960784313725 0.01804123711340206
0.0 0.9791666666666666 0.509020618556701 0.007352941176470588 0.01288659793814433
0.0 0.9767156862745098 0.4884020618556701 0.007352941176470588 0.01804123711340206
0.0 0.9718137254901961 0.47809278350515466 0.007352941176470588 0.01804123711340206
0.0 0.9693627450980392 0.46262886597938147 0.007352941176470588 0.01804123711340206
0.0 0.9656862745098039 0.44587628865979384 0.00980392156862745 0.020618556701030927
0.0 0.9852941176470589 0.509020618556701 0.004901960784313725 0.01288659793814433
0.0 0.9852941176470589 0.5 0.004901960784313725 0.015463917525773196
0.0 0.9840686274509803 0.4729381443298969 0.007352941176470588 0.023195876288659795
0.0 0.9791666666666666 0.4484536082474227 0.007352941176470588 0.020618556701030927
0.0 0.9767156862745098 0.44072164948453607 0.007352941176470588 0.015463917525773196
0.0 0.9840686274509803 0.44716494845360827 0.007352941176470588 0.01804123711340206
0.0 0.9840686274509803 0.4213917525773196 0.007352941176470588 0.01804123711340206
0.0 0.9889705882352942 0.43943298969072164 0.007352941176470588 0.01804123711340206
0.0 0.9889705882352942 0.46262886597938147 0.007352941176470588 0.01804123711340206
0.0 0.9901960784313726 0.4729381443298969 0.004901960784313725 0.01804123711340206
0.0 0.9963235294117647 0.5 0.0024509803921568627 0.015463917525773196
0.0 0.9950980392156863 0.49097938144329895 0.004901960784313725 0.01804123711340206
0.0 0.8737745098039216 0.8479381443298969 0.022058823529411766 0.02577319587628866
0.0 0.8860294117647058 0.8337628865979382 0.022058823529411766 0.023195876288659795
0.0 0.8958333333333334 0.8337628865979382 0.022058823529411766 0.023195876288659795
0.0 0.9093137254901961 0.8182989690721649 0.0196078431372549 0.023195876288659795
0.0 0.9448529411764706 0.7538659793814433 0.012254901960784314 0.023195876288659795
