8.0 0.049019607843137254 0.68646408839779 0.049019607843137254 0.1298342541436464
8.0 0.05759803921568627 0.6961325966850829 0.041666666666666664 0.10497237569060773
8.0 0.1017156862745098 0.8080110497237569 0.0661764705882353 0.10773480662983426
8.0 0.11151960784313726 0.8107734806629834 0.061274509803921566 0.09668508287292818
8.0 0.15931372549019607 0.8729281767955801 0.04411764705882353 0.049723756906077346
8.0 0.11274509803921569 0.761049723756906 0.07352941176470588 0.13535911602209943
3.0 0.09681372549019608 0.7596685082872928 0.031862745098039214 0.055248618784530384
3.0 0.19240196078431374 0.899171270718232 0.03676470588235294 0.03591160220994475
3.0 0.06985294117647059 0.6298342541436464 0.02696078431372549 0.0718232044198895
3.0 0.0821078431372549 0.6270718232044199 0.02696078431372549 0.07734806629834254
0.0 0.6629901960784313 0.8798342541436464 0.02696078431372549 0.024861878453038673
0.0 0.6825980392156863 0.8604972375690608 0.031862745098039214 0.024861878453038673
0.0 0.17769607843137256 0.16988950276243095 0.022058823529411766 0.03591160220994475
0.0 0.20710784313725492 0.1505524861878453 0.02696078431372549 0.03038674033149171
0.0 0.21568627450980393 0.13535911602209943 0.029411764705882353 0.027624309392265192
0.0 0.25980392156862747 0.1574585635359116 0.029411764705882353 0.03314917127071823
0.0 0.2867647058823529 0.14917127071823205 0.03431372549019608 0.03314917127071823
0.0 0.25735294117647056 0.17265193370165746 0.024509803921568627 0.024861878453038673
0.0 0.2659313725490196 0.18922651933701656 0.02696078431372549 0.03038674033149171
0.0 0.25735294117647056 0.23066298342541436 0.024509803921568627 0.03591160220994475
0.0 0.4840686274509804 0.13674033149171272 0.02696078431372549 0.019337016574585635
0.0 0.5122549019607843 0.12569060773480664 0.024509803921568627 0.013812154696132596
0.0 0.5465686274509803 0.052486187845303865 0.029411764705882353 0.016574585635359115
0.0 0.48284313725490197 0.08701657458563536 0.0392156862745098 0.013812154696132596
0.0 0.6213235294117647 0.06906077348066299 0.02696078431372549 0.016574585635359115
0.0 0.26838235294117646 0.05939226519337017 0.022058823529411766 0.013812154696132596
0.0 0.25 0.07320441988950276 0.014705882352941176 0.013812154696132596
0.0 0.2696078431372549 0.06767955801104972 0.014705882352941176 0.013812154696132596
4.0 0.3860294117647059 0.9682320441988951 0.07107843137254902 0.04143646408839779
