4.0 0.17892156862745098 0.7845303867403315 0.04411764705882353 0.04419889502762431
4.0 0.27941176470588236 0.850828729281768 0.058823529411764705 0.04419889502762431
3.0 0.26715686274509803 0.7693370165745856 0.049019607843137254 0.052486187845303865
3.0 0.47058823529411764 0.7099447513812155 0.03431372549019608 0.055248618784530384
3.0 0.5821078431372549 0.6712707182320442 0.03676470588235294 0.055248618784530384
3.0 0.6237745098039216 0.6519337016574586 0.03676470588235294 0.06077348066298342
4.0 0.6323529411764706 0.580110497237569 0.03431372549019608 0.0718232044198895
5.0 0.4681372549019608 0.6243093922651933 0.04411764705882353 0.09944751381215469
8.0 0.5281862745098039 0.6685082872928176 0.041666666666666664 0.10497237569060773
3.0 0.5208333333333334 0.5870165745856354 0.031862745098039214 0.052486187845303865
5.0 0.5171568627450981 0.5 0.0392156862745098 0.09944751381215469
8.0 0.5784313725490197 0.5469613259668509 0.05392156862745098 0.16574585635359115
3.0 0.5612745098039216 0.45027624309392267 0.029411764705882353 0.049723756906077346
3.0 0.5625 0.39226519337016574 0.031862745098039214 0.049723756906077346
3.0 0.5551470588235294 0.34806629834254144 0.031862745098039214 0.04419889502762431
8.0 0.5134803921568627 0.4198895027624309 0.03676470588235294 0.09392265193370165
5.0 0.5110294117647058 0.35082872928176795 0.03676470588235294 0.07734806629834254
4.0 0.5490196078431373 0.30386740331491713 0.029411764705882353 0.03867403314917127
3.0 0.5049019607843137 0.3080110497237569 0.024509803921568627 0.03038674033149171
4.0 0.4950980392156863 0.27348066298342544 0.029411764705882353 0.03867403314917127
3.0 0.5367647058823529 0.27900552486187846 0.029411764705882353 0.03314917127071823
3.0 0.5355392156862745 0.2527624309392265 0.02696078431372549 0.03038674033149171
3.0 0.4877450980392157 0.24033149171270718 0.024509803921568627 0.027624309392265192
3.0 0.4791666666666667 0.20994475138121546 0.022058823529411766 0.022099447513812154
3.0 0.5232843137254902 0.2292817679558011 0.022058823529411766 0.022099447513812154
3.0 0.5196078431372549 0.20994475138121546 0.03431372549019608 0.022099447513812154
5.0 0.4681372549019608 0.1919889502762431 0.06372549019607843 0.04143646408839779
5.0 0.9669117647058824 0.3674033149171271 0.01715686274509804 0.04419889502762431
3.0 0.9718137254901961 0.3632596685082873 0.007352941176470588 0.019337016574585635
3.0 0.9767156862745098 0.3687845303867403 0.007352941176470588 0.013812154696132596
8.0 0.9767156862745098 0.3660220994475138 0.007352941176470588 0.019337016574585635
4.0 0.9791666666666666 0.36464088397790057 0.007352941176470588 0.022099447513812154
3.0 0.9816176470588235 0.3687845303867403 0.007352941176470588 0.013812154696132596
3.0 0.9852941176470589 0.3729281767955801 0.004901960784313725 0.011049723756906077
5.0 0.9840686274509803 0.36187845303867405 0.007352941176470588 0.027624309392265192
5.0 0.9754901960784313 0.35082872928176795 0.00980392156862745 0.027624309392265192
5.0 0.9779411764705882 0.35082872928176795 0.00980392156862745 0.027624309392265192
3.0 0.9754901960784313 0.3383977900552486 0.004901960784313725 0.013812154696132596
3.0 0.9681372549019608 0.34668508287292815 0.00980392156862745 0.024861878453038673
3.0 0.9558823529411765 0.3149171270718232 0.00980392156862745 0.022099447513812154
3.0 0.9301470588235294 0.30939226519337015 0.012254901960784314 0.022099447513812154
3.0 0.928921568627451 0.3356353591160221 0.014705882352941176 0.03038674033149171
5.0 0.9240196078431373 0.29972375690607733 0.0196078431372549 0.03591160220994475
3.0 0.9178921568627451 0.292817679558011 0.012254901960784314 0.022099447513812154
3.0 0.9105392156862745 0.2803867403314917 0.012254901960784314 0.019337016574585635
3.0 0.9056372549019608 0.27624309392265195 0.012254901960784314 0.016574585635359115
8.0 0.8995098039215687 0.26657458563535913 0.0196078431372549 0.03038674033149171
4.0 0.8958333333333334 0.2610497237569061 0.012254901960784314 0.019337016574585635
3.0 0.8909313725490197 0.255524861878453 0.012254901960784314 0.019337016574585635
3.0 0.8872549019607843 0.2513812154696133 0.00980392156862745 0.016574585635359115
3.0 0.8823529411764706 0.2472375690607735 0.00980392156862745 0.013812154696132596
8.0 0.8762254901960784 0.23895027624309392 0.022058823529411766 0.03038674033149171
4.0 0.8627450980392157 0.22375690607734808 0.014705882352941176 0.016574585635359115
4.0 0.8357843137254902 0.20303867403314918 0.0196078431372549 0.019337016574585635
5.0 0.8982843137254902 0.2941988950276243 0.031862745098039214 0.04143646408839779
5.0 0.8897058823529411 0.2845303867403315 0.03431372549019608 0.049723756906077346
5.0 0.8823529411764706 0.27071823204419887 0.03431372549019608 0.04419889502762431
5.0 0.875 0.2638121546961326 0.03431372549019608 0.04696132596685083
5.0 0.8627450980392157 0.2513812154696133 0.029411764705882353 0.03867403314917127
5.0 0.8578431372549019 0.2430939226519337 0.0392156862745098 0.04419889502762431
5.0 0.8431372549019608 0.22513812154696133 0.0392156862745098 0.04143646408839779
5.0 0.8345588235294118 0.21685082872928177 0.03676470588235294 0.04143646408839779
4.0 0.8161764705882353 0.18922651933701656 0.0196078431372549 0.019337016574585635
3.0 0.6862745098039216 0.0925414364640884 0.024509803921568627 0.013812154696132596
3.0 0.7058823529411765 0.11049723756906077 0.024509803921568627 0.016574585635359115
3.0 0.6985294117647058 0.10497237569060773 0.024509803921568627 0.016574585635359115
4.0 0.33088235294117646 0.04143646408839779 0.014705882352941176 0.0055248618784530384
5.0 0.31495098039215685 0.04143646408839779 0.01715686274509804 0.011049723756906077
5.0 0.3235294117647059 0.03729281767955801 0.024509803921568627 0.013812154696132596
8.0 0.39215686274509803 0.03038674033149171 0.029411764705882353 0.016574585635359115
3.0 0.2610294117647059 0.05662983425414365 0.012254901960784314 0.008287292817679558
3.0 0.2769607843137255 0.049723756906077346 0.00980392156862745 0.0055248618784530384
0.0 0.1948529411764706 0.4447513812154696 0.007352941176470588 0.022099447513812154
0.0 0.19852941176470587 0.44613259668508287 0.004901960784313725 0.019337016574585635
3.0 0.07352941176470588 0.7886740331491713 0.024509803921568627 0.03591160220994475
9.0 0.3014705882352941 0.9240331491712708 0.014705882352941176 0.013812154696132596
1.0 0.29901960784313725 0.9226519337016574 0.014705882352941176 0.011049723756906077
