3.0 0.8284313725490197 0.8582474226804123 0.08823529411764706 0.08247422680412371
3.0 0.20220588235294118 0.8389175257731959 0.09068627450980392 0.07989690721649484
3.0 0.37254901960784315 0.8260309278350515 0.14705882352941177 0.08505154639175258
3.0 0.6311274509803921 0.7525773195876289 0.14950980392156862 0.12371134020618557
3.0 0.7316176470588235 0.8646907216494846 0.07598039215686274 0.06958762886597938
3.0 0.3321078431372549 0.7268041237113402 0.14460784313725492 0.10824742268041238
9.0 0.8541666666666666 0.4729381443298969 0.01715686274509804 0.05412371134020619
3.0 0.8823529411764706 0.42010309278350516 0.049019607843137254 0.11855670103092783
3.0 0.8541666666666666 0.24613402061855671 0.061274509803921566 0.09020618556701031
3.0 0.7904411764705882 0.16752577319587628 0.061274509803921566 0.05154639175257732
5.0 0.8860294117647058 0.26288659793814434 0.07598039215686274 0.11855670103092783
3.0 0.9301470588235294 0.3131443298969072 0.03676470588235294 0.06958762886597938
3.0 0.9105392156862745 0.20747422680412372 0.031862745098039214 0.04896907216494845
4.0 0.19975490196078433 0.6430412371134021 0.07598039215686274 0.13144329896907217
3.0 0.1213235294117647 0.654639175257732 0.04656862745098039 0.1134020618556701
3.0 0.09191176470588236 0.663659793814433 0.041666666666666664 0.06958762886597938
3.0 0.04656862745098039 0.6842783505154639 0.03431372549019608 0.06443298969072164
8.0 0.9742647058823529 0.5270618556701031 0.022058823529411766 0.16237113402061856
3.0 0.9754901960784313 0.41494845360824745 0.014705882352941176 0.061855670103092786
3.0 0.9509803921568627 0.29381443298969073 0.0196078431372549 0.04639175257731959
4.0 0.9583333333333334 0.2963917525773196 0.0196078431372549 0.04639175257731959
4.0 0.9276960784313726 0.22293814432989692 0.02696078431372549 0.04896907216494845
3.0 0.9411764705882353 0.2422680412371134 0.024509803921568627 0.04639175257731959
3.0 0.9240196078431373 0.20231958762886598 0.024509803921568627 0.03865979381443299
9.0 0.9080882352941176 0.1791237113402062 0.012254901960784314 0.01804123711340206
1.0 0.9068627450980392 0.17654639175257733 0.00980392156862745 0.01288659793814433
