3.0 0.024509803921568627 0.6160220994475138 0.029411764705882353 0.06629834254143646
3.0 0.01715686274509804 0.4516574585635359 0.024509803921568627 0.06353591160220995
3.0 0.0857843137254902 0.6740331491712708 0.058823529411764705 0.09392265193370165
3.0 0.07107843137254902 0.4544198895027624 0.04411764705882353 0.07458563535911603
3.0 0.6323529411764706 0.8328729281767956 0.19607843137254902 0.10220994475138122
3.0 0.4166666666666667 0.7334254143646409 0.24509803921568626 0.11878453038674033
3.0 0.42892156862745096 0.6174033149171271 0.25 0.11878453038674033
3.0 0.4411764705882353 0.48066298342541436 0.24509803921568626 0.13812154696132597
3.0 0.6470588235294118 0.7486187845303868 0.20098039215686275 0.12154696132596685
3.0 0.6825980392156863 0.5069060773480663 0.19362745098039216 0.1298342541436464
3.0 0.6752450980392157 0.3770718232044199 0.20833333333333334 0.12430939226519337
3.0 0.6838235294117647 0.26933701657458564 0.18627450980392157 0.12430939226519337
3.0 0.46691176470588236 0.23204419889502761 0.19852941176470587 0.09392265193370165
3.0 0.4730392156862745 0.16022099447513813 0.21568627450980393 0.0718232044198895
3.0 0.6776960784313726 0.19475138121546962 0.16911764705882354 0.10220994475138122
3.0 0.14583333333333334 0.3687845303867403 0.09068627450980392 0.10773480662983426
3.0 0.25857843137254904 0.07734806629834254 0.1053921568627451 0.0718232044198895
3.0 0.47181372549019607 0.10220994475138122 0.18872549019607843 0.055248618784530384
3.0 0.6629901960784313 0.13535911602209943 0.17892156862745098 0.09392265193370165
3.0 0.6421568627450981 0.08149171270718232 0.14705882352941177 0.06906077348066299
3.0 0.49264705882352944 0.058011049723756904 0.14705882352941177 0.03314917127071823
3.0 0.8149509803921569 0.1132596685082873 0.09068627450980392 0.08287292817679558
3.0 0.8308823529411765 0.1477900552486188 0.08823529411764706 0.09116022099447514
3.0 0.8590686274509803 0.2265193370165746 0.08088235294117647 0.09392265193370165
3.0 0.8823529411764706 0.292817679558011 0.06862745098039216 0.09392265193370165
3.0 0.8933823529411765 0.35220994475138123 0.061274509803921566 0.0856353591160221
3.0 0.9068627450980392 0.4419889502762431 0.058823529411764705 0.08839779005524862
3.0 0.9007352941176471 0.5193370165745856 0.0661764705882353 0.09944751381215469
3.0 0.8933823529411765 0.606353591160221 0.07107843137254902 0.10773480662983426
3.0 0.8774509803921569 0.6850828729281768 0.0784313725490196 0.11049723756906077
3.0 0.8615196078431373 0.7569060773480663 0.07598039215686274 0.09392265193370165
3.0 0.003676470588235294 0.5027624309392266 0.007352941176470588 0.04419889502762431
3.0 0.00857843137254902 0.4129834254143646 0.012254901960784314 0.04696132596685083
3.0 0.00980392156862745 0.600828729281768 0.014705882352941176 0.04696132596685083
3.0 0.0661764705882353 0.7734806629834254 0.049019607843137254 0.08839779005524862
3.0 0.0857843137254902 0.7955801104972375 0.04411764705882353 0.08287292817679558
3.0 0.14950980392156862 0.8522099447513812 0.06372549019607843 0.09116022099447514
3.0 0.18259803921568626 0.8784530386740331 0.07107843137254902 0.08287292817679558
3.0 0.2610294117647059 0.925414364640884 0.07598039215686274 0.06629834254143646
3.0 0.3174019607843137 0.9544198895027625 0.0661764705882353 0.04696132596685083
3.0 0.36764705882352944 0.9668508287292817 0.06862745098039216 0.04419889502762431
3.0 0.3713235294117647 0.9682320441988951 0.0661764705882353 0.04143646408839779
3.0 0.9215686274509803 0.2845303867403315 0.05392156862745098 0.08287292817679558
3.0 0.9325980392156863 0.3411602209944751 0.04656862745098039 0.0856353591160221
3.0 0.9473039215686274 0.4558011049723757 0.031862745098039214 0.07734806629834254
3.0 0.9840686274509803 0.39779005524861877 0.022058823529411766 0.055248618784530384
3.0 0.9889705882352942 0.4889502762430939 0.01715686274509804 0.06077348066298342
3.0 0.9791666666666666 0.6284530386740331 0.02696078431372549 0.06906077348066299
3.0 0.9387254901960784 0.6077348066298343 0.04411764705882353 0.08839779005524862
4.0 0.9877450980392157 0.4419889502762431 0.0196078431372549 0.06077348066298342
4.0 0.6752450980392157 0.638121546961326 0.21323529411764705 0.1270718232044199
4.0 0.15318627450980393 0.7237569060773481 0.1053921568627451 0.11602209944751381
4.0 0.14460784313725492 0.6519337016574586 0.10294117647058823 0.1270718232044199
4.0 0.12622549019607843 0.56353591160221 0.0857843137254902 0.11049723756906077
4.0 0.13112745098039216 0.4544198895027624 0.0857843137254902 0.10220994475138122
4.0 0.16176470588235295 0.28314917127071826 0.08823529411764706 0.10220994475138122
4.0 0.058823529411764705 0.2638121546961326 0.049019607843137254 0.0856353591160221
4.0 0.07230392156862746 0.22513812154696133 0.051470588235294115 0.08011049723756906
4.0 0.08946078431372549 0.1878453038674033 0.056372549019607844 0.0718232044198895
4.0 0.42401960784313725 0.830110497237569 0.20588235294117646 0.09668508287292818
3.0 0.5049019607843137 0.009668508287292817 0.12745098039215685 0.013812154696132596
