3.0 0.023284313725490197 0.5373711340206185 0.01715686274509804 0.059278350515463915
3.0 0.051470588235294115 0.5077319587628866 0.0196078431372549 0.06701030927835051
3.0 0.12377450980392157 0.44329896907216493 0.056372549019607844 0.07216494845360824
3.0 0.9301470588235294 0.6920103092783505 0.056372549019607844 0.08505154639175258
3.0 0.9571078431372549 0.5347938144329897 0.02696078431372549 0.05412371134020619
3.0 0.041666666666666664 0.41494845360824745 0.0196078431372549 0.05154639175257732
3.0 0.014705882352941176 0.45489690721649484 0.00980392156862745 0.03865979381443299
3.0 0.0024509803921568627 0.48582474226804123 0.004901960784313725 0.03865979381443299
3.0 0.00857843137254902 0.4213917525773196 0.012254901960784314 0.03865979381443299
0.0 0.024509803921568627 0.38402061855670105 0.004901960784313725 0.020618556701030927
0.0 0.22794117647058823 0.7435567010309279 0.03431372549019608 0.05412371134020619
0.0 0.21691176470588236 0.7435567010309279 0.031862745098039214 0.05412371134020619
0.0 0.1875 0.6829896907216495 0.031862745098039214 0.061855670103092786
0.0 0.18627450980392157 0.6353092783505154 0.024509803921568627 0.059278350515463915
3.0 0.24509803921568626 0.09922680412371133 0.00980392156862745 0.007731958762886598
3.0 0.22549019607843138 0.11984536082474227 0.014705882352941176 0.01288659793814433
3.0 0.16053921568627452 0.16108247422680413 0.01715686274509804 0.01804123711340206
5.0 0.0625 0.32603092783505155 0.031862745098039214 0.06958762886597938
4.0 0.36764705882352944 0.07216494845360824 0.024509803921568627 0.010309278350515464
0.0 0.3480392156862745 0.08118556701030928 0.00980392156862745 0.007731958762886598
0.0 0.3125 0.13015463917525774 0.012254901960784314 0.01288659793814433
9.0 0.3443627450980392 0.32989690721649484 0.0661764705882353 0.05154639175257732
2.0 0.13602941176470587 0.5451030927835051 0.02696078431372549 0.04381443298969072
2.0 0.15073529411764705 0.3170103092783505 0.012254901960784314 0.030927835051546393
9.0 0.6850490196078431 0.4110824742268041 0.0661764705882353 0.04381443298969072
1.0 0.13848039215686275 0.538659793814433 0.01715686274509804 0.061855670103092786
1.0 0.6825980392156863 0.39819587628865977 0.02696078431372549 0.04896907216494845
1.0 0.7022058823529411 0.39819587628865977 0.031862745098039214 0.059278350515463915
1.0 0.15073529411764705 0.3118556701030928 0.01715686274509804 0.030927835051546393
2.0 0.020833333333333332 0.3595360824742268 0.007352941176470588 0.01288659793814433
3.0 0.5563725490196079 0.2667525773195876 0.1715686274509804 0.06443298969072164
0.0 0.8112745098039216 0.34536082474226804 0.014705882352941176 0.03608247422680412
