0.0 0.05759803921568627 0.27900552486187846 0.0024509803921568627 0.0055248618784530384
0.0 0.07230392156862746 0.28314917127071826 0.0024509803921568627 0.008287292817679558
0.0 0.07475490196078431 0.27624309392265195 0.0024509803921568627 0.0055248618784530384
0.0 0.07475490196078431 0.28314917127071826 0.0024509803921568627 0.008287292817679558
0.0 0.0821078431372549 0.27209944751381215 0.0024509803921568627 0.008287292817679558
0.0 0.0784313725490196 0.27624309392265195 0.004901960784313725 0.011049723756906077
0.0 0.0821078431372549 0.26795580110497236 0.0024509803921568627 0.0055248618784530384
3.0 0.07598039215686274 0.3660220994475138 0.00980392156862745 0.024861878453038673
3.0 0.049019607843137254 0.4240331491712707 0.00980392156862745 0.019337016574585635
0.0 0.030637254901960783 0.42679558011049723 0.0024509803921568627 0.008287292817679558
3.0 0.06004901960784314 0.39917127071823205 0.007352941176470588 0.019337016574585635
9.0 0.051470588235294115 0.3660220994475138 0.004901960784313725 0.008287292817679558
4.0 0.09313725490196079 0.3342541436464088 0.014705882352941176 0.027624309392265192
0.0 0.1053921568627451 0.292817679558011 0.004901960784313725 0.011049723756906077
3.0 0.11151960784313726 0.30386740331491713 0.012254901960784314 0.022099447513812154
3.0 0.1323529411764706 0.26933701657458564 0.014705882352941176 0.024861878453038673
3.0 0.14215686274509803 0.27486187845303867 0.0196078431372549 0.024861878453038673
8.0 0.16299019607843138 0.22375690607734808 0.04656862745098039 0.06077348066298342
8.0 0.03431372549019608 0.6740331491712708 0.029411764705882353 0.06629834254143646
4.0 0.03431372549019608 0.6243093922651933 0.00980392156862745 0.027624309392265192
3.0 0.04044117647058824 0.738950276243094 0.012254901960784314 0.024861878453038673
3.0 0.041666666666666664 0.7348066298342542 0.00980392156862745 0.022099447513812154
3.0 0.04779411764705882 0.7361878453038674 0.012254901960784314 0.024861878453038673
3.0 0.05024509803921569 0.7361878453038674 0.012254901960784314 0.024861878453038673
3.0 0.05269607843137255 0.7361878453038674 0.012254901960784314 0.024861878453038673
9.0 0.0661764705882353 0.7430939226519337 0.004901960784313725 0.011049723756906077
9.0 0.0625 0.7403314917127072 0.007352941176470588 0.011049723756906077
5.0 0.09191176470588236 0.7845303867403315 0.03676470588235294 0.055248618784530384
5.0 0.12377450980392157 0.7969613259668509 0.061274509803921566 0.07458563535911603
4.0 0.07352941176470588 0.7472375690607734 0.0196078431372549 0.03591160220994475
4.0 0.08700980392156862 0.7527624309392266 0.01715686274509804 0.03038674033149171
4.0 0.09436274509803921 0.7513812154696132 0.022058823529411766 0.03867403314917127
4.0 0.1017156862745098 0.7541436464088398 0.022058823529411766 0.03867403314917127
4.0 0.11151960784313726 0.7569060773480663 0.022058823529411766 0.03867403314917127
3.0 0.07965686274509803 0.75 0.01715686274509804 0.03038674033149171
3.0 0.05392156862745098 0.6961325966850829 0.014705882352941176 0.027624309392265192
8.0 0.04534313725490196 0.7140883977900553 0.031862745098039214 0.052486187845303865
4.0 0.07352941176470588 0.7016574585635359 0.014705882352941176 0.027624309392265192
3.0 0.17647058823529413 0.8121546961325967 0.03431372549019608 0.03314917127071823
3.0 0.22181372549019607 0.8439226519337016 0.03676470588235294 0.03038674033149171
4.0 0.16176470588235295 0.7748618784530387 0.029411764705882353 0.03591160220994475
4.0 0.16911764705882354 0.7914364640883977 0.029411764705882353 0.03591160220994475
4.0 0.08823529411764706 0.6616022099447514 0.0196078431372549 0.03591160220994475
4.0 0.10049019607843138 0.6878453038674033 0.0196078431372549 0.03314917127071823
3.0 0.14583333333333334 0.6878453038674033 0.02696078431372549 0.03867403314917127
3.0 0.1053921568627451 0.6298342541436464 0.0196078431372549 0.03867403314917127
3.0 0.3125 0.7817679558011049 0.04656862745098039 0.03314917127071823
3.0 0.15808823529411764 0.48480662983425415 0.022058823529411766 0.03038674033149171
3.0 0.18627450980392157 0.5414364640883977 0.029411764705882353 0.03867403314917127
4.0 0.2426470588235294 0.7541436464088398 0.03431372549019608 0.04419889502762431
5.0 0.31862745098039214 0.8093922651933702 0.05392156862745098 0.03867403314917127
3.0 0.38112745098039214 0.4074585635359116 0.056372549019607844 0.04696132596685083
3.0 0.5772058823529411 0.3218232044198895 0.056372549019607844 0.03038674033149171
4.0 0.44730392156862747 0.287292817679558 0.056372549019607844 0.03314917127071823
8.0 0.5698529411764706 0.2541436464088398 0.09068627450980392 0.055248618784530384
3.0 0.6360294117647058 0.22375690607734808 0.04656862745098039 0.027624309392265192
4.0 0.4889705882352941 0.9696132596685083 0.041666666666666664 0.011049723756906077
4.0 0.5465686274509803 0.9599447513812155 0.04411764705882353 0.013812154696132596
3.0 0.5992647058823529 0.9461325966850829 0.04656862745098039 0.019337016574585635
1.0 0.7549019607843137 0.9281767955801105 0.004901960784313725 0.0055248618784530384
0.0 0.7659313725490197 0.9171270718232044 0.007352941176470588 0.0055248618784530384
0.0 0.7634803921568627 0.9240331491712708 0.007352941176470588 0.008287292817679558
8.0 0.7806372549019608 0.8715469613259669 0.0661764705882353 0.058011049723756904
8.0 0.7463235294117647 0.9033149171270718 0.10049019607843138 0.07734806629834254
8.0 0.75 0.9116022099447514 0.10294117647058823 0.07734806629834254
8.0 0.8455882352941176 0.8646408839779005 0.049019607843137254 0.06077348066298342
8.0 0.8468137254901961 0.8411602209944752 0.061274509803921566 0.08011049723756906
8.0 0.8884803921568627 0.7720994475138122 0.056372549019607844 0.09668508287292818
3.0 0.9227941176470589 0.7941988950276243 0.022058823529411766 0.03591160220994475
4.0 0.9816176470588235 0.6353591160220995 0.012254901960784314 0.03314917127071823
4.0 0.9852941176470589 0.6256906077348067 0.00980392156862745 0.03038674033149171
4.0 0.9877450980392157 0.6215469613259669 0.004901960784313725 0.027624309392265192
8.0 0.9595588235294118 0.6367403314917127 0.02696078431372549 0.052486187845303865
0.0 0.9705882352941176 0.56353591160221 0.0 0.0055248618784530384
0.0 0.9718137254901961 0.5732044198895028 0.0024509803921568627 0.008287292817679558
3.0 0.8921568627450981 0.6408839779005525 0.0196078431372549 0.03867403314917127
4.0 0.8982843137254902 0.600828729281768 0.01715686274509804 0.04143646408839779
3.0 0.8688725490196079 0.44337016574585636 0.01715686274509804 0.04143646408839779
8.0 0.9117647058823529 0.5994475138121547 0.04411764705882353 0.11602209944751381
3.0 0.9019607843137255 0.4198895027624309 0.014705882352941176 0.022099447513812154
8.0 0.9473039215686274 0.4129834254143646 0.022058823529411766 0.04696132596685083
8.0 0.9730392156862745 0.4129834254143646 0.014705882352941176 0.03591160220994475
0.0 0.9926470588235294 0.48480662983425415 0.0 0.0027624309392265192
0.0 0.9877450980392157 0.49171270718232046 0.0 0.0055248618784530384
0.0 0.9975490196078431 0.47513812154696133 0.0 0.0055248618784530384
4.0 0.9828431372549019 0.35911602209944754 0.004901960784313725 0.011049723756906077
4.0 0.9571078431372549 0.31353591160220995 0.007352941176470588 0.013812154696132596
3.0 0.9595588235294118 0.324585635359116 0.007352941176470588 0.013812154696132596
3.0 0.8897058823529411 0.28591160220994477 0.014705882352941176 0.019337016574585635
3.0 0.8382352941176471 0.23756906077348067 0.0196078431372549 0.022099447513812154
4.0 0.8137254901960784 0.2955801104972376 0.029411764705882353 0.027624309392265192
9.0 0.8455882352941176 0.319060773480663 0.00980392156862745 0.013812154696132596
1.0 0.8455882352941176 0.31767955801104975 0.004901960784313725 0.011049723756906077
3.0 0.741421568627451 0.21823204419889503 0.02696078431372549 0.03314917127071823
3.0 0.7009803921568627 0.1574585635359116 0.03431372549019608 0.022099447513812154
8.0 0.8872549019607843 0.22375690607734808 0.03431372549019608 0.04419889502762431
8.0 0.9583333333333334 0.29972375690607733 0.0196078431372549 0.03591160220994475
8.0 0.9350490196078431 0.2596685082872928 0.022058823529411766 0.03867403314917127
4.0 0.9571078431372549 0.287292817679558 0.007352941176470588 0.016574585635359115
4.0 0.9718137254901961 0.3080110497237569 0.007352941176470588 0.013812154696132596
3.0 0.9656862745098039 0.3011049723756906 0.004901960784313725 0.011049723756906077
3.0 0.9105392156862745 0.23066298342541436 0.007352941176470588 0.013812154696132596
3.0 0.8737745098039216 0.19337016574585636 0.012254901960784314 0.016574585635359115
4.0 0.8370098039215687 0.16988950276243095 0.012254901960784314 0.013812154696132596
3.0 0.7977941176470589 0.13674033149171272 0.01715686274509804 0.013812154696132596
3.0 0.7132352941176471 0.10220994475138122 0.0196078431372549 0.011049723756906077
4.0 0.6200980392156863 0.10359116022099447 0.029411764705882353 0.019337016574585635
4.0 0.5490196078431373 0.08287292817679558 0.024509803921568627 0.011049723756906077
3.0 0.5894607843137255 0.09806629834254144 0.022058823529411766 0.013812154696132596
8.0 0.5355392156862745 0.04696132596685083 0.041666666666666664 0.027624309392265192
0.0 0.2181372549019608 0.1477900552486188 0.004901960784313725 0.008287292817679558
0.0 0.22181372549019607 0.14226519337016574 0.007352941176470588 0.008287292817679558
0.0 0.21446078431372548 0.1477900552486188 0.007352941176470588 0.008287292817679558
0.0 0.2696078431372549 0.11049723756906077 0.004901960784313725 0.0055248618784530384
8.0 0.24387254901960784 0.11464088397790055 0.01715686274509804 0.019337016574585635
8.0 0.2855392156862745 0.08701657458563536 0.02696078431372549 0.024861878453038673
0.0 0.26715686274509803 0.08287292817679558 0.004901960784313725 0.0055248618784530384
8.0 0.2977941176470588 0.08287292817679558 0.022058823529411766 0.022099447513812154
8.0 0.33578431372549017 0.08149171270718232 0.058823529411764705 0.03038674033149171
8.0 0.33700980392156865 0.07596685082872928 0.056372549019607844 0.03038674033149171
8.0 0.34191176470588236 0.07044198895027624 0.061274509803921566 0.03038674033149171
8.0 0.34558823529411764 0.06767955801104972 0.049019607843137254 0.024861878453038673
8.0 0.35661764705882354 0.06077348066298342 0.03676470588235294 0.022099447513812154
8.0 0.32598039215686275 0.062154696132596686 0.05392156862745098 0.03038674033149171
8.0 0.35661764705882354 0.05386740331491713 0.056372549019607844 0.024861878453038673
8.0 0.3541666666666667 0.049723756906077346 0.051470588235294115 0.027624309392265192
8.0 0.35661764705882354 0.04558011049723757 0.051470588235294115 0.024861878453038673
8.0 0.36642156862745096 0.04143646408839779 0.041666666666666664 0.022099447513812154
8.0 0.36764705882352944 0.03867403314917127 0.05392156862745098 0.022099447513812154
8.0 0.32965686274509803 0.04834254143646409 0.01715686274509804 0.013812154696132596
8.0 0.3247549019607843 0.04419889502762431 0.022058823529411766 0.016574585635359115
8.0 0.3443627450980392 0.027624309392265192 0.022058823529411766 0.016574585635359115
3.0 0.40441176470588236 0.008287292817679558 0.00980392156862745 0.0055248618784530384
3.0 0.4178921568627451 0.006906077348066298 0.007352941176470588 0.0027624309392265192
3.0 0.4387254901960784 0.008287292817679558 0.00980392156862745 0.0055248618784530384
3.0 0.4105392156862745 0.011049723756906077 0.007352941176470588 0.0055248618784530384
3.0 0.41544117647058826 0.015193370165745856 0.012254901960784314 0.0027624309392265192
0.0 0.38235294117647056 0.06629834254143646 0.004901960784313725 0.0055248618784530384
4.0 0.42034313725490197 0.019337016574585635 0.012254901960784314 0.0055248618784530384
3.0 0.43014705882352944 0.022099447513812154 0.012254901960784314 0.0055248618784530384
3.0 0.44730392156862747 0.03038674033149171 0.012254901960784314 0.0055248618784530384
3.0 0.4730392156862745 0.022099447513812154 0.014705882352941176 0.0055248618784530384
3.0 0.46078431372549017 0.03729281767955801 0.0196078431372549 0.008287292817679558
