9.0 0.07965686274509803 0.25902061855670105 0.031862745098039214 0.059278350515463915
0.0 0.0392156862745098 0.33505154639175255 0.014705882352941176 0.030927835051546393
0.0 0.20220588235294118 0.18556701030927836 0.03676470588235294 0.041237113402061855
4.0 0.1642156862745098 0.8414948453608248 0.12745098039215685 0.12628865979381443
4.0 0.13112745098039216 0.6765463917525774 0.125 0.17268041237113402
3.0 0.15318627450980393 0.5502577319587629 0.13480392156862744 0.18814432989690721
4.0 0.16789215686274508 0.3853092783505155 0.12990196078431374 0.16752577319587628
1.0 0.1323529411764706 0.27448453608247425 0.029411764705882353 0.04381443298969072
0.0 0.14705882352941177 0.26288659793814434 0.029411764705882353 0.04639175257731959
0.0 0.11642156862745098 0.2860824742268041 0.02696078431372549 0.041237113402061855
0.0 0.13848039215686275 0.30927835051546393 0.02696078431372549 0.04639175257731959
0.0 0.11642156862745098 0.327319587628866 0.02696078431372549 0.041237113402061855
0.0 0.09926470588235294 0.3389175257731959 0.022058823529411766 0.04381443298969072
0.0 0.10416666666666667 0.31572164948453607 0.022058823529411766 0.03865979381443299
0.0 0.13112745098039216 0.29896907216494845 0.02696078431372549 0.041237113402061855
9.0 0.13970588235294118 0.26417525773195877 0.04411764705882353 0.08505154639175258
3.0 0.7843137254901961 0.1056701030927835 0.12254901960784313 0.09278350515463918
4.0 0.6507352941176471 0.06314432989690721 0.1642156862745098 0.07989690721649484
1.0 0.7781862745098039 0.07731958762886598 0.031862745098039214 0.02577319587628866
2.0 0.7769607843137255 0.07860824742268041 0.03431372549019608 0.028350515463917526
1.0 0.8946078431372549 0.2847938144329897 0.029411764705882353 0.04381443298969072
1.0 0.8921568627450981 0.27319587628865977 0.029411764705882353 0.041237113402061855
9.0 0.8946078431372549 0.2860824742268041 0.0392156862745098 0.07731958762886598
0.0 0.9571078431372549 0.6662371134020618 0.01715686274509804 0.03350515463917526
1.0 0.9620098039215687 0.5347938144329897 0.007352941176470588 0.028350515463917526
9.0 0.9620098039215687 0.5347938144329897 0.012254901960784314 0.03865979381443299
1.0 0.7830882352941176 0.8595360824742269 0.03676470588235294 0.03350515463917526
2.0 0.7818627450980392 0.8595360824742269 0.0392156862745098 0.04896907216494845
0.0 0.7745098039215687 0.8105670103092784 0.029411764705882353 0.03350515463917526
0.0 0.9620098039215687 0.7100515463917526 0.012254901960784314 0.023195876288659795
3.0 0.6151960784313726 0.9329896907216495 0.14215686274509803 0.09278350515463918
3.0 0.4522058823529412 0.07345360824742268 0.14460784313725492 0.04896907216494845
1.0 0.3737745098039216 0.12757731958762886 0.04656862745098039 0.03350515463917526
2.0 0.37745098039215685 0.13015463917525774 0.08333333333333333 0.03865979381443299
9.0 0.21446078431372548 0.24871134020618557 0.056372549019607844 0.09020618556701031
9.0 0.17524509803921567 0.2551546391752577 0.056372549019607844 0.07731958762886598
9.0 0.2512254901960784 0.24871134020618557 0.061274509803921566 0.08505154639175258
9.0 0.3112745098039216 0.2538659793814433 0.0784313725490196 0.11082474226804123
9.0 0.3799019607843137 0.26804123711340205 0.06372549019607843 0.10309278350515463
9.0 0.4424019607843137 0.29510309278350516 0.09558823529411764 0.1056701030927835
9.0 0.6568627450980392 0.41365979381443296 0.06862745098039216 0.1211340206185567
9.0 0.5943627450980392 0.38144329896907214 0.07598039215686274 0.12886597938144329
9.0 0.5453431372549019 0.3337628865979381 0.09068627450980392 0.11597938144329897
1.0 0.5245098039215687 0.35180412371134023 0.049019607843137254 0.05412371134020619
1.0 0.5870098039215687 0.40850515463917525 0.051470588235294115 0.05412371134020619
1.0 0.5306372549019608 0.3286082474226804 0.031862745098039214 0.07989690721649484
3.0 0.4117647058823529 0.01675257731958763 0.13725490196078433 0.03350515463917526
3.0 0.8455882352941176 0.12757731958762886 0.0784313725490196 0.07474226804123711
4.0 0.9693627450980392 0.3286082474226804 0.02696078431372549 0.06443298969072164
4.0 0.17524509803921567 0.884020618556701 0.11519607843137254 0.0979381443298969
4.0 0.011029411764705883 0.4420103092783505 0.022058823529411766 0.08505154639175258
3.0 0.3161764705882353 0.9548969072164949 0.14215686274509803 0.06443298969072164
0.0 0.8786764705882353 0.14561855670103094 0.022058823529411766 0.023195876288659795
0.0 0.00857843137254902 0.39690721649484534 0.007352941176470588 0.02577319587628866
