3.0 0.17289719626168223 0.845873786407767 0.20093457943925233 0.20145631067961164
3.0 0.1927570093457944 0.8046116504854369 0.25934579439252337 0.25970873786407767
3.0 0.5385514018691588 0.9502427184466019 0.338785046728972 0.07524271844660194
0.0 0.04205607476635514 0.6553398058252428 0.02336448598130841 0.05339805825242718
0.0 0.04789719626168224 0.6395631067961165 0.02570093457943925 0.06067961165048544
0.0 0.08294392523364486 0.6516990291262136 0.035046728971962614 0.06067961165048544
0.0 0.11682242990654206 0.7063106796116505 0.04672897196261682 0.06796116504854369
0.0 0.16705607476635514 0.7657766990291263 0.0630841121495327 0.07524271844660194
3.0 0.9521028037383178 0.6856796116504854 0.07242990654205607 0.15776699029126215
3.0 0.889018691588785 0.6577669902912622 0.15654205607476634 0.27184466019417475
3.0 0.5151869158878505 0.4356796116504854 0.5771028037383178 0.4053398058252427
0.0 0.844626168224299 0.2657766990291262 0.06775700934579439 0.09466019417475728
0.0 0.8551401869158879 0.24514563106796117 0.04672897196261682 0.06796116504854369
1.0 0.633177570093458 0.13470873786407767 0.09345794392523364 0.055825242718446605
0.0 0.6939252336448598 0.11771844660194175 0.06074766355140187 0.055825242718446605
6.0 0.8551401869158879 0.20024271844660194 0.12149532710280374 0.1383495145631068
0.0 0.7184579439252337 0.050970873786407765 0.04439252336448598 0.02912621359223301
0.0 0.580607476635514 0.012135922330097087 0.030373831775700934 0.014563106796116505
3.0 0.1542056074766355 0.2827669902912621 0.205607476635514 0.24029126213592233
3.0 0.07476635514018691 0.279126213592233 0.09813084112149532 0.16990291262135923
4.0 0.053738317757009345 0.26941747572815533 0.0514018691588785 0.10194174757281553
2.0 0.30490654205607476 0.11286407766990292 0.11448598130841121 0.06553398058252427
