3.0 0.4215686274509804 0.9295580110497238 0.06372549019607843 0.06353591160220995
3.0 0.35294117647058826 0.31215469613259667 0.0784313725490196 0.16022099447513813
3.0 0.34068627450980393 0.06077348066298342 0.058823529411764705 0.055248618784530384
3.0 0.19607843137254902 0.1298342541436464 0.06372549019607843 0.055248618784530384
3.0 0.12745098039215685 0.2886740331491713 0.05392156862745098 0.06906077348066299
3.0 0.10049019607843138 0.4198895027624309 0.03431372549019608 0.06077348066298342
3.0 0.09681372549019608 0.48480662983425415 0.03676470588235294 0.052486187845303865
3.0 0.09926470588235294 0.5580110497237569 0.041666666666666664 0.06077348066298342
3.0 0.11642156862745098 0.6892265193370166 0.061274509803921566 0.08011049723756906
3.0 0.6004901960784313 0.9060773480662984 0.11764705882352941 0.04419889502762431
3.0 0.6090686274509803 0.8577348066298343 0.13480392156862744 0.058011049723756904
3.0 0.6151960784313726 0.712707182320442 0.14705882352941177 0.09944751381215469
3.0 0.6102941176470589 0.5870165745856354 0.15196078431372548 0.10220994475138122
3.0 0.6041666666666666 0.47375690607734805 0.1642156862745098 0.09116022099447514
3.0 0.6102941176470589 0.3411602209944751 0.1568627450980392 0.09116022099447514
3.0 0.8051470588235294 0.39226519337016574 0.07107843137254902 0.143646408839779
3.0 0.9007352941176471 0.3701657458563536 0.04656862745098039 0.10497237569060773
4.0 0.8406862745098039 0.36187845303867405 0.06372549019607843 0.13259668508287292
4.0 0.6531862745098039 0.10497237569060773 0.1053921568627451 0.055248618784530384
3.0 0.7867647058823529 0.12016574585635359 0.06862745098039216 0.058011049723756904
4.0 0.9522058823529411 0.2638121546961326 0.022058823529411766 0.04143646408839779
4.0 0.9276960784313726 0.2430939226519337 0.03676470588235294 0.055248618784530384
6.0 0.9424019607843137 0.3425414364640884 0.022058823529411766 0.0718232044198895
3.0 0.19852941176470587 0.9019337016574586 0.058823529411764705 0.04696132596685083
4.0 0.2267156862745098 0.08011049723756906 0.061274509803921566 0.04419889502762431
4.0 0.20955882352941177 0.10359116022099447 0.061274509803921566 0.052486187845303865
1.0 0.13602941176470587 0.4074585635359116 0.007352941176470588 0.024861878453038673
9.0 0.13602941176470587 0.4157458563535912 0.012254901960784314 0.04696132596685083
5.0 0.7083333333333334 0.09116022099447514 0.08823529411764706 0.055248618784530384
