0.0 0.9080882352941176 0.30283505154639173 0.01715686274509804 0.03865979381443299
3.0 0.3946078431372549 0.011597938144329897 0.0196078431372549 0.007731958762886598
3.0 0.3737745098039216 0.045103092783505154 0.031862745098039214 0.01804123711340206
3.0 0.38235294117647056 0.030927835051546393 0.029411764705882353 0.015463917525773196
3.0 0.3909313725490196 0.020618556701030927 0.02696078431372549 0.015463917525773196
1.0 0.4791666666666667 0.019329896907216496 0.007352941176470588 0.002577319587628866
1.0 0.4950980392156863 0.06056701030927835 0.00980392156862745 0.007731958762886598
9.0 0.47794117647058826 0.020618556701030927 0.00980392156862745 0.005154639175257732
9.0 0.4963235294117647 0.061855670103092786 0.007352941176470588 0.010309278350515464
3.0 0.5477941176470589 0.05025773195876289 0.031862745098039214 0.01804123711340206
3.0 0.5698529411764706 0.07216494845360824 0.041666666666666664 0.020618556701030927
3.0 0.5857843137254902 0.10051546391752578 0.049019607843137254 0.03608247422680412
3.0 0.6041666666666666 0.1404639175257732 0.056372549019607844 0.04896907216494845
9.0 0.6544117647058824 0.14690721649484537 0.0392156862745098 0.020618556701030927
0.0 0.25 0.17396907216494845 0.0196078431372549 0.023195876288659795
3.0 0.31985294117647056 0.14690721649484537 0.056372549019607844 0.05670103092783505
9.0 0.27450980392156865 0.16494845360824742 0.0392156862745098 0.03608247422680412
4.0 0.29534313725490197 0.20489690721649484 0.056372549019607844 0.07989690721649484
0.0 0.2536764705882353 0.2422680412371134 0.022058823529411766 0.03608247422680412
5.0 0.1801470588235294 0.3002577319587629 0.07598039215686274 0.07474226804123711
3.0 0.6703431372549019 0.31958762886597936 0.08088235294117647 0.11855670103092783
3.0 0.7879901960784313 0.27963917525773196 0.09068627450980392 0.07474226804123711
9.0 0.1409313725490196 0.5038659793814433 0.007352941176470588 0.04896907216494845
0.0 0.15808823529411764 0.5966494845360825 0.012254901960784314 0.03865979381443299
3.0 0.2549019607843137 0.44716494845360827 0.04411764705882353 0.1056701030927835
3.0 0.25857843137254904 0.5876288659793815 0.056372549019607844 0.13402061855670103
3.0 0.7095588235294118 0.48582474226804123 0.07107843137254902 0.15206185567010308
3.0 0.7169117647058824 0.654639175257732 0.07598039215686274 0.13402061855670103
9.0 0.2034313725490196 0.6481958762886598 0.049019607843137254 0.04896907216494845
9.0 0.21691176470588236 0.7139175257731959 0.041666666666666664 0.041237113402061855
3.0 0.2806372549019608 0.740979381443299 0.08088235294117647 0.12628865979381443
1.0 0.625 0.8582474226804123 0.024509803921568627 0.015463917525773196
1.0 0.6299019607843137 0.8479381443298969 0.024509803921568627 0.015463917525773196
9.0 0.6262254901960784 0.8556701030927835 0.02696078431372549 0.030927835051546393
1.0 0.5943627450980392 0.9033505154639175 0.022058823529411766 0.01288659793814433
9.0 0.5943627450980392 0.9059278350515464 0.022058823529411766 0.023195876288659795
1.0 0.4387254901960784 0.9407216494845361 0.0196078431372549 0.010309278350515464
9.0 0.4387254901960784 0.9420103092783505 0.0196078431372549 0.01804123711340206
3.0 0.7009803921568627 0.7873711340206185 0.0784313725490196 0.09536082474226804
9.0 0.7806372549019608 0.6610824742268041 0.041666666666666664 0.03350515463917526
9.0 0.7745098039215687 0.6881443298969072 0.04411764705882353 0.03608247422680412
0.0 0.8259803921568627 0.7139175257731959 0.0196078431372549 0.041237113402061855
0.0 0.8406862745098039 0.6945876288659794 0.014705882352941176 0.023195876288659795
3.0 0.6825980392156863 0.8814432989690721 0.08088235294117647 0.07731958762886598
3.0 0.3174019607843137 0.8505154639175257 0.08088235294117647 0.09278350515463918
3.0 0.35661764705882354 0.9291237113402062 0.0661764705882353 0.05412371134020619
0.0 0.36642156862745096 0.970360824742268 0.01715686274509804 0.007731958762886598
3.0 0.5441176470588235 0.9239690721649485 0.07352941176470588 0.05412371134020619
9.0 0.18259803921568626 0.7770618556701031 0.02696078431372549 0.04381443298969072
