3.0 0.051470588235294115 0.23342541436464087 0.014705882352941176 0.024861878453038673
3.0 0.0392156862745098 0.26657458563535913 0.014705882352941176 0.03038674033149171
4.0 0.041666666666666664 0.27209944751381215 0.014705882352941176 0.03038674033149171
3.0 0.04656862745098039 0.2845303867403315 0.014705882352941176 0.03314917127071823
3.0 0.06004901960784314 0.24171270718232044 0.01715686274509804 0.03038674033149171
4.0 0.06740196078431372 0.24861878453038674 0.022058823529411766 0.03867403314917127
4.0 0.07352941176470588 0.2527624309392265 0.024509803921568627 0.04143646408839779
4.0 0.0821078431372549 0.26243093922651933 0.02696078431372549 0.04419889502762431
3.0 0.0784313725490196 0.2900552486187845 0.024509803921568627 0.04419889502762431
4.0 0.0625 0.30662983425414364 0.022058823529411766 0.04419889502762431
3.0 0.07107843137254902 0.319060773480663 0.024509803921568627 0.04696132596685083
3.0 0.10416666666666667 0.27624309392265195 0.02696078431372549 0.04419889502762431
4.0 0.12377450980392157 0.2900552486187845 0.03676470588235294 0.055248618784530384
4.0 0.14583333333333334 0.30939226519337015 0.051470588235294115 0.07734806629834254
3.0 0.14215686274509803 0.36464088397790057 0.04411764705882353 0.0718232044198895
4.0 0.1875 0.3370165745856354 0.061274509803921566 0.08287292817679558
3.0 0.23774509803921567 0.3784530386740331 0.07352941176470588 0.08287292817679558
3.0 0.3125 0.4350828729281768 0.10049019607843138 0.09116022099447514
3.0 0.4987745098039216 0.664364640883978 0.12990196078431374 0.10220994475138122
8.0 0.7757352941176471 0.7941988950276243 0.07598039215686274 0.09668508287292818
9.0 0.8602941176470589 0.6947513812154696 0.0196078431372549 0.03591160220994475
4.0 0.8713235294117647 0.7417127071823204 0.041666666666666664 0.08011049723756906
4.0 0.7904411764705882 0.8950276243093923 0.0661764705882353 0.0718232044198895
8.0 0.9227941176470589 0.6685082872928176 0.07598039215686274 0.19337016574585636
4.0 0.9497549019607843 0.5248618784530387 0.012254901960784314 0.06077348066298342
3.0 0.946078431372549 0.44613259668508287 0.014705882352941176 0.058011049723756904
8.0 0.9656862745098039 0.4129834254143646 0.029411764705882353 0.1298342541436464
3.0 0.9068627450980392 0.25 0.024509803921568627 0.04696132596685083
3.0 0.8884803921568627 0.23480662983425415 0.02696078431372549 0.04419889502762431
3.0 0.9522058823529411 0.31629834254143646 0.01715686274509804 0.04696132596685083
0.0 0.17647058823529413 0.12154696132596685 0.00980392156862745 0.011049723756906077
0.0 0.18504901960784315 0.11464088397790055 0.007352941176470588 0.008287292817679558
0.0 0.1642156862745098 0.12430939226519337 0.00980392156862745 0.011049723756906077
0.0 0.16053921568627452 0.12292817679558012 0.007352941176470588 0.008287292817679558
0.0 0.17769607843137256 0.11049723756906077 0.012254901960784314 0.011049723756906077
0.0 0.16666666666666666 0.11740331491712708 0.004901960784313725 0.008287292817679558
0.0 0.1715686274509804 0.10773480662983426 0.004901960784313725 0.0055248618784530384
0.0 0.17401960784313725 0.10773480662983426 0.004901960784313725 0.0055248618784530384
0.0 0.17647058823529413 0.10497237569060773 0.004901960784313725 0.0055248618784530384
0.0 0.1801470588235294 0.10082872928176796 0.007352941176470588 0.008287292817679558
0.0 0.23774509803921567 0.07458563535911603 0.00980392156862745 0.011049723756906077
0.0 0.1213235294117647 0.18232044198895028 0.007352941176470588 0.011049723756906077
0.0 0.24509803921568626 0.06767955801104972 0.00980392156862745 0.008287292817679558
0.0 0.3014705882352941 0.06077348066298342 0.00980392156862745 0.011049723756906077
0.0 0.2267156862745098 0.12430939226519337 0.012254901960784314 0.011049723756906077
0.0 0.2622549019607843 0.1270718232044199 0.014705882352941176 0.011049723756906077
0.0 0.2512254901960784 0.1408839779005525 0.007352941176470588 0.011049723756906077
0.0 0.28799019607843135 0.1850828729281768 0.01715686274509804 0.022099447513812154
0.0 0.33455882352941174 0.14226519337016574 0.007352941176470588 0.013812154696132596
0.0 0.33700980392156865 0.1464088397790055 0.007352941176470588 0.011049723756906077
0.0 0.3799019607843137 0.13535911602209943 0.00980392156862745 0.011049723756906077
0.0 0.39215686274509803 0.12154696132596685 0.004901960784313725 0.011049723756906077
0.0 0.36151960784313725 0.12154696132596685 0.007352941176470588 0.011049723756906077
0.0 0.4497549019607843 0.11187845303867404 0.007352941176470588 0.008287292817679558
0.0 0.3946078431372549 0.10773480662983426 0.00980392156862745 0.011049723756906077
0.0 0.36151960784313725 0.11464088397790055 0.01715686274509804 0.013812154696132596
0.0 0.36764705882352944 0.1270718232044199 0.00980392156862745 0.011049723756906077
0.0 0.37745098039215685 0.12154696132596685 0.00980392156862745 0.011049723756906077
0.0 0.3860294117647059 0.11740331491712708 0.007352941176470588 0.008287292817679558
0.0 0.4424019607843137 0.1408839779005525 0.007352941176470588 0.011049723756906077
0.0 0.4693627450980392 0.16160220994475138 0.012254901960784314 0.019337016574585635
0.0 0.4840686274509804 0.13397790055248618 0.01715686274509804 0.013812154696132596
0.0 0.4791666666666667 0.1505524861878453 0.007352941176470588 0.013812154696132596
0.0 0.49142156862745096 0.009668508287292817 0.007352941176470588 0.0027624309392265192
0.0 0.5 0.009668508287292817 0.004901960784313725 0.0027624309392265192
0.0 0.5024509803921569 0.011049723756906077 0.004901960784313725 0.0055248618784530384
0.0 0.5122549019607843 0.012430939226519336 0.004901960784313725 0.0027624309392265192
0.0 0.5330882352941176 0.019337016574585635 0.007352941176470588 0.0055248618784530384
0.0 0.5122549019607843 0.006906077348066298 0.004901960784313725 0.0027624309392265192
0.0 0.508578431372549 0.006906077348066298 0.0024509803921568627 0.0027624309392265192
0.0 0.5220588235294118 0.008287292817679558 0.004901960784313725 0.0055248618784530384
0.0 0.5183823529411765 0.008287292817679558 0.007352941176470588 0.0055248618784530384
0.0 0.6629901960784313 0.0787292817679558 0.007352941176470588 0.008287292817679558
0.0 0.6580882352941176 0.08701657458563536 0.007352941176470588 0.008287292817679558
0.0 0.6482843137254902 0.08839779005524862 0.007352941176470588 0.0055248618784530384
0.0 0.6078431372549019 0.034530386740331494 0.00980392156862745 0.008287292817679558
0.0 0.6151960784313726 0.03867403314917127 0.004901960784313725 0.0055248618784530384
0.0 0.6495098039215687 0.04558011049723757 0.00980392156862745 0.008287292817679558
0.0 0.6556372549019608 0.04696132596685083 0.007352941176470588 0.0055248618784530384
0.0 0.6544117647058824 0.04419889502762431 0.004901960784313725 0.0055248618784530384
0.0 0.7169117647058824 0.08977900552486189 0.012254901960784314 0.013812154696132596
0.0 0.6519607843137255 0.029005524861878452 0.00980392156862745 0.008287292817679558
0.0 0.6678921568627451 0.034530386740331494 0.007352941176470588 0.008287292817679558
