3.0 0.09191176470588236 0.7783505154639175 0.0661764705882353 0.0979381443298969
3.0 0.1801470588235294 0.8247422680412371 0.11519607843137254 0.11855670103092783
3.0 0.16789215686274508 0.7087628865979382 0.1053921568627451 0.14432989690721648
3.0 0.07352941176470588 0.5502577319587629 0.0392156862745098 0.09536082474226804
3.0 0.049019607843137254 0.6662371134020618 0.04411764705882353 0.09536082474226804
3.0 0.004901960784313725 0.520618556701031 0.00980392156862745 0.05670103092783505
3.0 0.020833333333333332 0.5309278350515464 0.01715686274509804 0.06701030927835051
3.0 0.007352941176470588 0.44329896907216493 0.014705882352941176 0.05154639175257732
0.0 0.9264705882352942 0.44458762886597936 0.00980392156862745 0.04381443298969072
0.0 0.8406862745098039 0.42912371134020616 0.024509803921568627 0.05412371134020619
0.0 0.9105392156862745 0.46134020618556704 0.007352941176470588 0.041237113402061855
4.0 0.2034313725490196 0.8814432989690721 0.10784313725490197 0.0979381443298969
8.0 0.13602941176470587 0.8569587628865979 0.08088235294117647 0.07989690721649484
5.0 0.9129901960784313 0.33505154639175255 0.10049019607843138 0.211340206185567
4.0 0.9264705882352942 0.21649484536082475 0.03431372549019608 0.05670103092783505
3.0 0.928921568627451 0.2615979381443299 0.029411764705882353 0.04896907216494845
3.0 0.9436274509803921 0.25257731958762886 0.0196078431372549 0.03608247422680412
4.0 0.08823529411764706 0.18041237113402062 0.014705882352941176 0.020618556701030927
0.0 0.07598039215686274 0.20103092783505155 0.004901960784313725 0.010309278350515464
0.0 0.07965686274509803 0.19974226804123713 0.007352941176470588 0.01288659793814433
0.0 0.09191176470588236 0.21520618556701032 0.012254901960784314 0.01804123711340206
0.0 0.11397058823529412 0.22164948453608246 0.012254901960784314 0.020618556701030927
0.0 0.09803921568627451 0.2190721649484536 0.00980392156862745 0.015463917525773196
0.0 0.09436274509803921 0.21520618556701032 0.012254901960784314 0.01804123711340206
0.0 0.1213235294117647 0.19458762886597938 0.012254901960784314 0.01804123711340206
0.0 0.10049019607843138 0.21391752577319587 0.00980392156862745 0.015463917525773196
0.0 0.09803921568627451 0.21520618556701032 0.00980392156862745 0.01288659793814433
1.0 0.2610294117647059 0.2860824742268041 0.02696078431372549 0.041237113402061855
2.0 0.25735294117647056 0.3002577319587629 0.0392156862745098 0.04896907216494845
1.0 0.8848039215686274 0.5695876288659794 0.014705882352941176 0.05154639175257732
1.0 0.9399509803921569 0.7100515463917526 0.012254901960784314 0.023195876288659795
1.0 0.9963235294117647 0.5451030927835051 0.0024509803921568627 0.01804123711340206
9.0 0.883578431372549 0.5708762886597938 0.02696078431372549 0.03865979381443299
9.0 0.9950980392156863 0.5515463917525774 0.004901960784313725 0.020618556701030927
9.0 0.9350490196078431 0.7164948453608248 0.022058823529411766 0.041237113402061855
0.0 0.9754901960784313 0.5592783505154639 0.004901960784313725 0.020618556701030927
0.0 0.9791666666666666 0.5476804123711341 0.0024509803921568627 0.01804123711340206
0.0 0.9264705882352942 0.23324742268041238 0.00980392156862745 0.01804123711340206
0.0 0.9264705882352942 0.23711340206185566 0.00980392156862745 0.020618556701030927
0.0 0.9264705882352942 0.2345360824742268 0.00980392156862745 0.015463917525773196
