3.0 0.6887254901960784 0.8737113402061856 0.25 0.14432989690721648
3.0 0.6642156862745098 0.6920103092783505 0.3382352941176471 0.24484536082474226
4.0 0.5257352941176471 0.40463917525773196 0.38480392156862747 0.25773195876288657
3.0 0.4791666666666667 0.19201030927835053 0.2818627450980392 0.11082474226804123
3.0 0.39950980392156865 0.09536082474226804 0.20098039215686275 0.08247422680412371
3.0 0.40808823529411764 0.04639175257731959 0.14950980392156862 0.04639175257731959
3.0 0.38848039215686275 0.029639175257731958 0.13480392156862744 0.04381443298969072
3.0 0.2340686274509804 0.09664948453608248 0.08088235294117647 0.06958762886597938
3.0 0.19607843137254902 0.163659793814433 0.08823529411764706 0.10051546391752578
3.0 0.15931372549019607 0.2757731958762887 0.10294117647058823 0.16494845360824742
3.0 0.19240196078431374 0.711340206185567 0.13970588235294118 0.2422680412371134
3.0 0.33088235294117646 0.9265463917525774 0.18137254901960784 0.12628865979381443
3.0 0.15808823529411764 0.8286082474226805 0.12990196078431374 0.16237113402061856
3.0 0.07965686274509803 0.6185567010309279 0.07107843137254902 0.2268041237113402
3.0 0.07720588235294118 0.36082474226804123 0.056372549019607844 0.15463917525773196
3.0 0.11887254901960784 0.22293814432989692 0.08088235294117647 0.12628865979381443
3.0 0.15441176470588236 0.14432989690721648 0.06862745098039216 0.07731958762886598
3.0 0.25 0.06314432989690721 0.058823529411764705 0.03865979381443299
0.0 0.2193627450980392 0.16881443298969073 0.04656862745098039 0.059278350515463915
6.0 0.2536764705882353 0.17525773195876287 0.07107843137254902 0.08247422680412371
9.0 0.8492647058823529 0.3556701030927835 0.03676470588235294 0.09278350515463918
2.0 0.9093137254901961 0.6842783505154639 0.03431372549019608 0.07989690721649484
2.0 0.9117647058823529 0.6198453608247423 0.029411764705882353 0.09020618556701031
