0.0 0.8909313725490197 0.6391752577319587 0.02696078431372549 0.05670103092783505
0.0 0.8455882352941176 0.7177835051546392 0.029411764705882353 0.05412371134020619
0.0 0.8725490196078431 0.7010309278350515 0.03431372549019608 0.05670103092783505
0.0 0.8995098039215687 0.75 0.029411764705882353 0.04639175257731959
0.0 0.9166666666666666 0.711340206185567 0.0196078431372549 0.03608247422680412
0.0 0.8259803921568627 0.8247422680412371 0.029411764705882353 0.030927835051546393
0.0 0.8811274509803921 0.7860824742268041 0.022058823529411766 0.030927835051546393
0.0 0.9718137254901961 0.6765463917525774 0.012254901960784314 0.028350515463917526
0.0 0.7671568627450981 0.9278350515463918 0.029411764705882353 0.020618556701030927
1.0 0.8872549019607843 0.16752577319587628 0.0196078431372549 0.02577319587628866
0.0 0.6654411764705882 0.9497422680412371 0.051470588235294115 0.023195876288659795
