5.0 0.9389671361502347 0.7166666666666667 0.051643192488262914 0.10512820512820513
5.0 0.9553990610328639 0.6794871794871795 0.04225352112676056 0.10256410256410256
5.0 0.9671361502347418 0.6435897435897436 0.03286384976525822 0.09743589743589744
5.0 0.9765258215962441 0.6102564102564103 0.023474178403755867 0.08205128205128205
5.0 0.9847417840375586 0.5820512820512821 0.02112676056338028 0.07179487179487179
4.0 0.9565727699530516 0.4064102564102564 0.011737089201877934 0.04358974358974359
1.0 0.9495305164319249 0.2948717948717949 0.002347417840375587 0.010256410256410256
9.0 0.9507042253521126 0.29743589743589743 0.004694835680751174 0.010256410256410256
0.0 0.9307511737089202 0.24743589743589745 0.007042253521126761 0.01282051282051282
3.0 0.721830985915493 0.20384615384615384 0.07746478873239436 0.0641025641025641
3.0 0.8485915492957746 0.3243589743589744 0.04929577464788732 0.07948717948717948
3.0 0.8650234741784038 0.4987179487179487 0.03051643192488263 0.08974358974358974
3.0 0.8415492957746479 0.46025641025641023 0.03990610328638498 0.1
3.0 0.7910798122065728 0.658974358974359 0.07981220657276995 0.11282051282051282
3.0 0.7312206572769953 0.7602564102564102 0.10093896713615023 0.1
3.0 0.142018779342723 0.558974358974359 0.025821596244131457 0.09743589743589744
4.0 0.04342723004694836 0.4653846153846154 0.011737089201877934 0.05384615384615385
3.0 0.035211267605633804 0.41794871794871796 0.014084507042253521 0.041025641025641026
3.0 0.41784037558685444 0.9602564102564103 0.07981220657276995 0.03333333333333333
3.0 0.3532863849765258 0.9705128205128205 0.06338028169014084 0.028205128205128206
3.0 0.11971830985915492 0.21666666666666667 0.03286384976525822 0.04871794871794872
0.0 0.04812206572769953 0.3128205128205128 0.007042253521126761 0.015384615384615385
9.0 0.062206572769953054 0.28846153846153844 0.007042253521126761 0.01282051282051282
9.0 0.06572769953051644 0.28205128205128205 0.004694835680751174 0.010256410256410256
3.0 0.06103286384976526 0.26666666666666666 0.018779342723004695 0.035897435897435895
3.0 0.05868544600938967 0.23846153846153847 0.014084507042253521 0.02564102564102564
3.0 0.05868544600938967 0.22948717948717948 0.014084507042253521 0.023076923076923078
3.0 0.7805164319248826 0.08333333333333333 0.035211267605633804 0.028205128205128206
3.0 0.022300469483568074 0.6641025641025641 0.007042253521126761 0.02564102564102564
