3.0 0.2426470588235294 0.5994475138121547 0.08333333333333333 0.11602209944751381
3.0 0.5196078431372549 0.585635359116022 0.16176470588235295 0.14917127071823205
3.0 0.6519607843137255 0.5621546961325967 0.13725490196078433 0.15193370165745856
3.0 0.8394607843137255 0.5276243093922652 0.051470588235294115 0.12154696132596685
3.0 0.9485294117647058 0.5428176795580111 0.024509803921568627 0.06906077348066299
3.0 0.9093137254901961 0.5455801104972375 0.0392156862745098 0.06906077348066299
3.0 0.9754901960784313 0.5124309392265194 0.014705882352941176 0.03591160220994475
3.0 0.991421568627451 0.505524861878453 0.012254901960784314 0.03314917127071823
3.0 0.9656862745098039 0.32320441988950277 0.014705882352941176 0.04419889502762431
3.0 0.946078431372549 0.26519337016574585 0.0196078431372549 0.04419889502762431
3.0 0.9313725490196079 0.23480662983425415 0.0196078431372549 0.03867403314917127
5.0 0.9117647058823529 0.19475138121546962 0.03431372549019608 0.058011049723756904
4.0 0.9865196078431373 0.4116022099447514 0.012254901960784314 0.055248618784530384
4.0 0.7671568627450981 0.5359116022099447 0.10294117647058823 0.15469613259668508
4.0 0.16544117647058823 0.5787292817679558 0.07107843137254902 0.11878453038674033
3.0 0.12622549019607843 0.5870165745856354 0.056372549019607844 0.11878453038674033
3.0 0.0857843137254902 0.5953038674033149 0.0392156862745098 0.09668508287292818
0.0 0.08823529411764706 0.6823204419889503 0.014705882352941176 0.03314917127071823
0.0 0.7708333333333334 0.6505524861878453 0.022058823529411766 0.04696132596685083
0.0 0.8161764705882353 0.643646408839779 0.014705882352941176 0.04419889502762431
0.0 0.7892156862745098 0.6256906077348067 0.0196078431372549 0.04696132596685083
