5.0 0.4056372549019608 0.010309278350515464 0.02696078431372549 0.010309278350515464
2.0 0.49387254901960786 0.001288659793814433 0.007352941176470588 0.002577319587628866
0.0 0.49387254901960786 0.0 0.007352941176470588 0.0
3.0 0.4742647058823529 0.006443298969072165 0.01715686274509804 0.007731958762886598
3.0 0.4424019607843137 0.010309278350515464 0.022058823529411766 0.010309278350515464
3.0 0.4375 0.02577319587628866 0.031862745098039214 0.015463917525773196
3.0 0.5220588235294118 0.019329896907216496 0.029411764705882353 0.007731958762886598
3.0 0.5245098039215687 0.029639175257731958 0.03431372549019608 0.01288659793814433
3.0 0.38357843137254904 0.029639175257731958 0.031862745098039214 0.01804123711340206
0.0 0.40808823529411764 0.02577319587628866 0.012254901960784314 0.005154639175257732
0.0 0.571078431372549 0.028350515463917526 0.014705882352941176 0.010309278350515464
0.0 0.5931372549019608 0.05154639175257732 0.014705882352941176 0.010309278350515464
4.0 0.6875 0.08376288659793814 0.07598039215686274 0.03865979381443299
3.0 0.6691176470588235 0.06443298969072164 0.07352941176470588 0.030927835051546393
3.0 0.6556372549019608 0.055412371134020616 0.0661764705882353 0.028350515463917526
3.0 0.34558823529411764 0.07860824742268041 0.049019607843137254 0.03350515463917526
3.0 0.5392156862745098 0.08376288659793814 0.049019607843137254 0.03350515463917526
3.0 0.29044117647058826 0.15721649484536082 0.0661764705882353 0.06701030927835051
3.0 0.24632352941176472 0.23067010309278352 0.07107843137254902 0.10051546391752578
9.0 0.4791666666666667 0.10438144329896908 0.01715686274509804 0.01288659793814433
1.0 0.4803921568627451 0.09536082474226804 0.014705882352941176 0.010309278350515464
7.0 0.31985294117647056 0.2693298969072165 0.061274509803921566 0.09020618556701031
0.0 0.7561274509803921 0.2603092783505155 0.02696078431372549 0.04639175257731959
0.0 0.7120098039215687 0.2860824742268041 0.031862745098039214 0.05154639175257732
0.0 0.6568627450980392 0.21262886597938144 0.029411764705882353 0.03865979381443299
9.0 0.7365196078431373 0.125 0.022058823529411766 0.023195876288659795
0.0 0.7549019607843137 0.1327319587628866 0.0196078431372549 0.01804123711340206
9.0 0.7732843137254902 0.19072164948453607 0.041666666666666664 0.03608247422680412
2.0 0.7732843137254902 0.1791237113402062 0.022058823529411766 0.023195876288659795
3.0 0.7867647058823529 0.23840206185567012 0.10784313725490197 0.09020618556701031
3.0 0.8468137254901961 0.38273195876288657 0.09068627450980392 0.09536082474226804
3.0 0.8737745098039216 0.586340206185567 0.08088235294117647 0.09536082474226804
3.0 0.5980392156862745 0.6185567010309279 0.10784313725490197 0.211340206185567
9.0 0.8639705882352942 0.654639175257732 0.031862745098039214 0.05154639175257732
3.0 0.5808823529411765 0.9420103092783505 0.08823529411764706 0.06443298969072164
3.0 0.7879901960784313 0.8930412371134021 0.125 0.09020618556701031
0.0 0.7169117647058824 0.9458762886597938 0.02696078431372549 0.020618556701030927
3.0 0.5637254901960784 0.9871134020618557 0.06862745098039216 0.020618556701030927
3.0 0.27450980392156865 0.9458762886597938 0.058823529411764705 0.03608247422680412
3.0 0.2536764705882353 0.8943298969072165 0.1053921568627451 0.10309278350515463
5.0 0.21446078431372548 0.7641752577319587 0.13480392156862744 0.20876288659793815
2.0 0.2512254901960784 0.6275773195876289 0.02696078431372549 0.06443298969072164
1.0 0.24142156862745098 0.5940721649484536 0.022058823529411766 0.04896907216494845
3.0 0.18259803921568626 0.49871134020618557 0.051470588235294115 0.17268041237113402
