3.0 0.16822429906542055 0.875 0.12149532710280374 0.10436893203883495
3.0 0.10981308411214953 0.808252427184466 0.102803738317757 0.1262135922330097
3.0 0.21378504672897197 0.8774271844660194 0.1939252336448598 0.16262135922330098
4.0 0.3633177570093458 0.9235436893203883 0.24532710280373832 0.10922330097087378
3.0 0.09579439252336448 0.720873786407767 0.10747663551401869 0.17475728155339806
3.0 0.25350467289719625 0.7803398058252428 0.2733644859813084 0.22572815533980584
3.0 0.04906542056074766 0.6941747572815534 0.06542056074766354 0.1407766990291262
4.0 0.02219626168224299 0.404126213592233 0.030373831775700934 0.10922330097087378
3.0 0.012850467289719626 0.595873786407767 0.02102803738317757 0.09951456310679611
5.0 0.0455607476635514 0.5121359223300971 0.04439252336448598 0.2087378640776699
5.0 0.07476635514018691 0.45995145631067963 0.06074766355140187 0.20145631067961164
0.0 0.21728971962616822 0.8689320388349514 0.037383177570093455 0.03398058252427184
1.0 0.3060747663551402 0.8701456310679612 0.056074766355140186 0.0412621359223301
6.0 0.32009345794392524 0.8713592233009708 0.14018691588785046 0.07766990291262135
1.0 0.10163551401869159 0.5716019417475728 0.016355140186915886 0.050970873786407765
0.0 0.0794392523364486 0.6601941747572816 0.02336448598130841 0.05825242718446602
2.0 0.08644859813084112 0.6796116504854369 0.037383177570093455 0.05825242718446602
0.0 0.06074766355140187 0.633495145631068 0.018691588785046728 0.04854368932038835
0.0 0.0689252336448598 0.6310679611650486 0.016355140186915886 0.04854368932038835
0.0 0.0630841121495327 0.6043689320388349 0.014018691588785047 0.04854368932038835
3.0 0.12266355140186916 0.154126213592233 0.0397196261682243 0.0412621359223301
1.0 0.6845794392523364 0.9029126213592233 0.056074766355140186 0.038834951456310676
4.0 0.772196261682243 0.8847087378640777 0.1939252336448598 0.15776699029126215
1.0 0.5864485981308412 0.9344660194174758 0.04205607476635514 0.014563106796116505
0.0 0.5887850467289719 0.9150485436893204 0.04672897196261682 0.024271844660194174
2.0 0.5864485981308412 0.9114077669902912 0.0514018691588785 0.03640776699029126
1.0 0.5969626168224299 0.8385922330097088 0.07242990654205607 0.050970873786407765
9.0 0.5911214953271028 0.8410194174757282 0.08411214953271028 0.08009708737864078
0.0 0.7207943925233645 0.7621359223300971 0.07710280373831775 0.09223300970873786
0.0 0.48364485981308414 0.6274271844660194 0.06542056074766354 0.10436893203883495
0.0 0.4264018691588785 0.6274271844660194 0.05841121495327103 0.11893203883495146
1.0 0.3469626168224299 0.6007281553398058 0.05841121495327103 0.14805825242718446
9.0 0.34345794392523366 0.6237864077669902 0.12149532710280374 0.0970873786407767
5.0 0.4088785046728972 0.4356796116504854 0.40654205607476634 0.3470873786407767
0.0 0.5642523364485982 0.32281553398058255 0.05841121495327103 0.09223300970873786
1.0 0.6927570093457944 0.39927184466019416 0.035046728971962614 0.08009708737864078
9.0 0.6950934579439252 0.42961165048543687 0.10046728971962617 0.0970873786407767
1.0 0.822429906542056 0.4963592233009709 0.02336448598130841 0.06067961165048544
9.0 0.8200934579439252 0.5145631067961165 0.04672897196261682 0.12135922330097088
1.0 0.8738317757009346 0.42475728155339804 0.02336448598130841 0.06310679611650485
2.0 0.8738317757009346 0.4429611650485437 0.03271028037383177 0.08980582524271845
0.0 0.8399532710280374 0.3155339805825243 0.035046728971962614 0.07281553398058252
0.0 0.8154205607476636 0.2803398058252427 0.04205607476635514 0.07524271844660194
0.0 0.8913551401869159 0.33616504854368934 0.030373831775700934 0.0703883495145631
0.0 0.8469626168224299 0.27063106796116504 0.02570093457943925 0.04611650485436893
0.0 0.830607476635514 0.24514563106796117 0.035046728971962614 0.05339805825242718
5.0 0.7289719626168224 0.14199029126213591 0.21495327102803738 0.14805825242718446
9.0 0.6682242990654206 0.154126213592233 0.08411214953271028 0.050970873786407765
5.0 0.9497663551401869 0.5400485436893204 0.04906542056074766 0.14320388349514562
9.0 0.9264018691588785 0.6686893203883495 0.02570093457943925 0.050970873786407765
5.0 0.977803738317757 0.41262135922330095 0.02102803738317757 0.08737864077669903
2.0 0.9824766355140186 0.3859223300970874 0.011682242990654205 0.038834951456310676
0.0 0.9334112149532711 0.3288834951456311 0.02102803738317757 0.050970873786407765
0.0 0.883177570093458 0.2645631067961165 0.03271028037383177 0.05825242718446602
0.0 0.9030373831775701 0.2912621359223301 0.02570093457943925 0.04854368932038835
2.0 0.9077102803738317 0.3058252427184466 0.02570093457943925 0.043689320388349516
1.0 0.9217289719626168 0.3325242718446602 0.02102803738317757 0.04854368932038835
9.0 0.9240654205607477 0.33980582524271846 0.02102803738317757 0.05825242718446602
1.0 0.8598130841121495 0.2111650485436893 0.02336448598130841 0.03398058252427184
1.0 0.8703271028037384 0.2111650485436893 0.02102803738317757 0.03398058252427184
2.0 0.8785046728971962 0.23058252427184467 0.028037383177570093 0.038834951456310676
1.0 0.8785046728971962 0.21723300970873785 0.014018691588785047 0.021844660194174758
1.0 0.9042056074766355 0.2524271844660194 0.014018691588785047 0.024271844660194174
0.0 0.905373831775701 0.24757281553398058 0.02102803738317757 0.038834951456310676
0.0 0.8936915887850467 0.22936893203883496 0.02570093457943925 0.0412621359223301
1.0 0.889018691588785 0.220873786407767 0.011682242990654205 0.019417475728155338
0.0 0.9112149532710281 0.25 0.014018691588785047 0.024271844660194174
0.0 0.9264018691588785 0.2621359223300971 0.02102803738317757 0.043689320388349516
0.0 0.9123831775700935 0.24514563106796117 0.02102803738317757 0.038834951456310676
0.0 0.9077102803738317 0.2366504854368932 0.02102803738317757 0.0412621359223301
0.0 0.8925233644859814 0.21601941747572814 0.014018691588785047 0.024271844660194174
0.0 0.8866822429906542 0.20752427184466019 0.02102803738317757 0.03155339805825243
0.0 0.8644859813084113 0.18810679611650485 0.018691588785046728 0.02669902912621359
0.0 0.8808411214953271 0.21359223300970873 0.02336448598130841 0.038834951456310676
0.0 0.9030373831775701 0.21723300970873785 0.02102803738317757 0.03640776699029126
1.0 0.9158878504672897 0.22330097087378642 0.014018691588785047 0.019417475728155338
9.0 0.9182242990654206 0.23058252427184467 0.018691588785046728 0.02912621359223301
0.0 0.9404205607476636 0.25485436893203883 0.016355140186915886 0.03398058252427184
0.0 0.9065420560747663 0.19902912621359223 0.018691588785046728 0.024271844660194174
1.0 0.8866822429906542 0.1783980582524272 0.016355140186915886 0.021844660194174758
0.0 0.897196261682243 0.1796116504854369 0.018691588785046728 0.024271844660194174
6.0 0.9030373831775701 0.18689320388349515 0.016355140186915886 0.024271844660194174
9.0 0.9158878504672897 0.20266990291262135 0.014018691588785047 0.021844660194174758
0.0 0.9135514018691588 0.1953883495145631 0.014018691588785047 0.021844660194174758
3.0 0.7733644859813084 0.08980582524271845 0.07476635514018691 0.05339805825242718
