3.0 0.04044117647058824 0.7023195876288659 0.041666666666666664 0.09020618556701031
0.0 0.1568627450980392 0.7757731958762887 0.029411764705882353 0.04639175257731959
0.0 0.1556372549019608 0.7615979381443299 0.031862745098039214 0.05412371134020619
0.0 0.1642156862745098 0.7615979381443299 0.029411764705882353 0.04896907216494845
9.0 0.7610294117647058 0.6262886597938144 0.031862745098039214 0.07216494845360824
3.0 0.5563725490196079 0.4213917525773196 0.2696078431372549 0.15206185567010308
3.0 0.05269607843137255 0.4329896907216495 0.031862745098039214 0.08247422680412371
3.0 0.23161764705882354 0.27835051546391754 0.1053921568627451 0.08762886597938144
3.0 0.125 0.2538659793814433 0.03431372549019608 0.04381443298969072
3.0 0.04534313725490196 0.28737113402061853 0.012254901960784314 0.023195876288659795
3.0 0.03431372549019608 0.2925257731958763 0.00980392156862745 0.01804123711340206
3.0 0.041666666666666664 0.30541237113402064 0.014705882352941176 0.028350515463917526
3.0 0.09068627450980392 0.26288659793814434 0.0196078431372549 0.030927835051546393
3.0 0.13848039215686275 0.17525773195876287 0.01715686274509804 0.020618556701030927
5.0 0.09926470588235294 0.27190721649484534 0.03676470588235294 0.05412371134020619
0.0 0.9031862745098039 0.48711340206185566 0.007352941176470588 0.041237113402061855
0.0 0.928921568627451 0.43943298969072164 0.004901960784313725 0.028350515463917526
0.0 0.9325980392156863 0.44458762886597936 0.007352941176470588 0.03350515463917526
2.0 0.9436274509803921 0.47164948453608246 0.004901960784313725 0.03608247422680412
3.0 0.11764705882352941 0.297680412371134 0.049019607843137254 0.06443298969072164
3.0 0.08088235294117647 0.3234536082474227 0.029411764705882353 0.04896907216494845
1.0 0.7647058823529411 0.6185567010309279 0.024509803921568627 0.05670103092783505
0.0 0.6017156862745098 0.5914948453608248 0.022058823529411766 0.07989690721649484
1.0 0.9448529411764706 0.47164948453608246 0.0024509803921568627 0.02577319587628866
