3.0 0.48651960784313725 0.01804123711340206 0.08088235294117647 0.03608247422680412
3.0 0.4583333333333333 0.06443298969072164 0.10294117647058823 0.05670103092783505
4.0 0.45098039215686275 0.17396907216494845 0.29901960784313725 0.18814432989690721
3.0 0.4056372549019608 0.4381443298969072 0.18382352941176472 0.3917525773195876
3.0 0.36764705882352944 0.8131443298969072 0.20588235294117646 0.2345360824742268
3.0 0.3786764705882353 0.9574742268041238 0.13970588235294118 0.07474226804123711
3.0 0.7708333333333334 0.07860824742268041 0.0661764705882353 0.05412371134020619
3.0 0.8137254901960784 0.12886597938144329 0.08333333333333333 0.08247422680412371
3.0 0.8848039215686274 0.24355670103092783 0.0784313725490196 0.12628865979381443
3.0 0.9375 0.4110824742268041 0.051470588235294115 0.17268041237113402
3.0 0.9338235294117647 0.6597938144329897 0.06862745098039216 0.17010309278350516
3.0 0.8700980392156863 0.8311855670103093 0.10784313725490197 0.14175257731958762
