3.0 0.38235294117647056 0.19201030927835053 0.03431372549019608 0.023195876288659795
3.0 0.41299019607843135 0.19329896907216496 0.02696078431372549 0.020618556701030927
3.0 0.39950980392156865 0.18427835051546393 0.0196078431372549 0.01804123711340206
3.0 0.37745098039215685 0.1713917525773196 0.024509803921568627 0.01804123711340206
3.0 0.43504901960784315 0.22164948453608246 0.031862745098039214 0.02577319587628866
3.0 0.5318627450980392 0.24742268041237114 0.03431372549019608 0.02577319587628866
3.0 0.5012254901960784 0.23324742268041238 0.031862745098039214 0.023195876288659795
4.0 0.47181372549019607 0.21391752577319587 0.03676470588235294 0.020618556701030927
4.0 0.5808823529411765 0.2809278350515464 0.07352941176470588 0.05154639175257732
4.0 0.6127450980392157 0.3543814432989691 0.06372549019607843 0.07474226804123711
3.0 0.625 0.31829896907216493 0.06372549019607843 0.04896907216494845
4.0 0.6752450980392157 0.4677835051546392 0.10049019607843138 0.11082474226804123
4.0 0.7120098039215687 0.43427835051546393 0.061274509803921566 0.08505154639175258
3.0 0.6838235294117647 0.38402061855670105 0.07352941176470588 0.061855670103092786
4.0 0.6727941176470589 0.34664948453608246 0.0661764705882353 0.06443298969072164
3.0 0.7977941176470589 0.509020618556701 0.0661764705882353 0.07474226804123711
3.0 0.7928921568627451 0.5850515463917526 0.07598039215686274 0.08247422680412371
0.0 0.7781862745098039 0.5786082474226805 0.022058823529411766 0.06443298969072164
3.0 0.8590686274509803 0.5940721649484536 0.056372549019607844 0.07989690721649484
5.0 0.11764705882352941 0.5708762886597938 0.05392156862745098 0.16752577319587628
3.0 0.17401960784313725 0.49871134020618557 0.03431372549019608 0.06958762886597938
9.0 0.15931372549019607 0.5347938144329897 0.0196078431372549 0.04896907216494845
4.0 0.17769607843137256 0.42912371134020616 0.03676470588235294 0.07474226804123711
3.0 0.19607843137254902 0.39819587628865977 0.0392156862745098 0.06443298969072164
3.0 0.30392156862745096 0.5992268041237113 0.08823529411764706 0.11082474226804123
3.0 0.23284313725490197 0.23324742268041238 0.024509803921568627 0.028350515463917526
0.0 0.10294117647058823 0.7319587628865979 0.029411764705882353 0.061855670103092786
0.0 0.12254901960784313 0.7512886597938144 0.03431372549019608 0.059278350515463915
0.0 0.13480392156862744 0.7564432989690721 0.03431372549019608 0.06443298969072164
0.0 0.13725490196078433 0.7190721649484536 0.029411764705882353 0.061855670103092786
0.0 0.125 0.7126288659793815 0.024509803921568627 0.05412371134020619
0.0 0.11764705882352941 0.7139175257731959 0.0196078431372549 0.041237113402061855
0.0 0.11764705882352941 0.7010309278350515 0.024509803921568627 0.05670103092783505
0.0 0.08333333333333333 0.6237113402061856 0.014705882352941176 0.05670103092783505
0.0 0.09681372549019608 0.6662371134020618 0.022058823529411766 0.05412371134020619
0.0 0.0821078431372549 0.5695876288659794 0.012254901960784314 0.05154639175257732
0.0 0.09191176470588236 0.5695876288659794 0.012254901960784314 0.05670103092783505
0.0 0.00980392156862745 0.6056701030927835 0.00980392156862745 0.041237113402061855
0.0 0.025735294117647058 0.6353092783505154 0.012254901960784314 0.04381443298969072
0.0 0.03308823529411765 0.6559278350515464 0.012254901960784314 0.04381443298969072
0.0 0.03431372549019608 0.6507731958762887 0.014705882352941176 0.04381443298969072
0.0 0.03676470588235294 0.6417525773195877 0.014705882352941176 0.05154639175257732
0.0 0.03308823529411765 0.6417525773195877 0.012254901960784314 0.041237113402061855
0.0 0.029411764705882353 0.6365979381443299 0.014705882352941176 0.04639175257731959
2.0 0.024509803921568627 0.6701030927835051 0.014705882352941176 0.041237113402061855
4.0 0.45955882352941174 0.9626288659793815 0.2769607843137255 0.059278350515463915
3.0 0.7659313725490197 0.913659793814433 0.17892156862745098 0.11082474226804123
0.0 0.3382352941176471 0.7757731958762887 0.03431372549019608 0.06701030927835051
0.0 0.4742647058823529 0.7835051546391752 0.031862745098039214 0.06701030927835051
0.0 0.49142156862745096 0.7487113402061856 0.022058823529411766 0.06958762886597938
0.0 0.9779411764705882 0.6095360824742269 0.00980392156862745 0.03865979381443299
3.0 0.9252450980392157 0.770618556701031 0.0661764705882353 0.0979381443298969
3.0 0.8982843137254902 0.759020618556701 0.09068627450980392 0.1211340206185567
3.0 0.8860294117647058 0.7036082474226805 0.09068627450980392 0.1134020618556701
0.0 0.9117647058823529 0.5927835051546392 0.00980392156862745 0.04639175257731959
0.0 0.9178921568627451 0.595360824742268 0.012254901960784314 0.04639175257731959
0.0 0.8541666666666666 0.47809278350515466 0.007352941176470588 0.05412371134020619
