3.0 0.2181372549019608 0.8788659793814433 0.12254901960784313 0.12886597938144329
3.0 0.1556372549019608 0.7474226804123711 0.11029411764705882 0.18556701030927836
3.0 0.11519607843137254 0.48711340206185566 0.04411764705882353 0.23195876288659795
3.0 0.22181372549019607 0.13402061855670103 0.10049019607843138 0.10824742268041238
4.0 0.15196078431372548 0.27448453608247425 0.09313725490196079 0.17783505154639176
4.0 0.4681372549019608 0.5077319587628866 0.1568627450980392 0.37628865979381443
3.0 0.5453431372549019 0.8427835051546392 0.13970588235294118 0.15463917525773196
3.0 0.47549019607843135 0.9690721649484536 0.08823529411764706 0.05670103092783505
3.0 0.8088235294117647 0.18556701030927836 0.13725490196078433 0.11855670103092783
4.0 0.8982843137254902 0.4162371134020619 0.0857843137254902 0.11597938144329897
2.0 0.7205882352941176 0.04896907216494845 0.03431372549019608 0.020618556701030927
9.0 0.8026960784313726 0.1404639175257732 0.04656862745098039 0.04381443298969072
9.0 0.7267156862745098 0.08762886597938144 0.031862745098039214 0.030927835051546393
0.0 0.7610294117647058 0.09020618556701031 0.02696078431372549 0.02577319587628866
0.0 0.7120098039215687 0.07345360824742268 0.031862745098039214 0.023195876288659795
0.0 0.7279411764705882 0.08247422680412371 0.024509803921568627 0.020618556701030927
0.0 0.8137254901960784 0.6507731958762887 0.03431372549019608 0.04381443298969072
9.0 0.9252450980392157 0.5283505154639175 0.022058823529411766 0.030927835051546393
9.0 0.9191176470588235 0.6134020618556701 0.029411764705882353 0.05154639175257732
9.0 0.9240196078431373 0.5644329896907216 0.024509803921568627 0.041237113402061855
9.0 0.9007352941176471 0.7036082474226805 0.03676470588235294 0.04639175257731959
9.0 0.883578431372549 0.7487113402061856 0.03676470588235294 0.04381443298969072
9.0 0.8811274509803921 0.7680412371134021 0.03676470588235294 0.041237113402061855
0.0 0.8137254901960784 0.7757731958762887 0.029411764705882353 0.030927835051546393
9.0 0.8186274509803921 0.8853092783505154 0.04411764705882353 0.03865979381443299
5.0 0.5808823529411765 0.17783505154639176 0.14215686274509803 0.1958762886597938
5.0 0.5294117647058824 0.05283505154639175 0.09803921568627451 0.07989690721649484
6.0 0.6752450980392157 0.08505154639175258 0.0661764705882353 0.04639175257731959
9.0 0.6078431372549019 0.029639175257731958 0.049019607843137254 0.01804123711340206
1.0 0.6421568627450981 0.9600515463917526 0.024509803921568627 0.01288659793814433
