3.0 0.14705882352941177 0.7835051546391752 0.11274509803921569 0.1134020618556701
3.0 0.12745098039215685 0.7358247422680413 0.09313725490196079 0.11082474226804123
3.0 0.11887254901960784 0.6894329896907216 0.09068627450980392 0.11082474226804123
3.0 0.1017156862745098 0.5798969072164949 0.056372549019607844 0.08247422680412371
3.0 0.13357843137254902 0.27448453608247425 0.051470588235294115 0.08505154639175258
3.0 0.1715686274509804 0.24742268041237114 0.058823529411764705 0.08762886597938144
3.0 0.21446078431372548 0.22809278350515463 0.0661764705882353 0.09020618556701031
3.0 0.09926470588235294 0.28994845360824745 0.041666666666666664 0.07989690721649484
3.0 0.0857843137254902 0.37371134020618557 0.04411764705882353 0.07216494845360824
3.0 0.27941176470588236 0.07087628865979381 0.06372549019607843 0.03865979381443299
4.0 0.10416666666666667 0.4175257731958763 0.03676470588235294 0.10309278350515463
4.0 0.17769607843137256 0.30412371134020616 0.11029411764705882 0.12886597938144329
0.0 0.12745098039215685 0.6494845360824743 0.024509803921568627 0.05154639175257732
0.0 0.25980392156862747 0.8904639175257731 0.04411764705882353 0.03865979381443299
0.0 0.21446078431372548 0.8479381443298969 0.031862745098039214 0.03608247422680412
0.0 0.1568627450980392 0.7061855670103093 0.024509803921568627 0.04639175257731959
0.0 0.2181372549019608 0.8170103092783505 0.03431372549019608 0.041237113402061855
0.0 0.23774509803921567 0.8569587628865979 0.03431372549019608 0.03865979381443299
0.0 0.18872549019607843 0.7925257731958762 0.029411764705882353 0.04381443298969072
0.0 0.1482843137254902 0.6726804123711341 0.022058823529411766 0.041237113402061855
0.0 0.16299019607843138 0.6791237113402062 0.02696078431372549 0.05412371134020619
0.0 0.19117647058823528 0.7371134020618557 0.029411764705882353 0.05154639175257732
0.0 0.19730392156862744 0.6920103092783505 0.02696078431372549 0.059278350515463915
0.0 0.17892156862745098 0.6842783505154639 0.029411764705882353 0.059278350515463915
3.0 0.34681372549019607 0.8518041237113402 0.12009803921568628 0.12628865979381443
3.0 0.3713235294117647 0.7010309278350515 0.13480392156862744 0.2268041237113402
3.0 0.2977941176470588 0.5283505154639175 0.0857843137254902 0.20618556701030927
9.0 0.42034313725490197 0.5605670103092784 0.051470588235294115 0.1056701030927835
3.0 0.32598039215686275 0.3492268041237113 0.09803921568627451 0.16752577319587628
3.0 0.3382352941176471 0.22809278350515463 0.08333333333333333 0.10051546391752578
3.0 0.36151960784313725 0.15463917525773196 0.07598039215686274 0.07216494845360824
3.0 0.3737745098039216 0.10824742268041238 0.056372549019607844 0.04639175257731959
3.0 0.3897058823529412 0.08118556701030928 0.04411764705882353 0.03350515463917526
4.0 0.39338235294117646 0.05798969072164949 0.051470588235294115 0.028350515463917526
4.0 0.3713235294117647 0.05412371134020619 0.051470588235294115 0.02577319587628866
0.0 0.47671568627450983 0.03221649484536082 0.007352941176470588 0.007731958762886598
3.0 0.3602941176470588 0.030927835051546393 0.058823529411764705 0.020618556701030927
5.0 0.32107843137254904 0.03865979381443299 0.07352941176470588 0.030927835051546393
0.0 0.5980392156862745 0.09020618556701031 0.0196078431372549 0.015463917525773196
6.0 0.5759803921568627 0.07603092783505154 0.03431372549019608 0.01804123711340206
3.0 0.5588235294117647 0.04768041237113402 0.04411764705882353 0.01804123711340206
3.0 0.6078431372549019 0.04768041237113402 0.07352941176470588 0.03865979381443299
3.0 0.6936274509803921 0.04768041237113402 0.049019607843137254 0.023195876288659795
3.0 0.5943627450980392 0.12628865979381443 0.061274509803921566 0.05154639175257732
3.0 0.6299019607843137 0.19329896907216496 0.08823529411764706 0.08247422680412371
3.0 0.6740196078431373 0.2912371134020619 0.09313725490196079 0.12371134020618557
3.0 0.7205882352941176 0.4587628865979381 0.0784313725490196 0.15979381443298968
3.0 0.7291666666666666 0.6417525773195877 0.11029411764705882 0.18556701030927836
3.0 0.7193627450980392 0.7873711340206185 0.125 0.14690721649484537
3.0 0.6850490196078431 0.8917525773195877 0.11519607843137254 0.10309278350515463
3.0 0.6776960784313726 0.9548969072164949 0.09558823529411764 0.05412371134020619
3.0 0.7696078431372549 0.08505154639175258 0.0392156862745098 0.02577319587628866
3.0 0.8480392156862745 0.13788659793814434 0.03431372549019608 0.03350515463917526
0.0 0.8333333333333334 0.13015463917525774 0.00980392156862745 0.01288659793814433
0.0 0.8590686274509803 0.14948453608247422 0.012254901960784314 0.015463917525773196
0.0 0.8982843137254902 0.19201030927835053 0.012254901960784314 0.01804123711340206
0.0 0.8933823529411765 0.18814432989690721 0.012254901960784314 0.015463917525773196
4.0 0.8799019607843137 0.17654639175257733 0.0392156862745098 0.04381443298969072
4.0 0.8921568627450981 0.19329896907216496 0.029411764705882353 0.03608247422680412
4.0 0.8982843137254902 0.2036082474226804 0.031862745098039214 0.041237113402061855
0.0 0.9240196078431373 0.21649484536082475 0.00980392156862745 0.015463917525773196
0.0 0.9227941176470589 0.21005154639175258 0.007352941176470588 0.01288659793814433
4.0 0.8811274509803921 0.1481958762886598 0.022058823529411766 0.023195876288659795
0.0 0.9301470588235294 0.22293814432989692 0.007352941176470588 0.01288659793814433
3.0 0.9362745098039216 0.2345360824742268 0.024509803921568627 0.03608247422680412
3.0 0.9424019607843137 0.24355670103092783 0.022058823529411766 0.03350515463917526
3.0 0.9424019607843137 0.24355670103092783 0.022058823529411766 0.03350515463917526
3.0 0.08333333333333333 0.30541237113402064 0.029411764705882353 0.06443298969072164
