3.0 0.36519607843137253 0.10773480662983426 0.08333333333333333 0.08839779005524862
3.0 0.5061274509803921 0.10911602209944751 0.0857843137254902 0.0856353591160221
3.0 0.05392156862745098 0.5124309392265194 0.0196078431372549 0.1298342541436464
3.0 0.1017156862745098 0.537292817679558 0.041666666666666664 0.1685082872928177
3.0 0.07720588235294118 0.5082872928176796 0.02696078431372549 0.16022099447513813
3.0 0.16666666666666666 0.5718232044198895 0.058823529411764705 0.1878453038674033
3.0 0.2034313725490196 0.356353591160221 0.0784313725490196 0.18232044198895028
3.0 0.2659313725490196 0.3701657458563536 0.10049019607843138 0.20441988950276244
3.0 0.4411764705882353 0.3798342541436464 0.10294117647058823 0.21823204419889503
3.0 0.2267156862745098 0.5911602209944752 0.08088235294117647 0.19337016574585636
3.0 0.29901960784313725 0.6160220994475138 0.09803921568627451 0.22099447513812154
3.0 0.4007352941176471 0.6049723756906077 0.12009803921568628 0.2430939226519337
3.0 0.5171568627450981 0.6477900552486188 0.12254901960784313 0.2569060773480663
3.0 0.633578431372549 0.6519337016574586 0.11029411764705882 0.24861878453038674
3.0 0.7242647058823529 0.6588397790055248 0.1053921568627451 0.212707182320442
3.0 0.8026960784313726 0.6422651933701657 0.08088235294117647 0.17955801104972377
3.0 0.16053921568627452 0.8038674033149171 0.08088235294117647 0.1270718232044199
3.0 0.125 0.8287292817679558 0.06372549019607843 0.09944751381215469
3.0 0.9215686274509803 0.2085635359116022 0.0392156862745098 0.058011049723756904
3.0 0.7708333333333334 0.08287292817679558 0.0857843137254902 0.06629834254143646
3.0 0.7193627450980392 0.15331491712707182 0.10049019607843138 0.12430939226519337
3.0 0.6825980392156863 0.4102209944751381 0.11029411764705882 0.2513812154696133
3.0 0.2034313725490196 0.830110497237569 0.10784313725490197 0.1464088397790055
3.0 0.25735294117647056 0.861878453038674 0.10784313725490197 0.1270718232044199
3.0 0.32230392156862747 0.893646408839779 0.10049019607843138 0.10773480662983426
3.0 0.39215686274509803 0.919889502762431 0.10784313725490197 0.09944751381215469
3.0 0.4742647058823529 0.9323204419889503 0.09068627450980392 0.0856353591160221
3.0 0.6360294117647058 0.9295580110497238 0.09068627450980392 0.09116022099447514
3.0 0.7022058823529411 0.9116022099447514 0.09558823529411764 0.10497237569060773
3.0 0.8897058823529411 0.8052486187845304 0.06372549019607843 0.10773480662983426
3.0 0.9215686274509803 0.7831491712707183 0.049019607843137254 0.09668508287292818
3.0 0.9375 0.7638121546961326 0.041666666666666664 0.09116022099447514
3.0 0.18137254901960784 0.8756906077348067 0.07352941176470588 0.08839779005524862
3.0 0.2267156862745098 0.9088397790055248 0.08088235294117647 0.07734806629834254
3.0 0.27450980392156865 0.930939226519337 0.0784313725490196 0.06629834254143646
3.0 0.32965686274509803 0.9558011049723757 0.08088235294117647 0.049723756906077346
3.0 0.45955882352941174 0.9848066298342542 0.0661764705882353 0.024861878453038673
3.0 0.5269607843137255 0.9875690607734806 0.06372549019607843 0.019337016574585635
4.0 0.5661764705882353 0.9323204419889503 0.08333333333333333 0.0856353591160221
4.0 0.42892156862745096 0.09806629834254144 0.09313725490196079 0.10220994475138122
0.0 0.34558823529411764 0.81353591160221 0.03431372549019608 0.03591160220994475
0.0 0.33578431372549017 0.7748618784530387 0.024509803921568627 0.03038674033149171
0.0 0.35171568627450983 0.7638121546961326 0.03676470588235294 0.04143646408839779
4.0 0.8676470588235294 0.8162983425414365 0.0784313725490196 0.12430939226519337
5.0 0.9338235294117647 0.669889502762431 0.058823529411764705 0.17403314917127072
5.0 0.9730392156862745 0.6533149171270718 0.04411764705882353 0.1464088397790055
5.0 0.9375 0.3383977900552486 0.051470588235294115 0.1685082872928177
5.0 0.9681372549019608 0.3715469613259669 0.0392156862745098 0.15193370165745856
5.0 0.9791666666666666 0.38812154696132595 0.031862745098039214 0.1464088397790055
4.0 0.007352941176470588 0.5455801104972375 0.014705882352941176 0.09116022099447514
