4.0 0.3925233644859813 0.9271844660194175 0.11214953271028037 0.04854368932038835
4.0 0.3142523364485981 0.8240291262135923 0.11448598130841121 0.09466019417475728
4.0 0.4719626168224299 0.8847087378640777 0.11214953271028037 0.055825242718446605
4.0 0.9415887850467289 0.5327669902912622 0.02336448598130841 0.04611650485436893
4.0 0.4976635514018692 0.44781553398058255 0.19158878504672897 0.09466019417475728
3.0 0.030373831775700934 0.5436893203883495 0.014018691588785047 0.043689320388349516
3.0 0.06074766355140187 0.6614077669902912 0.028037383177570093 0.06067961165048544
3.0 0.5514018691588785 0.7366504854368932 0.1308411214953271 0.10436893203883495
3.0 0.4392523364485981 0.7694174757281553 0.14953271028037382 0.10679611650485436
3.0 0.6401869158878505 0.6905339805825242 0.14485981308411214 0.1383495145631068
3.0 0.6623831775700935 0.8070388349514563 0.12383177570093458 0.09466019417475728
3.0 0.5969626168224299 0.8385922330097088 0.12383177570093458 0.0703883495145631
3.0 0.7546728971962616 0.6055825242718447 0.102803738317757 0.12864077669902912
3.0 0.9077102803738317 0.47694174757281554 0.02570093457943925 0.06553398058252427
3.0 0.7675233644859814 0.7184466019417476 0.09579439252336448 0.0970873786407767
3.0 0.029205607476635514 0.5194174757281553 0.011682242990654205 0.03398058252427184
3.0 0.08294392523364486 0.46359223300970875 0.030373831775700934 0.043689320388349516
3.0 0.3037383177570093 0.4199029126213592 0.06542056074766354 0.12135922330097088
4.0 0.9544392523364486 0.47936893203883496 0.011682242990654205 0.03640776699029126
5.0 0.04088785046728972 0.5983009708737864 0.030373831775700934 0.08980582524271845
5.0 0.03387850467289719 0.5885922330097088 0.02102803738317757 0.055825242718446605
5.0 0.05023364485981308 0.6274271844660194 0.02570093457943925 0.06067961165048544
5.0 0.27920560747663553 0.6092233009708737 0.13317757009345793 0.15048543689320387
5.0 0.3598130841121495 0.8118932038834952 0.12149532710280374 0.09466019417475728
5.0 0.40654205607476634 0.8021844660194175 0.11682242990654206 0.08980582524271845
5.0 0.5455607476635514 0.8580097087378641 0.20327102803738317 0.08980582524271845
5.0 0.7254672897196262 0.75 0.16121495327102803 0.15048543689320387
5.0 0.7990654205607477 0.7597087378640777 0.11682242990654206 0.13106796116504854
5.0 0.8060747663551402 0.6735436893203883 0.1308411214953271 0.16747572815533981
5.0 0.8387850467289719 0.6286407766990292 0.08878504672897196 0.12135922330097088
5.0 0.8738317757009346 0.6007281553398058 0.056074766355140186 0.09951456310679611
3.0 0.19742990654205608 0.8774271844660194 0.06775700934579439 0.06553398058252427
6.0 0.9532710280373832 0.5752427184466019 0.009345794392523364 0.02912621359223301
6.0 0.06425233644859812 0.7075242718446602 0.02102803738317757 0.0412621359223301
0.0 0.08294392523364486 0.7002427184466019 0.011682242990654205 0.02669902912621359
1.0 0.9579439252336449 0.5570388349514563 0.004672897196261682 0.021844660194174758
9.0 0.14018691588785046 0.8313106796116505 0.037383177570093455 0.0412621359223301
4.0 0.8457943925233645 0.16140776699029127 0.018691588785046728 0.01699029126213592
4.0 0.8422897196261683 0.15655339805825244 0.02102803738317757 0.021844660194174758
4.0 0.9766355140186916 0.35436893203883496 0.009345794392523364 0.019417475728155338
3.0 0.875 0.18446601941747573 0.016355140186915886 0.019417475728155338
3.0 0.8855140186915887 0.19902912621359223 0.014018691588785047 0.019417475728155338
3.0 0.897196261682243 0.21237864077669902 0.014018691588785047 0.01699029126213592
3.0 0.9065420560747663 0.220873786407767 0.014018691588785047 0.019417475728155338
3.0 0.9077102803738317 0.2196601941747573 0.011682242990654205 0.01699029126213592
5.0 0.905373831775701 0.21480582524271843 0.02102803738317757 0.02669902912621359
4.0 0.9205607476635514 0.24514563106796117 0.014018691588785047 0.019417475728155338
3.0 0.9252336448598131 0.2536407766990291 0.014018691588785047 0.021844660194174758
3.0 0.9322429906542056 0.2657766990291262 0.014018691588785047 0.021844660194174758
3.0 0.9345794392523364 0.27063106796116504 0.014018691588785047 0.021844660194174758
3.0 0.9404205607476636 0.2827669902912621 0.011682242990654205 0.021844660194174758
3.0 0.9439252336448598 0.29004854368932037 0.014018691588785047 0.021844660194174758
3.0 0.9544392523364486 0.3131067961165049 0.011682242990654205 0.019417475728155338
3.0 0.9579439252336449 0.32524271844660196 0.009345794392523364 0.019417475728155338
4.0 0.9626168224299065 0.3313106796116505 0.009345794392523364 0.021844660194174758
3.0 0.9661214953271028 0.3422330097087379 0.007009345794392523 0.019417475728155338
3.0 0.969626168224299 0.35072815533980584 0.009345794392523364 0.021844660194174758
3.0 0.9742990654205608 0.3640776699029126 0.009345794392523364 0.024271844660194174
3.0 0.9789719626168224 0.3786407766990291 0.009345794392523364 0.024271844660194174
3.0 0.9813084112149533 0.3907766990291262 0.009345794392523364 0.02912621359223301
3.0 0.9637850467289719 0.32038834951456313 0.007009345794392523 0.019417475728155338
3.0 0.969626168224299 0.33495145631067963 0.009345794392523364 0.019417475728155338
4.0 0.7464953271028038 0.07524271844660194 0.02102803738317757 0.009708737864077669
3.0 0.7628504672897196 0.08373786407766991 0.011682242990654205 0.007281553398058253
3.0 0.9684579439252337 0.37985436893203883 0.007009345794392523 0.021844660194174758
0.0 0.9801401869158879 0.4878640776699029 0.002336448598130841 0.024271844660194174
0.0 0.9205607476635514 0.7160194174757282 0.014018691588785047 0.024271844660194174
0.0 0.6939252336448598 0.941747572815534 0.02336448598130841 0.014563106796116505
0.0 0.23014018691588786 0.9174757281553398 0.02102803738317757 0.014563106796116505
3.0 0.9731308411214953 0.4077669902912621 0.011682242990654205 0.04854368932038835
