4.0 0.23774509803921567 0.15077319587628865 0.0196078431372549 0.01804123711340206
3.0 0.4522058823529412 0.13144329896907217 0.022058823529411766 0.015463917525773196
3.0 0.7916666666666666 0.1958762886597938 0.029411764705882353 0.02577319587628866
3.0 0.6715686274509803 0.9639175257731959 0.0784313725490196 0.03608247422680412
3.0 0.633578431372549 0.9458762886597938 0.051470588235294115 0.03608247422680412
3.0 0.5894607843137255 0.8041237113402062 0.051470588235294115 0.05154639175257732
5.0 0.5857843137254902 0.979381443298969 0.058823529411764705 0.030927835051546393
3.0 0.9558823529411765 0.6675257731958762 0.024509803921568627 0.04639175257731959
3.0 0.928921568627451 0.7654639175257731 0.0392156862745098 0.061855670103092786
3.0 0.9779411764705882 0.6494845360824743 0.014705882352941176 0.030927835051546393
3.0 0.9203431372549019 0.7757731958762887 0.03676470588235294 0.061855670103092786
5.0 0.9068627450980392 0.7925257731958762 0.06372549019607843 0.09536082474226804
5.0 0.49019607843137253 0.059278350515463915 0.00980392156862745 0.005154639175257732
5.0 0.4791666666666667 0.04381443298969072 0.007352941176470588 0.005154639175257732
8.0 0.49387254901960786 0.05412371134020619 0.012254901960784314 0.005154639175257732
0.0 0.6115196078431373 0.9858247422680413 0.012254901960784314 0.002577319587628866
0.0 0.7389705882352942 0.7951030927835051 0.012254901960784314 0.01804123711340206
0.0 0.75 0.7912371134020618 0.014705882352941176 0.020618556701030927
0.0 0.9031862745098039 0.7654639175257731 0.012254901960784314 0.020618556701030927
0.0 0.9191176470588235 0.6881443298969072 0.00980392156862745 0.020618556701030927
0.0 0.9203431372549019 0.6804123711340206 0.007352941176470588 0.020618556701030927
0.0 0.9227941176470589 0.6817010309278351 0.007352941176470588 0.01804123711340206
3.0 0.36151960784313725 0.13659793814432988 0.02696078431372549 0.015463917525773196
