3.0 0.289906103286385 0.9166666666666666 0.11971830985915492 0.09487179487179487
3.0 0.2652582159624413 0.75 0.11267605633802817 0.14615384615384616
3.0 0.45892018779342725 0.08846153846153847 0.03051643192488263 0.023076923076923078
3.0 0.9002347417840375 0.6538461538461539 0.06338028169014084 0.09743589743589744
3.0 0.886150234741784 0.6294871794871795 0.06807511737089202 0.1
9.0 0.6208920187793427 0.9 0.04460093896713615 0.035897435897435895
1.0 0.6232394366197183 0.8961538461538462 0.035211267605633804 0.028205128205128206
7.0 0.4061032863849765 0.9012820512820513 0.07511737089201878 0.05897435897435897
3.0 0.823943661971831 0.7461538461538462 0.0892018779342723 0.14871794871794872
9.0 0.8720657276995305 0.5782051282051283 0.025821596244131457 0.04358974358974359
7.0 0.9119718309859155 0.5602564102564103 0.01643192488262911 0.05384615384615385
0.0 0.892018779342723 0.5423076923076923 0.009389671361502348 0.04871794871794872
7.0 0.8955399061032864 0.5641025641025641 0.02112676056338028 0.07179487179487179
9.0 0.8967136150234741 0.42435897435897435 0.009389671361502348 0.04358974358974359
9.0 0.9061032863849765 0.41794871794871796 0.009389671361502348 0.03076923076923077
7.0 0.7605633802816901 0.4512820512820513 0.051643192488262914 0.10256410256410256
0.0 0.7089201877934272 0.3923076923076923 0.023474178403755867 0.06666666666666667
0.0 0.6830985915492958 0.3717948717948718 0.023474178403755867 0.06666666666666667
7.0 0.7053990610328639 0.367948717948718 0.04929577464788732 0.08461538461538462
0.0 0.6678403755868545 0.21923076923076923 0.02112676056338028 0.03333333333333333
5.0 0.3380281690140845 0.31025641025641026 0.11737089201877934 0.1794871794871795
2.0 0.7394366197183099 0.22435897435897437 0.03755868544600939 0.03333333333333333
9.0 0.613849765258216 0.1576923076923077 0.025821596244131457 0.023076923076923078
1.0 0.6103286384976526 0.15128205128205127 0.018779342723004695 0.020512820512820513
6.0 0.6725352112676056 0.17692307692307693 0.03990610328638498 0.041025641025641026
0.0 0.7640845070422535 0.1782051282051282 0.01643192488262911 0.023076923076923078
7.0 0.5140845070422535 0.06025641025641026 0.018779342723004695 0.007692307692307693
7.0 0.4823943661971831 0.047435897435897434 0.01643192488262911 0.007692307692307693
3.0 0.6044600938967136 0.07692307692307693 0.04460093896713615 0.015384615384615385
1.0 0.5704225352112676 0.07179487179487179 0.009389671361502348 0.005128205128205128
9.0 0.5715962441314554 0.07435897435897436 0.011737089201877934 0.010256410256410256
3.0 0.4166666666666667 0.041025641025641026 0.02112676056338028 0.010256410256410256
3.0 0.33098591549295775 0.05641025641025641 0.023474178403755867 0.010256410256410256
3.0 0.32511737089201875 0.057692307692307696 0.03051643192488263 0.01282051282051282
9.0 0.5211267605633803 0.03974358974358974 0.004694835680751174 0.002564102564102564
1.0 0.5199530516431925 0.038461538461538464 0.007042253521126761 0.005128205128205128
3.0 0.22887323943661972 0.09487179487179487 0.025821596244131457 0.020512820512820513
6.0 0.8838028169014085 0.8217948717948718 0.03990610328638498 0.05384615384615385
9.0 0.8908450704225352 0.8102564102564103 0.025821596244131457 0.035897435897435895
9.0 0.8955399061032864 0.8012820512820513 0.025821596244131457 0.038461538461538464
9.0 0.886150234741784 0.3525641025641026 0.011737089201877934 0.028205128205128206
0.0 0.8169014084507042 0.4166666666666667 0.018779342723004695 0.0641025641025641
3.0 0.5023474178403756 0.026923076923076925 0.014084507042253521 0.002564102564102564
3.0 0.5352112676056338 0.026923076923076925 0.014084507042253521 0.002564102564102564
3.0 0.5563380281690141 0.028205128205128206 0.014084507042253521 0.005128205128205128
4.0 0.5328638497652582 0.021794871794871794 0.014084507042253521 0.002564102564102564
7.0 0.57981220657277 0.03333333333333333 0.014084507042253521 0.005128205128205128
0.0 0.6032863849765259 0.05128205128205128 0.004694835680751174 0.005128205128205128
0.0 0.5892018779342723 0.04871794871794872 0.004694835680751174 0.005128205128205128
1.0 0.573943661971831 0.04871794871794872 0.007042253521126761 0.005128205128205128
9.0 0.5751173708920188 0.04871794871794872 0.004694835680751174 0.005128205128205128
0.0 0.5751173708920188 0.02435897435897436 0.004694835680751174 0.002564102564102564
9.0 0.5187793427230047 0.02435897435897436 0.004694835680751174 0.002564102564102564
1.0 0.5187793427230047 0.02435897435897436 0.004694835680751174 0.002564102564102564
9.0 0.5575117370892019 0.016666666666666666 0.002347417840375587 0.002564102564102564
1.0 0.5575117370892019 0.015384615384615385 0.002347417840375587 0.0
5.0 0.5152582159624414 0.015384615384615385 0.01643192488262911 0.005128205128205128
4.0 0.5575117370892019 0.011538461538461539 0.007042253521126761 0.002564102564102564
3.0 0.5551643192488263 0.008974358974358974 0.007042253521126761 0.002564102564102564
3.0 0.5410798122065728 0.0038461538461538464 0.011737089201877934 0.002564102564102564
5.0 0.5446009389671361 0.008974358974358974 0.009389671361502348 0.002564102564102564
0.0 0.534037558685446 0.00641025641025641 0.002347417840375587 0.002564102564102564
3.0 0.5610328638497653 0.014102564102564103 0.004694835680751174 0.002564102564102564
9.0 0.12441314553990611 0.6448717948717949 0.023474178403755867 0.05897435897435897
9.0 0.6161971830985915 0.07564102564102564 0.011737089201877934 0.007692307692307693
9.0 0.562206572769953 0.014102564102564103 0.007042253521126761 0.002564102564102564
9.0 0.9295774647887324 0.5858974358974359 0.014084507042253521 0.03333333333333333
