0.0 0.44730392156862747 0.4252577319587629 0.056372549019607844 0.10309278350515463
0.0 0.35784313725490197 0.3634020618556701 0.0392156862745098 0.08762886597938144
0.0 0.4056372549019608 0.28994845360824745 0.04656862745098039 0.06443298969072164
0.0 0.44485294117647056 0.13788659793814434 0.01715686274509804 0.01804123711340206
0.0 0.43137254901960786 0.13402061855670103 0.014705882352941176 0.015463917525773196
0.0 0.42769607843137253 0.12757731958762886 0.012254901960784314 0.01288659793814433
1.0 0.6433823529411765 0.20747422680412372 0.01715686274509804 0.01288659793814433
0.0 0.11519607843137254 0.297680412371134 0.014705882352941176 0.028350515463917526
2.0 0.10784313725490197 0.3079896907216495 0.014705882352941176 0.023195876288659795
0.0 0.4068627450980392 0.12628865979381443 0.00980392156862745 0.015463917525773196
9.0 0.6482843137254902 0.21391752577319587 0.04656862745098039 0.02577319587628866
1.0 0.9252450980392157 0.33634020618556704 0.012254901960784314 0.023195876288659795
0.0 0.9338235294117647 0.30283505154639173 0.004901960784313725 0.01288659793814433
0.0 0.8125 0.8389175257731959 0.04656862745098039 0.059278350515463915
0.0 0.7953431372549019 0.8479381443298969 0.031862745098039214 0.03608247422680412
0.0 0.6887254901960784 0.7074742268041238 0.06372549019607843 0.11082474226804123
0.0 0.9889705882352942 0.4497422680412371 0.0024509803921568627 0.023195876288659795
0.0 0.9877450980392157 0.44072164948453607 0.004901960784313725 0.02577319587628866
0.0 0.9742647058823529 0.3582474226804124 0.0024509803921568627 0.010309278350515464
0.0 0.9595588235294118 0.3389175257731959 0.0024509803921568627 0.01288659793814433
0.0 0.9632352941176471 0.33118556701030927 0.004901960784313725 0.01288659793814433
5.0 0.8578431372549019 0.21005154639175258 0.014705882352941176 0.01804123711340206
4.0 0.8443627450980392 0.19974226804123713 0.012254901960784314 0.01288659793814433
3.0 0.8259803921568627 0.18685567010309279 0.014705882352941176 0.01288659793814433
3.0 0.8075980392156863 0.17525773195876287 0.022058823529411766 0.015463917525773196
3.0 0.7855392156862745 0.16108247422680413 0.022058823529411766 0.01804123711340206
3.0 0.8345588235294118 0.19201030927835053 0.012254901960784314 0.01288659793814433
3.0 0.7622549019607843 0.1481958762886598 0.0196078431372549 0.01288659793814433
3.0 0.7156862745098039 0.12757731958762886 0.0196078431372549 0.01288659793814433
0.0 0.42892156862745096 0.09922680412371133 0.00980392156862745 0.007731958762886598
0.0 0.42034313725490197 0.09922680412371133 0.007352941176470588 0.007731958762886598
0.0 0.41544117647058826 0.09922680412371133 0.007352941176470588 0.007731958762886598
