3.0 0.8990610328638498 0.6974358974358974 0.051643192488262914 0.08205128205128205
3.0 0.6737089201877934 0.8717948717948718 0.1267605633802817 0.06666666666666667
3.0 0.4988262910798122 0.9 0.14788732394366197 0.03076923076923077
3.0 0.8673708920187794 0.3230769230769231 0.0539906103286385 0.07179487179487179
9.0 0.8169014084507042 0.2141025641025641 0.028169014084507043 0.028205128205128206
9.0 0.8438967136150235 0.2705128205128205 0.025821596244131457 0.028205128205128206
3.0 0.7793427230046949 0.17564102564102563 0.07042253521126761 0.05897435897435897
9.0 0.7206572769953051 0.11025641025641025 0.028169014084507043 0.020512820512820513
3.0 0.681924882629108 0.05 0.05868544600938967 0.028205128205128206
3.0 0.6255868544600939 0.035897435897435895 0.0539906103286385 0.020512820512820513
4.0 0.5856807511737089 0.01282051282051282 0.035211267605633804 0.010256410256410256
4.0 0.6009389671361502 0.01282051282051282 0.03286384976525822 0.010256410256410256
3.0 0.6748826291079812 0.03205128205128205 0.03990610328638498 0.017948717948717947
3.0 0.5117370892018779 0.005128205128205128 0.046948356807511735 0.005128205128205128
0.0 0.5187793427230047 0.001282051282051282 0.004694835680751174 0.002564102564102564
0.0 0.5316901408450704 0.001282051282051282 0.007042253521126761 0.002564102564102564
4.0 0.22769953051643194 0.10512820512820513 0.051643192488262914 0.041025641025641026
3.0 0.24530516431924881 0.07692307692307693 0.03990610328638498 0.02564102564102564
3.0 0.25586854460093894 0.06794871794871794 0.028169014084507043 0.017948717948717947
3.0 0.22769953051643194 0.08205128205128205 0.03755868544600939 0.02564102564102564
0.0 0.18896713615023475 0.10256410256410256 0.011737089201877934 0.010256410256410256
4.0 0.15258215962441316 0.13846153846153847 0.028169014084507043 0.03076923076923077
3.0 0.05868544600938967 0.764102564102564 0.023474178403755867 0.041025641025641026
