3.0 0.17289719626168223 0.8628640776699029 0.14018691588785046 0.14320388349514562
3.0 0.9649532710280374 0.4733009708737864 0.02336448598130841 0.0970873786407767
4.0 0.955607476635514 0.3446601941747573 0.04205607476635514 0.08737864077669903
4.0 0.9731308411214953 0.3604368932038835 0.02570093457943925 0.0703883495145631
3.0 0.9170560747663551 0.27427184466019416 0.035046728971962614 0.05825242718446602
0.0 0.9264018691588785 0.29004854368932037 0.016355140186915886 0.03155339805825243
0.0 0.9310747663551402 0.2924757281553398 0.016355140186915886 0.03640776699029126
0.0 0.9322429906542056 0.279126213592233 0.014018691588785047 0.02912621359223301
0.0 0.9170560747663551 0.2657766990291262 0.011682242990654205 0.021844660194174758
3.0 0.6577102803738317 0.1104368932038835 0.14719626168224298 0.06553398058252427
3.0 0.6565420560747663 0.10072815533980582 0.14018691588785046 0.06067961165048544
4.0 0.6273364485981309 0.08131067961165049 0.1378504672897196 0.055825242718446605
1.0 0.18341121495327103 0.18446601941747573 0.02570093457943925 0.02912621359223301
2.0 0.1939252336448598 0.1808252427184466 0.02336448598130841 0.03155339805825243
2.0 0.19976635514018692 0.17111650485436894 0.02102803738317757 0.02669902912621359
3.0 0.2546728971962617 0.12014563106796117 0.06074766355140187 0.050970873786407765
0.0 0.2827102803738318 0.10436893203883495 0.02336448598130841 0.024271844660194174
0.0 0.2850467289719626 0.10072815533980582 0.018691588785046728 0.01699029126213592
3.0 0.4310747663551402 0.050970873786407765 0.04906542056074766 0.019417475728155338
3.0 0.29439252336448596 0.08737864077669903 0.0514018691588785 0.03398058252427184
3.0 0.3119158878504673 0.06553398058252427 0.0397196261682243 0.024271844660194174
3.0 0.3422897196261682 0.043689320388349516 0.030373831775700934 0.014563106796116505
4.0 0.3516355140186916 0.038834951456310676 0.030373831775700934 0.014563106796116505
0.0 0.32710280373831774 0.043689320388349516 0.009345794392523364 0.0048543689320388345
0.0 0.3341121495327103 0.0412621359223301 0.009345794392523364 0.0048543689320388345
0.0 0.3294392523364486 0.04247572815533981 0.009345794392523364 0.007281553398058253
3.0 0.36098130841121495 0.03155339805825243 0.02102803738317757 0.009708737864077669
1.0 0.39602803738317754 0.023058252427184466 0.007009345794392523 0.0024271844660194173
6.0 0.39485981308411217 0.023058252427184466 0.009345794392523364 0.0024271844660194173
3.0 0.3691588785046729 0.027912621359223302 0.018691588785046728 0.007281553398058253
3.0 0.37383177570093457 0.024271844660194174 0.018691588785046728 0.0048543689320388345
3.0 0.37850467289719625 0.021844660194174758 0.018691588785046728 0.0048543689320388345
3.0 0.3820093457943925 0.019417475728155338 0.016355140186915886 0.0048543689320388345
3.0 0.3855140186915888 0.01820388349514563 0.014018691588785047 0.0024271844660194173
3.0 0.3855140186915888 0.01699029126213592 0.014018691588785047 0.0048543689320388345
3.0 0.38901869158878505 0.01699029126213592 0.011682242990654205 0.0048543689320388345
3.0 0.39135514018691586 0.014563106796116505 0.011682242990654205 0.0048543689320388345
3.0 0.3925233644859813 0.013349514563106795 0.009345794392523364 0.0024271844660194173
4.0 0.39485981308411217 0.013349514563106795 0.009345794392523364 0.0024271844660194173
3.0 0.4310747663551402 0.006067961165048544 0.011682242990654205 0.0024271844660194173
4.0 0.27686915887850466 0.05218446601941747 0.016355140186915886 0.007281553398058253
3.0 0.889018691588785 0.21723300970873785 0.035046728971962614 0.050970873786407765
6.0 0.9264018691588785 0.2779126213592233 0.016355140186915886 0.02669902912621359
0.0 0.9357476635514018 0.2766990291262136 0.011682242990654205 0.024271844660194174
0.0 0.9322429906542056 0.27305825242718446 0.014018691588785047 0.02669902912621359
9.0 0.947429906542056 0.30461165048543687 0.011682242990654205 0.02669902912621359
9.0 0.9521028037383178 0.3106796116504854 0.011682242990654205 0.02912621359223301
0.0 0.9228971962616822 0.2536407766990291 0.014018691588785047 0.02669902912621359
9.0 0.8773364485981309 0.2099514563106796 0.02102803738317757 0.03155339805825243
1.0 0.8364485981308412 0.1820388349514563 0.02336448598130841 0.02912621359223301
9.0 0.8411214953271028 0.18932038834951456 0.028037383177570093 0.03398058252427184
3.0 0.8539719626168224 0.18689320388349515 0.053738317757009345 0.05825242718446602
3.0 0.8271028037383178 0.15898058252427186 0.04205607476635514 0.0412621359223301
3.0 0.7908878504672897 0.13349514563106796 0.04906542056074766 0.043689320388349516
3.0 0.7920560747663551 0.125 0.037383177570093455 0.03155339805825243
3.0 0.7686915887850467 0.10800970873786407 0.0514018691588785 0.03640776699029126
0.0 0.772196261682243 0.11165048543689321 0.02102803738317757 0.019417475728155338
3.0 0.7464953271028038 0.09466019417475728 0.05841121495327103 0.038834951456310676
3.0 0.7394859813084113 0.08737864077669903 0.04906542056074766 0.02912621359223301
8.0 0.6845794392523364 0.07281553398058252 0.102803738317757 0.05825242718446602
3.0 0.7301401869158879 0.08009708737864078 0.04439252336448598 0.02912621359223301
4.0 0.7079439252336449 0.06553398058252427 0.03271028037383177 0.019417475728155338
3.0 0.6728971962616822 0.05339805825242718 0.028037383177570093 0.014563106796116505
3.0 0.6880841121495327 0.055825242718446605 0.030373831775700934 0.014563106796116505
3.0 0.6728971962616822 0.04854368932038835 0.03271028037383177 0.014563106796116505
3.0 0.6612149532710281 0.043689320388349516 0.037383177570093455 0.014563106796116505
3.0 0.6962616822429907 0.05461165048543689 0.04672897196261682 0.021844660194174758
3.0 0.6950934579439252 0.05339805825242718 0.04439252336448598 0.019417475728155338
0.0 0.7266355140186916 0.06796116504854369 0.014018691588785047 0.009708737864077669
9.0 0.8037383177570093 0.12257281553398058 0.018691588785046728 0.01699029126213592
2.0 0.7827102803738317 0.10558252427184465 0.02336448598130841 0.01699029126213592
9.0 0.7453271028037384 0.08009708737864078 0.018691588785046728 0.014563106796116505
9.0 0.7394859813084113 0.07645631067961164 0.02102803738317757 0.012135922330097087
3.0 0.5841121495327103 0.03398058252427184 0.03271028037383177 0.009708737864077669
3.0 0.6051401869158879 0.02912621359223301 0.028037383177570093 0.009708737864077669
3.0 0.6436915887850467 0.03519417475728155 0.02570093457943925 0.012135922330097087
3.0 0.6238317757009346 0.02669902912621359 0.028037383177570093 0.009708737864077669
3.0 0.6179906542056075 0.025485436893203883 0.02102803738317757 0.007281553398058253
4.0 0.610981308411215 0.023058252427184466 0.02102803738317757 0.007281553398058253
3.0 0.6004672897196262 0.02063106796116505 0.028037383177570093 0.007281553398058253
3.0 0.594626168224299 0.01820388349514563 0.02570093457943925 0.007281553398058253
4.0 0.7114485981308412 0.05825242718446602 0.035046728971962614 0.019417475728155338
4.0 0.7009345794392523 0.05339805825242718 0.037383177570093455 0.019417475728155338
4.0 0.6927570093457944 0.04975728155339806 0.0397196261682243 0.01699029126213592
4.0 0.6845794392523364 0.04611650485436893 0.03271028037383177 0.014563106796116505
5.0 0.6682242990654206 0.038834951456310676 0.037383177570093455 0.014563106796116505
5.0 0.6787383177570093 0.04247572815533981 0.035046728971962614 0.01699029126213592
3.0 0.6623831775700935 0.03519417475728155 0.035046728971962614 0.012135922330097087
3.0 0.6542056074766355 0.032766990291262135 0.03271028037383177 0.012135922330097087
4.0 0.6507009345794392 0.03033980582524272 0.035046728971962614 0.012135922330097087
3.0 0.6436915887850467 0.02912621359223301 0.030373831775700934 0.009708737864077669
4.0 0.6366822429906542 0.025485436893203883 0.02570093457943925 0.007281553398058253
4.0 0.6366822429906542 0.025485436893203883 0.035046728971962614 0.012135922330097087
3.0 0.6600467289719626 0.02912621359223301 0.02570093457943925 0.009708737864077669
4.0 0.5257009345794392 0.00849514563106796 0.014018691588785047 0.0024271844660194173
3.0 0.514018691588785 0.009708737864077669 0.018691588785046728 0.0048543689320388345
3.0 0.5607476635514018 0.00849514563106796 0.014018691588785047 0.0024271844660194173
3.0 0.5163551401869159 0.006067961165048544 0.014018691588785047 0.0024271844660194173
4.0 0.6238317757009346 0.021844660194174758 0.028037383177570093 0.009708737864077669
4.0 0.6226635514018691 0.02063106796116505 0.02570093457943925 0.007281553398058253
4.0 0.7172897196261683 0.055825242718446605 0.037383177570093455 0.019417475728155338
5.0 0.705607476635514 0.04975728155339806 0.028037383177570093 0.012135922330097087
3.0 0.5829439252336449 0.014563106796116505 0.016355140186915886 0.0048543689320388345
3.0 0.5712616822429907 0.012135922330097087 0.02102803738317757 0.0048543689320388345
3.0 0.5876168224299065 0.013349514563106795 0.02570093457943925 0.007281553398058253
0.0 0.5665887850467289 0.010922330097087379 0.002336448598130841 0.0024271844660194173
0.0 0.5700934579439252 0.010922330097087379 0.004672897196261682 0.0024271844660194173
3.0 0.5549065420560748 0.007281553398058253 0.011682242990654205 0.0048543689320388345
3.0 0.5514018691588785 0.006067961165048544 0.014018691588785047 0.0024271844660194173
3.0 0.49649532710280375 0.0036407766990291263 0.011682242990654205 0.0024271844660194173
3.0 0.4976635514018692 0.0012135922330097086 0.009345794392523364 0.0024271844660194173
3.0 0.530373831775701 0.0024271844660194173 0.009345794392523364 0.0
3.0 0.6074766355140186 0.012135922330097087 0.018691588785046728 0.0048543689320388345
3.0 0.6460280373831776 0.02063106796116505 0.016355140186915886 0.007281553398058253
5.0 0.6378504672897196 0.019417475728155338 0.014018691588785047 0.0048543689320388345
2.0 0.7476635514018691 0.08737864077669903 0.009345794392523364 0.009708737864077669
3.0 0.4077102803738318 0.007281553398058253 0.016355140186915886 0.0048543689320388345
3.0 0.4287383177570093 0.0036407766990291263 0.007009345794392523 0.0024271844660194173
0.0 0.5712616822429907 0.00849514563106796 0.002336448598130841 0.0024271844660194173
0.0 0.5747663551401869 0.009708737864077669 0.004672897196261682 0.0
0.0 0.5549065420560748 0.006067961165048544 0.002336448598130841 0.0024271844660194173
0.0 0.5514018691588785 0.0048543689320388345 0.004672897196261682 0.0
0.0 0.5338785046728972 0.0036407766990291263 0.002336448598130841 0.0024271844660194173
0.0 0.5385514018691588 0.0048543689320388345 0.002336448598130841 0.0
0.0 0.5432242990654206 0.0036407766990291263 0.002336448598130841 0.0024271844660194173
0.0 0.5478971962616822 0.0036407766990291263 0.002336448598130841 0.0024271844660194173
1.0 0.5373831775700935 0.006067961165048544 0.004672897196261682 0.0024271844660194173
9.0 0.5362149532710281 0.006067961165048544 0.002336448598130841 0.0024271844660194173
3.0 0.5163551401869159 0.0 0.009345794392523364 0.0
3.0 0.49883177570093457 0.0 0.007009345794392523 0.0
3.0 0.508177570093458 0.0 0.007009345794392523 0.0
