3.0 0.02570093457943925 0.33859223300970875 0.014018691588785047 0.03640776699029126
3.0 0.06074766355140187 0.28398058252427183 0.02336448598130841 0.04854368932038835
3.0 0.08177570093457943 0.2342233009708738 0.03271028037383177 0.04611650485436893
4.0 0.12149532710280374 0.1796116504854369 0.028037383177570093 0.03398058252427184
0.0 0.13317757009345793 0.16868932038834952 0.014018691588785047 0.01699029126213592
9.0 0.1425233644859813 0.154126213592233 0.009345794392523364 0.012135922330097087
4.0 0.1939252336448598 0.1104368932038835 0.028037383177570093 0.021844660194174758
4.0 0.2336448598130841 0.08495145631067962 0.018691588785046728 0.014563106796116505
3.0 0.2441588785046729 0.07645631067961164 0.016355140186915886 0.012135922330097087
3.0 0.21962616822429906 0.08980582524271845 0.02336448598130841 0.014563106796116505
3.0 0.22429906542056074 0.08616504854368932 0.018691588785046728 0.012135922330097087
9.0 0.1927570093457944 0.10800970873786407 0.007009345794392523 0.007281553398058253
9.0 0.19509345794392524 0.10558252427184465 0.007009345794392523 0.007281553398058253
0.0 0.24065420560747663 0.07524271844660194 0.004672897196261682 0.0048543689320388345
3.0 0.24299065420560748 0.07402912621359223 0.014018691588785047 0.007281553398058253
3.0 0.2605140186915888 0.061893203883495146 0.011682242990654205 0.007281553398058253
0.0 0.2558411214953271 0.06674757281553398 0.002336448598130841 0.0024271844660194173
3.0 0.2838785046728972 0.05218446601941747 0.011682242990654205 0.007281553398058253
3.0 0.27102803738317754 0.055825242718446605 0.009345794392523364 0.0048543689320388345
3.0 0.29205607476635514 0.04733009708737864 0.009345794392523364 0.007281553398058253
3.0 0.27686915887850466 0.05339805825242718 0.007009345794392523 0.0048543689320388345
1.0 0.27920560747663553 0.05218446601941747 0.002336448598130841 0.0024271844660194173
1.0 0.2885514018691589 0.04733009708737864 0.002336448598130841 0.0024271844660194173
1.0 0.2838785046728972 0.04975728155339806 0.002336448598130841 0.0024271844660194173
9.0 0.27920560747663553 0.05339805825242718 0.002336448598130841 0.0048543689320388345
9.0 0.2827102803738318 0.050970873786407765 0.004672897196261682 0.0048543689320388345
9.0 0.2885514018691589 0.04975728155339806 0.002336448598130841 0.0024271844660194173
3.0 0.3037383177570093 0.0412621359223301 0.009345794392523364 0.0048543689320388345
3.0 0.2838785046728972 0.04854368932038835 0.007009345794392523 0.0048543689320388345
3.0 0.2932242990654206 0.043689320388349516 0.007009345794392523 0.0048543689320388345
3.0 0.29906542056074764 0.0412621359223301 0.009345794392523364 0.0048543689320388345
3.0 0.3014018691588785 0.04004854368932039 0.004672897196261682 0.0024271844660194173
3.0 0.2488317757009346 0.10072815533980582 0.035046728971962614 0.02669902912621359
3.0 0.3317757009345794 0.03398058252427184 0.014018691588785047 0.0048543689320388345
0.0 0.3177570093457944 0.055825242718446605 0.014018691588785047 0.009708737864077669
1.0 0.3808411214953271 0.04004854368932039 0.009345794392523364 0.007281553398058253
2.0 0.3820093457943925 0.0412621359223301 0.007009345794392523 0.0048543689320388345
0.0 0.41238317757009346 0.027912621359223302 0.007009345794392523 0.0024271844660194173
1.0 0.3691588785046729 0.03033980582524272 0.004672897196261682 0.0024271844660194173
9.0 0.3691588785046729 0.032766990291262135 0.004672897196261682 0.0024271844660194173
3.0 0.34579439252336447 0.03519417475728155 0.014018691588785047 0.007281553398058253
3.0 0.3866822429906542 0.03033980582524272 0.02102803738317757 0.007281553398058253
3.0 0.3866822429906542 0.027912621359223302 0.016355140186915886 0.007281553398058253
3.0 0.38901869158878505 0.024271844660194174 0.016355140186915886 0.0048543689320388345
3.0 0.3925233644859813 0.02063106796116505 0.009345794392523364 0.0024271844660194173
3.0 0.39369158878504673 0.019417475728155338 0.011682242990654205 0.0048543689320388345
3.0 0.4088785046728972 0.01699029126213592 0.014018691588785047 0.0048543689320388345
2.0 0.4077102803738318 0.023058252427184466 0.011682242990654205 0.0024271844660194173
9.0 0.4182242990654206 0.019417475728155338 0.014018691588785047 0.0048543689320388345
0.0 0.5186915887850467 0.04247572815533981 0.014018691588785047 0.007281553398058253
3.0 0.4205607476635514 0.014563106796116505 0.02336448598130841 0.0048543689320388345
3.0 0.3820093457943925 0.02063106796116505 0.011682242990654205 0.0024271844660194173
1.0 0.39602803738317754 0.01699029126213592 0.002336448598130841 0.0
2.0 0.39485981308411217 0.01699029126213592 0.004672897196261682 0.0
3.0 0.375 0.01820388349514563 0.007009345794392523 0.0024271844660194173
4.0 0.35630841121495327 0.02063106796116505 0.011682242990654205 0.0024271844660194173
4.0 0.33761682242990654 0.025485436893203883 0.007009345794392523 0.0024271844660194173
3.0 0.36682242990654207 0.01699029126213592 0.004672897196261682 0.0
3.0 0.375 0.015776699029126214 0.002336448598130841 0.0024271844660194173
4.0 0.4252336448598131 0.009708737864077669 0.014018691588785047 0.0048543689320388345
4.0 0.4205607476635514 0.00849514563106796 0.018691588785046728 0.0024271844660194173
4.0 0.41705607476635514 0.00849514563106796 0.011682242990654205 0.0024271844660194173
5.0 0.4007009345794392 0.010922330097087379 0.011682242990654205 0.0024271844660194173
5.0 0.47079439252336447 0.024271844660194174 0.06775700934579439 0.009708737864077669
3.0 0.3469626168224299 0.08980582524271845 0.053738317757009345 0.02912621359223301
4.0 0.4217289719626168 0.0691747572815534 0.053738317757009345 0.02669902912621359
3.0 0.12149532710280374 0.27184466019417475 0.0514018691588785 0.07766990291262135
3.0 0.3002336448598131 0.1553398058252427 0.10046728971962617 0.0825242718446602
3.0 0.30257009345794394 0.20024271844660194 0.1191588785046729 0.11893203883495146
2.0 0.544392523364486 0.044902912621359224 0.014018691588785047 0.007281553398058253
9.0 0.5514018691588785 0.07524271844660194 0.04205607476635514 0.014563106796116505
2.0 0.5969626168224299 0.12014563106796117 0.0630841121495327 0.03155339805825243
9.0 0.6320093457943925 0.16262135922330098 0.08177570093457943 0.05825242718446602
3.0 0.24299065420560748 0.3859223300970874 0.13551401869158877 0.20388349514563106
1.0 0.3060747663551402 0.6274271844660194 0.07476635514018691 0.10922330097087378
9.0 0.3142523364485981 0.6893203883495146 0.07710280373831775 0.10194174757281553
3.0 0.4007009345794392 0.9550970873786407 0.15654205607476634 0.08009708737864078
