3.0 0.7488317757009346 0.3337378640776699 0.16121495327102803 0.11893203883495146
3.0 0.4941588785046729 0.2949029126213592 0.25 0.09466019417475728
3.0 0.24065420560747663 0.3118932038834951 0.14953271028037382 0.11893203883495146
3.0 0.9369158878504673 0.4223300970873786 0.037383177570093455 0.06310679611650485
3.0 0.955607476635514 0.4211165048543689 0.018691588785046728 0.050970873786407765
3.0 0.9369158878504673 0.30097087378640774 0.02336448598130841 0.038834951456310676
3.0 0.905373831775701 0.2487864077669903 0.02102803738317757 0.02669902912621359
3.0 0.9182242990654206 0.24757281553398058 0.014018691588785047 0.019417475728155338
3.0 0.04789719626168224 0.39684466019417475 0.02570093457943925 0.050970873786407765
3.0 0.016355140186915886 0.4186893203883495 0.014018691588785047 0.03640776699029126
4.0 0.29205607476635514 0.12742718446601942 0.07009345794392523 0.03640776699029126
3.0 0.48130841121495327 0.06553398058252427 0.0514018691588785 0.0048543689320388345
3.0 0.002336448598130841 0.46601941747572817 0.004672897196261682 0.02912621359223301
3.0 0.008177570093457943 0.42475728155339804 0.011682242990654205 0.02912621359223301
0.0 0.007009345794392523 0.4878640776699029 0.004672897196261682 0.024271844660194174
0.0 0.030373831775700934 0.4199029126213592 0.004672897196261682 0.02912621359223301
2.0 0.010514018691588784 0.595873786407767 0.007009345794392523 0.02669902912621359
9.0 0.014018691588785047 0.5728155339805825 0.009345794392523364 0.03398058252427184
2.0 0.012850467289719626 0.5631067961165048 0.007009345794392523 0.024271844660194174
2.0 0.012850467289719626 0.5558252427184466 0.007009345794392523 0.024271844660194174
2.0 0.016355140186915886 0.5315533980582524 0.004672897196261682 0.024271844660194174
2.0 0.018691588785046728 0.5194174757281553 0.004672897196261682 0.024271844660194174
3.0 0.030373831775700934 0.4672330097087379 0.018691588785046728 0.04611650485436893
3.0 0.030373831775700934 0.4077669902912621 0.018691588785046728 0.038834951456310676
3.0 0.08995327102803738 0.4672330097087379 0.053738317757009345 0.07524271844660194
3.0 0.1658878504672897 0.2803398058252427 0.056074766355140186 0.06553398058252427
3.0 0.1413551401869159 0.25728155339805825 0.053738317757009345 0.05825242718446602
3.0 0.16121495327102803 0.2342233009708738 0.056074766355140186 0.055825242718446605
3.0 0.3247663551401869 0.1662621359223301 0.12149532710280374 0.06067961165048544
3.0 0.272196261682243 0.16990291262135923 0.0630841121495327 0.043689320388349516
3.0 0.32710280373831774 0.1104368932038835 0.07009345794392523 0.03155339805825243
3.0 0.3446261682242991 0.10194174757281553 0.06775700934579439 0.02912621359223301
3.0 0.3621495327102804 0.09466019417475728 0.06074766355140187 0.024271844660194174
3.0 0.38434579439252337 0.08859223300970874 0.05841121495327103 0.021844660194174758
3.0 0.40420560747663553 0.0825242718446602 0.06074766355140187 0.019417475728155338
3.0 0.5198598130841121 0.061893203883495146 0.04906542056074766 0.007281553398058253
5.0 0.40186915887850466 0.09344660194174757 0.07476635514018691 0.03640776699029126
6.0 0.4369158878504673 0.09587378640776699 0.037383177570093455 0.01699029126213592
9.0 0.5116822429906542 0.12864077669902912 0.018691588785046728 0.014563106796116505
2.0 0.5292056074766355 0.13106796116504854 0.016355140186915886 0.014563106796116505
2.0 0.5058411214953271 0.11529126213592233 0.02570093457943925 0.01699029126213592
9.0 0.24649532710280375 0.15169902912621358 0.02102803738317757 0.01699029126213592
3.0 0.14485981308411214 0.1796116504854369 0.014018691588785047 0.014563106796116505
3.0 0.1530373831775701 0.17233009708737865 0.016355140186915886 0.014563106796116505
3.0 0.15654205607476634 0.16868932038834952 0.014018691588785047 0.012135922330097087
3.0 0.15186915887850466 0.16990291262135923 0.014018691588785047 0.014563106796116505
3.0 0.14485981308411214 0.17718446601941748 0.014018691588785047 0.014563106796116505
4.0 0.17873831775700935 0.4550970873786408 0.10514018691588785 0.12864077669902912
3.0 0.3773364485981308 0.47694174757281554 0.25934579439252337 0.14805825242718446
1.0 0.7021028037383178 0.7900485436893204 0.06775700934579439 0.06553398058252427
1.0 0.7231308411214953 0.7524271844660194 0.053738317757009345 0.07766990291262135
7.0 0.8808411214953271 0.3883495145631068 0.0514018691588785 0.09223300970873786
3.0 0.8948598130841121 0.2196601941747573 0.014018691588785047 0.01699029126213592
3.0 0.9007009345794392 0.22936893203883496 0.016355140186915886 0.021844660194174758
3.0 0.9088785046728972 0.2354368932038835 0.014018691588785047 0.019417475728155338
3.0 0.9042056074766355 0.22815533980582525 0.014018691588785047 0.019417475728155338
4.0 0.9415887850467289 0.28640776699029125 0.014018691588785047 0.024271844660194174
4.0 0.9357476635514018 0.2815533980582524 0.02102803738317757 0.03398058252427184
4.0 0.8761682242990654 0.22694174757281554 0.028037383177570093 0.03155339805825243
5.0 0.8866822429906542 0.24635922330097088 0.04906542056074766 0.06553398058252427
6.0 0.8855140186915887 0.2512135922330097 0.018691588785046728 0.02669902912621359
3.0 0.9334112149532711 0.2924757281553398 0.02102803738317757 0.03155339805825243
3.0 0.9310747663551402 0.28640776699029125 0.02102803738317757 0.02912621359223301
3.0 0.9602803738317757 0.3628640776699029 0.018691588785046728 0.0412621359223301
5.0 0.9684579439252337 0.375 0.02570093457943925 0.06067961165048544
4.0 0.9030373831775701 0.5145631067961165 0.04906542056074766 0.10679611650485436
9.0 0.9392523364485982 0.5206310679611651 0.009345794392523364 0.03640776699029126
3.0 0.9731308411214953 0.5254854368932039 0.02102803738317757 0.050970873786407765
3.0 0.9906542056074766 0.5279126213592233 0.014018691588785047 0.04611650485436893
4.0 0.9836448598130841 0.4854368932038835 0.014018691588785047 0.04854368932038835
1.0 0.9521028037383178 0.5643203883495146 0.011682242990654205 0.04611650485436893
1.0 0.9626168224299065 0.5679611650485437 0.009345794392523364 0.043689320388349516
1.0 0.9661214953271028 0.5606796116504854 0.007009345794392523 0.02912621359223301
6.0 0.9637850467289719 0.5764563106796117 0.011682242990654205 0.050970873786407765
0.0 0.9415887850467289 0.7135922330097088 0.02336448598130841 0.04854368932038835
6.0 0.9439252336448598 0.6941747572815534 0.028037383177570093 0.06796116504854369
2.0 0.9532710280373832 0.5752427184466019 0.009345794392523364 0.043689320388349516
9.0 0.8948598130841121 0.6990291262135923 0.04205607476635514 0.06796116504854369
9.0 0.875 0.7257281553398058 0.04439252336448598 0.06310679611650485
9.0 0.8960280373831776 0.7245145631067961 0.035046728971962614 0.050970873786407765
9.0 0.8843457943925234 0.7427184466019418 0.04906542056074766 0.06796116504854369
2.0 0.8399532710280374 0.7985436893203883 0.04439252336448598 0.05825242718446602
9.0 0.8761682242990654 0.7682038834951457 0.04672897196261682 0.06067961165048544
9.0 0.8563084112149533 0.7936893203883495 0.04906542056074766 0.05825242718446602
9.0 0.8866822429906542 0.7730582524271845 0.035046728971962614 0.055825242718446605
9.0 0.8644859813084113 0.7924757281553398 0.04205607476635514 0.050970873786407765
9.0 0.8598130841121495 0.8009708737864077 0.04672897196261682 0.05339805825242718
2.0 0.8434579439252337 0.8203883495145631 0.0514018691588785 0.05339805825242718
2.0 0.8387850467289719 0.8300970873786407 0.0514018691588785 0.04854368932038835
9.0 0.8504672897196262 0.8264563106796117 0.0514018691588785 0.050970873786407765
9.0 0.8364485981308412 0.8410194174757282 0.0514018691588785 0.050970873786407765
2.0 0.8189252336448598 0.8580097087378641 0.05841121495327103 0.050970873786407765
2.0 0.8165887850467289 0.8628640776699029 0.05841121495327103 0.050970873786407765
2.0 0.8154205607476636 0.866504854368932 0.056074766355140186 0.04854368932038835
2.0 0.8095794392523364 0.875 0.05841121495327103 0.04611650485436893
2.0 0.8037383177570093 0.883495145631068 0.056074766355140186 0.043689320388349516
2.0 0.8002336448598131 0.8895631067961165 0.053738317757009345 0.0412621359223301
2.0 0.7932242990654206 0.8980582524271845 0.0630841121495327 0.04854368932038835
2.0 0.7920560747663551 0.9016990291262136 0.056074766355140186 0.0412621359223301
2.0 0.7897196261682243 0.9065533980582524 0.06542056074766354 0.050970873786407765
0.0 0.41238317757009346 0.05825242718446602 0.007009345794392523 0.0048543689320388345
0.0 0.1810747663551402 0.16747572815533981 0.007009345794392523 0.009708737864077669
0.0 0.19158878504672897 0.16262135922330098 0.014018691588785047 0.014563106796116505
1.0 0.19509345794392524 0.16262135922330098 0.007009345794392523 0.009708737864077669
3.0 0.9591121495327103 0.2912621359223301 0.007009345794392523 0.009708737864077669
3.0 0.9602803738317757 0.2949029126213592 0.004672897196261682 0.012135922330097087
4.0 0.9626168224299065 0.29975728155339804 0.004672897196261682 0.012135922330097087
3.0 0.9637850467289719 0.30339805825242716 0.002336448598130841 0.009708737864077669
0.0 0.9334112149532711 0.27063106796116504 0.007009345794392523 0.012135922330097087
0.0 0.9357476635514018 0.27305825242718446 0.007009345794392523 0.012135922330097087
