4.0 0.04779411764705882 0.7251381215469613 0.041666666666666664 0.09668508287292818
4.0 0.006127450980392157 0.5276243093922652 0.007352941176470588 0.04419889502762431
4.0 0.024509803921568627 0.5704419889502762 0.0196078431372549 0.08011049723756906
4.0 0.011029411764705883 0.48204419889502764 0.007352941176470588 0.03591160220994475
4.0 0.029411764705882353 0.38812154696132595 0.014705882352941176 0.04696132596685083
4.0 0.34068627450980393 0.0925414364640884 0.058823529411764705 0.04696132596685083
4.0 0.43995098039215685 0.026243093922651933 0.041666666666666664 0.019337016574585635
4.0 0.5735294117647058 0.022099447513812154 0.03431372549019608 0.022099447513812154
3.0 0.0196078431372549 0.4350828729281768 0.00980392156862745 0.04143646408839779
3.0 0.03431372549019608 0.6132596685082873 0.0196078431372549 0.0718232044198895
3.0 0.40318627450980393 0.08977900552486189 0.056372549019607844 0.03591160220994475
3.0 0.27818627450980393 0.8770718232044199 0.11029411764705882 0.1132596685082873
9.0 0.27818627450980393 0.30662983425414364 0.03676470588235294 0.06629834254143646
3.0 0.05024509803921569 0.3743093922651934 0.01715686274509804 0.052486187845303865
3.0 0.06985294117647059 0.2776243093922652 0.01715686274509804 0.03591160220994475
3.0 0.0821078431372549 0.2513812154696133 0.01715686274509804 0.027624309392265192
3.0 0.09436274509803921 0.22790055248618785 0.022058823529411766 0.03591160220994475
3.0 0.1053921568627451 0.20718232044198895 0.0196078431372549 0.027624309392265192
3.0 0.14705882352941177 0.1477900552486188 0.0196078431372549 0.024861878453038673
3.0 0.15808823529411764 0.13812154696132597 0.01715686274509804 0.022099447513812154
3.0 0.16299019607843138 0.12430939226519337 0.02696078431372549 0.027624309392265192
3.0 0.1801470588235294 0.106353591160221 0.01715686274509804 0.019337016574585635
3.0 0.18995098039215685 0.09806629834254144 0.01715686274509804 0.013812154696132596
3.0 0.7144607843137255 0.1850828729281768 0.0661764705882353 0.07734806629834254
3.0 0.8676470588235294 0.56353591160221 0.04411764705882353 0.13259668508287292
3.0 0.6703431372549019 0.05110497237569061 0.03676470588235294 0.024861878453038673
3.0 0.6421568627450981 0.022099447513812154 0.029411764705882353 0.016574585635359115
0.0 0.9497549019607843 0.3798342541436464 0.007352941176470588 0.03038674033149171
0.0 0.9473039215686274 0.3825966850828729 0.007352941176470588 0.024861878453038673
1.0 0.9448529411764706 0.4116022099447514 0.007352941176470588 0.027624309392265192
1.0 0.9387254901960784 0.40193370165745856 0.004901960784313725 0.013812154696132596
0.0 0.9080882352941176 0.35773480662983426 0.007352941176470588 0.013812154696132596
0.0 0.9068627450980392 0.34806629834254144 0.004901960784313725 0.016574585635359115
0.0 0.8700980392156863 0.2610497237569061 0.00980392156862745 0.024861878453038673
0.0 0.9019607843137255 0.2430939226519337 0.00980392156862745 0.022099447513812154
0.0 0.8627450980392157 0.1919889502762431 0.00980392156862745 0.019337016574585635
0.0 0.8651960784313726 0.19475138121546962 0.00980392156862745 0.019337016574585635
0.0 0.8602941176470589 0.18093922651933703 0.00980392156862745 0.013812154696132596
0.0 0.8566176470588235 0.1781767955801105 0.007352941176470588 0.013812154696132596
0.0 0.8602941176470589 0.23756906077348067 0.00980392156862745 0.016574585635359115
0.0 0.8553921568627451 0.23066298342541436 0.004901960784313725 0.008287292817679558
0.0 0.8517156862745098 0.22375690607734808 0.012254901960784314 0.016574585635359115
0.0 0.8602941176470589 0.21685082872928177 0.004901960784313725 0.008287292817679558
0.0 0.8480392156862745 0.20165745856353592 0.00980392156862745 0.016574585635359115
0.0 0.8504901960784313 0.20027624309392264 0.00980392156862745 0.019337016574585635
0.0 0.8419117647058824 0.19751381215469613 0.007352941176470588 0.013812154696132596
0.0 0.8345588235294118 0.19337016574585636 0.012254901960784314 0.022099447513812154
0.0 0.8406862745098039 0.18646408839779005 0.00980392156862745 0.013812154696132596
0.0 0.8480392156862745 0.1643646408839779 0.00980392156862745 0.013812154696132596
0.0 0.8455882352941176 0.15193370165745856 0.00980392156862745 0.011049723756906077
0.0 0.8431372549019608 0.1505524861878453 0.00980392156862745 0.013812154696132596
0.0 0.8382352941176471 0.143646408839779 0.00980392156862745 0.011049723756906077
0.0 0.8296568627450981 0.1298342541436464 0.007352941176470588 0.011049723756906077
0.0 0.8112745098039216 0.10497237569060773 0.00980392156862745 0.011049723756906077
0.0 0.7977941176470589 0.09806629834254144 0.007352941176470588 0.008287292817679558
0.0 0.7941176470588235 0.09530386740331492 0.004901960784313725 0.008287292817679558
0.0 0.8026960784313726 0.09530386740331492 0.007352941176470588 0.008287292817679558
0.0 0.8075980392156863 0.10082872928176796 0.007352941176470588 0.008287292817679558
0.0 0.7708333333333334 0.07320441988950276 0.007352941176470588 0.008287292817679558
0.0 0.7316176470588235 0.055248618784530384 0.007352941176470588 0.0055248618784530384
0.0 0.7303921568627451 0.05386740331491713 0.004901960784313725 0.0027624309392265192
0.0 0.7083333333333334 0.04558011049723757 0.004901960784313725 0.0027624309392265192
0.0 0.7107843137254902 0.04558011049723757 0.004901960784313725 0.0027624309392265192
0.0 0.7120098039215687 0.04696132596685083 0.007352941176470588 0.0055248618784530384
1.0 0.27941176470588236 0.2955801104972376 0.024509803921568627 0.04419889502762431
0.0 0.9669117647058824 0.6726519337016574 0.007352941176470588 0.024861878453038673
0.0 0.9669117647058824 0.669889502762431 0.007352941176470588 0.024861878453038673
