3.0 0.15318627450980393 0.1781767955801105 0.007352941176470588 0.008287292817679558
0.0 0.11764705882352941 0.2292817679558011 0.004901960784313725 0.0055248618784530384
0.0 0.125 0.2223756906077348 0.004901960784313725 0.008287292817679558
3.0 0.10416666666666667 0.27071823204419887 0.012254901960784314 0.016574585635359115
5.0 0.1482843137254902 0.21408839779005526 0.012254901960784314 0.019337016574585635
5.0 0.15318627450980393 0.20027624309392264 0.01715686274509804 0.03038674033149171
4.0 0.13970588235294118 0.23480662983425415 0.014705882352941176 0.022099447513812154
4.0 0.17524509803921567 0.24033149171270718 0.02696078431372549 0.027624309392265192
5.0 0.11887254901960784 0.27900552486187846 0.01715686274509804 0.04419889502762431
0.0 0.19730392156862744 0.20994475138121546 0.007352941176470588 0.011049723756906077
0.0 0.19362745098039216 0.22099447513812154 0.004901960784313725 0.011049723756906077
0.0 0.20098039215686275 0.20165745856353592 0.004901960784313725 0.011049723756906077
0.0 0.19852941176470587 0.22099447513812154 0.004901960784313725 0.011049723756906077
0.0 0.20588235294117646 0.2058011049723757 0.004901960784313725 0.008287292817679558
0.0 0.19117647058823528 0.21408839779005526 0.004901960784313725 0.008287292817679558
0.0 0.21200980392156862 0.19751381215469613 0.007352941176470588 0.008287292817679558
0.0 0.19730392156862744 0.2541436464088398 0.007352941176470588 0.016574585635359115
0.0 0.13480392156862744 0.2914364640883978 0.004901960784313725 0.008287292817679558
0.0 0.04779411764705882 0.45027624309392267 0.0024509803921568627 0.016574585635359115
0.0 0.05269607843137255 0.44751381215469616 0.0024509803921568627 0.016574585635359115
4.0 0.11642156862745098 0.4585635359116022 0.012254901960784314 0.03867403314917127
0.0 0.18872549019607843 0.2886740331491713 0.004901960784313725 0.013812154696132596
0.0 0.18504901960784315 0.3080110497237569 0.007352941176470588 0.019337016574585635
0.0 0.17769607843137256 0.31767955801104975 0.007352941176470588 0.022099447513812154
0.0 0.16789215686274508 0.31077348066298344 0.007352941176470588 0.019337016574585635
0.0 0.16911764705882354 0.3218232044198895 0.004901960784313725 0.019337016574585635
0.0 0.17401960784313725 0.31215469613259667 0.004901960784313725 0.016574585635359115
0.0 0.18872549019607843 0.30662983425414364 0.004901960784313725 0.022099447513812154
0.0 0.18259803921568626 0.3259668508287293 0.007352941176470588 0.022099447513812154
0.0 0.1875 0.324585635359116 0.007352941176470588 0.019337016574585635
0.0 0.16176470588235295 0.36187845303867405 0.004901960784313725 0.016574585635359115
0.0 0.16176470588235295 0.3743093922651934 0.004901960784313725 0.013812154696132596
0.0 0.1715686274509804 0.36464088397790057 0.004901960784313725 0.016574585635359115
0.0 0.17279411764705882 0.34806629834254144 0.007352941176470588 0.016574585635359115
0.0 0.17769607843137256 0.34806629834254144 0.007352941176470588 0.016574585635359115
0.0 0.17892156862745098 0.3411602209944751 0.004901960784313725 0.019337016574585635
0.0 0.17647058823529413 0.3701657458563536 0.004901960784313725 0.016574585635359115
0.0 0.18137254901960784 0.3812154696132597 0.004901960784313725 0.022099447513812154
0.0 0.17401960784313725 0.38535911602209943 0.004901960784313725 0.024861878453038673
0.0 0.17034313725490197 0.38535911602209943 0.007352941176470588 0.019337016574585635
9.0 0.15931372549019607 0.393646408839779 0.004901960784313725 0.019337016574585635
0.0 0.1801470588235294 0.40331491712707185 0.007352941176470588 0.022099447513812154
0.0 0.18872549019607843 0.40193370165745856 0.004901960784313725 0.024861878453038673
0.0 0.19852941176470587 0.39088397790055246 0.004901960784313725 0.024861878453038673
0.0 0.15808823529411764 0.42265193370165743 0.0024509803921568627 0.022099447513812154
0.0 0.15808823529411764 0.4599447513812155 0.0024509803921568627 0.024861878453038673
0.0 0.15808823529411764 0.44060773480662985 0.0024509803921568627 0.019337016574585635
0.0 0.22549019607843138 0.47375690607734805 0.004901960784313725 0.03038674033149171
0.0 0.2426470588235294 0.43922651933701656 0.004901960784313725 0.027624309392265192
0.0 0.25245098039215685 0.4654696132596685 0.004901960784313725 0.03038674033149171
0.0 0.27205882352941174 0.5566298342541437 0.004901960784313725 0.03591160220994475
0.0 0.2708333333333333 0.580110497237569 0.007352941176470588 0.03314917127071823
0.0 0.2977941176470588 0.6146408839779005 0.012254901960784314 0.04143646408839779
0.0 0.2647058823529412 0.6270718232044199 0.00980392156862745 0.03867403314917127
0.0 0.27205882352941174 0.6243093922651933 0.00980392156862745 0.03314917127071823
0.0 0.31862745098039214 0.6367403314917127 0.00980392156862745 0.03038674033149171
0.0 0.29411764705882354 0.7209944751381215 0.014705882352941176 0.03314917127071823
0.0 0.2916666666666667 0.7375690607734806 0.014705882352941176 0.027624309392265192
0.0 0.27328431372549017 0.7279005524861878 0.012254901960784314 0.03591160220994475
0.0 0.24877450980392157 0.7306629834254144 0.01715686274509804 0.024861878453038673
0.0 0.23774509803921567 0.75 0.014705882352941176 0.03591160220994475
0.0 0.24387254901960784 0.7582872928176796 0.01715686274509804 0.03038674033149171
0.0 0.24019607843137256 0.7776243093922652 0.014705882352941176 0.03038674033149171
0.0 0.2426470588235294 0.7803867403314917 0.014705882352941176 0.024861878453038673
0.0 0.29044117647058826 0.835635359116022 0.012254901960784314 0.019337016574585635
0.0 0.39215686274509803 0.8480662983425414 0.014705882352941176 0.027624309392265192
0.0 0.4105392156862745 0.8480662983425414 0.01715686274509804 0.027624309392265192
0.0 0.5171568627450981 0.8701657458563536 0.014705882352941176 0.022099447513812154
3.0 0.12622549019607843 0.6174033149171271 0.022058823529411766 0.052486187845303865
3.0 0.11519607843137254 0.6657458563535912 0.024509803921568627 0.055248618784530384
4.0 0.14338235294117646 0.680939226519337 0.031862745098039214 0.06906077348066299
0.0 0.01715686274509804 0.6464088397790055 0.004901960784313725 0.016574585635359115
0.0 0.01715686274509804 0.6464088397790055 0.004901960784313725 0.016574585635359115
0.0 0.03431372549019608 0.6823204419889503 0.004901960784313725 0.016574585635359115
0.0 0.03676470588235294 0.6878453038674033 0.004901960784313725 0.011049723756906077
0.0 0.0392156862745098 0.6781767955801105 0.004901960784313725 0.019337016574585635
0.0 0.04656862745098039 0.680939226519337 0.004901960784313725 0.019337016574585635
0.0 0.049019607843137254 0.6781767955801105 0.004901960784313725 0.019337016574585635
0.0 0.04411764705882353 0.6284530386740331 0.004901960784313725 0.019337016574585635
0.0 0.05514705882352941 0.6850828729281768 0.007352941176470588 0.022099447513812154
0.0 0.056372549019607844 0.6892265193370166 0.004901960784313725 0.019337016574585635
0.0 0.0625 0.6933701657458563 0.007352941176470588 0.022099447513812154
0.0 0.0625 0.6919889502762431 0.007352941176470588 0.019337016574585635
0.0 0.06004901960784314 0.7030386740331491 0.007352941176470588 0.019337016574585635
0.0 0.0625 0.7058011049723757 0.007352941176470588 0.019337016574585635
0.0 0.06372549019607843 0.7058011049723757 0.004901960784313725 0.013812154696132596
0.0 0.06740196078431372 0.7140883977900553 0.007352941176470588 0.019337016574585635
0.0 0.06985294117647059 0.7140883977900553 0.007352941176470588 0.019337016574585635
0.0 0.07352941176470588 0.712707182320442 0.00980392156862745 0.022099447513812154
0.0 0.07230392156862746 0.7044198895027625 0.007352941176470588 0.016574585635359115
0.0 0.0784313725490196 0.7154696132596685 0.00980392156862745 0.022099447513812154
0.0 0.07598039215686274 0.6892265193370166 0.00980392156862745 0.024861878453038673
0.0 0.09313725490196079 0.7472375690607734 0.00980392156862745 0.019337016574585635
0.0 0.08823529411764706 0.7265193370165746 0.00980392156862745 0.022099447513812154
0.0 0.08088235294117647 0.7099447513812155 0.00980392156862745 0.027624309392265192
0.0 0.08823529411764706 0.7209944751381215 0.00980392156862745 0.022099447513812154
0.0 0.08455882352941177 0.7154696132596685 0.007352941176470588 0.022099447513812154
0.0 0.0821078431372549 0.6988950276243094 0.007352941176470588 0.022099447513812154
0.0 0.09068627450980392 0.7182320441988951 0.00980392156862745 0.022099447513812154
0.0 0.08946078431372549 0.7140883977900553 0.007352941176470588 0.019337016574585635
0.0 0.09068627450980392 0.712707182320442 0.00980392156862745 0.022099447513812154
0.0 0.0625 0.7886740331491713 0.0024509803921568627 0.008287292817679558
0.0 0.058823529411764705 0.7776243093922652 0.00980392156862745 0.019337016574585635
0.0 0.061274509803921566 0.7720994475138122 0.00980392156862745 0.019337016574585635
0.0 0.06372549019607843 0.7734806629834254 0.00980392156862745 0.022099447513812154
0.0 0.05759803921568627 0.7624309392265194 0.007352941176470588 0.016574585635359115
0.0 0.04779411764705882 0.7348066298342542 0.007352941176470588 0.022099447513812154
0.0 0.05024509803921569 0.7375690607734806 0.007352941176470588 0.022099447513812154
0.0 0.0857843137254902 0.8093922651933702 0.00980392156862745 0.016574585635359115
0.0 0.08088235294117647 0.8024861878453039 0.00980392156862745 0.019337016574585635
0.0 0.07598039215686274 0.7859116022099447 0.00980392156862745 0.019337016574585635
0.0 0.14705882352941177 0.8687845303867403 0.014705882352941176 0.019337016574585635
0.0 0.09191176470588236 0.8080110497237569 0.012254901960784314 0.019337016574585635
0.0 0.09803921568627451 0.8162983425414365 0.00980392156862745 0.019337016574585635
0.0 0.13725490196078433 0.8425414364640884 0.014705882352941176 0.022099447513812154
0.0 0.07352941176470588 0.7430939226519337 0.00980392156862745 0.022099447513812154
0.0 0.07352941176470588 0.7693370165745856 0.00980392156862745 0.019337016574585635
0.0 0.0784313725490196 0.7665745856353591 0.00980392156862745 0.019337016574585635
0.0 0.09068627450980392 0.7845303867403315 0.00980392156862745 0.022099447513812154
0.0 0.08700980392156862 0.7900552486187845 0.007352941176470588 0.016574585635359115
0.0 0.09068627450980392 0.7955801104972375 0.00980392156862745 0.016574585635359115
0.0 0.1017156862745098 0.8024861878453039 0.012254901960784314 0.024861878453038673
0.0 0.125 0.7983425414364641 0.00980392156862745 0.022099447513812154
0.0 0.11887254901960784 0.7831491712707183 0.012254901960784314 0.024861878453038673
0.0 0.15441176470588236 0.8259668508287292 0.014705882352941176 0.022099447513812154
0.0 0.17647058823529413 0.8370165745856354 0.0196078431372549 0.027624309392265192
0.0 0.33700980392156865 0.9406077348066298 0.012254901960784314 0.013812154696132596
0.0 0.2855392156862745 0.8964088397790055 0.01715686274509804 0.019337016574585635
0.0 0.2867647058823529 0.8812154696132597 0.024509803921568627 0.027624309392265192
0.0 0.27205882352941174 0.9088397790055248 0.0196078431372549 0.022099447513812154
0.0 0.24632352941176472 0.8950276243093923 0.01715686274509804 0.022099447513812154
0.0 0.22549019607843138 0.8867403314917127 0.0196078431372549 0.022099447513812154
0.0 0.21200980392156862 0.8743093922651933 0.01715686274509804 0.019337016574585635
0.0 0.7720588235294118 0.9226519337016574 0.00980392156862745 0.011049723756906077
0.0 0.7549019607843137 0.930939226519337 0.00980392156862745 0.011049723756906077
0.0 0.7512254901960784 0.9295580110497238 0.01715686274509804 0.019337016574585635
0.0 0.7254901960784313 0.9267955801104972 0.014705882352941176 0.013812154696132596
4.0 0.8088235294117647 0.8535911602209945 0.06862745098039216 0.06629834254143646
4.0 0.8627450980392157 0.7955801104972375 0.049019607843137254 0.06077348066298342
3.0 0.7034313725490197 0.9157458563535912 0.08823529411764706 0.052486187845303865
3.0 0.7867647058823529 0.8535911602209945 0.06862745098039216 0.06077348066298342
3.0 0.696078431372549 0.9019337016574586 0.09313725490196079 0.052486187845303865
0.0 0.9203431372549019 0.6795580110497238 0.007352941176470588 0.022099447513812154
0.0 0.9093137254901961 0.7016574585635359 0.00980392156862745 0.022099447513812154
0.0 0.8995098039215687 0.7030386740331491 0.00980392156862745 0.024861878453038673
0.0 0.9068627450980392 0.6988950276243094 0.00980392156862745 0.022099447513812154
0.0 0.8357843137254902 0.7541436464088398 0.00980392156862745 0.022099447513812154
0.0 0.8100490196078431 0.7803867403314917 0.01715686274509804 0.024861878453038673
0.0 0.8088235294117647 0.7776243093922652 0.0196078431372549 0.024861878453038673
0.0 0.3602941176470588 0.8895027624309392 0.014705882352941176 0.022099447513812154
0.0 0.4227941176470588 0.9240331491712708 0.012254901960784314 0.013812154696132596
0.0 0.39338235294117646 0.9267955801104972 0.012254901960784314 0.013812154696132596
0.0 0.3762254901960784 0.9267955801104972 0.012254901960784314 0.013812154696132596
0.0 0.41544117647058826 0.9337016574585635 0.007352941176470588 0.011049723756906077
0.0 0.4362745098039216 0.9212707182320442 0.014705882352941176 0.019337016574585635
0.0 0.4215686274509804 0.9185082872928176 0.0196078431372549 0.019337016574585635
0.0 0.4338235294117647 0.9157458563535912 0.014705882352941176 0.019337016574585635
0.0 0.20588235294117646 0.7900552486187845 0.00980392156862745 0.022099447513812154
0.0 0.18872549019607843 0.7707182320441989 0.014705882352941176 0.027624309392265192
0.0 0.18382352941176472 0.7665745856353591 0.00980392156862745 0.019337016574585635
0.0 0.20098039215686275 0.8080110497237569 0.014705882352941176 0.024861878453038673
0.0 0.19362745098039216 0.8038674033149171 0.014705882352941176 0.027624309392265192
0.0 0.18504901960784315 0.7845303867403315 0.012254901960784314 0.027624309392265192
0.0 0.18504901960784315 0.7831491712707183 0.01715686274509804 0.03038674033149171
0.0 0.17401960784313725 0.7859116022099447 0.014705882352941176 0.024861878453038673
0.0 0.16544117647058823 0.7707182320441989 0.01715686274509804 0.027624309392265192
0.0 0.16911764705882354 0.7582872928176796 0.014705882352941176 0.024861878453038673
0.0 0.16299019607843138 0.7417127071823204 0.01715686274509804 0.03038674033149171
0.0 0.15318627450980393 0.7292817679558011 0.012254901960784314 0.027624309392265192
0.0 0.14215686274509803 0.7196132596685083 0.00980392156862745 0.024861878453038673
0.0 0.1409313725490196 0.7209944751381215 0.012254901960784314 0.027624309392265192
0.0 0.15073529411764705 0.7582872928176796 0.012254901960784314 0.024861878453038673
0.0 0.12745098039215685 0.7237569060773481 0.00980392156862745 0.027624309392265192
0.0 0.13602941176470587 0.7638121546961326 0.012254901960784314 0.024861878453038673
0.0 0.13970588235294118 0.7651933701657458 0.00980392156862745 0.016574585635359115
0.0 0.1482843137254902 0.7651933701657458 0.012254901960784314 0.022099447513812154
0.0 0.12622549019607843 0.738950276243094 0.012254901960784314 0.024861878453038673
0.0 0.11397058823529412 0.7168508287292817 0.012254901960784314 0.024861878453038673
0.0 0.12254901960784313 0.7486187845303868 0.00980392156862745 0.022099447513812154
0.0 0.10661764705882353 0.7417127071823204 0.012254901960784314 0.024861878453038673
0.0 0.13480392156862744 0.7237569060773481 0.00980392156862745 0.022099447513812154
0.0 0.13480392156862744 0.7223756906077348 0.00980392156862745 0.024861878453038673
0.0 0.1642156862745098 0.7707182320441989 0.014705882352941176 0.027624309392265192
0.0 0.14338235294117646 0.7417127071823204 0.012254901960784314 0.024861878453038673
0.0 0.14338235294117646 0.7582872928176796 0.012254901960784314 0.024861878453038673
0.0 0.13725490196078433 0.7375690607734806 0.014705882352941176 0.027624309392265192
0.0 0.14338235294117646 0.7417127071823204 0.012254901960784314 0.024861878453038673
0.0 0.13357843137254902 0.7472375690607734 0.012254901960784314 0.024861878453038673
0.0 0.13602941176470587 0.7582872928176796 0.012254901960784314 0.024861878453038673
0.0 0.12254901960784313 0.7306629834254144 0.00980392156862745 0.024861878453038673
0.0 0.11764705882352941 0.7361878453038674 0.00980392156862745 0.024861878453038673
0.0 0.11642156862745098 0.7334254143646409 0.012254901960784314 0.024861878453038673
0.0 0.0784313725490196 0.7085635359116023 0.004901960784313725 0.013812154696132596
0.0 0.10049019607843138 0.7334254143646409 0.00980392156862745 0.024861878453038673
0.0 0.08946078431372549 0.6975138121546961 0.007352941176470588 0.019337016574585635
0.0 0.09436274509803921 0.7016574585635359 0.007352941176470588 0.022099447513812154
0.0 0.10049019607843138 0.7071823204419889 0.00980392156862745 0.022099447513812154
0.0 0.10416666666666667 0.7140883977900553 0.007352941176470588 0.019337016574585635
0.0 0.10294117647058823 0.712707182320442 0.00980392156862745 0.022099447513812154
0.0 0.11397058823529412 0.744475138121547 0.012254901960784314 0.024861878453038673
0.0 0.1053921568627451 0.7320441988950276 0.014705882352941176 0.027624309392265192
0.0 0.10294117647058823 0.7251381215469613 0.00980392156862745 0.024861878453038673
0.0 0.1053921568627451 0.7279005524861878 0.00980392156862745 0.024861878453038673
0.0 0.10294117647058823 0.7182320441988951 0.00980392156862745 0.022099447513812154
