3.0 0.00857843137254902 0.5883977900552486 0.007352941176470588 0.016574585635359115
3.0 0.012254901960784314 0.5621546961325967 0.004901960784313725 0.013812154696132596
3.0 0.07352941176470588 0.669889502762431 0.0196078431372549 0.03591160220994475
3.0 0.08333333333333333 0.6546961325966851 0.014705882352941176 0.03314917127071823
3.0 0.0625 0.6325966850828729 0.012254901960784314 0.027624309392265192
3.0 0.14338235294117646 0.8328729281767956 0.03676470588235294 0.04696132596685083
3.0 0.7291666666666666 0.8328729281767956 0.051470588235294115 0.052486187845303865
3.0 0.8627450980392157 0.8011049723756906 0.03431372549019608 0.049723756906077346
3.0 0.8909313725490197 0.7665745856353591 0.031862745098039214 0.052486187845303865
3.0 0.9019607843137255 0.5773480662983426 0.014705882352941176 0.03867403314917127
3.0 0.8566176470588235 0.4212707182320442 0.01715686274509804 0.03591160220994475
3.0 0.7659313725490197 0.292817679558011 0.02696078431372549 0.027624309392265192
3.0 0.8333333333333334 0.3453038674033149 0.0196078431372549 0.027624309392265192
5.0 0.03431372549019608 0.5082872928176796 0.00980392156862745 0.03314917127071823
5.0 0.04534313725490196 0.5953038674033149 0.012254901960784314 0.03591160220994475
5.0 0.0428921568627451 0.6077348066298343 0.022058823529411766 0.06077348066298342
3.0 0.07598039215686274 0.6533149171270718 0.0196078431372549 0.04143646408839779
3.0 0.08700980392156862 0.6477900552486188 0.022058823529411766 0.04143646408839779
3.0 0.07352941176470588 0.6395027624309392 0.014705882352941176 0.03038674033149171
3.0 0.06495098039215687 0.6104972375690608 0.01715686274509804 0.03867403314917127
3.0 0.07475490196078431 0.6077348066298343 0.01715686274509804 0.03314917127071823
3.0 0.08946078431372549 0.6201657458563536 0.022058823529411766 0.04143646408839779
3.0 0.08946078431372549 0.5980662983425414 0.01715686274509804 0.024861878453038673
3.0 0.06495098039215687 0.5828729281767956 0.012254901960784314 0.022099447513812154
3.0 0.15808823529411764 0.6422651933701657 0.03676470588235294 0.03591160220994475
3.0 0.17401960784313725 0.6546961325966851 0.0392156862745098 0.03867403314917127
3.0 0.17279411764705882 0.6837016574585635 0.03676470588235294 0.03591160220994475
3.0 0.07965686274509803 0.5842541436464088 0.012254901960784314 0.019337016574585635
3.0 0.08333333333333333 0.5911602209944752 0.0196078431372549 0.03314917127071823
3.0 0.17279411764705882 0.8480662983425414 0.051470588235294115 0.04419889502762431
3.0 0.1715686274509804 0.8397790055248618 0.04411764705882353 0.03867403314917127
3.0 0.17034313725490197 0.8314917127071824 0.04656862745098039 0.04419889502762431
3.0 0.16544117647058823 0.819060773480663 0.04656862745098039 0.04143646408839779
3.0 0.1642156862745098 0.8066298342541437 0.04411764705882353 0.04419889502762431
3.0 0.15073529411764705 0.7928176795580111 0.03676470588235294 0.03867403314917127
3.0 0.1482843137254902 0.7817679558011049 0.03676470588235294 0.03867403314917127
3.0 0.14705882352941177 0.8591160220994475 0.0392156862745098 0.049723756906077346
3.0 0.007352941176470588 0.5649171270718232 0.004901960784313725 0.013812154696132596
3.0 0.004901960784313725 0.569060773480663 0.004901960784313725 0.016574585635359115
3.0 0.00980392156862745 0.5649171270718232 0.004901960784313725 0.013812154696132596
3.0 0.007352941176470588 0.5787292817679558 0.004901960784313725 0.013812154696132596
3.0 0.00980392156862745 0.5759668508287292 0.004901960784313725 0.013812154696132596
3.0 0.003676470588235294 0.580110497237569 0.0024509803921568627 0.016574585635359115
3.0 0.003676470588235294 0.5676795580110497 0.0024509803921568627 0.019337016574585635
8.0 0.04779411764705882 0.3301104972375691 0.012254901960784314 0.024861878453038673
3.0 0.030637254901960783 0.3328729281767956 0.0024509803921568627 0.008287292817679558
3.0 0.025735294117647058 0.3287292817679558 0.0024509803921568627 0.0055248618784530384
5.0 0.6433823529411765 0.9281767955801105 0.09558823529411764 0.0718232044198895
5.0 0.9362745098039216 0.5455801104972375 0.0196078431372549 0.06906077348066299
5.0 0.9105392156862745 0.4516574585635359 0.01715686274509804 0.04143646408839779
5.0 0.6617647058823529 0.19751381215469613 0.03431372549019608 0.03038674033149171
5.0 0.8247549019607843 0.4696132596685083 0.02696078431372549 0.06629834254143646
3.0 0.8272058823529411 0.5953038674033149 0.02696078431372549 0.052486187845303865
3.0 0.8884803921568627 0.4281767955801105 0.012254901960784314 0.027624309392265192
3.0 0.7965686274509803 0.29972375690607733 0.0196078431372549 0.024861878453038673
3.0 0.7696078431372549 0.26243093922651933 0.0196078431372549 0.022099447513812154
3.0 0.7377450980392157 0.2900552486187845 0.024509803921568627 0.022099447513812154
3.0 0.6458333333333334 0.23204419889502761 0.02696078431372549 0.022099447513812154
3.0 0.6004901960784313 0.18922651933701656 0.024509803921568627 0.013812154696132596
3.0 0.5796568627450981 0.16022099447513813 0.031862745098039214 0.016574585635359115
3.0 0.5330882352941176 0.1712707182320442 0.022058823529411766 0.011049723756906077
3.0 0.38112745098039214 0.16022099447513813 0.022058823529411766 0.011049723756906077
3.0 0.4375 0.143646408839779 0.01715686274509804 0.011049723756906077
3.0 0.41299019607843135 0.1477900552486188 0.01715686274509804 0.008287292817679558
9.0 0.5637254901960784 0.18093922651933703 0.00980392156862745 0.008287292817679558
9.0 0.5796568627450981 0.20027624309392264 0.012254901960784314 0.013812154696132596
3.0 0.3247549019607843 0.15469613259668508 0.01715686274509804 0.011049723756906077
3.0 0.28431372549019607 0.16298342541436464 0.014705882352941176 0.011049723756906077
3.0 0.34068627450980393 0.1464088397790055 0.014705882352941176 0.011049723756906077
3.0 0.2806372549019608 0.1574585635359116 0.01715686274509804 0.011049723756906077
5.0 0.4803921568627451 0.15607734806629833 0.0392156862745098 0.019337016574585635
8.0 0.6936274509803921 0.24033149171270718 0.058823529411764705 0.06077348066298342
8.0 0.7916666666666666 0.3743093922651934 0.04411764705882353 0.09116022099447514
4.0 0.1409313725490196 0.3383977900552486 0.01715686274509804 0.024861878453038673
4.0 0.8848039215686274 0.5966850828729282 0.0196078431372549 0.049723756906077346
9.0 0.7573529411764706 0.30386740331491713 0.00980392156862745 0.016574585635359115
9.0 0.29044117647058826 0.15331491712707182 0.01715686274509804 0.013812154696132596
3.0 0.24877450980392157 0.16988950276243095 0.012254901960784314 0.008287292817679558
3.0 0.2647058823529412 0.1712707182320442 0.014705882352941176 0.011049723756906077
3.0 0.20710784313725492 0.1878453038674033 0.012254901960784314 0.011049723756906077
3.0 0.20710784313725492 0.1850828729281768 0.012254901960784314 0.011049723756906077
3.0 0.2193627450980392 0.17679558011049723 0.012254901960784314 0.011049723756906077
3.0 0.16666666666666666 0.20441988950276244 0.00980392156862745 0.011049723756906077
5.0 0.18259803921568626 0.19475138121546962 0.01715686274509804 0.019337016574585635
5.0 0.15073529411764705 0.20994475138121546 0.012254901960784314 0.016574585635359115
5.0 0.13602941176470587 0.21408839779005526 0.012254901960784314 0.013812154696132596
4.0 0.15931372549019607 0.20441988950276244 0.00980392156862745 0.011049723756906077
3.0 0.14338235294117646 0.21132596685082872 0.007352941176470588 0.008287292817679558
