0.0 0.8345588235294118 0.8685567010309279 0.0857843137254902 0.0979381443298969
3.0 0.12745098039215685 0.8041237113402062 0.20588235294117646 0.25257731958762886
3.0 0.9142156862745098 0.770618556701031 0.11764705882352941 0.19072164948453607
3.0 0.9325980392156863 0.6778350515463918 0.09068627450980392 0.16494845360824742
3.0 0.18137254901960784 0.7190721649484536 0.18627450980392157 0.22164948453608246
3.0 0.23897058823529413 0.6430412371134021 0.15931372549019607 0.19329896907216496
3.0 0.34191176470588236 0.5734536082474226 0.17401960784313725 0.16752577319587628
0.0 0.15931372549019607 0.5760309278350515 0.0392156862745098 0.1211340206185567
3.0 0.4411764705882353 0.49097938144329895 0.16176470588235295 0.14690721649484537
3.0 0.9264705882352942 0.5940721649484536 0.058823529411764705 0.13659793814432988
3.0 0.928921568627451 0.5270618556701031 0.03431372549019608 0.07989690721649484
4.0 0.9117647058823529 0.4793814432989691 0.05392156862745098 0.1134020618556701
3.0 0.5355392156862745 0.42912371134020616 0.125 0.11082474226804123
3.0 0.6053921568627451 0.38788659793814434 0.10294117647058823 0.09020618556701031
3.0 0.6727941176470589 0.3634020618556701 0.09068627450980392 0.08762886597938144
3.0 0.6151960784313726 0.33634020618556704 0.12254901960784313 0.06958762886597938
3.0 0.6482843137254902 0.3131443298969072 0.12009803921568628 0.06443298969072164
3.0 0.5 0.3170103092783505 0.1323529411764706 0.05670103092783505
3.0 0.4877450980392157 0.297680412371134 0.14215686274509803 0.059278350515463915
3.0 0.34191176470588236 0.28737113402061853 0.10049019607843138 0.06958762886597938
3.0 0.7132352941176471 0.32216494845360827 0.08333333333333333 0.061855670103092786
3.0 0.7524509803921569 0.327319587628866 0.08823529411764706 0.07216494845360824
3.0 0.7720588235294118 0.3247422680412371 0.07352941176470588 0.061855670103092786
3.0 0.7867647058823529 0.3131443298969072 0.05392156862745098 0.04896907216494845
3.0 0.7977941176470589 0.31572164948453607 0.051470588235294115 0.04896907216494845
3.0 0.8088235294117647 0.31572164948453607 0.0392156862745098 0.03865979381443299
3.0 0.8137254901960784 0.31443298969072164 0.04411764705882353 0.041237113402061855
3.0 0.8149509803921569 0.3118556701030928 0.041666666666666664 0.03608247422680412
3.0 0.8223039215686274 0.3118556701030928 0.03676470588235294 0.03608247422680412
3.0 0.8223039215686274 0.3079896907216495 0.041666666666666664 0.03865979381443299
3.0 0.8284313725490197 0.30541237113402064 0.0392156862745098 0.03865979381443299
3.0 0.8370098039215687 0.31056701030927836 0.03676470588235294 0.03865979381443299
4.0 0.8382352941176471 0.30412371134020616 0.0392156862745098 0.041237113402061855
3.0 0.8468137254901961 0.30541237113402064 0.031862745098039214 0.03350515463917526
3.0 0.8529411764705882 0.3079896907216495 0.0196078431372549 0.028350515463917526
3.0 0.8529411764705882 0.30927835051546393 0.024509803921568627 0.030927835051546393
3.0 0.8541666666666666 0.3079896907216495 0.02696078431372549 0.028350515463917526
3.0 0.8627450980392157 0.31056701030927836 0.0196078431372549 0.023195876288659795
0.0 0.8725490196078431 0.31443298969072164 0.00980392156862745 0.020618556701030927
3.0 0.866421568627451 0.3079896907216495 0.022058823529411766 0.028350515463917526
3.0 0.8688725490196079 0.30670103092783507 0.01715686274509804 0.020618556701030927
3.0 0.8737745098039216 0.30670103092783507 0.01715686274509804 0.020618556701030927
3.0 0.9350490196078431 0.42396907216494845 0.03676470588235294 0.05412371134020619
3.0 0.9044117647058824 0.42783505154639173 0.03431372549019608 0.07216494845360824
3.0 0.8823529411764706 0.39304123711340205 0.049019607843137254 0.06443298969072164
3.0 0.9154411764705882 0.3956185567010309 0.03676470588235294 0.04896907216494845
3.0 0.8995098039215687 0.375 0.0196078431372549 0.03865979381443299
3.0 0.8897058823529411 0.36597938144329895 0.024509803921568627 0.03608247422680412
3.0 0.8970588235294118 0.36082474226804123 0.014705882352941176 0.030927835051546393
3.0 0.8933823529411765 0.3543814432989691 0.022058823529411766 0.03350515463917526
3.0 0.8982843137254902 0.3543814432989691 0.01715686274509804 0.03350515463917526
3.0 0.8933823529411765 0.3492268041237113 0.01715686274509804 0.028350515463917526
3.0 0.9031862745098039 0.35309278350515466 0.022058823529411766 0.030927835051546393
3.0 0.9154411764705882 0.35695876288659795 0.012254901960784314 0.028350515463917526
3.0 0.9019607843137255 0.34536082474226804 0.014705882352941176 0.02577319587628866
