5.0 0.28431372549019607 0.6172680412371134 0.13725490196078433 0.2912371134020619
3.0 0.7095588235294118 0.9007731958762887 0.12009803921568628 0.1056701030927835
3.0 0.5514705882352942 0.10824742268041238 0.1323529411764706 0.0979381443298969
5.0 0.8921568627450981 0.5992268041237113 0.0784313725490196 0.10051546391752578
3.0 0.9644607843137255 0.5670103092783505 0.031862745098039214 0.07731958762886598
3.0 0.9852941176470589 0.5824742268041238 0.024509803921568627 0.061855670103092786
4.0 0.8970588235294118 0.3131443298969072 0.08333333333333333 0.12628865979381443
3.0 0.7855392156862745 0.10309278350515463 0.08088235294117647 0.07731958762886598
0.0 0.7671568627450981 0.28737113402061853 0.024509803921568627 0.03865979381443299
0.0 0.7806372549019608 0.2925257731958763 0.012254901960784314 0.01804123711340206
9.0 0.9117647058823529 0.6572164948453608 0.024509803921568627 0.030927835051546393
1.0 0.3909313725490196 0.770618556701031 0.051470588235294115 0.03608247422680412
1.0 0.3897058823529412 0.7925257731958762 0.0392156862745098 0.01804123711340206
9.0 0.3860294117647059 0.7641752577319587 0.04656862745098039 0.09020618556701031
9.0 0.020833333333333332 0.5463917525773195 0.007352941176470588 0.041237113402061855
7.0 0.08333333333333333 0.24484536082474226 0.04411764705882353 0.061855670103092786
