3.0 0.22916666666666666 0.3904639175257732 0.02696078431372549 0.04381443298969072
3.0 0.3492647058823529 0.40463917525773196 0.04656862745098039 0.05154639175257732
3.0 0.5404411764705882 0.3015463917525773 0.02696078431372549 0.020618556701030927
3.0 0.5625 0.32087628865979384 0.04656862745098039 0.028350515463917526
3.0 0.3737745098039216 0.48195876288659795 0.056372549019607844 0.061855670103092786
3.0 0.3872549019607843 0.5438144329896907 0.06862745098039216 0.06701030927835051
3.0 0.4252450980392157 0.5889175257731959 0.09068627450980392 0.07989690721649484
3.0 0.4387254901960784 0.6662371134020618 0.09313725490196079 0.08505154639175258
3.0 0.5049019607843137 0.8105670103092784 0.10294117647058823 0.05412371134020619
5.0 0.27818627450980393 0.75 0.12990196078431374 0.15979381443298968
3.0 0.6299019607843137 0.961340206185567 0.10784313725490197 0.05154639175257732
5.0 0.6911764705882353 0.43427835051546393 0.07352941176470588 0.07989690721649484
3.0 0.7401960784313726 0.5244845360824743 0.06372549019607843 0.059278350515463915
3.0 0.7659313725490197 0.5579896907216495 0.07107843137254902 0.05412371134020619
3.0 0.8137254901960784 0.5682989690721649 0.04411764705882353 0.05412371134020619
3.0 0.8602941176470589 0.5670103092783505 0.0392156862745098 0.05154639175257732
3.0 0.8897058823529411 0.5567010309278351 0.024509803921568627 0.05154639175257732
3.0 0.9142156862745098 0.5579896907216495 0.0196078431372549 0.03865979381443299
3.0 0.9325980392156863 0.5438144329896907 0.012254901960784314 0.041237113402061855
3.0 0.8897058823529411 0.6662371134020618 0.05392156862745098 0.07474226804123711
3.0 0.8700980392156863 0.7474226804123711 0.07352941176470588 0.09278350515463918
3.0 0.8799019607843137 0.7860824742268041 0.07352941176470588 0.09278350515463918
3.0 0.9264705882352942 0.6224226804123711 0.0392156862745098 0.059278350515463915
3.0 0.9571078431372549 0.5902061855670103 0.02696078431372549 0.04639175257731959
