9.0 0.058823529411764705 0.2847938144329897 0.0196078431372549 0.03865979381443299
0.0 0.07598039215686274 0.26417525773195877 0.014705882352941176 0.028350515463917526
0.0 0.0625 0.31958762886597936 0.01715686274509804 0.03608247422680412
3.0 0.04779411764705882 0.3646907216494845 0.01715686274509804 0.03865979381443299
3.0 0.03799019607843137 0.3247422680412371 0.01715686274509804 0.03608247422680412
3.0 0.03431372549019608 0.3956185567010309 0.014705882352941176 0.03350515463917526
3.0 0.05024509803921569 0.31958762886597936 0.01715686274509804 0.03608247422680412
2.0 0.01715686274509804 0.44587628865979384 0.00980392156862745 0.02577319587628866
1.0 0.014705882352941176 0.42783505154639173 0.004901960784313725 0.015463917525773196
0.0 0.030637254901960783 0.36211340206185566 0.012254901960784314 0.03350515463917526
0.0 0.03431372549019608 0.34536082474226804 0.014705882352941176 0.03608247422680412
0.0 0.030637254901960783 0.35180412371134023 0.012254901960784314 0.03350515463917526
0.0 0.01838235294117647 0.5695876288659794 0.012254901960784314 0.03608247422680412
0.0 0.29901960784313725 0.041237113402061855 0.0196078431372549 0.015463917525773196
0.0 0.48651960784313725 0.003865979381443299 0.012254901960784314 0.007731958762886598
0.0 0.5159313725490197 0.002577319587628866 0.012254901960784314 0.005154639175257732
4.0 0.09068627450980392 0.4059278350515464 0.06372549019607843 0.19845360824742267
2.0 0.2267156862745098 0.4020618556701031 0.02696078431372549 0.10309278350515463
1.0 0.32598039215686275 0.3118556701030928 0.06372549019607843 0.06701030927835051
0.0 0.43137254901960786 0.3711340206185567 0.05392156862745098 0.07216494845360824
0.0 0.6237745098039216 0.26417525773195877 0.03676470588235294 0.059278350515463915
0.0 0.741421568627451 0.3337628865979381 0.03676470588235294 0.07989690721649484
0.0 0.7647058823529411 0.25128865979381443 0.0392156862745098 0.059278350515463915
9.0 0.633578431372549 0.02190721649484536 0.022058823529411766 0.01288659793814433
9.0 0.7634803921568627 0.7126288659793815 0.07598039215686274 0.07474226804123711
4.0 0.8713235294117647 0.8105670103092784 0.125 0.15721649484536082
4.0 0.8088235294117647 0.8414948453608248 0.1323529411764706 0.16752577319587628
6.0 0.5502450980392157 0.9690721649484536 0.11029411764705882 0.030927835051546393
6.0 0.38235294117647056 0.9407216494845361 0.14705882352941177 0.06701030927835051
0.0 0.3284313725490196 0.779639175257732 0.05392156862745098 0.04896907216494845
0.0 0.33578431372549017 0.75 0.05392156862745098 0.05154639175257732
3.0 0.17769607843137256 0.7835051546391752 0.12990196078431374 0.19072164948453607
0.0 0.07720588235294118 0.8002577319587629 0.022058823529411766 0.028350515463917526
0.0 0.06740196078431372 0.7847938144329897 0.012254901960784314 0.01804123711340206
3.0 0.058823529411764705 0.7564432989690721 0.04411764705882353 0.07474226804123711
