5.0 0.012254901960784314 0.46649484536082475 0.014705882352941176 0.041237113402061855
5.0 0.04779411764705882 0.5966494845360825 0.02696078431372549 0.03350515463917526
5.0 0.05392156862745098 0.7087628865979382 0.029411764705882353 0.04639175257731959
5.0 0.09558823529411764 0.7912371134020618 0.0784313725490196 0.1134020618556701
4.0 0.03676470588235294 0.4162371134020619 0.00980392156862745 0.03350515463917526
3.0 0.0661764705882353 0.49226804123711343 0.004901960784313725 0.041237113402061855
3.0 0.06985294117647059 0.4948453608247423 0.007352941176470588 0.041237113402061855
3.0 0.0784313725490196 0.49097938144329895 0.004901960784313725 0.03865979381443299
3.0 0.0857843137254902 0.48711340206185566 0.00980392156862745 0.041237113402061855
3.0 0.09313725490196079 0.49097938144329895 0.00980392156862745 0.04381443298969072
3.0 0.10416666666666667 0.4845360824742268 0.007352941176470588 0.041237113402061855
3.0 0.11397058823529412 0.4806701030927835 0.012254901960784314 0.04896907216494845
3.0 0.125 0.4806701030927835 0.00980392156862745 0.04381443298969072
3.0 0.1017156862745098 0.8221649484536082 0.01715686274509804 0.020618556701030927
3.0 0.13112745098039216 0.8273195876288659 0.022058823529411766 0.02577319587628866
3.0 0.1482843137254902 0.8389175257731959 0.01715686274509804 0.023195876288659795
3.0 0.4583333333333333 0.09278350515463918 0.04411764705882353 0.020618556701030927
3.0 0.4840686274509804 0.12242268041237113 0.031862745098039214 0.023195876288659795
3.0 0.6875 0.45489690721649484 0.051470588235294115 0.03350515463917526
3.0 0.6887254901960784 0.49226804123711343 0.049019607843137254 0.030927835051546393
3.0 0.6924019607843137 0.5373711340206185 0.04656862745098039 0.03865979381443299
3.0 0.6924019607843137 0.586340206185567 0.056372549019607844 0.03865979381443299
3.0 0.6850490196078431 0.6198453608247423 0.056372549019607844 0.03865979381443299
3.0 0.6911764705882353 0.6610824742268041 0.058823529411764705 0.03865979381443299
3.0 0.6887254901960784 0.6855670103092784 0.058823529411764705 0.041237113402061855
3.0 0.6850490196078431 0.7229381443298969 0.056372549019607844 0.03865979381443299
4.0 0.6838235294117647 0.7487113402061856 0.04411764705882353 0.028350515463917526
3.0 0.6507352941176471 0.8994845360824743 0.041666666666666664 0.020618556701030927
4.0 0.6421568627450981 0.9097938144329897 0.03431372549019608 0.015463917525773196
3.0 0.6421568627450981 0.9213917525773195 0.0392156862745098 0.01804123711340206
3.0 0.6372549019607843 0.9317010309278351 0.029411764705882353 0.01288659793814433
3.0 0.6348039215686274 0.9394329896907216 0.03431372549019608 0.01288659793814433
3.0 0.6323529411764706 0.9484536082474226 0.03431372549019608 0.015463917525773196
3.0 0.6323529411764706 0.9548969072164949 0.03431372549019608 0.01288659793814433
3.0 0.6274509803921569 0.9600515463917526 0.029411764705882353 0.01288659793814433
8.0 0.5490196078431373 0.9484536082474226 0.03431372549019608 0.02577319587628866
9.0 0.31862745098039214 0.06056701030927835 0.00980392156862745 0.007731958762886598
9.0 0.2977941176470588 0.09922680412371133 0.007352941176470588 0.007731958762886598
9.0 0.29044117647058826 0.13917525773195877 0.022058823529411766 0.015463917525773196
9.0 0.5343137254901961 0.327319587628866 0.014705882352941176 0.030927835051546393
0.0 0.5502450980392157 0.990979381443299 0.007352941176470588 0.002577319587628866
0.0 0.5502450980392157 0.9935567010309279 0.007352941176470588 0.002577319587628866
0.0 0.5563725490196079 0.990979381443299 0.00980392156862745 0.002577319587628866
0.0 0.5588235294117647 0.990979381443299 0.004901960784313725 0.002577319587628866
0.0 0.5637254901960784 0.9780927835051546 0.004901960784313725 0.002577319587628866
0.0 0.5649509803921569 0.9755154639175257 0.0024509803921568627 0.002577319587628866
0.0 0.5747549019607843 0.9407216494845361 0.007352941176470588 0.005154639175257732
0.0 0.5637254901960784 0.970360824742268 0.004901960784313725 0.002577319587628866
0.0 0.5637254901960784 0.9729381443298969 0.004901960784313725 0.002577319587628866
0.0 0.5784313725490197 0.9420103092783505 0.004901960784313725 0.002577319587628866
0.0 0.7022058823529411 0.854381443298969 0.012254901960784314 0.007731958762886598
3.0 0.8088235294117647 0.29896907216494845 0.0392156862745098 0.03608247422680412
