3.0 0.10416666666666667 0.8287292817679558 0.041666666666666664 0.049723756906077346
3.0 0.08946078431372549 0.8066298342541437 0.056372549019607844 0.08287292817679558
3.0 0.07352941176470588 0.7734806629834254 0.049019607843137254 0.08287292817679558
3.0 0.056372549019607844 0.738950276243094 0.049019607843137254 0.09116022099447514
3.0 0.16789215686274508 0.7762430939226519 0.08088235294117647 0.11602209944751381
3.0 0.029411764705882353 0.6795580110497238 0.024509803921568627 0.0718232044198895
3.0 0.03431372549019608 0.669889502762431 0.029411764705882353 0.0856353591160221
3.0 0.04044117647058824 0.664364640883978 0.031862745098039214 0.09116022099447514
3.0 0.04656862745098039 0.6505524861878453 0.03431372549019608 0.09668508287292818
3.0 0.06372549019607843 0.6353591160220995 0.03431372549019608 0.09944751381215469
3.0 0.05392156862745098 0.5469613259668509 0.0196078431372549 0.0718232044198895
3.0 0.06495098039215687 0.5276243093922652 0.022058823529411766 0.08287292817679558
3.0 0.023284313725490197 0.5966850828729282 0.01715686274509804 0.06629834254143646
3.0 0.028186274509803922 0.5842541436464088 0.01715686274509804 0.06353591160220995
3.0 0.00857843137254902 0.5082872928176796 0.012254901960784314 0.049723756906077346
3.0 0.006127450980392157 0.4488950276243094 0.012254901960784314 0.04696132596685083
3.0 0.1482843137254902 0.4613259668508287 0.0661764705882353 0.11049723756906077
3.0 0.17892156862745098 0.5607734806629834 0.08333333333333333 0.12154696132596685
3.0 0.2107843137254902 0.6091160220994475 0.10294117647058823 0.1408839779005525
3.0 0.2757352941176471 0.712707182320442 0.13970588235294118 0.15469613259668508
3.0 0.36519607843137253 0.8121546961325967 0.17647058823529413 0.13812154696132597
3.0 0.40318627450980393 0.8632596685082873 0.16911764705882354 0.10773480662983426
3.0 0.36887254901960786 0.9709944751381215 0.08088235294117647 0.03591160220994475
3.0 0.5036764705882353 0.9267955801104972 0.14950980392156862 0.058011049723756904
4.0 0.0428921568627451 0.5593922651933702 0.022058823529411766 0.0856353591160221
4.0 0.14705882352941177 0.7803867403314917 0.08333333333333333 0.12430939226519337
4.0 0.24142156862745098 0.6519337016574586 0.13480392156862744 0.16574585635359115
4.0 0.1409313725490196 0.4143646408839779 0.07107843137254902 0.13259668508287292
4.0 0.022058823529411766 0.4654696132596685 0.0196078431372549 0.058011049723756904
4.0 0.022058823529411766 0.43922651933701656 0.0196078431372549 0.055248618784530384
4.0 0.01838235294117647 0.430939226519337 0.01715686274509804 0.055248618784530384
4.0 0.0196078431372549 0.4102209944751381 0.0196078431372549 0.058011049723756904
3.0 0.020833333333333332 0.39640883977900554 0.01715686274509804 0.04143646408839779
4.0 0.020833333333333332 0.3784530386740331 0.01715686274509804 0.04419889502762431
3.0 0.025735294117647058 0.3328729281767956 0.01715686274509804 0.04143646408839779
4.0 0.025735294117647058 0.32320441988950277 0.022058823529411766 0.055248618784530384
3.0 0.06740196078431372 0.2527624309392265 0.02696078431372549 0.04696132596685083
3.0 0.06495098039215687 0.3839779005524862 0.03676470588235294 0.08839779005524862
3.0 0.10049019607843138 0.3314917127071823 0.049019607843137254 0.08287292817679558
3.0 0.0661764705882353 0.29972375690607733 0.029411764705882353 0.058011049723756904
3.0 0.1642156862745098 0.1464088397790055 0.049019607843137254 0.055248618784530384
3.0 0.2267156862745098 0.11740331491712708 0.061274509803921566 0.052486187845303865
3.0 0.21691176470588236 0.20994475138121546 0.07107843137254902 0.0718232044198895
3.0 0.0625 0.3687845303867403 0.03676470588235294 0.07458563535911603
3.0 0.06372549019607843 0.3453038674033149 0.03431372549019608 0.06629834254143646
3.0 0.06372549019607843 0.3287292817679558 0.03431372549019608 0.06629834254143646
3.0 0.06495098039215687 0.2914364640883978 0.031862745098039214 0.06353591160220995
3.0 0.06372549019607843 0.281767955801105 0.029411764705882353 0.055248618784530384
3.0 0.06740196078431372 0.26933701657458564 0.02696078431372549 0.04696132596685083
3.0 0.09926470588235294 0.31215469613259667 0.04656862745098039 0.0718232044198895
4.0 0.10049019607843138 0.2886740331491713 0.049019607843137254 0.08011049723756906
3.0 0.09681372549019608 0.27900552486187846 0.041666666666666664 0.06629834254143646
3.0 0.09681372549019608 0.26657458563535913 0.041666666666666664 0.058011049723756904
3.0 0.09681372549019608 0.2569060773480663 0.03676470588235294 0.055248618784530384
3.0 0.09681372549019608 0.24585635359116023 0.041666666666666664 0.06629834254143646
3.0 0.09681372549019608 0.2361878453038674 0.041666666666666664 0.058011049723756904
3.0 0.09436274509803921 0.23066298342541436 0.031862745098039214 0.04696132596685083
3.0 0.19975490196078433 0.20027624309392264 0.07598039215686274 0.08011049723756906
3.0 0.19362745098039216 0.18922651933701656 0.07352941176470588 0.08011049723756906
3.0 0.18627450980392157 0.17955801104972377 0.07352941176470588 0.08287292817679558
3.0 0.1875 0.1671270718232044 0.0661764705882353 0.06906077348066299
3.0 0.17524509803921567 0.1685082872928177 0.056372549019607844 0.06077348066298342
3.0 0.17279411764705882 0.15883977900552487 0.04656862745098039 0.052486187845303865
3.0 0.16666666666666666 0.15607734806629833 0.049019607843137254 0.052486187845303865
0.0 0.1482843137254902 0.18093922651933703 0.012254901960784314 0.019337016574585635
0.0 0.15073529411764705 0.17679558011049723 0.012254901960784314 0.016574585635359115
3.0 0.22303921568627452 0.11049723756906077 0.058823529411764705 0.049723756906077346
3.0 0.23897058823529413 0.1270718232044199 0.056372549019607844 0.049723756906077346
3.0 0.34068627450980393 0.049723756906077346 0.058823529411764705 0.03314917127071823
3.0 0.3639705882352941 0.05662983425414365 0.07598039215686274 0.03591160220994475
3.0 0.42401960784313725 0.06629834254143646 0.08823529411764706 0.03867403314917127
5.0 0.26348039215686275 0.3328729281767956 0.16911764705882354 0.17403314917127072
5.0 0.5980392156862745 0.17265193370165746 0.17647058823529413 0.1298342541436464
5.0 0.5637254901960784 0.7113259668508287 0.29411764705882354 0.22375690607734808
5.0 0.4387254901960784 0.5883977900552486 0.28431372549019607 0.2430939226519337
5.0 0.8860294117647058 0.5151933701657458 0.061274509803921566 0.1685082872928177
5.0 0.3713235294117647 0.5179558011049724 0.2181372549019608 0.24585635359116023
5.0 0.8676470588235294 0.4530386740331492 0.07352941176470588 0.16574585635359115
5.0 0.8394607843137255 0.39917127071823205 0.09558823529411764 0.1685082872928177
5.0 0.8002450980392157 0.34668508287292815 0.12009803921568628 0.17955801104972377
5.0 0.7426470588235294 0.30248618784530384 0.17647058823529413 0.20718232044198895
5.0 0.6985294117647058 0.2541436464088398 0.18627450980392157 0.1878453038674033
0.0 0.9816176470588235 0.4930939226519337 0.0024509803921568627 0.024861878453038673
8.0 0.6384803921568627 0.058011049723756904 0.15931372549019607 0.09392265193370165
0.0 0.8737745098039216 0.24171270718232044 0.01715686274509804 0.03038674033149171
0.0 0.8786764705882353 0.24447513812154695 0.012254901960784314 0.024861878453038673
4.0 0.16544117647058823 0.13535911602209943 0.04656862745098039 0.049723756906077346
3.0 0.15931372549019607 0.13812154696132597 0.049019607843137254 0.049723756906077346
8.0 0.8884803921568627 0.8107734806629834 0.0857843137254902 0.1298342541436464
4.0 0.9056372549019608 0.18370165745856354 0.022058823529411766 0.03591160220994475
4.0 0.27818627450980393 0.143646408839779 0.11519607843137254 0.07734806629834254
3.0 0.09681372549019608 0.1850828729281768 0.031862745098039214 0.04419889502762431
3.0 0.07720588235294118 0.2058011049723757 0.022058823529411766 0.03591160220994475
