3.0 0.8661971830985915 0.8371794871794872 0.06572769953051644 0.08461538461538462
3.0 0.9471830985915493 0.7166666666666667 0.035211267605633804 0.07435897435897436
3.0 0.9882629107981221 0.5987179487179487 0.009389671361502348 0.04358974358974359
3.0 0.9694835680751174 0.3423076923076923 0.014084507042253521 0.04358974358974359
3.0 0.9495305164319249 0.26282051282051283 0.011737089201877934 0.023076923076923078
4.0 0.9237089201877934 0.2794871794871795 0.03051643192488263 0.05641025641025641
3.0 0.9084507042253521 0.2948717948717949 0.03755868544600939 0.06666666666666667
3.0 0.7570422535211268 0.37051282051282053 0.10093896713615023 0.15128205128205127
9.0 0.7852112676056338 0.3423076923076923 0.04460093896713615 0.04871794871794872
5.0 0.18544600938967137 0.5205128205128206 0.07511737089201878 0.2
9.0 0.19953051643192488 0.23461538461538461 0.028169014084507043 0.038461538461538464
9.0 0.22183098591549297 0.21923076923076923 0.03051643192488263 0.04871794871794872
3.0 0.1396713615023474 0.29615384615384616 0.04929577464788732 0.08461538461538462
3.0 0.06807511737089202 0.3935897435897436 0.023474178403755867 0.07435897435897436
0.0 0.057511737089201875 0.441025641025641 0.007042253521126761 0.02564102564102564
3.0 0.051643192488262914 0.4256410256410256 0.018779342723004695 0.07692307692307693
3.0 0.03051643192488263 0.47307692307692306 0.009389671361502348 0.05897435897435897
3.0 0.02464788732394366 0.3384615384615385 0.01643192488262911 0.035897435897435895
5.0 0.028169014084507043 0.6615384615384615 0.028169014084507043 0.08717948717948718
3.0 0.12206572769953052 0.7871794871794872 0.056338028169014086 0.08717948717948718
3.0 0.09859154929577464 0.5935897435897436 0.03755868544600939 0.11025641025641025
3.0 0.3685446009389671 0.7705128205128206 0.13145539906103287 0.11538461538461539
3.0 0.2852112676056338 0.43974358974358974 0.11032863849765258 0.16666666666666666
