4.0 0.8026960784313726 0.5322164948453608 0.041666666666666664 0.12628865979381443
9.0 0.7254901960784313 0.1134020618556701 0.0196078431372549 0.020618556701030927
9.0 0.5747549019607843 0.06829896907216494 0.022058823529411766 0.01804123711340206
2.0 0.7696078431372549 0.9123711340206185 0.03431372549019608 0.02577319587628866
3.0 0.09313725490196079 0.45489690721649484 0.0392156862745098 0.05412371134020619
0.0 0.8933823529411765 0.2925257731958763 0.012254901960784314 0.01804123711340206
0.0 0.8321078431372549 0.8891752577319587 0.01715686274509804 0.015463917525773196
1.0 0.7683823529411765 0.913659793814433 0.01715686274509804 0.01288659793814433
1.0 0.5735294117647058 0.06701030927835051 0.00980392156862745 0.010309278350515464
1.0 0.7230392156862745 0.1095360824742268 0.014705882352941176 0.01288659793814433
1.0 0.5379901960784313 0.06701030927835051 0.012254901960784314 0.010309278350515464
9.0 0.5379901960784313 0.06958762886597938 0.01715686274509804 0.015463917525773196
