5.0 0.3700980392156863 0.08247422680412371 0.03431372549019608 0.030927835051546393
3.0 0.46200980392156865 0.08891752577319588 0.02696078431372549 0.023195876288659795
3.0 0.7487745098039216 0.11984536082474227 0.041666666666666664 0.028350515463917526
6.0 0.31004901960784315 0.1327319587628866 0.03676470588235294 0.028350515463917526
9.0 0.3088235294117647 0.09536082474226804 0.014705882352941176 0.010309278350515464
9.0 0.30514705882352944 0.1018041237113402 0.01715686274509804 0.01288659793814433
9.0 0.28799019607843135 0.125 0.01715686274509804 0.01288659793814433
9.0 0.2769607843137255 0.15077319587628865 0.014705882352941176 0.01804123711340206
3.0 0.22916666666666666 0.5335051546391752 0.02696078431372549 0.07731958762886598
9.0 0.20220588235294118 0.5515463917525774 0.022058823529411766 0.030927835051546393
3.0 0.2769607843137255 0.75 0.04411764705882353 0.06701030927835051
3.0 0.28308823529411764 0.7963917525773195 0.051470588235294115 0.05154639175257732
5.0 0.4252450980392157 0.720360824742268 0.041666666666666664 0.09020618556701031
3.0 0.47549019607843135 0.9329896907216495 0.024509803921568627 0.020618556701030927
4.0 0.45588235294117646 0.9664948453608248 0.0196078431372549 0.010309278350515464
4.0 0.32107843137254904 0.9497422680412371 0.0196078431372549 0.01288659793814433
3.0 0.3075980392156863 0.9458762886597938 0.022058823529411766 0.015463917525773196
3.0 0.28799019607843135 0.9381443298969072 0.022058823529411766 0.015463917525773196
3.0 0.21446078431372548 0.9072164948453608 0.022058823529411766 0.020618556701030927
3.0 0.18872549019607843 0.8917525773195877 0.0196078431372549 0.020618556701030927
3.0 0.17769607843137256 0.884020618556701 0.022058823529411766 0.020618556701030927
3.0 0.15196078431372548 0.8634020618556701 0.0196078431372549 0.02577319587628866
4.0 0.1642156862745098 0.8865979381443299 0.024509803921568627 0.020618556701030927
4.0 0.09313725490196079 0.8286082474226805 0.0196078431372549 0.023195876288659795
3.0 0.10784313725490197 0.8414948453608248 0.014705882352941176 0.01804123711340206
4.0 0.1053921568627451 0.7538659793814433 0.024509803921568627 0.028350515463917526
4.0 0.07230392156862746 0.2268041237113402 0.01715686274509804 0.02577319587628866
5.0 0.0392156862745098 0.28865979381443296 0.0196078431372549 0.041237113402061855
3.0 0.025735294117647058 0.5824742268041238 0.007352941176470588 0.030927835051546393
3.0 0.1482843137254902 0.8157216494845361 0.02696078431372549 0.03350515463917526
3.0 0.17647058823529413 0.8350515463917526 0.029411764705882353 0.03608247422680412
3.0 0.19117647058823528 0.8440721649484536 0.029411764705882353 0.03350515463917526
3.0 0.21200980392156862 0.8569587628865979 0.03676470588235294 0.03865979381443299
3.0 0.23161764705882354 0.865979381443299 0.031862745098039214 0.030927835051546393
3.0 0.6911764705882353 0.15335051546391754 0.03431372549019608 0.04381443298969072
3.0 0.7757352941176471 0.18427835051546393 0.041666666666666664 0.03350515463917526
3.0 0.7843137254901961 0.20747422680412372 0.049019607843137254 0.03865979381443299
3.0 0.7928921568627451 0.23195876288659795 0.04656862745098039 0.041237113402061855
3.0 0.8198529411764706 0.27963917525773196 0.041666666666666664 0.04381443298969072
3.0 0.821078431372549 0.30541237113402064 0.0392156862745098 0.03865979381443299
3.0 0.7512254901960784 0.3079896907216495 0.03676470588235294 0.06958762886597938
3.0 0.8443627450980392 0.5721649484536082 0.031862745098039214 0.030927835051546393
3.0 0.7083333333333334 0.7899484536082474 0.0392156862745098 0.05412371134020619
3.0 0.8578431372549019 0.7809278350515464 0.029411764705882353 0.030927835051546393
3.0 0.9031862745098039 0.7487113402061856 0.022058823529411766 0.028350515463917526
4.0 0.6715686274509803 0.9097938144329897 0.0392156862745098 0.03608247422680412
5.0 0.6286764705882353 0.9780927835051546 0.031862745098039214 0.01804123711340206
9.0 0.8762254901960784 0.3917525773195876 0.012254901960784314 0.015463917525773196
9.0 0.8799019607843137 0.4059278350515464 0.00980392156862745 0.01288659793814433
9.0 0.6495098039215687 0.04381443298969072 0.00980392156862745 0.005154639175257732
3.0 0.6139705882352942 0.011597938144329897 0.01715686274509804 0.007731958762886598
