4.0 0.9595588235294118 0.5138121546961326 0.02696078431372549 0.06077348066298342
4.0 0.9901960784313726 0.4723756906077348 0.014705882352941176 0.06077348066298342
4.0 0.9240196078431373 0.38535911602209943 0.029411764705882353 0.09668508287292818
4.0 0.9031862745098039 0.38535911602209943 0.03676470588235294 0.1132596685082873
4.0 0.8762254901960784 0.38950276243093923 0.041666666666666664 0.1270718232044199
4.0 0.8333333333333334 0.4281767955801105 0.058823529411764705 0.15469613259668508
3.0 0.9656862745098039 0.3425414364640884 0.0196078431372549 0.049723756906077346
8.0 0.8063725490196079 0.1643646408839779 0.11274509803921569 0.15193370165745856
3.0 0.7610294117647058 0.1712707182320442 0.07107843137254902 0.09392265193370165
8.0 0.7022058823529411 0.13259668508287292 0.15931372549019607 0.1712707182320442
4.0 0.7401960784313726 0.29972375690607733 0.09313725490196079 0.1574585635359116
8.0 0.6495098039215687 0.28591160220994477 0.18137254901960784 0.27348066298342544
3.0 0.7144607843137255 0.0718232044198895 0.056372549019607844 0.04419889502762431
3.0 0.5245098039215687 0.8715469613259669 0.13725490196078433 0.10220994475138122
8.0 0.5098039215686274 0.6146408839779005 0.27450980392156865 0.42265193370165743
5.0 0.2806372549019608 0.9033149171270718 0.20833333333333334 0.13259668508287292
4.0 0.17279411764705882 0.7790055248618785 0.1053921568627451 0.12154696132596685
8.0 0.0661764705882353 0.6367403314917127 0.09313725490196079 0.19613259668508287
3.0 0.012254901960784314 0.5359116022099447 0.00980392156862745 0.04419889502762431
8.0 0.004901960784313725 0.511049723756906 0.00980392156862745 0.08839779005524862
3.0 0.13725490196078433 0.2955801104972376 0.05392156862745098 0.09392265193370165
3.0 0.19852941176470587 0.4599447513812155 0.08823529411764706 0.10220994475138122
0.0 0.023284313725490197 0.6850828729281768 0.007352941176470588 0.022099447513812154
5.0 0.7144607843137255 0.049723756906077346 0.04656862745098039 0.03314917127071823
0.0 0.8492647058823529 0.24447513812154695 0.01715686274509804 0.03038674033149171
0.0 0.8468137254901961 0.31077348066298344 0.012254901960784314 0.03591160220994475
8.0 0.9522058823529411 0.28314917127071826 0.056372549019607844 0.1132596685082873
8.0 0.8897058823529411 0.20165745856353592 0.10294117647058823 0.13812154696132597
0.0 0.8799019607843137 0.1671270718232044 0.00980392156862745 0.013812154696132596
0.0 0.8872549019607843 0.17679558011049723 0.00980392156862745 0.016574585635359115
0.0 0.8492647058823529 0.17955801104972377 0.01715686274509804 0.027624309392265192
0.0 0.8419117647058824 0.16988950276243095 0.01715686274509804 0.024861878453038673
