9.0 0.20710784313725492 0.895618556701031 0.056372549019607844 0.05412371134020619
9.0 0.10294117647058823 0.5618556701030928 0.03431372549019608 0.14432989690721648
3.0 0.006127450980392157 0.4587628865979381 0.012254901960784314 0.05154639175257732
3.0 0.06495098039215687 0.22938144329896906 0.04656862745098039 0.08247422680412371
3.0 0.7328431372549019 0.06056701030927835 0.06862745098039216 0.04896907216494845
9.0 0.7781862745098039 0.08634020618556701 0.03676470588235294 0.028350515463917526
9.0 0.7867647058823529 0.08634020618556701 0.029411764705882353 0.023195876288659795
9.0 0.7830882352941176 0.07989690721649484 0.03676470588235294 0.02577319587628866
9.0 0.8063725490196079 0.19974226804123713 0.0392156862745098 0.05412371134020619
3.0 0.7622549019607843 0.23067010309278352 0.16666666666666666 0.16752577319587628
9.0 0.8688725490196079 0.23711340206185566 0.03676470588235294 0.04639175257731959
9.0 0.8602941176470589 0.22164948453608246 0.0392156862745098 0.04639175257731959
9.0 0.8897058823529411 0.24871134020618557 0.03431372549019608 0.04381443298969072
9.0 0.8982843137254902 0.2706185567010309 0.031862745098039214 0.041237113402061855
9.0 0.9093137254901961 0.29381443298969073 0.029411764705882353 0.041237113402061855
9.0 0.8933823529411765 0.2925257731958763 0.03676470588235294 0.04896907216494845
9.0 0.9044117647058824 0.32216494845360827 0.03431372549019608 0.04639175257731959
9.0 0.9227941176470589 0.3543814432989691 0.02696078431372549 0.04381443298969072
9.0 0.9191176470588235 0.37757731958762886 0.024509803921568627 0.04896907216494845
9.0 0.9301470588235294 0.3943298969072165 0.022058823529411766 0.03608247422680412
9.0 0.9313725490196079 0.41881443298969073 0.024509803921568627 0.03865979381443299
9.0 0.9448529411764706 0.42010309278350516 0.01715686274509804 0.04639175257731959
2.0 0.9387254901960784 0.3904639175257732 0.0196078431372549 0.03865979381443299
9.0 0.9497549019607843 0.4072164948453608 0.012254901960784314 0.05670103092783505
9.0 0.9558823529411765 0.4020618556701031 0.014705882352941176 0.05154639175257732
0.0 0.9215686274509803 0.3002577319587629 0.0196078431372549 0.03865979381443299
3.0 0.8125 0.3634020618556701 0.13970588235294118 0.20103092783505155
4.0 0.8370098039215687 0.5025773195876289 0.10049019607843138 0.2422680412371134
2.0 0.8100490196078431 0.6688144329896907 0.051470588235294115 0.07474226804123711
9.0 0.8137254901960784 0.7087628865979382 0.058823529411764705 0.05670103092783505
9.0 0.8321078431372549 0.7126288659793815 0.0661764705882353 0.059278350515463915
9.0 0.866421568627451 0.6610824742268041 0.051470588235294115 0.05412371134020619
1.0 0.9387254901960784 0.5103092783505154 0.004901960784313725 0.02577319587628866
1.0 0.9338235294117647 0.5244845360824743 0.004901960784313725 0.028350515463917526
1.0 0.9375 0.5489690721649485 0.007352941176470588 0.02577319587628866
1.0 0.9424019607843137 0.5528350515463918 0.007352941176470588 0.023195876288659795
1.0 0.9497549019607843 0.5451030927835051 0.007352941176470588 0.023195876288659795
1.0 0.9448529411764706 0.5038659793814433 0.007352941176470588 0.023195876288659795
1.0 0.9522058823529411 0.5180412371134021 0.007352941176470588 0.02577319587628866
1.0 0.9656862745098039 0.5128865979381443 0.004901960784313725 0.020618556701030927
1.0 0.9669117647058824 0.5425257731958762 0.007352941176470588 0.023195876288659795
0.0 0.9093137254901961 0.6211340206185567 0.014705882352941176 0.030927835051546393
0.0 0.8982843137254902 0.6494845360824743 0.022058823529411766 0.04639175257731959
0.0 0.8995098039215687 0.6855670103092784 0.0196078431372549 0.03608247422680412
1.0 0.9620098039215687 0.586340206185567 0.007352941176470588 0.03350515463917526
1.0 0.9485294117647058 0.615979381443299 0.00980392156862745 0.02577319587628866
0.0 0.946078431372549 0.6378865979381443 0.014705882352941176 0.028350515463917526
1.0 0.8137254901960784 0.8208762886597938 0.029411764705882353 0.028350515463917526
9.0 0.9681372549019608 0.6005154639175257 0.014705882352941176 0.02577319587628866
1.0 0.9436274509803921 0.7074742268041238 0.00980392156862745 0.01804123711340206
1.0 0.9411764705882353 0.7190721649484536 0.00980392156862745 0.020618556701030927
1.0 0.9571078431372549 0.6881443298969072 0.012254901960784314 0.020618556701030927
1.0 0.9534313725490197 0.7036082474226805 0.00980392156862745 0.020618556701030927
1.0 0.9399509803921569 0.75 0.012254901960784314 0.020618556701030927
1.0 0.9375 0.7628865979381443 0.012254901960784314 0.020618556701030927
1.0 0.9264705882352942 0.770618556701031 0.00980392156862745 0.015463917525773196
1.0 0.9215686274509803 0.7822164948453608 0.00980392156862745 0.01804123711340206
1.0 0.8970588235294118 0.8092783505154639 0.014705882352941176 0.020618556701030927
1.0 0.8848039215686274 0.8208762886597938 0.014705882352941176 0.01804123711340206
0.0 0.8713235294117647 0.836340206185567 0.022058823529411766 0.023195876288659795
1.0 0.883578431372549 0.836340206185567 0.01715686274509804 0.01804123711340206
1.0 0.8909313725490197 0.8350515463917526 0.01715686274509804 0.020618556701030927
0.0 0.8860294117647058 0.8440721649484536 0.01715686274509804 0.023195876288659795
1.0 0.8725490196078431 0.8518041237113402 0.0196078431372549 0.023195876288659795
