3.0 0.8198529411764706 0.8801546391752577 0.14460784313725492 0.1211340206185567
3.0 0.3492647058823529 0.8994845360824743 0.27205882352941174 0.13917525773195877
3.0 0.23774509803921567 0.7719072164948454 0.19607843137254902 0.17783505154639176
3.0 0.029411764705882353 0.5077319587628866 0.029411764705882353 0.08762886597938144
3.0 0.006127450980392157 0.5141752577319587 0.012254901960784314 0.06958762886597938
0.0 0.9240196078431373 0.48711340206185566 0.004901960784313725 0.041237113402061855
0.0 0.22794117647058823 0.18814432989690721 0.024509803921568627 0.03608247422680412
0.0 0.5147058823529411 0.09664948453608248 0.024509803921568627 0.023195876288659795
0.0 0.3321078431372549 0.09149484536082474 0.022058823529411766 0.023195876288659795
0.0 0.25612745098039214 0.09922680412371133 0.012254901960784314 0.01288659793814433
0.0 0.2340686274509804 0.10309278350515463 0.01715686274509804 0.015463917525773196
0.0 0.2549019607843137 0.07860824742268041 0.014705882352941176 0.01288659793814433
1.0 0.22426470588235295 0.11082474226804123 0.01715686274509804 0.015463917525773196
0.0 0.28799019607843135 0.07216494845360824 0.012254901960784314 0.010309278350515464
0.0 0.2806372549019608 0.07216494845360824 0.012254901960784314 0.010309278350515464
0.0 0.29411764705882354 0.07345360824742268 0.014705882352941176 0.01288659793814433
0.0 0.28431372549019607 0.08118556701030928 0.00980392156862745 0.007731958762886598
0.0 0.2855392156862745 0.08376288659793814 0.012254901960784314 0.01288659793814433
0.0 0.30269607843137253 0.07474226804123711 0.012254901960784314 0.010309278350515464
1.0 0.678921568627451 0.15850515463917525 0.0196078431372549 0.023195876288659795
9.0 0.6838235294117647 0.17010309278350516 0.029411764705882353 0.030927835051546393
4.0 0.9093137254901961 0.31958762886597936 0.049019607843137254 0.08762886597938144
3.0 0.9595588235294118 0.4175257731958763 0.031862745098039214 0.08762886597938144
3.0 0.9852941176470589 0.49097938144329895 0.014705882352941176 0.07989690721649484
3.0 0.9742647058823529 0.4175257731958763 0.02696078431372549 0.06701030927835051
3.0 0.9779411764705882 0.40335051546391754 0.024509803921568627 0.06443298969072164
3.0 0.9779411764705882 0.39304123711340205 0.024509803921568627 0.06443298969072164
3.0 0.9436274509803921 0.31958762886597936 0.03431372549019608 0.061855670103092786
3.0 0.8529411764705882 0.211340206185567 0.058823529411764705 0.06701030927835051
3.0 0.9656862745098039 0.3286082474226804 0.029411764705882353 0.059278350515463915
0.0 0.15318627450980393 0.14432989690721648 0.012254901960784314 0.015463917525773196
3.0 0.9742647058823529 0.3337628865979381 0.01715686274509804 0.04381443298969072
3.0 0.9522058823529411 0.29510309278350516 0.02696078431372549 0.04896907216494845
3.0 0.9215686274509803 0.24742268041237114 0.03431372549019608 0.05154639175257732
3.0 0.8848039215686274 0.2036082474226804 0.03431372549019608 0.041237113402061855
3.0 0.8321078431372549 0.15077319587628865 0.04656862745098039 0.04381443298969072
3.0 0.8504901960784313 0.16237113402061856 0.014705882352941176 0.020618556701030927
3.0 0.9056372549019608 0.20489690721649484 0.02696078431372549 0.03865979381443299
3.0 0.7941176470588235 0.1211340206185567 0.04411764705882353 0.03608247422680412
3.0 0.758578431372549 0.09536082474226804 0.04656862745098039 0.030927835051546393
3.0 0.7218137254901961 0.07345360824742268 0.041666666666666664 0.023195876288659795
3.0 0.7291666666666666 0.10309278350515463 0.061274509803921566 0.041237113402061855
3.0 0.6617647058823529 0.045103092783505154 0.04411764705882353 0.023195876288659795
3.0 0.6286764705882353 0.03350515463917526 0.03676470588235294 0.015463917525773196
3.0 0.5857843137254902 0.020618556701030927 0.03431372549019608 0.010309278350515464
3.0 0.006127450980392157 0.44072164948453607 0.012254901960784314 0.05670103092783505
