3.0 0.7328431372549019 0.8908839779005525 0.15196078431372548 0.1298342541436464
8.0 0.8419117647058824 0.7417127071823204 0.15441176470588236 0.2513812154696133
8.0 0.7953431372549019 0.3328729281767956 0.09558823529411764 0.22375690607734808
3.0 0.8137254901960784 0.20303867403314918 0.0784313725490196 0.09668508287292818
8.0 0.8602941176470589 0.1671270718232044 0.07352941176470588 0.09668508287292818
3.0 0.8786764705882353 0.15469613259668508 0.031862745098039214 0.03867403314917127
0.0 0.9313725490196079 0.2361878453038674 0.014705882352941176 0.024861878453038673
0.0 0.9411764705882353 0.7707182320441989 0.014705882352941176 0.027624309392265192
0.0 0.9387254901960784 0.7237569060773481 0.014705882352941176 0.03314917127071823
3.0 0.061274509803921566 0.2845303867403315 0.029411764705882353 0.06077348066298342
3.0 0.07598039215686274 0.324585635359116 0.0392156862745098 0.07458563535911603
0.0 0.023284313725490197 0.31629834254143646 0.007352941176470588 0.024861878453038673
0.0 0.05392156862745098 0.6947513812154696 0.0196078431372549 0.04696132596685083
