7.0 0.9117647058823529 0.7577319587628866 0.03431372549019608 0.05670103092783505
1.0 0.9178921568627451 0.7448453608247423 0.022058823529411766 0.03608247422680412
4.0 0.8909313725490197 0.8324742268041238 0.0661764705882353 0.07731958762886598
0.0 0.8149509803921569 0.6610824742268041 0.02696078431372549 0.06958762886597938
2.0 0.7022058823529411 0.6610824742268041 0.04656862745098039 0.059278350515463915
1.0 0.7095588235294118 0.634020618556701 0.031862745098039214 0.061855670103092786
0.0 0.02696078431372549 0.36726804123711343 0.00980392156862745 0.023195876288659795
0.0 0.01838235294117647 0.375 0.007352941176470588 0.023195876288659795
0.0 0.022058823529411766 0.37757731958762886 0.004901960784313725 0.023195876288659795
1.0 0.007352941176470588 0.43556701030927836 0.004901960784313725 0.020618556701030927
2.0 0.061274509803921566 0.34536082474226804 0.00980392156862745 0.020618556701030927
2.0 0.08333333333333333 0.3402061855670103 0.014705882352941176 0.02577319587628866
9.0 0.07230392156862746 0.3440721649484536 0.012254901960784314 0.028350515463917526
1.0 0.4215686274509804 0.41365979381443296 0.04411764705882353 0.06443298969072164
2.0 0.2769607843137255 0.6146907216494846 0.05392156862745098 0.04896907216494845
1.0 0.27328431372549017 0.5850515463917526 0.03676470588235294 0.061855670103092786
1.0 0.7352941176470589 0.3440721649484536 0.024509803921568627 0.04381443298969072
2.0 0.8100490196078431 0.452319587628866 0.022058823529411766 0.03865979381443299
9.0 0.9031862745098039 0.509020618556701 0.012254901960784314 0.03350515463917526
9.0 0.9080882352941176 0.41881443298969073 0.012254901960784314 0.03350515463917526
2.0 0.8553921568627451 0.3711340206185567 0.0196078431372549 0.03608247422680412
1.0 0.8541666666666666 0.3595360824742268 0.01715686274509804 0.03865979381443299
1.0 0.9068627450980392 0.40850515463917525 0.00980392156862745 0.03865979381443299
1.0 0.9044117647058824 0.49742268041237114 0.004901960784313725 0.041237113402061855
1.0 0.8112745098039216 0.43170103092783507 0.0196078431372549 0.059278350515463915
1.0 0.9080882352941176 0.4948453608247423 0.007352941176470588 0.041237113402061855
1.0 0.7267156862745098 0.2551546391752577 0.022058823529411766 0.030927835051546393
0.0 0.7941176470588235 0.27448453608247425 0.0196078431372549 0.03865979381443299
0.0 0.803921568627451 0.27319587628865977 0.0196078431372549 0.03608247422680412
0.0 0.8296568627450981 0.2551546391752577 0.01715686274509804 0.030927835051546393
0.0 0.8897058823529411 0.31443298969072164 0.014705882352941176 0.03608247422680412
0.0 0.8884803921568627 0.297680412371134 0.012254901960784314 0.028350515463917526
9.0 0.7745098039215687 0.23067010309278352 0.03431372549019608 0.03350515463917526
2.0 0.7965686274509803 0.24097938144329897 0.024509803921568627 0.023195876288659795
4.0 0.866421568627451 0.28350515463917525 0.051470588235294115 0.07731958762886598
5.0 0.9044117647058824 0.3015463917525773 0.049019607843137254 0.09278350515463918
3.0 0.9240196078431373 0.29381443298969073 0.0196078431372549 0.03608247422680412
3.0 0.8774509803921569 0.2654639175257732 0.03431372549019608 0.05154639175257732
3.0 0.8897058823529411 0.26417525773195877 0.024509803921568627 0.03865979381443299
3.0 0.8799019607843137 0.24355670103092783 0.03431372549019608 0.03865979381443299
4.0 0.8541666666666666 0.2268041237113402 0.04656862745098039 0.061855670103092786
3.0 0.9044117647058824 0.25902061855670105 0.024509803921568627 0.03865979381443299
3.0 0.8921568627450981 0.23840206185567012 0.0196078431372549 0.028350515463917526
3.0 0.8933823529411765 0.23195876288659795 0.01715686274509804 0.02577319587628866
3.0 0.8174019607843137 0.18685567010309279 0.02696078431372549 0.028350515463917526
3.0 0.9509803921568627 0.3015463917525773 0.0196078431372549 0.030927835051546393
0.0 0.9620098039215687 0.30541237113402064 0.007352941176470588 0.01288659793814433
0.0 0.9681372549019608 0.33634020618556704 0.004901960784313725 0.01804123711340206
0.0 0.9522058823529411 0.31056701030927836 0.007352941176470588 0.01804123711340206
3.0 0.946078431372549 0.2847938144329897 0.0196078431372549 0.028350515463917526
3.0 0.9448529411764706 0.28350515463917525 0.01715686274509804 0.02577319587628866
3.0 0.9473039215686274 0.2809278350515464 0.01715686274509804 0.02577319587628866
3.0 0.946078431372549 0.2770618556701031 0.014705882352941176 0.023195876288659795
3.0 0.946078431372549 0.27448453608247425 0.014705882352941176 0.023195876288659795
3.0 0.9436274509803921 0.2693298969072165 0.014705882352941176 0.023195876288659795
3.0 0.9411764705882353 0.2654639175257732 0.014705882352941176 0.020618556701030927
3.0 0.9387254901960784 0.25773195876288657 0.014705882352941176 0.020618556701030927
3.0 0.9375 0.2538659793814433 0.01715686274509804 0.023195876288659795
3.0 0.8848039215686274 0.1958762886597938 0.0196078431372549 0.020618556701030927
3.0 0.8872549019607843 0.19845360824742267 0.0196078431372549 0.020618556701030927
3.0 0.8860294117647058 0.19329896907216496 0.01715686274509804 0.015463917525773196
3.0 0.8884803921568627 0.19458762886597938 0.01715686274509804 0.01804123711340206
0.0 0.9252450980392157 0.23711340206185566 0.007352941176470588 0.010309278350515464
0.0 0.928921568627451 0.24484536082474226 0.004901960784313725 0.010309278350515464
1.0 0.9264705882352942 0.24871134020618557 0.004901960784313725 0.007731958762886598
2.0 0.9276960784313726 0.25257731958762886 0.007352941176470588 0.010309278350515464
3.0 0.9031862745098039 0.2036082474226804 0.007352941176470588 0.010309278350515464
3.0 0.9056372549019608 0.2036082474226804 0.007352941176470588 0.010309278350515464
3.0 0.9044117647058824 0.20103092783505155 0.004901960784313725 0.005154639175257732
0.0 0.9007352941176471 0.1958762886597938 0.0024509803921568627 0.005154639175257732
0.0 0.9019607843137255 0.1958762886597938 0.004901960784313725 0.005154639175257732
3.0 0.9007352941176471 0.19072164948453607 0.007352941176470588 0.010309278350515464
4.0 0.9093137254901961 0.19458762886597938 0.004901960784313725 0.007731958762886598
5.0 0.9129901960784313 0.19845360824742267 0.007352941176470588 0.010309278350515464
