3.0 0.29205607476635514 0.28762135922330095 0.08411214953271028 0.09951456310679611
3.0 0.35514018691588783 0.17475728155339806 0.07476635514018691 0.06310679611650485
0.0 0.42757009345794394 0.09101941747572816 0.014018691588785047 0.012135922330097087
3.0 0.375 0.07524271844660194 0.035046728971962614 0.019417475728155338
3.0 0.2803738317757009 0.14199029126213591 0.04205607476635514 0.03640776699029126
3.0 0.29789719626168226 0.11529126213592233 0.035046728971962614 0.02669902912621359
3.0 0.31542056074766356 0.08980582524271845 0.037383177570093455 0.024271844660194174
3.0 0.7815420560747663 0.3567961165048544 0.07710280373831775 0.10679611650485436
3.0 0.8820093457943925 0.42718446601941745 0.035046728971962614 0.07766990291262135
3.0 0.7768691588785047 0.21601941747572814 0.0630841121495327 0.06310679611650485
3.0 0.6261682242990654 0.07645631067961164 0.04205607476635514 0.01699029126213592
3.0 0.5771028037383178 0.05339805825242718 0.028037383177570093 0.009708737864077669
3.0 0.5782710280373832 0.04975728155339806 0.02102803738317757 0.007281553398058253
3.0 0.6098130841121495 0.03155339805825243 0.03271028037383177 0.009708737864077669
3.0 0.5782710280373832 0.025485436893203883 0.030373831775700934 0.007281553398058253
3.0 0.5467289719626168 0.021844660194174758 0.028037383177570093 0.0048543689320388345
4.0 0.5467289719626168 0.024271844660194174 0.028037383177570093 0.0048543689320388345
3.0 0.47546728971962615 0.01820388349514563 0.030373831775700934 0.0024271844660194173
3.0 0.3282710280373832 0.06310679611650485 0.04439252336448598 0.019417475728155338
3.0 0.29906542056074764 0.05703883495145631 0.02336448598130841 0.012135922330097087
3.0 0.3142523364485981 0.05218446601941747 0.02570093457943925 0.012135922330097087
3.0 0.3247663551401869 0.04611650485436893 0.018691588785046728 0.009708737864077669
3.0 0.3189252336448598 0.04611650485436893 0.016355140186915886 0.009708737864077669
3.0 0.054906542056074766 0.33737864077669905 0.02570093457943925 0.043689320388349516
4.0 0.16238317757009346 0.1262135922330097 0.011682242990654205 0.009708737864077669
0.0 0.16121495327102803 0.12864077669902912 0.004672897196261682 0.0048543689320388345
0.0 0.16121495327102803 0.12742718446601942 0.004672897196261682 0.007281553398058253
