0.0 0.9068627450980392 0.6198453608247423 0.0196078431372549 0.04381443298969072
0.0 0.9803921568627451 0.5966494845360825 0.00980392156862745 0.03350515463917526
0.0 0.9779411764705882 0.6030927835051546 0.00980392156862745 0.030927835051546393
3.0 0.9558823529411765 0.4806701030927835 0.014705882352941176 0.06958762886597938
0.0 0.4742647058823529 0.6353092783505154 0.01715686274509804 0.023195876288659795
0.0 0.35171568627450983 0.6314432989690721 0.012254901960784314 0.015463917525773196
3.0 0.8223039215686274 0.30412371134020616 0.031862745098039214 0.04639175257731959
3.0 0.7450980392156863 0.31958762886597936 0.0392156862745098 0.04639175257731959
3.0 0.7156862745098039 0.4020618556701031 0.04411764705882353 0.05154639175257732
3.0 0.7328431372549019 0.32216494845360827 0.029411764705882353 0.03608247422680412
3.0 0.7254901960784313 0.32603092783505155 0.0392156862745098 0.04381443298969072
3.0 0.7156862745098039 0.3286082474226804 0.03431372549019608 0.04381443298969072
3.0 0.6936274509803921 0.3337628865979381 0.03431372549019608 0.04381443298969072
3.0 0.6875 0.33118556701030927 0.031862745098039214 0.03350515463917526
4.0 0.6629901960784313 0.34536082474226804 0.031862745098039214 0.04639175257731959
3.0 0.6519607843137255 0.3479381443298969 0.029411764705882353 0.030927835051546393
3.0 0.6372549019607843 0.34536082474226804 0.029411764705882353 0.03608247422680412
3.0 0.696078431372549 0.40850515463917525 0.0392156862745098 0.04896907216494845
3.0 0.6862745098039216 0.41365979381443296 0.0392156862745098 0.05412371134020619
3.0 0.6740196078431373 0.41365979381443296 0.0392156862745098 0.05412371134020619
3.0 0.6066176470588235 0.42912371134020616 0.041666666666666664 0.04381443298969072
0.0 0.24754901960784315 0.5979381443298969 0.004901960784313725 0.010309278350515464
0.0 0.3321078431372549 0.4793814432989691 0.0024509803921568627 0.010309278350515464
0.0 0.32965686274509803 0.4793814432989691 0.007352941176470588 0.010309278350515464
3.0 0.36887254901960786 0.44716494845360827 0.01715686274509804 0.01804123711340206
3.0 0.36151960784313725 0.4497422680412371 0.012254901960784314 0.023195876288659795
3.0 0.35784313725490197 0.4497422680412371 0.014705882352941176 0.023195876288659795
3.0 0.34558823529411764 0.46005154639175255 0.014705882352941176 0.023195876288659795
3.0 0.9154411764705882 0.7680412371134021 0.051470588235294115 0.07216494845360824
3.0 0.633578431372549 0.854381443298969 0.061274509803921566 0.03865979381443299
0.0 0.19730392156862744 0.7023195876288659 0.007352941176470588 0.007731958762886598
3.0 0.19362745098039216 0.7242268041237113 0.00980392156862745 0.015463917525773196
3.0 0.18872549019607843 0.7448453608247423 0.00980392156862745 0.010309278350515464
3.0 0.20955882352941177 0.7487113402061856 0.012254901960784314 0.01288659793814433
3.0 0.22058823529411764 0.7628865979381443 0.014705882352941176 0.015463917525773196
3.0 0.19362745098039216 0.7564432989690721 0.00980392156862745 0.007731958762886598
3.0 0.19607843137254902 0.7603092783505154 0.00980392156862745 0.010309278350515464
3.0 0.19730392156862744 0.7667525773195877 0.007352941176470588 0.007731958762886598
3.0 0.20098039215686275 0.7731958762886598 0.00980392156862745 0.010309278350515464
3.0 0.2034313725490196 0.7757731958762887 0.00980392156862745 0.010309278350515464
3.0 0.20710784313725492 0.7822164948453608 0.012254901960784314 0.01288659793814433
3.0 0.2107843137254902 0.7899484536082474 0.00980392156862745 0.01288659793814433
3.0 0.21446078431372548 0.7963917525773195 0.012254901960784314 0.015463917525773196
3.0 0.21568627450980393 0.8079896907216495 0.0196078431372549 0.023195876288659795
3.0 0.22916666666666666 0.8260309278350515 0.01715686274509804 0.01804123711340206
4.0 0.21200980392156862 0.8170103092783505 0.02696078431372549 0.02577319587628866
3.0 0.2659313725490196 0.8505154639175257 0.022058823529411766 0.020618556701030927
3.0 0.2769607843137255 0.8608247422680413 0.024509803921568627 0.020618556701030927
3.0 0.2818627450980392 0.8724226804123711 0.024509803921568627 0.023195876288659795
3.0 0.27941176470588236 0.884020618556701 0.029411764705882353 0.020618556701030927
0.0 0.3284313725490196 0.9085051546391752 0.014705882352941176 0.007731958762886598
3.0 0.3002450980392157 0.8853092783505154 0.02696078431372549 0.01804123711340206
3.0 0.28921568627450983 0.8930412371134021 0.029411764705882353 0.023195876288659795
3.0 0.31004901960784315 0.8994845360824743 0.031862745098039214 0.02577319587628866
3.0 0.3480392156862745 0.8930412371134021 0.03431372549019608 0.023195876288659795
3.0 0.2977941176470588 0.9072164948453608 0.02696078431372549 0.020618556701030927
3.0 0.3088235294117647 0.9201030927835051 0.029411764705882353 0.020618556701030927
3.0 0.33088235294117646 0.9213917525773195 0.03431372549019608 0.023195876288659795
3.0 0.35171568627450983 0.9213917525773195 0.031862745098039214 0.023195876288659795
3.0 0.375 0.9381443298969072 0.03431372549019608 0.020618556701030927
3.0 0.39338235294117646 0.9278350515463918 0.03676470588235294 0.020618556701030927
3.0 0.32230392156862747 0.9329896907216495 0.031862745098039214 0.020618556701030927
3.0 0.3639705882352941 0.9510309278350515 0.03676470588235294 0.020618556701030927
4.0 0.3443627450980392 0.9368556701030928 0.03676470588235294 0.023195876288659795
4.0 0.33578431372549017 0.9458762886597938 0.0392156862745098 0.02577319587628866
3.0 0.41299019607843135 0.9458762886597938 0.041666666666666664 0.020618556701030927
3.0 0.4362745098039216 0.9639175257731959 0.04411764705882353 0.020618556701030927
3.0 0.41299019607843135 0.970360824742268 0.03676470588235294 0.01804123711340206
3.0 0.38112745098039214 0.9652061855670103 0.03676470588235294 0.01804123711340206
3.0 0.3492647058823529 0.9600515463917526 0.041666666666666664 0.023195876288659795
3.0 0.36887254901960786 0.9768041237113402 0.041666666666666664 0.020618556701030927
3.0 0.39215686274509803 0.9780927835051546 0.049019607843137254 0.023195876288659795
3.0 0.41299019607843135 0.9884020618556701 0.041666666666666664 0.01288659793814433
3.0 0.4387254901960784 0.9858247422680413 0.04411764705882353 0.01804123711340206
3.0 0.4681372549019608 0.9780927835051546 0.049019607843137254 0.01804123711340206
3.0 0.5036764705882353 0.990979381443299 0.051470588235294115 0.01288659793814433
3.0 0.46078431372549017 0.9935567010309279 0.0392156862745098 0.007731958762886598
0.0 0.1642156862745098 0.845360824742268 0.004901960784313725 0.005154639175257732
0.0 0.16911764705882354 0.8350515463917526 0.004901960784313725 0.005154639175257732
