0.0 0.883177570093458 0.8313106796116505 0.0794392523364486 0.08980582524271845
2.0 0.9813084112149533 0.5679611650485437 0.028037383177570093 0.11165048543689321
0.0 0.9848130841121495 0.4890776699029126 0.011682242990654205 0.12864077669902912
0.0 0.9824766355140186 0.5910194174757282 0.02570093457943925 0.11893203883495146
0.0 0.927570093457944 0.47694174757281554 0.028037383177570093 0.1529126213592233
0.0 0.8960280373831776 0.34101941747572817 0.06775700934579439 0.17718446601941748
0.0 0.8376168224299065 0.3131067961165049 0.10981308411214953 0.23300970873786409
0.0 0.8259345794392523 0.2512135922330097 0.10514018691588785 0.17718446601941748
0.0 0.8364485981308412 0.13106796116504854 0.0514018691588785 0.05825242718446602
0.0 0.852803738317757 0.14320388349514562 0.037383177570093455 0.043689320388349516
0.0 0.8679906542056075 0.16140776699029127 0.0397196261682243 0.050970873786407765
0.0 0.7394859813084113 0.07160194174757281 0.07242990654205607 0.055825242718446605
0.0 0.6892523364485982 0.04733009708737864 0.056074766355140186 0.03640776699029126
0.0 0.5969626168224299 0.013349514563106795 0.035046728971962614 0.01699029126213592
1.0 0.6366822429906542 0.025485436893203883 0.035046728971962614 0.01699029126213592
0.0 0.40420560747663553 0.012135922330097087 0.037383177570093455 0.014563106796116505
0.0 0.3633177570093458 0.021844660194174758 0.0397196261682243 0.019417475728155338
0.0 0.3469626168224299 0.025485436893203883 0.0397196261682243 0.021844660194174758
0.0 0.2838785046728972 0.050970873786407765 0.053738317757009345 0.038834951456310676
0.0 0.25 0.06310679611650485 0.03271028037383177 0.024271844660194174
0.0 0.18925233644859812 0.10800970873786407 0.06074766355140187 0.055825242718446605
0.0 0.308411214953271 0.12864077669902912 0.102803738317757 0.11165048543689321
3.0 0.49883177570093457 0.01699029126213592 0.13317757009345793 0.02912621359223301
9.0 0.5595794392523364 0.03762135922330097 0.10981308411214953 0.03155339805825243
1.0 0.5619158878504673 0.03519417475728155 0.06775700934579439 0.03640776699029126
9.0 0.633177570093458 0.13592233009708737 0.2102803738317757 0.11650485436893204
9.0 0.7593457943925234 0.10679611650485436 0.10747663551401869 0.07766990291262135
1.0 0.7593457943925234 0.10315533980582524 0.0794392523364486 0.0703883495145631
2.0 0.7044392523364486 0.0970873786407767 0.13317757009345793 0.0825242718446602
1.0 0.7044392523364486 0.08859223300970874 0.09579439252336448 0.0703883495145631
1.0 0.727803738317757 0.09344660194174757 0.053738317757009345 0.04611650485436893
2.0 0.30957943925233644 0.7512135922330098 0.17523364485981308 0.25970873786407767
1.0 0.272196261682243 0.6881067961165048 0.17523364485981308 0.25970873786407767
0.0 0.10747663551401869 0.7099514563106796 0.09345794392523364 0.17233009708737865
0.0 0.0969626168224299 0.21359223300970873 0.04906542056074766 0.07766990291262135
0.0 0.04322429906542056 0.38349514563106796 0.04439252336448598 0.13106796116504854
0.0 0.07710280373831775 0.2342233009708738 0.037383177570093455 0.06553398058252427
0.0 0.07476635514018691 0.24393203883495146 0.04205607476635514 0.07524271844660194
1.0 0.04789719626168224 0.2766990291262136 0.030373831775700934 0.06310679611650485
9.0 0.04789719626168224 0.2803398058252427 0.035046728971962614 0.06553398058252427
1.0 0.028037383177570093 0.36893203883495146 0.028037383177570093 0.09223300970873786
8.0 0.12383177570093458 0.26941747572815533 0.2336448598130841 0.34951456310679613
9.0 0.02102803738317757 0.4538834951456311 0.028037383177570093 0.09223300970873786
0.0 0.011682242990654205 0.49514563106796117 0.014018691588785047 0.10194174757281553
0.0 0.02336448598130841 0.5861650485436893 0.03271028037383177 0.12378640776699029
0.0 0.028037383177570093 0.6492718446601942 0.037383177570093455 0.10436893203883495
9.0 0.056074766355140186 0.6868932038834952 0.08411214953271028 0.18932038834951456
0.0 0.04789719626168224 0.7160194174757282 0.04439252336448598 0.08737864077669903
