3.0 0.2034313725490196 0.8646907216494846 0.20098039215686275 0.19845360824742267
3.0 0.8799019607843137 0.8170103092783505 0.1568627450980392 0.18556701030927836
3.0 0.8504901960784313 0.788659793814433 0.20098039215686275 0.23195876288659795
3.0 0.8455882352941176 0.6997422680412371 0.20588235294117646 0.22422680412371135
3.0 0.08088235294117647 0.6958762886597938 0.1323529411764706 0.20618556701030927
3.0 0.020833333333333332 0.4832474226804124 0.03676470588235294 0.09020618556701031
3.0 0.8713235294117647 0.615979381443299 0.14460784313725492 0.1958762886597938
3.0 0.8909313725490197 0.5012886597938144 0.11519607843137254 0.18298969072164947
3.0 0.9669117647058824 0.46005154639175255 0.041666666666666664 0.1056701030927835
3.0 0.8860294117647058 0.35051546391752575 0.12009803921568628 0.14948453608247422
3.0 0.6102941176470589 0.1958762886597938 0.1568627450980392 0.1134020618556701
3.0 0.44362745098039214 0.17010309278350516 0.16666666666666666 0.08762886597938144
3.0 0.36519607843137253 0.125 0.11764705882352941 0.06443298969072164
3.0 0.07107843137254902 0.3646907216494845 0.05392156862745098 0.13144329896907217
3.0 0.07965686274509803 0.30283505154639173 0.051470588235294115 0.09536082474226804
3.0 0.09191176470588236 0.25644329896907214 0.051470588235294115 0.08505154639175258
4.0 0.10416666666666667 0.22293814432989692 0.0661764705882353 0.09536082474226804
3.0 0.09926470588235294 0.21520618556701032 0.03676470588235294 0.04896907216494845
3.0 0.11029411764705882 0.19329896907216496 0.0392156862745098 0.05154639175257732
3.0 0.1053921568627451 0.18943298969072164 0.029411764705882353 0.03865979381443299
3.0 0.1090686274509804 0.1791237113402062 0.02696078431372549 0.03350515463917526
3.0 0.31985294117647056 0.10695876288659793 0.10049019607843138 0.059278350515463915
3.0 0.2855392156862745 0.1018041237113402 0.07107843137254902 0.04896907216494845
3.0 0.2610294117647059 0.09664948453608248 0.0661764705882353 0.04381443298969072
3.0 0.24632352941176472 0.09664948453608248 0.056372549019607844 0.03865979381443299
3.0 0.23529411764705882 0.09536082474226804 0.04411764705882353 0.030927835051546393
3.0 0.20955882352941177 0.10309278350515463 0.04656862745098039 0.03608247422680412
3.0 0.20588235294117646 0.09922680412371133 0.029411764705882353 0.023195876288659795
5.0 0.17401960784313725 0.10824742268041238 0.0392156862745098 0.03608247422680412
3.0 0.15196078431372548 0.1211340206185567 0.014705882352941176 0.015463917525773196
3.0 0.12745098039215685 0.15335051546391754 0.029411764705882353 0.03350515463917526
3.0 0.10661764705882353 0.16752577319587628 0.01715686274509804 0.020618556701030927
3.0 0.10661764705882353 0.16623711340206185 0.01715686274509804 0.023195876288659795
3.0 0.10416666666666667 0.16623711340206185 0.01715686274509804 0.01804123711340206
