3.0 0.4730392156862745 0.6146907216494846 0.07352941176470588 0.04381443298969072
3.0 0.5073529411764706 0.6430412371134021 0.058823529411764705 0.03350515463917526
3.0 0.5355392156862745 0.663659793814433 0.07107843137254902 0.03865979381443299
3.0 0.5514705882352942 0.6842783505154639 0.07352941176470588 0.04381443298969072
3.0 0.6629901960784313 0.6907216494845361 0.056372549019607844 0.04639175257731959
3.0 0.5661764705882353 0.711340206185567 0.06862745098039216 0.041237113402061855
3.0 0.6691176470588235 0.6417525773195877 0.029411764705882353 0.05670103092783505
3.0 0.6752450980392157 0.7126288659793815 0.0661764705882353 0.04896907216494845
0.0 0.004901960784313725 0.49226804123711343 0.0 0.005154639175257732
0.0 0.011029411764705883 0.43427835051546393 0.0024509803921568627 0.007731958762886598
0.0 0.00980392156862745 0.43943298969072164 0.0 0.007731958762886598
0.0 0.012254901960784314 0.4265463917525773 0.0 0.007731958762886598
0.0 0.011029411764705883 0.4252577319587629 0.0024509803921568627 0.005154639175257732
0.0 0.015931372549019607 0.4265463917525773 0.0024509803921568627 0.007731958762886598
0.0 0.01838235294117647 0.422680412371134 0.0024509803921568627 0.005154639175257732
0.0 0.03553921568627451 0.3956185567010309 0.0024509803921568627 0.007731958762886598
