0.0 0.7230392156862745 0.8002577319587629 0.03431372549019608 0.04381443298969072
0.0 0.7634803921568627 0.7860824742268041 0.03676470588235294 0.04639175257731959
0.0 0.7720588235294118 0.7783505154639175 0.029411764705882353 0.041237113402061855
0.0 0.7377450980392157 0.7757731958762887 0.029411764705882353 0.04639175257731959
0.0 0.7512254901960784 0.7667525773195877 0.031862745098039214 0.04896907216494845
0.0 0.5269607843137255 0.7280927835051546 0.029411764705882353 0.04896907216494845
0.0 0.4791666666666667 0.7074742268041238 0.041666666666666664 0.05412371134020619
0.0 0.5134803921568627 0.6945876288659794 0.02696078431372549 0.05412371134020619
0.0 0.5367647058823529 0.6829896907216495 0.029411764705882353 0.05670103092783505
0.0 0.4534313725490196 0.6713917525773195 0.0392156862745098 0.059278350515463915
0.0 0.3235294117647059 0.5528350515463918 0.024509803921568627 0.059278350515463915
0.0 0.6715686274509803 0.17525773195876287 0.0196078431372549 0.030927835051546393
0.0 0.6862745098039216 0.1791237113402062 0.0196078431372549 0.023195876288659795
0.0 0.6948529411764706 0.18427835051546393 0.01715686274509804 0.023195876288659795
0.0 0.7120098039215687 0.17654639175257733 0.01715686274509804 0.023195876288659795
0.0 0.7181372549019608 0.1791237113402062 0.014705882352941176 0.023195876288659795
0.0 0.7242647058823529 0.18041237113402062 0.01715686274509804 0.02577319587628866
0.0 0.7316176470588235 0.18170103092783504 0.01715686274509804 0.023195876288659795
0.0 0.7365196078431373 0.17783505154639176 0.01715686274509804 0.020618556701030927
0.0 0.7426470588235294 0.18041237113402062 0.014705882352941176 0.020618556701030927
0.0 0.6458333333333334 0.11984536082474227 0.01715686274509804 0.01804123711340206
0.0 0.6556372549019608 0.12371134020618557 0.022058823529411766 0.020618556701030927
9.0 0.01838235294117647 0.5451030927835051 0.007352941176470588 0.028350515463917526
1.0 0.01838235294117647 0.538659793814433 0.0024509803921568627 0.02577319587628866
1.0 0.01715686274509804 0.538659793814433 0.004901960784313725 0.020618556701030927
0.0 0.012254901960784314 0.5283505154639175 0.004901960784313725 0.02577319587628866
0.0 0.004901960784313725 0.5180412371134021 0.004901960784313725 0.020618556701030927
0.0 0.0024509803921568627 0.520618556701031 0.004901960784313725 0.020618556701030927
0.0 0.03676470588235294 0.4845360824742268 0.004901960784313725 0.030927835051546393
0.0 0.03431372549019608 0.4845360824742268 0.004901960784313725 0.02577319587628866
6.0 0.8468137254901961 0.2190721649484536 0.031862745098039214 0.03608247422680412
