0.0 0.9399509803921569 0.6739690721649485 0.01715686274509804 0.04381443298969072
9.0 0.7708333333333334 0.8917525773195877 0.056372549019607844 0.05154639175257732
1.0 0.7745098039215687 0.8853092783505154 0.03431372549019608 0.028350515463917526
0.0 0.8602941176470589 0.6018041237113402 0.014705882352941176 0.04896907216494845
0.0 0.866421568627451 0.5940721649484536 0.012254901960784314 0.04896907216494845
0.0 0.7830882352941176 0.5902061855670103 0.02696078431372549 0.07731958762886598
0.0 0.7977941176470589 0.5734536082474226 0.01715686274509804 0.06443298969072164
0.0 0.803921568627451 0.5631443298969072 0.0196078431372549 0.06958762886597938
0.0 0.6997549019607843 0.5760309278350515 0.031862745098039214 0.07989690721649484
0.0 0.7144607843137255 0.5463917525773195 0.02696078431372549 0.07731958762886598
0.0 0.7254901960784313 0.5283505154639175 0.029411764705882353 0.061855670103092786
0.0 0.7291666666666666 0.5219072164948454 0.02696078431372549 0.07474226804123711
0.0 0.6703431372549019 0.5180412371134021 0.031862745098039214 0.08247422680412371
0.0 0.6752450980392157 0.49742268041237114 0.02696078431372549 0.07216494845360824
0.0 0.6200980392156863 0.5038659793814433 0.0392156862745098 0.08505154639175258
0.0 0.41911764705882354 0.40335051546391754 0.024509803921568627 0.06958762886597938
0.0 0.4252450980392157 0.32989690721649484 0.031862745098039214 0.06701030927835051
0.0 0.45098039215686275 0.3286082474226804 0.029411764705882353 0.06443298969072164
0.0 0.4007352941176471 0.29510309278350516 0.031862745098039214 0.04896907216494845
0.0 0.18995098039215685 0.25 0.012254901960784314 0.020618556701030927
0.0 0.19730392156862744 0.24484536082474226 0.022058823529411766 0.03608247422680412
0.0 0.15808823529411764 0.24355670103092783 0.012254901960784314 0.023195876288659795
0.0 0.1409313725490196 0.23969072164948454 0.012254901960784314 0.02577319587628866
0.0 0.15073529411764705 0.23195876288659795 0.012254901960784314 0.020618556701030927
0.0 0.14950980392156862 0.23969072164948454 0.00980392156862745 0.020618556701030927
0.0 0.15318627450980393 0.23324742268041238 0.012254901960784314 0.023195876288659795
0.0 0.3627450980392157 0.13015463917525774 0.0196078431372549 0.01804123711340206
0.0 0.125 0.23969072164948454 0.00980392156862745 0.015463917525773196
0.0 0.12867647058823528 0.23711340206185566 0.012254901960784314 0.020618556701030927
0.0 0.13480392156862744 0.23195876288659795 0.00980392156862745 0.015463917525773196
0.0 0.13725490196078433 0.22938144329896906 0.014705882352941176 0.020618556701030927
0.0 0.023284313725490197 0.43427835051546393 0.0024509803921568627 0.023195876288659795
0.0 0.022058823529411766 0.43041237113402064 0.004901960784313725 0.02577319587628866
0.0 0.05514705882352941 0.2925257731958763 0.007352941176470588 0.01288659793814433
0.0 0.061274509803921566 0.2822164948453608 0.004901960784313725 0.01288659793814433
5.0 0.08700980392156862 0.2706185567010309 0.061274509803921566 0.07731958762886598
0.0 0.05514705882352941 0.2693298969072165 0.0024509803921568627 0.007731958762886598
0.0 0.0625 0.2538659793814433 0.0024509803921568627 0.007731958762886598
0.0 0.07230392156862746 0.2345360824742268 0.0024509803921568627 0.005154639175257732
