4.0 0.005841121495327103 0.4987864077669903 0.007009345794392523 0.03155339805825243
4.0 0.011682242990654205 0.47694174757281554 0.009345794392523364 0.03640776699029126
4.0 0.015186915887850467 0.4830097087378641 0.007009345794392523 0.03398058252427184
4.0 0.017523364485981307 0.4587378640776699 0.007009345794392523 0.02912621359223301
4.0 0.016355140186915886 0.49393203883495146 0.009345794392523364 0.0412621359223301
5.0 0.011682242990654205 0.5121359223300971 0.009345794392523364 0.03398058252427184
0.0 0.02570093457943925 0.44538834951456313 0.004672897196261682 0.021844660194174758
0.0 0.028037383177570093 0.4405339805825243 0.004672897196261682 0.021844660194174758
0.0 0.010514018691588784 0.44538834951456313 0.002336448598130841 0.021844660194174758
0.0 0.015186915887850467 0.4368932038834951 0.002336448598130841 0.019417475728155338
1.0 0.016355140186915886 0.44538834951456313 0.0 0.012135922330097087
3.0 0.0397196261682243 0.6771844660194175 0.037383177570093455 0.0825242718446602
3.0 0.04205607476635514 0.6444174757281553 0.037383177570093455 0.08495145631067962
0.0 0.04789719626168224 0.6432038834951457 0.011682242990654205 0.038834951456310676
0.0 0.054906542056074766 0.6395631067961165 0.011682242990654205 0.0412621359223301
1.0 0.0514018691588785 0.6310679611650486 0.004672897196261682 0.019417475728155338
3.0 0.05724299065420561 0.6043689320388349 0.030373831775700934 0.07766990291262135
3.0 0.08177570093457943 0.7645631067961165 0.028037383177570093 0.043689320388349516
2.0 0.1939252336448598 0.8191747572815534 0.04672897196261682 0.055825242718446605
9.0 0.21962616822429906 0.7864077669902912 0.0514018691588785 0.05339805825242718
4.0 0.3317757009345794 0.8361650485436893 0.205607476635514 0.12864077669902912
4.0 0.4544392523364486 0.8203883495145631 0.23598130841121495 0.09223300970873786
0.0 0.602803738317757 0.8944174757281553 0.037383177570093455 0.02669902912621359
0.0 0.6308411214953271 0.8847087378640777 0.03271028037383177 0.02669902912621359
0.0 0.6355140186915887 0.8725728155339806 0.03271028037383177 0.01699029126213592
0.0 0.6086448598130841 0.8774271844660194 0.030373831775700934 0.01699029126213592
9.0 0.6495327102803738 0.8398058252427184 0.0514018691588785 0.04854368932038835
9.0 0.6880841121495327 0.8349514563106796 0.04906542056074766 0.04854368932038835
6.0 0.7663551401869159 0.8033980582524272 0.11682242990654206 0.09223300970873786
0.0 0.9836448598130841 0.6116504854368932 0.004672897196261682 0.024271844660194174
0.0 0.955607476635514 0.6407766990291263 0.009345794392523364 0.03398058252427184
0.0 0.969626168224299 0.6140776699029126 0.009345794392523364 0.03398058252427184
3.0 0.977803738317757 0.595873786407767 0.02102803738317757 0.055825242718446605
4.0 0.9579439252336449 0.5983009708737864 0.03271028037383177 0.07524271844660194
0.0 0.927570093457944 0.6080097087378641 0.014018691588785047 0.04611650485436893
0.0 0.9264018691588785 0.5995145631067961 0.011682242990654205 0.043689320388349516
0.0 0.919392523364486 0.6116504854368932 0.011682242990654205 0.043689320388349516
0.0 0.9228971962616822 0.5946601941747572 0.014018691588785047 0.043689320388349516
1.0 0.905373831775701 0.6019417475728155 0.011682242990654205 0.03398058252427184
9.0 0.8761682242990654 0.6286407766990292 0.028037383177570093 0.038834951456310676
1.0 0.8761682242990654 0.6225728155339806 0.014018691588785047 0.03155339805825243
0.0 0.8866822429906542 0.5825242718446602 0.011682242990654205 0.05339805825242718
0.0 0.8761682242990654 0.5813106796116505 0.014018691588785047 0.06067961165048544
0.0 0.8714953271028038 0.5618932038834952 0.014018691588785047 0.06553398058252427
1.0 0.8481308411214953 0.5922330097087378 0.02336448598130841 0.05339805825242718
9.0 0.8107476635514018 0.5728155339805825 0.04205607476635514 0.06310679611650485
6.0 0.8352803738317757 0.5364077669902912 0.030373831775700934 0.06310679611650485
2.0 0.8551401869158879 0.4987864077669903 0.02336448598130841 0.03640776699029126
0.0 0.7838785046728972 0.5606796116504854 0.016355140186915886 0.04854368932038835
0.0 0.7570093457943925 0.5922330097087378 0.02336448598130841 0.07766990291262135
0.0 0.75 0.5813106796116505 0.014018691588785047 0.06553398058252427
0.0 0.6413551401869159 0.5825242718446602 0.02570093457943925 0.0825242718446602
0.0 0.6086448598130841 0.5946601941747572 0.02570093457943925 0.05339805825242718
1.0 0.24299065420560748 0.48058252427184467 0.018691588785046728 0.07281553398058252
9.0 0.24299065420560748 0.4878640776699029 0.028037383177570093 0.05339805825242718
0.0 0.49065420560747663 0.5364077669902912 0.028037383177570093 0.07766990291262135
0.0 0.26985981308411217 0.47451456310679613 0.016355140186915886 0.07524271844660194
4.0 0.5280373831775701 0.21723300970873785 0.11682242990654206 0.050970873786407765
4.0 0.6214953271028038 0.20024271844660194 0.08411214953271028 0.050970873786407765
5.0 0.6133177570093458 0.15776699029126215 0.07710280373831775 0.043689320388349516
0.0 0.5981308411214953 0.17597087378640777 0.02336448598130841 0.021844660194174758
0.0 0.5794392523364486 0.1820388349514563 0.014018691588785047 0.024271844660194174
0.0 0.5245327102803738 0.17718446601941748 0.016355140186915886 0.024271844660194174
0.0 0.36565420560747663 0.3118932038834951 0.02102803738317757 0.02669902912621359
1.0 0.45560747663551404 0.25849514563106796 0.018691588785046728 0.03155339805825243
0.0 0.2757009345794392 0.26941747572815533 0.02336448598130841 0.043689320388349516
0.0 0.3037383177570093 0.2657766990291262 0.02336448598130841 0.0412621359223301
0.0 0.3411214953271028 0.2633495145631068 0.028037383177570093 0.04611650485436893
0.0 0.35397196261682246 0.2803398058252427 0.02102803738317757 0.04611650485436893
0.0 0.29439252336448596 0.3276699029126214 0.02336448598130841 0.05825242718446602
0.0 0.22429906542056074 0.3786407766990291 0.02336448598130841 0.05825242718446602
0.0 0.2102803738317757 0.3919902912621359 0.014018691588785047 0.03640776699029126
0.0 0.2336448598130841 0.4320388349514563 0.014018691588785047 0.06310679611650485
0.0 0.2675233644859813 0.40048543689320387 0.02102803738317757 0.06310679611650485
0.0 0.17523364485981308 0.4563106796116505 0.014018691588785047 0.05825242718446602
0.0 0.2091121495327103 0.4441747572815534 0.016355140186915886 0.05825242718446602
0.0 0.14018691588785046 0.45995145631067963 0.009345794392523364 0.055825242718446605
0.0 0.07593457943925233 0.5303398058252428 0.007009345794392523 0.0412621359223301
2.0 0.20794392523364486 0.3580097087378641 0.02336448598130841 0.04611650485436893
1.0 0.1939252336448598 0.41504854368932037 0.018691588785046728 0.05339805825242718
1.0 0.18457943925233644 0.39684466019417475 0.018691588785046728 0.04611650485436893
1.0 0.11799065420560748 0.4672330097087379 0.011682242990654205 0.0412621359223301
1.0 0.09929906542056074 0.5230582524271845 0.007009345794392523 0.0412621359223301
1.0 0.08060747663551401 0.5461165048543689 0.007009345794392523 0.02912621359223301
0.0 0.15654205607476634 0.42354368932038833 0.018691588785046728 0.055825242718446605
0.0 0.17406542056074767 0.4053398058252427 0.011682242990654205 0.038834951456310676
0.0 0.1658878504672897 0.4077669902912621 0.014018691588785047 0.04854368932038835
0.0 0.16822429906542055 0.44781553398058255 0.009345794392523364 0.050970873786407765
0.0 0.16121495327102803 0.3859223300970874 0.014018691588785047 0.038834951456310676
0.0 0.1530373831775701 0.404126213592233 0.011682242990654205 0.0412621359223301
0.0 0.14719626168224298 0.3859223300970874 0.018691588785046728 0.04854368932038835
0.0 0.0969626168224299 0.4830097087378641 0.007009345794392523 0.043689320388349516
2.0 0.09462616822429906 0.49514563106796117 0.002336448598130841 0.02912621359223301
0.0 0.0852803738317757 0.5097087378640777 0.007009345794392523 0.043689320388349516
1.0 0.0794392523364486 0.49393203883495146 0.004672897196261682 0.03155339805825243
9.0 0.08177570093457943 0.5 0.009345794392523364 0.019417475728155338
0.0 0.06542056074766354 0.4830097087378641 0.004672897196261682 0.03398058252427184
9.0 0.1810747663551402 0.345873786407767 0.030373831775700934 0.03640776699029126
9.0 0.42757009345794394 0.19902912621359223 0.03271028037383177 0.019417475728155338
2.0 0.4544392523364486 0.18446601941747573 0.030373831775700934 0.014563106796116505
9.0 0.552570093457944 0.17475728155339806 0.030373831775700934 0.019417475728155338
1.0 0.42990654205607476 0.1941747572815534 0.018691588785046728 0.024271844660194174
0.0 0.4030373831775701 0.20145631067961164 0.02102803738317757 0.024271844660194174
7.0 0.21378504672897197 0.3106796116504854 0.04439252336448598 0.04854368932038835
2.0 0.13551401869158877 0.4211165048543689 0.02336448598130841 0.03640776699029126
9.0 0.20677570093457945 0.8483009708737864 0.0397196261682243 0.0412621359223301
9.0 0.2558411214953271 0.7463592233009708 0.05841121495327103 0.055825242718446605
2.0 0.8516355140186916 0.7694174757281553 0.07710280373831775 0.0825242718446602
9.0 0.9544392523364486 0.5618932038834952 0.011682242990654205 0.03640776699029126
9.0 0.9637850467289719 0.5679611650485437 0.007009345794392523 0.02912621359223301
9.0 0.9766355140186916 0.5716019417475728 0.004672897196261682 0.02669902912621359
2.0 0.977803738317757 0.5752427184466019 0.007009345794392523 0.02912621359223301
