3.0 0.7316176470588235 0.8324742268041238 0.1642156862745098 0.15463917525773196
3.0 0.571078431372549 0.9033505154639175 0.20098039215686275 0.13659793814432988
4.0 0.6225490196078431 0.7654639175257731 0.17647058823529413 0.1958762886597938
3.0 0.1568627450980392 0.6945876288659794 0.16176470588235295 0.15721649484536082
3.0 0.1556372549019608 0.788659793814433 0.1642156862745098 0.17525773195876287
3.0 0.20098039215686275 0.8414948453608248 0.21568627450980393 0.18814432989690721
3.0 0.7708333333333334 0.6855670103092784 0.12009803921568628 0.15979381443298968
0.0 0.7230392156862745 0.729381443298969 0.06862745098039216 0.14432989690721648
3.0 0.9166666666666666 0.7255154639175257 0.08823529411764706 0.14690721649484537
3.0 0.9583333333333334 0.6288659793814433 0.058823529411764705 0.1134020618556701
3.0 0.9607843137254902 0.5914948453608248 0.049019607843137254 0.09020618556701031
3.0 0.9534313725490197 0.5721649484536082 0.049019607843137254 0.08762886597938144
3.0 0.9399509803921569 0.5463917525773195 0.056372549019607844 0.07731958762886598
3.0 0.9387254901960784 0.5128865979381443 0.049019607843137254 0.08762886597938144
3.0 0.9007352941176471 0.40850515463917525 0.0661764705882353 0.07474226804123711
3.0 0.7303921568627451 0.422680412371134 0.10784313725490197 0.11855670103092783
3.0 0.6262254901960784 0.634020618556701 0.15441176470588236 0.16494845360824742
3.0 0.633578431372549 0.4536082474226804 0.12009803921568628 0.15463917525773196
3.0 0.33578431372549017 0.5605670103092784 0.13725490196078433 0.16752577319587628
3.0 0.3492647058823529 0.44716494845360827 0.10049019607843138 0.11082474226804123
3.0 0.3541666666666667 0.36082474226804123 0.10049019607843138 0.10824742268041238
4.0 0.38235294117647056 0.2809278350515464 0.07352941176470588 0.10824742268041238
3.0 0.4019607843137255 0.21391752577319587 0.07352941176470588 0.061855670103092786
0.0 0.4791666666666667 0.3015463917525773 0.03676470588235294 0.07731958762886598
0.0 0.4387254901960784 0.3002577319587629 0.0392156862745098 0.07474226804123711
3.0 0.5759803921568627 0.25128865979381443 0.0784313725490196 0.06958762886597938
3.0 0.5563725490196079 0.16881443298969073 0.058823529411764705 0.03865979381443299
3.0 0.8884803921568627 0.3801546391752577 0.061274509803921566 0.07474226804123711
3.0 0.8468137254901961 0.31829896907216493 0.08088235294117647 0.07989690721649484
3.0 0.8223039215686274 0.28865979381443296 0.08088235294117647 0.07216494845360824
3.0 0.7830882352941176 0.24097938144329897 0.07598039215686274 0.059278350515463915
3.0 0.7524509803921569 0.211340206185567 0.0784313725490196 0.05154639175257732
3.0 0.7254901960784313 0.1958762886597938 0.07352941176470588 0.04639175257731959
3.0 0.5821078431372549 0.14948453608247422 0.061274509803921566 0.030927835051546393
3.0 0.11274509803921569 0.836340206185567 0.09313725490196079 0.10051546391752578
