3.0 0.06372549019607843 0.5412371134020618 0.0196078431372549 0.03608247422680412
3.0 0.0857843137254902 0.44072164948453607 0.024509803921568627 0.03608247422680412
3.0 0.09191176470588236 0.41365979381443296 0.02696078431372549 0.03350515463917526
3.0 0.1017156862745098 0.38788659793814434 0.031862745098039214 0.04381443298969072
3.0 0.1017156862745098 0.3646907216494845 0.02696078431372549 0.03350515463917526
3.0 0.11397058823529412 0.34536082474226804 0.02696078431372549 0.030927835051546393
3.0 0.16911764705882354 0.23582474226804123 0.03431372549019608 0.03350515463917526
3.0 0.17401960784313725 0.19845360824742267 0.0196078431372549 0.020618556701030927
3.0 0.44730392156862747 0.6585051546391752 0.061274509803921566 0.09536082474226804
3.0 0.6433823529411765 0.17654639175257733 0.031862745098039214 0.028350515463917526
3.0 0.5955882352941176 0.12628865979381443 0.024509803921568627 0.015463917525773196
3.0 0.5992647058823529 0.1172680412371134 0.041666666666666664 0.01804123711340206
8.0 0.3014705882352941 0.09536082474226804 0.03431372549019608 0.02577319587628866
8.0 0.4803921568627451 0.02577319587628866 0.014705882352941176 0.005154639175257732
5.0 0.5612745098039216 0.04639175257731959 0.03431372549019608 0.010309278350515464
5.0 0.5220588235294118 0.03865979381443299 0.014705882352941176 0.005154639175257732
5.0 0.5122549019607843 0.02190721649484536 0.014705882352941176 0.007731958762886598
3.0 0.5919117647058824 0.061855670103092786 0.02696078431372549 0.010309278350515464
3.0 0.5919117647058824 0.06056701030927835 0.022058823529411766 0.007731958762886598
3.0 0.6262254901960784 0.059278350515463915 0.022058823529411766 0.010309278350515464
3.0 0.6200980392156863 0.055412371134020616 0.024509803921568627 0.007731958762886598
3.0 0.6176470588235294 0.05412371134020619 0.024509803921568627 0.010309278350515464
3.0 0.6053921568627451 0.045103092783505154 0.0196078431372549 0.007731958762886598
3.0 0.6017156862745098 0.04252577319587629 0.022058823529411766 0.007731958762886598
3.0 0.5931372549019608 0.03865979381443299 0.0196078431372549 0.005154639175257732
3.0 0.6053921568627451 0.04639175257731959 0.0196078431372549 0.005154639175257732
3.0 0.6274509803921569 0.04639175257731959 0.00980392156862745 0.005154639175257732
3.0 0.6446078431372549 0.05670103092783505 0.00980392156862745 0.005154639175257732
3.0 0.6151960784313726 0.03865979381443299 0.00980392156862745 0.005154639175257732
3.0 0.5551470588235294 0.01675257731958763 0.012254901960784314 0.002577319587628866
3.0 0.5526960784313726 0.01675257731958763 0.012254901960784314 0.002577319587628866
0.0 0.4852941176470588 0.03479381443298969 0.004901960784313725 0.002577319587628866
0.0 0.5073529411764706 0.03479381443298969 0.004901960784313725 0.002577319587628866
3.0 0.5110294117647058 0.04381443298969072 0.012254901960784314 0.005154639175257732
3.0 0.4583333333333333 0.01675257731958763 0.004901960784313725 0.002577319587628866
9.0 0.49264705882352944 0.04768041237113402 0.004901960784313725 0.002577319587628866
9.0 0.4681372549019608 0.059278350515463915 0.014705882352941176 0.005154639175257732
0.0 0.4497549019607843 0.05670103092783505 0.007352941176470588 0.005154639175257732
9.0 0.4803921568627451 0.04252577319587629 0.004901960784313725 0.002577319587628866
9.0 0.678921568627451 0.20747422680412372 0.024509803921568627 0.01804123711340206
9.0 0.6715686274509803 0.1791237113402062 0.024509803921568627 0.01804123711340206
9.0 0.7634803921568627 0.35695876288659795 0.02696078431372549 0.03350515463917526
9.0 0.7046568627450981 0.22422680412371135 0.012254901960784314 0.020618556701030927
5.0 0.6875 0.5335051546391752 0.04656862745098039 0.0979381443298969
9.0 0.8100490196078431 0.625 0.02696078431372549 0.03350515463917526
9.0 0.7990196078431373 0.5425257731958762 0.0196078431372549 0.03350515463917526
9.0 0.8014705882352942 0.5231958762886598 0.0196078431372549 0.02577319587628866
3.0 0.8063725490196079 0.6791237113402062 0.05392156862745098 0.059278350515463915
5.0 0.5134803921568627 0.45103092783505155 0.07107843137254902 0.13402061855670103
5.0 0.4534313725490196 0.9072164948453608 0.07352941176470588 0.06701030927835051
9.0 0.5514705882352942 0.9304123711340206 0.014705882352941176 0.015463917525773196
9.0 0.5379901960784313 0.990979381443299 0.01715686274509804 0.007731958762886598
1.0 0.5367647058823529 0.9896907216494846 0.00980392156862745 0.005154639175257732
1.0 0.5502450980392157 0.9304123711340206 0.012254901960784314 0.010309278350515464
9.0 0.09803921568627451 0.3286082474226804 0.00980392156862745 0.01804123711340206
9.0 0.09926470588235294 0.32216494845360827 0.007352941176470588 0.015463917525773196
9.0 0.11151960784313726 0.28737113402061853 0.012254901960784314 0.01804123711340206
0.0 0.6188725490196079 0.14304123711340205 0.01715686274509804 0.01288659793814433
1.0 0.4693627450980392 0.05798969072164949 0.007352941176470588 0.002577319587628866
5.0 0.4730392156862745 0.014175257731958763 0.00980392156862745 0.002577319587628866
