4.0 0.9182242990654206 0.7839805825242718 0.04672897196261682 0.06796116504854369
3.0 0.7955607476635514 0.883495145631068 0.08644859813084112 0.06796116504854369
3.0 0.6016355140186916 0.9587378640776699 0.12850467289719625 0.03398058252427184
3.0 0.45560747663551404 0.9660194174757282 0.13551401869158877 0.019417475728155338
3.0 0.28154205607476634 0.9235436893203883 0.08177570093457943 0.0412621359223301
3.0 0.19509345794392524 0.8774271844660194 0.07710280373831775 0.06067961165048544
4.0 0.08411214953271028 0.7803398058252428 0.04672897196261682 0.06067961165048544
3.0 0.056074766355140186 0.7475728155339806 0.014018691588785047 0.02912621359223301
3.0 0.7429906542056075 0.5024271844660194 0.21962616822429906 0.14563106796116504
3.0 0.735981308411215 0.18325242718446602 0.1308411214953271 0.08495145631067962
3.0 0.4848130841121495 0.13470873786407767 0.1705607476635514 0.03640776699029126
3.0 0.1927570093457944 0.24514563106796117 0.07710280373831775 0.07281553398058252
3.0 0.012850467289719626 0.38470873786407767 0.007009345794392523 0.02669902912621359
3.0 0.026869158878504672 0.3604368932038835 0.016355140186915886 0.0412621359223301
3.0 0.08060747663551401 0.29854368932038833 0.0397196261682243 0.06310679611650485
4.0 0.14485981308411214 0.23786407766990292 0.0794392523364486 0.08737864077669903
0.0 0.6810747663551402 0.12257281553398058 0.02102803738317757 0.021844660194174758
9.0 0.6413551401869159 0.14441747572815533 0.0397196261682243 0.03640776699029126
9.0 0.35630841121495327 0.14684466019417475 0.04906542056074766 0.02669902912621359
9.0 0.375 0.13106796116504854 0.04439252336448598 0.019417475728155338
9.0 0.2044392523364486 0.1966019417475728 0.030373831775700934 0.03398058252427184
2.0 0.2219626168224299 0.18932038834951456 0.028037383177570093 0.03398058252427184
2.0 0.2324766355140187 0.18689320388349515 0.030373831775700934 0.038834951456310676
2.0 0.2546728971962617 0.17597087378640777 0.03271028037383177 0.03640776699029126
2.0 0.26985981308411217 0.16868932038834952 0.02570093457943925 0.03155339805825243
9.0 0.286214953271028 0.16140776699029127 0.030373831775700934 0.03155339805825243
1.0 0.2838785046728972 0.15898058252427186 0.02570093457943925 0.021844660194174758
1.0 0.9450934579439252 0.3313106796116505 0.02570093457943925 0.050970873786407765
1.0 0.9789719626168224 0.3786407766990291 0.018691588785046728 0.043689320388349516
0.0 0.9450934579439252 0.30339805825242716 0.011682242990654205 0.024271844660194174
9.0 0.27453271028037385 0.9114077669902912 0.04906542056074766 0.02669902912621359
1.0 0.27453271028037385 0.9114077669902912 0.030373831775700934 0.01699029126213592
0.0 0.7558411214953271 0.904126213592233 0.02102803738317757 0.012135922330097087
0.0 0.7675233644859814 0.8919902912621359 0.02102803738317757 0.01699029126213592
