5.0 0.8590686274509803 0.7803867403314917 0.16911764705882354 0.2845303867403315
4.0 0.8970588235294118 0.8066298342541437 0.07352941176470588 0.11602209944751381
4.0 0.02696078431372549 0.5248618784530387 0.014705882352941176 0.055248618784530384
5.0 0.04411764705882353 0.425414364640884 0.03431372549019608 0.12154696132596685
5.0 0.07475490196078431 0.32734806629834257 0.04656862745098039 0.09668508287292818
5.0 0.5269607843137255 0.05386740331491713 0.06862745098039216 0.04696132596685083
5.0 0.7598039215686274 0.10497237569060773 0.07352941176470588 0.0718232044198895
4.0 0.4730392156862745 0.029005524861878452 0.03431372549019608 0.019337016574585635
3.0 0.6850490196078431 0.04143646408839779 0.031862745098039214 0.022099447513812154
3.0 0.6801470588235294 0.08149171270718232 0.04656862745098039 0.03591160220994475
3.0 0.7696078431372549 0.16298342541436464 0.058823529411764705 0.0718232044198895
3.0 0.7365196078431373 0.18232044198895028 0.0661764705882353 0.08839779005524862
1.0 0.9583333333333334 0.6049723756906077 0.004901960784313725 0.016574585635359115
0.0 0.9571078431372549 0.5994475138121547 0.0024509803921568627 0.0055248618784530384
0.0 0.9730392156862745 0.585635359116022 0.004901960784313725 0.022099447513812154
1.0 0.9656862745098039 0.6187845303867403 0.004901960784313725 0.011049723756906077
1.0 0.9718137254901961 0.5524861878453039 0.0024509803921568627 0.016574585635359115
1.0 0.9681372549019608 0.5593922651933702 0.004901960784313725 0.019337016574585635
1.0 0.9705882352941176 0.5566298342541437 0.004901960784313725 0.024861878453038673
1.0 0.9583333333333334 0.7113259668508287 0.004901960784313725 0.013812154696132596
1.0 0.9583333333333334 0.7030386740331491 0.004901960784313725 0.013812154696132596
1.0 0.9632352941176471 0.6988950276243094 0.004901960784313725 0.016574585635359115
0.0 0.9938725490196079 0.5759668508287292 0.0024509803921568627 0.013812154696132596
0.0 0.9607843137254902 0.5787292817679558 0.004901960784313725 0.024861878453038673
0.0 0.9889705882352942 0.48480662983425415 0.0024509803921568627 0.019337016574585635
1.0 0.9583333333333334 0.46408839779005523 0.004901960784313725 0.022099447513812154
1.0 0.9571078431372549 0.46408839779005523 0.0024509803921568627 0.016574585635359115
1.0 0.9546568627450981 0.4654696132596685 0.0024509803921568627 0.019337016574585635
1.0 0.9522058823529411 0.468232044198895 0.0024509803921568627 0.019337016574585635
1.0 0.9522058823529411 0.44751381215469616 0.0024509803921568627 0.022099447513812154
0.0 0.9522058823529411 0.31629834254143646 0.007352941176470588 0.019337016574585635
0.0 0.9754901960784313 0.39088397790055246 0.004901960784313725 0.013812154696132596
0.0 0.9424019607843137 0.3411602209944751 0.007352941176470588 0.019337016574585635
0.0 0.9375 0.3314917127071823 0.007352941176470588 0.022099447513812154
0.0 0.8774509803921569 0.20718232044198895 0.00980392156862745 0.022099447513812154
0.0 0.8872549019607843 0.23895027624309392 0.00980392156862745 0.019337016574585635
0.0 0.8296568627450981 0.13535911602209943 0.007352941176470588 0.011049723756906077
0.0 0.9019607843137255 0.2154696132596685 0.00980392156862745 0.016574585635359115
0.0 0.8394607843137255 0.15193370165745856 0.007352941176470588 0.011049723756906077
1.0 0.9325980392156863 0.2941988950276243 0.007352941176470588 0.013812154696132596
1.0 0.9522058823529411 0.4530386740331492 0.0024509803921568627 0.016574585635359115
