3.0 0.4357476635514019 0.0048543689320388345 0.02102803738317757 0.0048543689320388345
3.0 0.4462616822429907 0.006067961165048544 0.02336448598130841 0.007281553398058253
3.0 0.4088785046728972 0.010922330097087379 0.02336448598130841 0.007281553398058253
5.0 0.5245327102803738 0.012135922330097087 0.035046728971962614 0.009708737864077669
4.0 0.4614485981308411 0.08009708737864078 0.08177570093457943 0.043689320388349516
5.0 0.5747663551401869 0.9186893203883495 0.29906542056074764 0.15776699029126215
5.0 0.02336448598130841 0.5157766990291263 0.037383177570093455 0.14320388349514562
0.0 0.01985981308411215 0.5546116504854369 0.007009345794392523 0.04611650485436893
0.0 0.0397196261682243 0.47815533980582525 0.009345794392523364 0.05825242718446602
3.0 0.015186915887850467 0.4368932038834951 0.02102803738317757 0.06310679611650485
3.0 0.016355140186915886 0.3774271844660194 0.014018691588785047 0.0412621359223301
4.0 0.02570093457943925 0.3446601941747573 0.02336448598130841 0.05825242718446602
3.0 0.04322429906542056 0.30339805825242716 0.030373831775700934 0.05339805825242718
3.0 0.0911214953271028 0.21723300970873785 0.037383177570093455 0.050970873786407765
3.0 0.11448598130841121 0.18446601941747573 0.03271028037383177 0.038834951456310676
4.0 0.12967289719626168 0.16868932038834952 0.0397196261682243 0.0412621359223301
4.0 0.13551401869158877 0.16019417475728157 0.03271028037383177 0.03398058252427184
3.0 0.1425233644859813 0.15169902912621358 0.03271028037383177 0.03155339805825243
3.0 0.12383177570093458 0.16262135922330098 0.02336448598130841 0.02912621359223301
4.0 0.1413551401869159 0.14199029126213591 0.02570093457943925 0.02669902912621359
3.0 0.13901869158878505 0.14199029126213591 0.02570093457943925 0.02669902912621359
3.0 0.16822429906542055 0.11529126213592233 0.02336448598130841 0.021844660194174758
7.0 0.20327102803738317 0.08980582524271845 0.018691588785046728 0.014563106796116505
9.0 0.11214953271028037 0.17597087378640777 0.009345794392523364 0.012135922330097087
