0.0 0.0857843137254902 0.7320441988950276 0.014705882352941176 0.03314917127071823
0.0 0.07720588235294118 0.7016574585635359 0.012254901960784314 0.027624309392265192
0.0 0.11274509803921569 0.738950276243094 0.014705882352941176 0.03038674033149171
3.0 0.4105392156862745 0.8729281767955801 0.13970588235294118 0.055248618784530384
3.0 0.8676470588235294 0.7955801104972375 0.06372549019607843 0.0718232044198895
3.0 0.9178921568627451 0.75 0.04656862745098039 0.06906077348066299
8.0 0.8455882352941176 0.7044198895027625 0.10784313725490197 0.11602209944751381
9.0 0.2806372549019608 0.6892265193370166 0.041666666666666664 0.058011049723756904
1.0 0.2806372549019608 0.68646408839779 0.02696078431372549 0.04143646408839779
4.0 0.06004901960784314 0.36464088397790057 0.012254901960784314 0.027624309392265192
3.0 0.06740196078431372 0.36464088397790057 0.012254901960784314 0.027624309392265192
3.0 0.07230392156862746 0.3743093922651934 0.012254901960784314 0.03038674033149171
3.0 0.07598039215686274 0.3839779005524862 0.014705882352941176 0.027624309392265192
3.0 0.08088235294117647 0.39502762430939226 0.014705882352941176 0.03314917127071823
3.0 0.08700980392156862 0.42265193370165743 0.012254901960784314 0.03314917127071823
8.0 0.9852941176470589 0.5842541436464088 0.024509803921568627 0.09116022099447514
5.0 0.9240196078431373 0.4654696132596685 0.029411764705882353 0.10220994475138122
5.0 0.8774509803921569 0.4558011049723757 0.049019607843137254 0.11602209944751381
4.0 0.7928921568627451 0.4143646408839779 0.056372549019607844 0.07734806629834254
4.0 0.7487745098039216 0.38812154696132595 0.0661764705882353 0.0856353591160221
