0.0 0.8811274509803921 0.3853092783505155 0.007352941176470588 0.01804123711340206
0.0 0.8235294117647058 0.4497422680412371 0.00980392156862745 0.028350515463917526
0.0 0.7879901960784313 0.34149484536082475 0.012254901960784314 0.023195876288659795
0.0 0.8100490196078431 0.33634020618556704 0.007352941176470588 0.023195876288659795
0.0 0.8517156862745098 0.37628865979381443 0.007352941176470588 0.020618556701030927
0.0 0.8517156862745098 0.33505154639175255 0.007352941176470588 0.015463917525773196
0.0 0.875 0.37628865979381443 0.004901960784313725 0.015463917525773196
0.0 0.8321078431372549 0.30670103092783507 0.007352941176470588 0.020618556701030927
0.0 0.8259803921568627 0.3337628865979381 0.00980392156862745 0.01804123711340206
0.0 0.7107843137254902 0.2757731958762887 0.0196078431372549 0.02577319587628866
0.0 0.6924019607843137 0.3582474226804124 0.012254901960784314 0.030927835051546393
0.0 0.6311274509803921 0.38917525773195877 0.01715686274509804 0.03608247422680412
0.0 0.7095588235294118 0.4368556701030928 0.012254901960784314 0.028350515463917526
0.0 0.7058823529411765 0.4162371134020619 0.00980392156862745 0.03350515463917526
0.0 0.7830882352941176 0.3247422680412371 0.007352941176470588 0.020618556701030927
0.0 0.8223039215686274 0.32216494845360827 0.007352941176470588 0.020618556701030927
0.0 0.8799019607843137 0.37757731958762886 0.004901960784313725 0.01804123711340206
0.0 0.5735294117647058 0.35051546391752575 0.014705882352941176 0.030927835051546393
0.0 0.8443627450980392 0.2757731958762887 0.007352941176470588 0.015463917525773196
0.0 0.22794117647058823 0.17010309278350516 0.00980392156862745 0.010309278350515464
0.0 0.24632352941176472 0.15335051546391754 0.007352941176470588 0.01288659793814433
0.0 0.23284313725490197 0.15721649484536082 0.00980392156862745 0.010309278350515464
0.0 0.21691176470588236 0.1791237113402062 0.007352941176470588 0.01288659793814433
0.0 0.2193627450980392 0.1791237113402062 0.007352941176470588 0.01288659793814433
0.0 0.4950980392156863 0.11984536082474227 0.00980392156862745 0.007731958762886598
0.0 0.5931372549019608 0.12886597938144329 0.00980392156862745 0.010309278350515464
0.0 0.5808823529411765 0.09922680412371133 0.004901960784313725 0.007731958762886598
