3.0 0.9522058823529411 0.31077348066298344 0.031862745098039214 0.07458563535911603
3.0 0.9546568627450981 0.26519337016574585 0.031862745098039214 0.06629834254143646
5.0 0.8823529411764706 0.19475138121546962 0.08823529411764706 0.13535911602209943
1.0 0.6102941176470589 0.835635359116022 0.04411764705882353 0.03038674033149171
1.0 0.6384803921568627 0.8232044198895028 0.03676470588235294 0.027624309392265192
0.0 0.31862745098039214 0.7182320441988951 0.0392156862745098 0.03867403314917127
0.0 0.3284313725490196 0.7513812154696132 0.04411764705882353 0.04419889502762431
0.0 0.37745098039215685 0.5966850828729282 0.0392156862745098 0.06629834254143646
0.0 0.27450980392156865 0.5331491712707183 0.0196078431372549 0.055248618784530384
0.0 0.2769607843137255 0.5428176795580111 0.0196078431372549 0.052486187845303865
0.0 0.29901960784313725 0.5193370165745856 0.014705882352941176 0.055248618784530384
0.0 0.35049019607843135 0.46685082872928174 0.029411764705882353 0.06629834254143646
0.0 0.8921568627450981 0.6035911602209945 0.00980392156862745 0.04143646408839779
0.0 0.4252450980392157 0.2527624309392265 0.02696078431372549 0.03038674033149171
0.0 0.42401960784313725 0.2361878453038674 0.024509803921568627 0.024861878453038673
0.0 0.7046568627450981 0.1408839779005525 0.022058823529411766 0.027624309392265192
0.0 0.7205882352941176 0.16298342541436464 0.014705882352941176 0.016574585635359115
1.0 0.6507352941176471 0.049723756906077346 0.02696078431372549 0.011049723756906077
0.0 0.6507352941176471 0.04419889502762431 0.007352941176470588 0.0055248618784530384
0.0 0.6556372549019608 0.04558011049723757 0.01715686274509804 0.013812154696132596
0.0 0.6691176470588235 0.04834254143646409 0.014705882352941176 0.013812154696132596
0.0 0.6507352941176471 0.031767955801104975 0.01715686274509804 0.013812154696132596
0.0 0.633578431372549 0.027624309392265192 0.01715686274509804 0.011049723756906077
0.0 0.5784313725490197 0.04143646408839779 0.014705882352941176 0.016574585635359115
0.0 0.3235294117647059 0.10497237569060773 0.0196078431372549 0.022099447513812154
0.0 0.37254901960784315 0.07320441988950276 0.014705882352941176 0.019337016574585635
0.0 0.3946078431372549 0.05110497237569061 0.0196078431372549 0.019337016574585635
0.0 0.36151960784313725 0.020718232044198894 0.012254901960784314 0.013812154696132596
0.0 0.42401960784313725 0.009668508287292817 0.014705882352941176 0.008287292817679558
0.0 0.5392156862745098 0.019337016574585635 0.004901960784313725 0.0055248618784530384
0.0 0.5392156862745098 0.024861878453038673 0.004901960784313725 0.0055248618784530384
0.0 0.5477941176470589 0.017955801104972375 0.007352941176470588 0.008287292817679558
0.0 0.5355392156862745 0.013812154696132596 0.007352941176470588 0.0055248618784530384
0.0 0.5428921568627451 0.009668508287292817 0.007352941176470588 0.008287292817679558
0.0 0.5245098039215687 0.011049723756906077 0.004901960784313725 0.0055248618784530384
0.0 0.5318627450980392 0.004143646408839779 0.00980392156862745 0.0027624309392265192
0.0 0.5857843137254902 0.09668508287292818 0.014705882352941176 0.022099447513812154
0.0 0.5943627450980392 0.09668508287292818 0.012254901960784314 0.016574585635359115
0.0 0.5980392156862745 0.10359116022099447 0.00980392156862745 0.013812154696132596
0.0 0.6066176470588235 0.11187845303867404 0.022058823529411766 0.024861878453038673
0.0 0.9080882352941176 0.5787292817679558 0.007352941176470588 0.03038674033149171
0.0 0.9093137254901961 0.5939226519337016 0.014705882352941176 0.03867403314917127
0.0 0.6495098039215687 0.026243093922651933 0.00980392156862745 0.008287292817679558
0.0 0.6580882352941176 0.03038674033149171 0.01715686274509804 0.011049723756906077
