3.0 0.00857843137254902 0.48195876288659795 0.007352941176470588 0.041237113402061855
3.0 0.8872549019607843 0.6211340206185567 0.03431372549019608 0.0979381443298969
3.0 0.9313725490196079 0.6739690721649485 0.03431372549019608 0.07474226804123711
3.0 0.9816176470588235 0.5644329896907216 0.012254901960784314 0.05154639175257732
3.0 0.9583333333333334 0.6958762886597938 0.024509803921568627 0.061855670103092786
3.0 0.9424019607843137 0.6881443298969072 0.031862745098039214 0.06701030927835051
3.0 0.8308823529411765 0.5747422680412371 0.0392156862745098 0.0979381443298969
4.0 0.9644607843137255 0.5966494845360825 0.022058823529411766 0.059278350515463915
3.0 0.12377450980392157 0.22551546391752578 0.02696078431372549 0.03865979381443299
3.0 0.1409313725490196 0.20747422680412372 0.02696078431372549 0.03350515463917526
4.0 0.08823529411764706 0.20103092783505155 0.0196078431372549 0.02577319587628866
0.0 0.4644607843137255 0.037371134020618556 0.0024509803921568627 0.002577319587628866
