4.0 0.616822429906542 0.014563106796116505 0.028037383177570093 0.009708737864077669
3.0 0.633177570093458 0.024271844660194174 0.037383177570093455 0.014563106796116505
0.0 0.6600467289719626 0.03762135922330097 0.016355140186915886 0.012135922330097087
4.0 0.8049065420560748 0.14805825242718446 0.08644859813084112 0.0825242718446602
4.0 0.9042056074766355 0.2949029126213592 0.07009345794392523 0.1383495145631068
3.0 0.9497663551401869 0.42839805825242716 0.035046728971962614 0.13349514563106796
8.0 0.9123831775700935 0.7135922330097088 0.1658878504672897 0.3446601941747573
3.0 0.6939252336448598 0.1262135922330097 0.09345794392523364 0.07281553398058252
3.0 0.6787383177570093 0.22815533980582525 0.12850467289719625 0.1407766990291262
3.0 0.13551401869158877 0.20024271844660194 0.056074766355140186 0.07524271844660194
3.0 0.0852803738317757 0.2936893203883495 0.04906542056074766 0.10194174757281553
3.0 0.03271028037383177 0.47815533980582525 0.018691588785046728 0.12135922330097088
4.0 0.036214953271028034 0.6092233009708737 0.04906542056074766 0.16990291262135923
0.0 0.30257009345794394 0.04247572815533981 0.02102803738317757 0.012135922330097087
