3.0 0.18137254901960784 0.6104972375690608 0.03431372549019608 0.0718232044198895
3.0 0.3860294117647059 0.7154696132596685 0.051470588235294115 0.0718232044198895
3.0 0.3125 0.8729281767955801 0.051470588235294115 0.055248618784530384
4.0 0.6323529411764706 0.830110497237569 0.06862745098039216 0.07458563535911603
3.0 0.3786764705882353 0.569060773480663 0.03676470588235294 0.0718232044198895
3.0 0.2757352941176471 0.6201657458563536 0.03676470588235294 0.06353591160220995
3.0 0.2696078431372549 0.6947513812154696 0.05392156862745098 0.08011049723756906
3.0 0.2757352941176471 0.5552486187845304 0.031862745098039214 0.055248618784530384
4.0 0.27818627450980393 0.48480662983425415 0.022058823529411766 0.058011049723756904
3.0 0.31862745098039214 0.3743093922651934 0.0392156862745098 0.052486187845303865
3.0 0.3909313725490196 0.22375690607734808 0.031862745098039214 0.027624309392265192
3.0 0.4325980392156863 0.19060773480662985 0.02696078431372549 0.027624309392265192
3.0 0.4056372549019608 0.16298342541436464 0.022058823529411766 0.027624309392265192
3.0 0.4007352941176471 0.462707182320442 0.03676470588235294 0.07458563535911603
3.0 0.3235294117647059 0.15193370165745856 0.024509803921568627 0.022099447513812154
3.0 0.3639705882352941 0.12845303867403315 0.022058823529411766 0.019337016574585635
3.0 0.35661764705882354 0.106353591160221 0.022058823529411766 0.013812154696132596
3.0 0.3909313725490196 0.08839779005524862 0.01715686274509804 0.016574585635359115
3.0 0.3786764705882353 0.08011049723756906 0.01715686274509804 0.011049723756906077
3.0 0.43504901960784315 0.03314917127071823 0.007352941176470588 0.0055248618784530384
3.0 0.4387254901960784 0.027624309392265192 0.00980392156862745 0.0055248618784530384
3.0 0.4632352941176471 0.029005524861878452 0.00980392156862745 0.0027624309392265192
3.0 0.44730392156862747 0.019337016574585635 0.007352941176470588 0.0055248618784530384
8.0 0.46568627450980393 0.013812154696132596 0.014705882352941176 0.011049723756906077
3.0 0.4522058823529412 0.012430939226519336 0.007352941176470588 0.0027624309392265192
3.0 0.3590686274509804 0.05110497237569061 0.012254901960784314 0.008287292817679558
3.0 0.3897058823529412 0.04143646408839779 0.00980392156862745 0.0055248618784530384
3.0 0.3762254901960784 0.03867403314917127 0.007352941176470588 0.0055248618784530384
3.0 0.38848039215686275 0.027624309392265192 0.007352941176470588 0.0055248618784530384
3.0 0.4105392156862745 0.020718232044198894 0.007352941176470588 0.0027624309392265192
3.0 0.41911764705882354 0.013812154696132596 0.00980392156862745 0.0055248618784530384
3.0 0.4068627450980392 0.016574585635359115 0.004901960784313725 0.0055248618784530384
3.0 0.45588235294117646 0.008287292817679558 0.004901960784313725 0.0
3.0 0.3174019607843137 0.08839779005524862 0.01715686274509804 0.011049723756906077
3.0 0.26838235294117646 0.1850828729281768 0.022058823529411766 0.022099447513812154
3.0 0.34068627450980393 0.07044198895027624 0.014705882352941176 0.008287292817679558
3.0 0.2855392156862745 0.12430939226519337 0.012254901960784314 0.011049723756906077
8.0 0.22426470588235295 0.1671270718232044 0.03676470588235294 0.052486187845303865
3.0 0.44730392156862747 0.30386740331491713 0.051470588235294115 0.04419889502762431
4.0 0.39215686274509803 0.8964088397790055 0.049019607843137254 0.052486187845303865
3.0 0.16053921568627452 0.8522099447513812 0.04656862745098039 0.058011049723756904
0.0 0.05024509803921569 0.7361878453038674 0.007352941176470588 0.013812154696132596
0.0 0.0428921568627451 0.7265193370165746 0.007352941176470588 0.016574585635359115
0.0 0.061274509803921566 0.7071823204419889 0.004901960784313725 0.016574585635359115
0.0 0.09191176470588236 0.7251381215469613 0.007352941176470588 0.013812154696132596
0.0 0.09068627450980392 0.7292817679558011 0.00980392156862745 0.022099447513812154
