3.0 0.07352941176470588 0.7667525773195877 0.09803921568627451 0.17783505154639176
3.0 0.020833333333333332 0.46649484536082475 0.041666666666666664 0.11855670103092783
3.0 0.01715686274509804 0.3917525773195876 0.03431372549019608 0.1134020618556701
3.0 0.21446078431372548 0.14304123711340205 0.08088235294117647 0.07989690721649484
3.0 0.27450980392156865 0.04896907216494845 0.04411764705882353 0.02577319587628866
3.0 0.3946078431372549 0.014175257731958763 0.04411764705882353 0.01804123711340206
3.0 0.42034313725490197 0.014175257731958763 0.061274509803921566 0.01804123711340206
3.0 0.5036764705882353 0.020618556701030927 0.07107843137254902 0.015463917525773196
3.0 0.3860294117647059 0.03479381443298969 0.07598039215686274 0.028350515463917526
3.0 0.6311274509803921 0.06056701030927835 0.11029411764705882 0.04896907216494845
4.0 0.7071078431372549 0.1018041237113402 0.11029411764705882 0.07989690721649484
3.0 0.48161764705882354 0.0979381443298969 0.15441176470588236 0.05670103092783505
3.0 0.5465686274509803 0.2603092783505155 0.20588235294117646 0.1958762886597938
3.0 0.3443627450980392 0.17268041237113402 0.14460784313725492 0.12886597938144329
3.0 0.2928921568627451 0.32989690721649484 0.17401960784313725 0.26804123711340205
3.0 0.3333333333333333 0.6507731958762887 0.2549019607843137 0.4097938144329897
3.0 0.8590686274509803 0.36211340206185566 0.1053921568627451 0.2036082474226804
3.0 0.8737745098039216 0.7164948453608248 0.17401960784313725 0.30412371134020616
3.0 0.8688725490196079 0.21262886597938144 0.1053921568627451 0.11082474226804123
3.0 0.17401960784313725 0.10309278350515463 0.03431372549019608 0.02577319587628866
