0.0 0.7696078431372549 0.2886740331491713 0.024509803921568627 0.04696132596685083
9.0 0.866421568627451 0.2154696132596685 0.022058823529411766 0.03314917127071823
0.0 0.866421568627451 0.1712707182320442 0.012254901960784314 0.016574585635359115
0.0 0.8700980392156863 0.17679558011049723 0.00980392156862745 0.016574585635359115
0.0 0.8725490196078431 0.16160220994475138 0.00980392156862745 0.013812154696132596
0.0 0.8786764705882353 0.16574585635359115 0.012254901960784314 0.016574585635359115
0.0 0.8811274509803921 0.16988950276243095 0.012254901960784314 0.019337016574585635
5.0 0.8946078431372549 0.1919889502762431 0.0392156862745098 0.058011049723756904
5.0 0.8995098039215687 0.1850828729281768 0.029411764705882353 0.04419889502762431
4.0 0.9007352941176471 0.18093922651933703 0.022058823529411766 0.03038674033149171
3.0 0.9068627450980392 0.1781767955801105 0.0196078431372549 0.024861878453038673
