3.0 0.47313084112149534 0.962378640776699 0.10981308411214953 0.0412621359223301
4.0 0.5 0.8240291262135923 0.14953271028037382 0.11893203883495146
4.0 0.5747663551401869 0.5922330097087378 0.14485981308411214 0.21359223300970873
3.0 0.3516355140186916 0.5716019417475728 0.12850467289719625 0.20145631067961164
3.0 0.6273364485981309 0.3762135922330097 0.1378504672897196 0.16019417475728157
3.0 0.41939252336448596 0.10072815533980582 0.07242990654205607 0.03155339805825243
1.0 0.7862149532710281 0.13592233009708737 0.016355140186915886 0.019417475728155338
9.0 0.7897196261682243 0.1407766990291262 0.02336448598130841 0.019417475728155338
1.0 0.4719626168224299 0.05339805825242718 0.014018691588785047 0.0048543689320388345
6.0 0.4719626168224299 0.05703883495145631 0.018691588785046728 0.007281553398058253
1.0 0.6039719626168224 0.023058252427184466 0.007009345794392523 0.0024271844660194173
9.0 0.6039719626168224 0.024271844660194174 0.007009345794392523 0.0048543689320388345
3.0 0.5934579439252337 0.025485436893203883 0.02336448598130841 0.007281553398058253
3.0 0.647196261682243 0.02063106796116505 0.018691588785046728 0.007281553398058253
3.0 0.6203271028037384 0.013349514563106795 0.02570093457943925 0.007281553398058253
1.0 0.41238317757009346 0.038834951456310676 0.011682242990654205 0.0048543689320388345
9.0 0.4100467289719626 0.04247572815533981 0.011682242990654205 0.007281553398058253
4.0 0.4357476635514019 0.03519417475728155 0.0397196261682243 0.01699029126213592
5.0 0.4766355140186916 0.03155339805825243 0.056074766355140186 0.024271844660194174
3.0 0.4497663551401869 0.027912621359223302 0.02102803738317757 0.007281553398058253
3.0 0.4602803738317757 0.024271844660194174 0.02336448598130841 0.0048543689320388345
3.0 0.5023364485981309 0.024271844660194174 0.02336448598130841 0.0048543689320388345
3.0 0.5151869158878505 0.019417475728155338 0.02102803738317757 0.0048543689320388345
3.0 0.4848130841121495 0.019417475728155338 0.02102803738317757 0.0048543689320388345
4.0 0.49182242990654207 0.01699029126213592 0.02102803738317757 0.0048543689320388345
4.0 0.5163551401869159 0.01699029126213592 0.02336448598130841 0.0048543689320388345
3.0 0.5046728971962616 0.013349514563106795 0.014018691588785047 0.0024271844660194173
5.0 0.5023364485981309 0.010922330097087379 0.018691588785046728 0.0024271844660194173
4.0 0.5058411214953271 0.00849514563106796 0.011682242990654205 0.0024271844660194173
3.0 0.5175233644859814 0.00849514563106796 0.016355140186915886 0.0024271844660194173
3.0 0.5338785046728972 0.012135922330097087 0.016355140186915886 0.0048543689320388345
3.0 0.5408878504672897 0.00849514563106796 0.016355140186915886 0.0024271844660194173
3.0 0.5467289719626168 0.006067961165048544 0.014018691588785047 0.0024271844660194173
5.0 0.5198598130841121 0.007281553398058253 0.02102803738317757 0.0048543689320388345
5.0 0.5280373831775701 0.0036407766990291263 0.02336448598130841 0.007281553398058253
5.0 0.5350467289719626 0.0024271844660194173 0.02336448598130841 0.0048543689320388345
8.0 0.5502336448598131 0.0036407766990291263 0.02102803738317757 0.007281553398058253
1.0 0.1366822429906542 0.1796116504854369 0.011682242990654205 0.014563106796116505
9.0 0.13551401869158877 0.18325242718446602 0.014018691588785047 0.01699029126213592
3.0 0.008177570093457943 0.4429611650485437 0.011682242990654205 0.04611650485436893
7.0 0.014018691588785047 0.37985436893203883 0.009345794392523364 0.03640776699029126
3.0 0.04906542056074766 0.2682038834951456 0.014018691588785047 0.02669902912621359
