0.0 0.21244131455399062 0.09487179487179487 0.02112676056338028 0.020512820512820513
3.0 0.05868544600938967 0.7153846153846154 0.08450704225352113 0.18974358974358974
3.0 0.09389671361502347 0.7371794871794872 0.12206572769953052 0.2282051282051282
3.0 0.11854460093896714 0.717948717948718 0.13849765258215962 0.24615384615384617
3.0 0.17253521126760563 0.7064102564102565 0.1807511737089202 0.28974358974358977
3.0 0.284037558685446 0.6628205128205128 0.27230046948356806 0.32051282051282054
3.0 0.4753521126760563 0.5487179487179488 0.4154929577464789 0.358974358974359
3.0 0.6643192488262911 0.49615384615384617 0.3192488262910798 0.34102564102564104
3.0 0.7805164319248826 0.4115384615384615 0.21830985915492956 0.2743589743589744
3.0 0.8368544600938967 0.35128205128205126 0.15258215962441316 0.21025641025641026
3.0 0.8943661971830986 0.358974358974359 0.09389671361502347 0.15897435897435896
3.0 0.9096244131455399 0.33974358974358976 0.08215962441314555 0.14615384615384616
4.0 0.9178403755868545 0.3141025641025641 0.07042253521126761 0.13076923076923078
3.0 0.926056338028169 0.30641025641025643 0.06338028169014084 0.11538461538461539
3.0 0.9389671361502347 0.3141025641025641 0.051643192488262914 0.1
3.0 0.9389671361502347 0.2987179487179487 0.046948356807511735 0.08974358974358974
7.0 0.8755868544600939 0.8102564102564103 0.11267605633802817 0.15384615384615385
