3.0 0.38235294117647056 0.7983425414364641 0.09803921568627451 0.13812154696132597
3.0 0.5183823529411765 0.6035911602209945 0.08088235294117647 0.1464088397790055
3.0 0.7279411764705882 0.5842541436464088 0.058823529411764705 0.12430939226519337
4.0 0.7058823529411765 0.2541436464088398 0.05392156862745098 0.08287292817679558
3.0 0.6801470588235294 0.15193370165745856 0.041666666666666664 0.04419889502762431
4.0 0.6740196078431373 0.09116022099447514 0.029411764705882353 0.027624309392265192
3.0 0.5367647058823529 0.04419889502762431 0.0196078431372549 0.011049723756906077
3.0 0.6176470588235294 0.027624309392265192 0.0196078431372549 0.011049723756906077
4.0 0.5845588235294118 0.006906077348066298 0.022058823529411766 0.008287292817679558
9.0 0.6446078431372549 0.04834254143646409 0.00980392156862745 0.008287292817679558
1.0 0.6433823529411765 0.04696132596685083 0.007352941176470588 0.0055248618784530384
3.0 0.9546568627450981 0.31353591160220995 0.01715686274509804 0.03038674033149171
