0.0 0.7512254901960784 0.9317010309278351 0.02696078431372549 0.023195876288659795
0.0 0.8075980392156863 0.8595360824742269 0.031862745098039214 0.03865979381443299
0.0 0.8529411764705882 0.8105670103092784 0.029411764705882353 0.03865979381443299
0.0 0.8982843137254902 0.7268041237113402 0.01715686274509804 0.03608247422680412
0.0 0.9473039215686274 0.5798969072164949 0.007352941176470588 0.041237113402061855
0.0 0.9497549019607843 0.5798969072164949 0.007352941176470588 0.03608247422680412
0.0 0.9240196078431373 0.25257731958762886 0.004901960784313725 0.010309278350515464
0.0 0.9252450980392157 0.25902061855670105 0.007352941176470588 0.01288659793814433
0.0 0.9264705882352942 0.2603092783505155 0.004901960784313725 0.010309278350515464
0.0 0.9387254901960784 0.2809278350515464 0.004901960784313725 0.010309278350515464
0.0 0.9411764705882353 0.28737113402061853 0.004901960784313725 0.01288659793814433
0.0 0.946078431372549 0.30670103092783507 0.004901960784313725 0.015463917525773196
0.0 0.9411764705882353 0.3079896907216495 0.004901960784313725 0.01288659793814433
0.0 0.946078431372549 0.31443298969072164 0.004901960784313725 0.015463917525773196
0.0 0.9436274509803921 0.30670103092783507 0.004901960784313725 0.015463917525773196
0.0 0.9387254901960784 0.2847938144329897 0.004901960784313725 0.01288659793814433
3.0 0.8995098039215687 0.21262886597938144 0.00980392156862745 0.01288659793814433
4.0 0.8321078431372549 0.14948453608247422 0.012254901960784314 0.010309278350515464
8.0 0.7830882352941176 0.11855670103092783 0.03676470588235294 0.02577319587628866
3.0 0.758578431372549 0.1056701030927835 0.01715686274509804 0.010309278350515464
1.0 0.8553921568627451 0.2538659793814433 0.00980392156862745 0.01804123711340206
9.0 0.8578431372549019 0.25902061855670105 0.014705882352941176 0.01804123711340206
0.0 0.06495098039215687 0.24871134020618557 0.0024509803921568627 0.007731958762886598
0.0 0.0661764705882353 0.24742268041237114 0.004901960784313725 0.010309278350515464
0.0 0.07230392156862746 0.24097938144329897 0.0024509803921568627 0.007731958762886598
0.0 0.07352941176470588 0.24097938144329897 0.004901960784313725 0.007731958762886598
8.0 0.12622549019607843 0.16494845360824742 0.01715686274509804 0.015463917525773196
0.0 0.05514705882352941 0.28350515463917525 0.007352941176470588 0.015463917525773196
0.0 0.051470588235294115 0.2912371134020619 0.004901960784313725 0.015463917525773196
1.0 0.1556372549019608 0.16108247422680413 0.007352941176470588 0.007731958762886598
1.0 0.16911764705882354 0.15206185567010308 0.004901960784313725 0.005154639175257732
9.0 0.16789215686274508 0.15335051546391754 0.007352941176470588 0.007731958762886598
9.0 0.15441176470588236 0.163659793814433 0.00980392156862745 0.007731958762886598
0.0 0.10661764705882353 0.19845360824742267 0.0024509803921568627 0.005154639175257732
3.0 0.29411764705882354 0.08118556701030928 0.03431372549019608 0.01804123711340206
3.0 0.26348039215686275 0.2706185567010309 0.08088235294117647 0.06701030927835051
3.0 0.28799019607843135 0.2770618556701031 0.0661764705882353 0.05412371134020619
3.0 0.3321078431372549 0.27835051546391754 0.09068627450980392 0.07216494845360824
3.0 0.39705882352941174 0.27319587628865977 0.0784313725490196 0.06701030927835051
3.0 0.4571078431372549 0.2757731958762887 0.10049019607843138 0.07731958762886598
3.0 0.5367647058823529 0.29381443298969073 0.08823529411764706 0.061855670103092786
3.0 0.6078431372549019 0.3079896907216495 0.09313725490196079 0.06958762886597938
3.0 0.7071078431372549 0.3402061855670103 0.09068627450980392 0.08247422680412371
3.0 0.22426470588235295 0.43170103092783507 0.07107843137254902 0.10051546391752578
3.0 0.3762254901960784 0.47164948453608246 0.13480392156862744 0.12371134020618557
3.0 0.5024509803921569 0.4845360824742268 0.18137254901960784 0.0979381443298969
