4.0 0.17524509803921567 0.1134020618556701 0.07107843137254902 0.06701030927835051
0.0 0.03431372549019608 0.40335051546391754 0.0196078431372549 0.06443298969072164
0.0 0.06004901960784314 0.759020618556701 0.031862745098039214 0.04896907216494845
1.0 0.19607843137254902 0.8878865979381443 0.04411764705882353 0.03865979381443299
0.0 0.3333333333333333 0.9639175257731959 0.0392156862745098 0.02577319587628866
7.0 0.2622549019607843 0.9213917525773195 0.16666666666666666 0.11082474226804123
1.0 0.6691176470588235 0.9652061855670103 0.049019607843137254 0.023195876288659795
0.0 0.5294117647058824 0.9110824742268041 0.04411764705882353 0.028350515463917526
0.0 0.44730392156862747 0.9162371134020618 0.051470588235294115 0.03350515463917526
9.0 0.2267156862745098 0.8157216494845361 0.11519607843137254 0.1211340206185567
7.0 0.17769607843137256 0.5425257731958762 0.11029411764705882 0.327319587628866
0.0 0.14950980392156862 0.20231958762886598 0.03431372549019608 0.04896907216494845
0.0 0.20220588235294118 0.17654639175257733 0.041666666666666664 0.05412371134020619
0.0 0.2855392156862745 0.13144329896907217 0.03676470588235294 0.041237113402061855
0.0 0.31495098039215685 0.15206185567010308 0.04656862745098039 0.05154639175257732
0.0 0.4950980392156863 0.14690721649484537 0.03431372549019608 0.05154639175257732
1.0 0.46200980392156865 0.18814432989690721 0.0661764705882353 0.05670103092783505
9.0 0.4571078431372549 0.19974226804123713 0.061274509803921566 0.07989690721649484
5.0 0.35784313725490197 0.08762886597938144 0.14705882352941177 0.10824742268041238
4.0 0.8198529411764706 0.15077319587628865 0.09068627450980392 0.1056701030927835
0.0 0.8186274509803921 0.09922680412371133 0.0196078431372549 0.01804123711340206
0.0 0.8443627450980392 0.12242268041237113 0.022058823529411766 0.023195876288659795
7.0 0.7769607843137255 0.27448453608247425 0.11764705882352941 0.10051546391752578
5.0 0.8995098039215687 0.49742268041237114 0.06372549019607843 0.41237113402061853
