3.0 0.45098039215686275 0.7087628865979382 0.0784313725490196 0.10824742268041238
3.0 0.23651960784313725 0.07989690721649484 0.007352941176470588 0.005154639175257732
3.0 0.23897058823529413 0.08376288659793814 0.022058823529411766 0.01288659793814433
3.0 0.3088235294117647 0.04768041237113402 0.014705882352941176 0.007731958762886598
9.0 0.2426470588235294 0.07345360824742268 0.00980392156862745 0.007731958762886598
0.0 0.24632352941176472 0.06701030927835051 0.0024509803921568627 0.005154639175257732
0.0 0.2659313725490196 0.06572164948453608 0.007352941176470588 0.007731958762886598
0.0 0.2806372549019608 0.07860824742268041 0.007352941176470588 0.007731958762886598
3.0 0.22058823529411764 0.10438144329896908 0.024509803921568627 0.01804123711340206
3.0 0.2512254901960784 0.11469072164948453 0.03676470588235294 0.023195876288659795
0.0 0.19240196078431374 0.15463917525773196 0.007352941176470588 0.010309278350515464
0.0 0.17892156862745098 0.163659793814433 0.004901960784313725 0.007731958762886598
0.0 0.17401960784313725 0.16494845360824742 0.004901960784313725 0.005154639175257732
0.0 0.19607843137254902 0.1327319587628866 0.004901960784313725 0.007731958762886598
0.0 0.19117647058823528 0.13530927835051546 0.004901960784313725 0.007731958762886598
0.0 0.19730392156862744 0.16108247422680413 0.007352941176470588 0.01288659793814433
0.0 0.1642156862745098 0.18298969072164947 0.004901960784313725 0.010309278350515464
0.0 0.14338235294117646 0.2706185567010309 0.007352941176470588 0.015463917525773196
0.0 0.13848039215686275 0.29381443298969073 0.007352941176470588 0.020618556701030927
0.0 0.16176470588235295 0.18170103092783504 0.004901960784313725 0.007731958762886598
0.0 0.16666666666666666 0.16881443298969073 0.004901960784313725 0.007731958762886598
0.0 0.09313725490196079 0.35051546391752575 0.004901960784313725 0.015463917525773196
0.0 0.08823529411764706 0.5425257731958762 0.004901960784313725 0.023195876288659795
4.0 0.39338235294117646 0.8402061855670103 0.1053921568627451 0.15463917525773196
9.0 0.3541666666666667 0.8969072164948454 0.03676470588235294 0.03608247422680412
0.0 0.21446078431372548 0.31056701030927836 0.012254901960784314 0.03865979381443299
3.0 0.3284313725490196 0.041237113402061855 0.014705882352941176 0.010309278350515464
3.0 0.38848039215686275 0.01288659793814433 0.01715686274509804 0.005154639175257732
3.0 0.4056372549019608 0.010309278350515464 0.01715686274509804 0.005154639175257732
3.0 0.44362745098039214 0.015463917525773196 0.00980392156862745 0.005154639175257732
4.0 0.42892156862745096 0.03221649484536082 0.03431372549019608 0.007731958762886598
3.0 0.43995098039215685 0.03608247422680412 0.031862745098039214 0.005154639175257732
3.0 0.4411764705882353 0.041237113402061855 0.0392156862745098 0.010309278350515464
3.0 0.4583333333333333 0.05283505154639175 0.0392156862745098 0.007731958762886598
3.0 0.46200980392156865 0.05670103092783505 0.04656862745098039 0.010309278350515464
3.0 0.45955882352941174 0.06314432989690721 0.04656862745098039 0.01288659793814433
3.0 0.46568627450980393 0.08118556701030928 0.049019607843137254 0.01288659793814433
3.0 0.4963235294117647 0.08247422680412371 0.041666666666666664 0.010309278350515464
3.0 0.5012254901960784 0.09149484536082474 0.041666666666666664 0.01288659793814433
0.0 0.3602941176470588 0.04639175257731959 0.004901960784313725 0.005154639175257732
0.0 0.5098039215686274 0.059278350515463915 0.004901960784313725 0.005154639175257732
0.0 0.5012254901960784 0.059278350515463915 0.0024509803921568627 0.005154639175257732
0.0 0.49019607843137253 0.059278350515463915 0.004901960784313725 0.005154639175257732
4.0 0.6102941176470589 0.11597938144329897 0.0392156862745098 0.02577319587628866
4.0 0.7022058823529411 0.35695876288659795 0.09558823529411764 0.07989690721649484
0.0 0.7512254901960784 0.25644329896907214 0.012254901960784314 0.023195876288659795
3.0 0.6678921568627451 0.3002577319587629 0.09558823529411764 0.06443298969072164
3.0 0.7732843137254902 0.5876288659793815 0.09068627450980392 0.09278350515463918
3.0 0.8014705882352942 0.8427835051546392 0.0784313725490196 0.09278350515463918
3.0 0.7867647058823529 0.33118556701030927 0.049019607843137254 0.07474226804123711
