3.0 0.4693627450980392 0.9458762886597938 0.0857843137254902 0.04639175257731959
3.0 0.6446078431372549 0.8943298969072165 0.11274509803921569 0.07731958762886598
3.0 0.5343137254901961 0.8930412371134021 0.08823529411764706 0.059278350515463915
3.0 0.41299019607843135 0.8711340206185567 0.0857843137254902 0.07216494845360824
3.0 0.48651960784313725 0.8260309278350515 0.08088235294117647 0.06958762886597938
3.0 0.6041666666666666 0.8350515463917526 0.11029411764705882 0.09278350515463918
4.0 0.3737745098039216 0.7873711340206185 0.0857843137254902 0.10051546391752578
3.0 0.44607843137254904 0.7332474226804123 0.08333333333333333 0.1056701030927835
3.0 0.5600490196078431 0.7487113402061856 0.1053921568627451 0.09536082474226804
3.0 0.3284313725490196 0.6971649484536082 0.07352941176470588 0.1056701030927835
3.0 0.49387254901960786 0.6533505154639175 0.09558823529411764 0.1056701030927835
3.0 0.4019607843137255 0.6404639175257731 0.07352941176470588 0.10051546391752578
3.0 0.3161764705882353 0.604381443298969 0.06862745098039216 0.09536082474226804
3.0 0.45465686274509803 0.5657216494845361 0.09068627450980392 0.1056701030927835
3.0 0.3014705882352941 0.5219072164948454 0.049019607843137254 0.08505154639175258
3.0 0.3872549019607843 0.41365979381443296 0.06372549019607843 0.09536082474226804
3.0 0.3112745098039216 0.4497422680412371 0.05392156862745098 0.07989690721649484
3.0 0.3075980392156863 0.36855670103092786 0.056372549019607844 0.07731958762886598
3.0 0.3627450980392157 0.32087628865979384 0.049019607843137254 0.059278350515463915
3.0 0.3541666666666667 0.2422680412371134 0.041666666666666664 0.041237113402061855
3.0 0.30514705882352944 0.27448453608247425 0.041666666666666664 0.04896907216494845
3.0 0.30514705882352944 0.23195876288659795 0.031862745098039214 0.03608247422680412
3.0 0.30269607843137253 0.21778350515463918 0.031862745098039214 0.03350515463917526
3.0 0.27328431372549017 0.24355670103092783 0.03676470588235294 0.04381443298969072
3.0 0.33578431372549017 0.18943298969072164 0.03431372549019608 0.028350515463917526
3.0 0.39215686274509803 0.15463917525773196 0.029411764705882353 0.015463917525773196
3.0 0.3174019607843137 0.16108247422680413 0.022058823529411766 0.01804123711340206
3.0 0.3235294117647059 0.14175257731958762 0.0196078431372549 0.015463917525773196
3.0 0.31985294117647056 0.13402061855670103 0.01715686274509804 0.010309278350515464
3.0 0.3333333333333333 0.10438144329896908 0.014705882352941176 0.007731958762886598
3.0 0.3713235294117647 0.10051546391752578 0.01715686274509804 0.010309278350515464
3.0 0.37745098039215685 0.09149484536082474 0.014705882352941176 0.007731958762886598
3.0 0.3700980392156863 0.09149484536082474 0.0196078431372549 0.007731958762886598
1.0 0.27450980392156865 0.2667525773195876 0.014705882352941176 0.01804123711340206
9.0 0.2708333333333333 0.2847938144329897 0.01715686274509804 0.03350515463917526
1.0 0.2267156862745098 0.5309278350515464 0.012254901960784314 0.02577319587628866
1.0 0.24632352941176472 0.5322164948453608 0.01715686274509804 0.028350515463917526
1.0 0.23651960784313725 0.6198453608247423 0.01715686274509804 0.03350515463917526
1.0 0.2426470588235294 0.586340206185567 0.024509803921568627 0.04896907216494845
9.0 0.22794117647058823 0.5554123711340206 0.014705882352941176 0.03350515463917526
9.0 0.25 0.5605670103092784 0.014705882352941176 0.028350515463917526
9.0 0.23897058823529413 0.5914948453608248 0.01715686274509804 0.028350515463917526
9.0 0.24142156862745098 0.6507731958762887 0.01715686274509804 0.03865979381443299
1.0 0.3541666666666667 0.9664948453608248 0.01715686274509804 0.010309278350515464
1.0 0.35661764705882354 0.9639175257731959 0.022058823529411766 0.010309278350515464
1.0 0.34681372549019607 0.9484536082474226 0.02696078431372549 0.020618556701030927
1.0 0.34068627450980393 0.9420103092783505 0.0196078431372549 0.01288659793814433
1.0 0.40318627450980393 0.9561855670103093 0.02696078431372549 0.015463917525773196
1.0 0.37254901960784315 0.9523195876288659 0.024509803921568627 0.01288659793814433
9.0 0.35049019607843135 0.9536082474226805 0.029411764705882353 0.020618556701030927
9.0 0.37745098039215685 0.9600515463917526 0.024509803921568627 0.01288659793814433
9.0 0.4105392156862745 0.9664948453608248 0.022058823529411766 0.015463917525773196
9.0 0.3602941176470588 0.9729381443298969 0.0196078431372549 0.01288659793814433
0.0 0.8602941176470589 0.8492268041237113 0.0196078431372549 0.028350515463917526
0.0 0.7267156862745098 0.5463917525773195 0.01715686274509804 0.061855670103092786
0.0 0.5698529411764706 0.3440721649484536 0.01715686274509804 0.04381443298969072
0.0 0.5772058823529411 0.34536082474226804 0.01715686274509804 0.04639175257731959
1.0 0.3382352941176471 0.8994845360824743 0.0196078431372549 0.015463917525773196
9.0 0.3431372549019608 0.9085051546391752 0.029411764705882353 0.01804123711340206
9.0 0.8406862745098039 0.8788659793814433 0.0392156862745098 0.03608247422680412
1.0 0.8492647058823529 0.8698453608247423 0.022058823529411766 0.023195876288659795
