3.0 0.19362745098039216 0.1477900552486188 0.04411764705882353 0.058011049723756904
3.0 0.17401960784313725 0.19889502762430938 0.0392156862745098 0.06077348066298342
3.0 0.16544117647058823 0.25 0.041666666666666664 0.06906077348066299
3.0 0.3161764705882353 0.5082872928176796 0.11274509803921569 0.13259668508287292
3.0 0.3786764705882353 0.4516574585635359 0.11519607843137254 0.12430939226519337
3.0 0.43504901960784315 0.6477900552486188 0.15441176470588236 0.12430939226519337
3.0 0.17892156862745098 0.7375690607734806 0.06372549019607843 0.11602209944751381
3.0 0.22303921568627452 0.7596685082872928 0.06372549019607843 0.10497237569060773
3.0 0.5355392156862745 0.457182320441989 0.13970588235294118 0.1298342541436464
3.0 0.7340686274509803 0.8011049723756906 0.11519607843137254 0.11049723756906077
3.0 0.8002450980392157 0.8149171270718232 0.09068627450980392 0.10497237569060773
3.0 0.8345588235294118 0.835635359116022 0.07598039215686274 0.09116022099447514
3.0 0.9105392156862745 0.8052486187845304 0.04656862745098039 0.06906077348066299
3.0 0.9154411764705882 0.7734806629834254 0.04656862745098039 0.07734806629834254
3.0 0.9338235294117647 0.7831491712707183 0.029411764705882353 0.04696132596685083
3.0 0.06004901960784314 0.6878453038674033 0.02696078431372549 0.04419889502762431
3.0 0.06495098039215687 0.7113259668508287 0.031862745098039214 0.04696132596685083
3.0 0.07107843137254902 0.7348066298342542 0.03431372549019608 0.055248618784530384
3.0 0.09068627450980392 0.7886740331491713 0.03431372549019608 0.06353591160220995
3.0 0.06372549019607843 0.7430939226519337 0.03431372549019608 0.055248618784530384
3.0 0.07107843137254902 0.7679558011049724 0.03431372549019608 0.049723756906077346
3.0 0.07475490196078431 0.7859116022099447 0.03676470588235294 0.052486187845303865
3.0 0.0821078431372549 0.8052486187845304 0.03676470588235294 0.04696132596685083
3.0 0.10294117647058823 0.8232044198895028 0.03431372549019608 0.049723756906077346
4.0 0.27450980392156865 0.3453038674033149 0.10294117647058823 0.13259668508287292
4.0 0.5428921568627451 0.5814917127071824 0.12990196078431374 0.1298342541436464
4.0 0.6875 0.5718232044198895 0.125 0.15469613259668508
4.0 0.6286764705882353 0.7361878453038674 0.13970588235294118 0.1298342541436464
4.0 0.7928921568627451 0.7403314917127072 0.09558823529411764 0.1270718232044199
4.0 0.8848039215686274 0.7375690607734806 0.06372549019607843 0.10497237569060773
4.0 0.8541666666666666 0.7058011049723757 0.07107843137254902 0.11878453038674033
4.0 0.8553921568627451 0.7803867403314917 0.07352941176470588 0.10220994475138122
4.0 0.8872549019607843 0.7997237569060773 0.06372549019607843 0.09116022099447514
5.0 0.8676470588235294 0.8370165745856354 0.0784313725490196 0.09944751381215469
4.0 0.6507352941176471 0.8342541436464088 0.12990196078431374 0.10497237569060773
8.0 0.6899509803921569 0.6823204419889503 0.17401960784313725 0.17679558011049723
8.0 0.2193627450980392 0.3397790055248619 0.16911764705882354 0.2541436464088398
0.0 0.34191176470588236 0.09944751381215469 0.022058823529411766 0.016574585635359115
0.0 0.3737745098039216 0.08425414364640885 0.01715686274509804 0.013812154696132596
0.0 0.38357843137254904 0.04419889502762431 0.012254901960784314 0.011049723756906077
