0.0 0.4362745098039216 0.07474226804123711 0.004901960784313725 0.005154639175257732
0.0 0.4178921568627451 0.07989690721649484 0.007352941176470588 0.005154639175257732
0.0 0.44730392156862747 0.07216494845360824 0.0024509803921568627 0.005154639175257732
3.0 0.27205882352941174 0.2538659793814433 0.04411764705882353 0.05412371134020619
3.0 0.2916666666666667 0.22551546391752578 0.03431372549019608 0.03865979381443299
3.0 0.3125 0.19716494845360824 0.031862745098039214 0.03350515463917526
3.0 0.32965686274509803 0.1713917525773196 0.03676470588235294 0.03350515463917526
3.0 0.34068627450980393 0.15077319587628865 0.024509803921568627 0.01804123711340206
0.0 0.27941176470588236 0.20489690721649484 0.00980392156862745 0.01804123711340206
0.0 0.22058823529411764 0.27963917525773196 0.00980392156862745 0.023195876288659795
0.0 0.2916666666666667 0.17783505154639176 0.00980392156862745 0.015463917525773196
3.0 0.17279411764705882 0.5219072164948454 0.041666666666666664 0.1056701030927835
3.0 0.15808823529411764 0.6984536082474226 0.0661764705882353 0.1134020618556701
3.0 0.3762254901960784 0.8556701030927835 0.11029411764705882 0.11855670103092783
3.0 0.7230392156862745 0.8054123711340206 0.09803921568627451 0.09536082474226804
3.0 0.7083333333333334 0.42010309278350516 0.058823529411764705 0.08247422680412371
3.0 0.6090686274509803 0.48582474226804123 0.07107843137254902 0.13144329896907217
3.0 0.5183823529411765 0.15335051546391754 0.03676470588235294 0.023195876288659795
3.0 0.6348039215686274 0.15979381443298968 0.03431372549019608 0.02577319587628866
4.0 0.6495098039215687 0.27190721649484534 0.058823529411764705 0.06443298969072164
2.0 0.8762254901960784 0.45489690721649484 0.007352941176470588 0.028350515463917526
2.0 0.866421568627451 0.44716494845360827 0.012254901960784314 0.04381443298969072
2.0 0.8529411764705882 0.4536082474226804 0.00980392156862745 0.03608247422680412
2.0 0.7683823529411765 0.25257731958762886 0.012254901960784314 0.02577319587628866
2.0 0.7806372549019608 0.25902061855670105 0.01715686274509804 0.028350515463917526
9.0 0.7892156862745098 0.2847938144329897 0.014705882352941176 0.023195876288659795
9.0 0.5857843137254902 0.08634020618556701 0.00980392156862745 0.007731958762886598
9.0 0.6262254901960784 0.08505154639175258 0.007352941176470588 0.005154639175257732
1.0 0.8786764705882353 0.452319587628866 0.007352941176470588 0.023195876288659795
1.0 0.8700980392156863 0.44587628865979384 0.004901960784313725 0.015463917525773196
1.0 0.8529411764705882 0.44329896907216493 0.004901960784313725 0.020618556701030927
1.0 0.7867647058823529 0.27835051546391754 0.004901960784313725 0.010309278350515464
1.0 0.7647058823529411 0.24613402061855671 0.004901960784313725 0.007731958762886598
1.0 0.7769607843137255 0.25128865979381443 0.00980392156862745 0.01288659793814433
1.0 0.6237745098039216 0.08376288659793814 0.007352941176470588 0.002577319587628866
1.0 0.5845588235294118 0.08505154639175258 0.007352941176470588 0.005154639175257732
3.0 0.5269607843137255 0.03221649484536082 0.004901960784313725 0.002577319587628866
3.0 0.5183823529411765 0.03221649484536082 0.0024509803921568627 0.002577319587628866
3.0 0.5220588235294118 0.03994845360824742 0.004901960784313725 0.002577319587628866
3.0 0.5318627450980392 0.037371134020618556 0.004901960784313725 0.002577319587628866
3.0 0.5318627450980392 0.05283505154639175 0.00980392156862745 0.002577319587628866
3.0 0.5110294117647058 0.05025773195876289 0.007352941176470588 0.002577319587628866
3.0 0.4963235294117647 0.05025773195876289 0.012254901960784314 0.002577319587628866
3.0 0.5171568627450981 0.05670103092783505 0.014705882352941176 0.005154639175257732
3.0 0.49387254901960786 0.05412371134020619 0.012254901960784314 0.005154639175257732
3.0 0.5318627450980392 0.055412371134020616 0.00980392156862745 0.002577319587628866
3.0 0.5392156862745098 0.06314432989690721 0.00980392156862745 0.007731958762886598
3.0 0.5551470588235294 0.06958762886597938 0.012254901960784314 0.005154639175257732
3.0 0.5698529411764706 0.07474226804123711 0.01715686274509804 0.005154639175257732
3.0 0.5551470588235294 0.08634020618556701 0.022058823529411766 0.007731958762886598
3.0 0.5159313725490197 0.08376288659793814 0.022058823529411766 0.007731958762886598
3.0 0.5134803921568627 0.1056701030927835 0.02696078431372549 0.010309278350515464
3.0 0.5612745098039216 0.1056701030927835 0.0196078431372549 0.010309278350515464
9.0 0.5906862745098039 0.06314432989690721 0.004901960784313725 0.002577319587628866
9.0 0.5833333333333334 0.05670103092783505 0.004901960784313725 0.005154639175257732
1.0 0.5796568627450981 0.055412371134020616 0.0024509803921568627 0.002577319587628866
1.0 0.5906862745098039 0.06056701030927835 0.004901960784313725 0.002577319587628866
3.0 0.7450980392156863 0.19458762886597938 0.03431372549019608 0.028350515463917526
3.0 0.7095588235294118 0.17268041237113402 0.022058823529411766 0.020618556701030927
9.0 0.9252450980392157 0.7474226804123711 0.031862745098039214 0.05670103092783505
3.0 0.7818627450980392 0.15335051546391754 0.03431372549019608 0.028350515463917526
0.0 0.7708333333333334 0.1327319587628866 0.012254901960784314 0.01288659793814433
0.0 0.7634803921568627 0.12886597938144329 0.012254901960784314 0.010309278350515464
9.0 0.6776960784313726 0.12886597938144329 0.007352941176470588 0.010309278350515464
9.0 0.6654411764705882 0.12757731958762886 0.007352941176470588 0.007731958762886598
1.0 0.678921568627451 0.12886597938144329 0.004901960784313725 0.005154639175257732
1.0 0.6678921568627451 0.12628865979381443 0.007352941176470588 0.005154639175257732
