3.0 0.39828431372549017 0.6185567010309279 0.012254901960784314 0.010309278350515464
3.0 0.3909313725490196 0.6056701030927835 0.022058823529411766 0.010309278350515464
3.0 0.39338235294117646 0.6005154639175257 0.022058823529411766 0.010309278350515464
3.0 0.41544117647058826 0.6108247422680413 0.007352941176470588 0.005154639175257732
3.0 0.41544117647058826 0.6005154639175257 0.0024509803921568627 0.005154639175257732
3.0 0.40931372549019607 0.5876288659793815 0.004901960784313725 0.005154639175257732
3.0 0.4325980392156863 0.6056701030927835 0.0024509803921568627 0.005154639175257732
3.0 0.43995098039215685 0.6030927835051546 0.007352941176470588 0.010309278350515464
3.0 0.42892156862745096 0.595360824742268 0.004901960784313725 0.005154639175257732
4.0 0.45955882352941174 0.6288659793814433 0.012254901960784314 0.015463917525773196
3.0 0.45588235294117646 0.6108247422680413 0.004901960784313725 0.005154639175257732
3.0 0.4730392156862745 0.6443298969072165 0.00980392156862745 0.010309278350515464
8.0 0.48651960784313725 0.5914948453608248 0.007352941176470588 0.01288659793814433
0.0 0.3284313725490196 0.9175257731958762 0.014705882352941176 0.015463917525773196
0.0 0.34068627450980393 0.9201030927835051 0.029411764705882353 0.02577319587628866
0.0 0.041666666666666664 0.6688144329896907 0.004901960784313725 0.01804123711340206
0.0 0.04411764705882353 0.6713917525773195 0.004901960784313725 0.01804123711340206
0.0 0.11151960784313726 0.6610824742268041 0.007352941176470588 0.01804123711340206
1.0 0.27205882352941174 0.7693298969072165 0.00980392156862745 0.01804123711340206
0.0 0.2193627450980392 0.6662371134020618 0.007352941176470588 0.01804123711340206
0.0 0.22916666666666666 0.6623711340206185 0.007352941176470588 0.015463917525773196
0.0 0.36151960784313725 0.7152061855670103 0.007352941176470588 0.01804123711340206
1.0 0.5625 0.7229381443298969 0.007352941176470588 0.007731958762886598
7.0 0.5612745098039216 0.7306701030927835 0.014705882352941176 0.01288659793814433
3.0 0.5196078431372549 0.6443298969072165 0.029411764705882353 0.015463917525773196
3.0 0.5355392156862745 0.6520618556701031 0.01715686274509804 0.015463917525773196
3.0 0.5416666666666666 0.6675257731958762 0.0392156862745098 0.015463917525773196
3.0 0.5477941176470589 0.6752577319587629 0.041666666666666664 0.015463917525773196
3.0 0.5833333333333334 0.6868556701030928 0.04411764705882353 0.01804123711340206
3.0 0.5919117647058824 0.7087628865979382 0.04656862745098039 0.020618556701030927
3.0 0.5980392156862745 0.7242268041237113 0.029411764705882353 0.02577319587628866
3.0 0.6825980392156863 0.6713917525773195 0.02696078431372549 0.01288659793814433
3.0 0.6666666666666666 0.7577319587628866 0.029411764705882353 0.02577319587628866
3.0 0.3909313725490196 0.6533505154639175 0.012254901960784314 0.01288659793814433
3.0 0.3872549019607843 0.6469072164948454 0.00980392156862745 0.015463917525773196
3.0 0.38357843137254904 0.6391752577319587 0.007352941176470588 0.015463917525773196
3.0 0.41299019607843135 0.654639175257732 0.012254901960784314 0.015463917525773196
3.0 0.45955882352941174 0.6649484536082474 0.012254901960784314 0.010309278350515464
3.0 0.47058823529411764 0.6701030927835051 0.014705882352941176 0.010309278350515464
3.0 0.4791666666666667 0.6610824742268041 0.012254901960784314 0.007731958762886598
3.0 0.49142156862745096 0.6649484536082474 0.01715686274509804 0.015463917525773196
3.0 0.4730392156862745 0.6778350515463918 0.014705882352941176 0.015463917525773196
3.0 0.49142156862745096 0.6894329896907216 0.01715686274509804 0.01288659793814433
3.0 0.42892156862745096 0.6765463917525774 0.0196078431372549 0.01804123711340206
5.0 0.3909313725490196 0.6984536082474226 0.022058823529411766 0.020618556701030927
3.0 0.4178921568627451 0.7139175257731959 0.022058823529411766 0.015463917525773196
3.0 0.4252450980392157 0.7036082474226805 0.022058823529411766 0.020618556701030927
3.0 0.38112745098039214 0.7435567010309279 0.02696078431372549 0.023195876288659795
3.0 0.41299019607843135 0.7435567010309279 0.022058823529411766 0.01804123711340206
3.0 0.41911764705882354 0.7525773195876289 0.024509803921568627 0.020618556701030927
3.0 0.40931372549019607 0.7667525773195877 0.024509803921568627 0.01804123711340206
3.0 0.37745098039215685 0.7667525773195877 0.029411764705882353 0.023195876288659795
3.0 0.4252450980392157 0.7757731958762887 0.031862745098039214 0.02577319587628866
3.0 0.38357843137254904 0.7757731958762887 0.031862745098039214 0.02577319587628866
3.0 0.4117647058823529 0.7912371134020618 0.029411764705882353 0.020618556701030927
3.0 0.4252450980392157 0.8067010309278351 0.031862745098039214 0.02577319587628866
3.0 0.42034313725490197 0.8221649484536082 0.03676470588235294 0.02577319587628866
3.0 0.4325980392156863 0.8402061855670103 0.041666666666666664 0.02577319587628866
3.0 0.4362745098039216 0.8530927835051546 0.04411764705882353 0.030927835051546393
3.0 0.4534313725490196 0.75 0.024509803921568627 0.015463917525773196
3.0 0.45955882352941174 0.7628865979381443 0.022058823529411766 0.015463917525773196
3.0 0.46691176470588236 0.7783505154639175 0.022058823529411766 0.020618556701030927
3.0 0.4791666666666667 0.7912371134020618 0.02696078431372549 0.020618556701030927
5.0 0.47181372549019607 0.7963917525773195 0.03676470588235294 0.041237113402061855
3.0 0.4681372549019608 0.8170103092783505 0.03431372549019608 0.020618556701030927
3.0 0.48651960784313725 0.8286082474226805 0.03676470588235294 0.028350515463917526
3.0 0.49264705882352944 0.845360824742268 0.03431372549019608 0.020618556701030927
3.0 0.5036764705882353 0.8621134020618557 0.04656862745098039 0.028350515463917526
3.0 0.5526960784313726 0.7938144329896907 0.03676470588235294 0.020618556701030927
3.0 0.5551470588235294 0.8118556701030928 0.041666666666666664 0.02577319587628866
3.0 0.5024509803921569 0.7461340206185567 0.0196078431372549 0.01804123711340206
3.0 0.5367647058823529 0.7422680412371134 0.0196078431372549 0.015463917525773196
3.0 0.6029411764705882 0.8311855670103093 0.04411764705882353 0.028350515463917526
3.0 0.6004901960784313 0.8853092783505154 0.058823529411764705 0.028350515463917526
3.0 0.508578431372549 0.8878865979381443 0.04656862745098039 0.023195876288659795
3.0 0.4411764705882353 0.8801546391752577 0.04411764705882353 0.023195876288659795
3.0 0.4411764705882353 0.8994845360824743 0.05392156862745098 0.03608247422680412
3.0 0.5208333333333334 0.9097938144329897 0.04656862745098039 0.02577319587628866
3.0 0.4424019607843137 0.9213917525773195 0.056372549019607844 0.03350515463917526
3.0 0.5245098039215687 0.9317010309278351 0.049019607843137254 0.023195876288659795
3.0 0.14215686274509803 0.6932989690721649 0.029411764705882353 0.030927835051546393
0.0 0.11274509803921569 0.654639175257732 0.004901960784313725 0.015463917525773196
5.0 0.17034313725490197 0.6920103092783505 0.051470588235294115 0.04896907216494845
3.0 0.18382352941176472 0.7139175257731959 0.03431372549019608 0.030927835051546393
3.0 0.26715686274509803 0.7422680412371134 0.05392156862745098 0.03608247422680412
3.0 0.23897058823529413 0.7190721649484536 0.041666666666666664 0.02577319587628866
3.0 0.25 0.7177835051546392 0.0392156862745098 0.028350515463917526
3.0 0.25612745098039214 0.7152061855670103 0.031862745098039214 0.023195876288659795
3.0 0.29901960784313725 0.7306701030927835 0.049019607843137254 0.028350515463917526
3.0 0.32230392156862747 0.7268041237113402 0.041666666666666664 0.020618556701030927
3.0 0.2647058823529412 0.7152061855670103 0.03431372549019608 0.023195876288659795
3.0 0.25735294117647056 0.7087628865979382 0.03431372549019608 0.020618556701030927
3.0 0.2757352941176471 0.7100515463917526 0.03676470588235294 0.023195876288659795
3.0 0.27450980392156865 0.7048969072164949 0.03431372549019608 0.023195876288659795
3.0 0.27205882352941174 0.6945876288659794 0.03431372549019608 0.023195876288659795
3.0 0.2769607843137255 0.6907216494845361 0.0392156862745098 0.020618556701030927
3.0 0.2806372549019608 0.6881443298969072 0.03676470588235294 0.020618556701030927
3.0 0.2867647058823529 0.6868556701030928 0.0392156862745098 0.023195876288659795
3.0 0.2916666666666667 0.6842783505154639 0.0392156862745098 0.023195876288659795
3.0 0.2916666666666667 0.6752577319587629 0.0392156862745098 0.020618556701030927
3.0 0.2916666666666667 0.6778350515463918 0.0392156862745098 0.020618556701030927
3.0 0.28799019607843135 0.6701030927835051 0.03676470588235294 0.020618556701030927
3.0 0.2965686274509804 0.6675257731958762 0.0392156862745098 0.020618556701030927
3.0 0.3002450980392157 0.6623711340206185 0.041666666666666664 0.020618556701030927
3.0 0.3075980392156863 0.654639175257732 0.041666666666666664 0.020618556701030927
3.0 0.3002450980392157 0.654639175257732 0.041666666666666664 0.020618556701030927
3.0 0.3431372549019608 0.6572164948453608 0.04411764705882353 0.020618556701030927
3.0 0.3443627450980392 0.6649484536082474 0.04656862745098039 0.020618556701030927
3.0 0.3431372549019608 0.6726804123711341 0.04411764705882353 0.020618556701030927
3.0 0.34558823529411764 0.6791237113402062 0.04411764705882353 0.023195876288659795
3.0 0.3394607843137255 0.6842783505154639 0.041666666666666664 0.023195876288659795
3.0 0.34068627450980393 0.6907216494845361 0.04411764705882353 0.020618556701030927
3.0 0.3382352941176471 0.6984536082474226 0.04411764705882353 0.020618556701030927
3.0 0.33455882352941174 0.7036082474226805 0.041666666666666664 0.020618556701030927
3.0 0.3247549019607843 0.7087628865979382 0.041666666666666664 0.020618556701030927
3.0 0.3247549019607843 0.7177835051546392 0.04656862745098039 0.028350515463917526
3.0 0.22426470588235295 0.6971649484536082 0.01715686274509804 0.01804123711340206
3.0 0.20833333333333334 0.6829896907216495 0.0196078431372549 0.020618556701030927
3.0 0.19730392156862744 0.6610824742268041 0.022058823529411766 0.01804123711340206
3.0 0.2034313725490196 0.6623711340206185 0.024509803921568627 0.020618556701030927
4.0 0.2034313725490196 0.6520618556701031 0.029411764705882353 0.02577319587628866
3.0 0.21323529411764705 0.6520618556701031 0.024509803921568627 0.02577319587628866
3.0 0.2181372549019608 0.6494845360824743 0.024509803921568627 0.020618556701030927
3.0 0.22303921568627452 0.6494845360824743 0.024509803921568627 0.020618556701030927
3.0 0.2267156862745098 0.6443298969072165 0.022058823529411766 0.015463917525773196
3.0 0.23039215686274508 0.6404639175257731 0.024509803921568627 0.01804123711340206
3.0 0.23284313725490197 0.6353092783505154 0.029411764705882353 0.01804123711340206
3.0 0.2536764705882353 0.6520618556701031 0.01715686274509804 0.015463917525773196
3.0 0.24509803921568626 0.6675257731958762 0.0196078431372549 0.020618556701030927
3.0 0.23651960784313725 0.6778350515463918 0.01715686274509804 0.015463917525773196
0.0 0.0857843137254902 0.7448453608247423 0.014705882352941176 0.030927835051546393
0.0 0.08088235294117647 0.740979381443299 0.014705882352941176 0.028350515463917526
0.0 0.07475490196078431 0.7345360824742269 0.012254901960784314 0.02577319587628866
5.0 0.06740196078431372 0.6417525773195877 0.02696078431372549 0.041237113402061855
3.0 0.03799019607843137 0.6224226804123711 0.012254901960784314 0.01804123711340206
3.0 0.041666666666666664 0.6314432989690721 0.014705882352941176 0.020618556701030927
3.0 0.0392156862745098 0.6314432989690721 0.014705882352941176 0.020618556701030927
3.0 0.03553921568627451 0.6314432989690721 0.012254901960784314 0.020618556701030927
3.0 0.030637254901960783 0.6301546391752577 0.012254901960784314 0.01804123711340206
3.0 0.028186274509803922 0.6327319587628866 0.012254901960784314 0.01804123711340206
3.0 0.024509803921568627 0.634020618556701 0.00980392156862745 0.020618556701030927
3.0 0.0196078431372549 0.634020618556701 0.00980392156862745 0.020618556701030927
3.0 0.01715686274509804 0.634020618556701 0.00980392156862745 0.020618556701030927
3.0 0.023284313725490197 0.6662371134020618 0.012254901960784314 0.028350515463917526
3.0 0.04656862745098039 0.6804123711340206 0.0196078431372549 0.030927835051546393
3.0 0.05759803921568627 0.6907216494845361 0.022058823529411766 0.03608247422680412
3.0 0.06985294117647059 0.7010309278350515 0.022058823529411766 0.03608247422680412
3.0 0.05514705882352941 0.7126288659793815 0.02696078431372549 0.04381443298969072
3.0 0.06985294117647059 0.7280927835051546 0.02696078431372549 0.04381443298969072
3.0 0.08333333333333333 0.7164948453608248 0.024509803921568627 0.03608247422680412
3.0 0.09803921568627451 0.7280927835051546 0.029411764705882353 0.03865979381443299
3.0 0.12009803921568628 0.7448453608247423 0.03431372549019608 0.041237113402061855
3.0 0.14460784313725492 0.759020618556701 0.0392156862745098 0.04381443298969072
3.0 0.08700980392156862 0.740979381443299 0.031862745098039214 0.04381443298969072
3.0 0.10049019607843138 0.7577319587628866 0.03431372549019608 0.04639175257731959
3.0 0.11887254901960784 0.770618556701031 0.03676470588235294 0.04639175257731959
3.0 0.15808823529411764 0.8118556701030928 0.07107843137254902 0.06701030927835051
3.0 0.16666666666666666 0.8079896907216495 0.06862745098039216 0.059278350515463915
3.0 0.17034313725490197 0.7757731958762887 0.031862745098039214 0.03608247422680412
3.0 0.18137254901960784 0.7976804123711341 0.06372549019607843 0.05412371134020619
3.0 0.2034313725490196 0.8002577319587629 0.06862745098039216 0.05412371134020619
