3.0 0.05269607843137255 0.5489690721649485 0.0661764705882353 0.12886597938144329
3.0 0.12622549019607843 0.40850515463917525 0.051470588235294115 0.08505154639175258
3.0 0.14705882352941177 0.3337628865979381 0.06862745098039216 0.06443298969072164
3.0 0.22426470588235295 0.30927835051546393 0.09558823529411764 0.09278350515463918
3.0 0.6580882352941176 0.28994845360824745 0.1053921568627451 0.08505154639175258
3.0 0.5110294117647058 0.2615979381443299 0.12990196078431374 0.059278350515463915
3.0 0.6776960784313726 0.25128865979381443 0.07598039215686274 0.06443298969072164
3.0 0.8026960784313726 0.25902061855670105 0.02696078431372549 0.028350515463917526
3.0 0.8590686274509803 0.2822164948453608 0.022058823529411766 0.03350515463917526
8.0 0.8198529411764706 0.24871134020618557 0.031862745098039214 0.03865979381443299
3.0 0.7463235294117647 0.2422680412371134 0.04656862745098039 0.041237113402061855
3.0 0.7904411764705882 0.2422680412371134 0.022058823529411766 0.02577319587628866
3.0 0.8026960784313726 0.22938144329896906 0.022058823529411766 0.020618556701030927
0.0 0.7794117647058824 0.37628865979381443 0.03431372549019608 0.08247422680412371
0.0 0.8946078431372549 0.34536082474226804 0.014705882352941176 0.041237113402061855
0.0 0.9816176470588235 0.5103092783505154 0.007352941176470588 0.07731958762886598
0.0 0.9865196078431373 0.520618556701031 0.007352941176470588 0.07216494845360824
1.0 0.9497549019607843 0.4574742268041237 0.012254901960784314 0.05412371134020619
1.0 0.25857843137254904 0.4072164948453608 0.04656862745098039 0.08247422680412371
9.0 0.26348039215686275 0.42783505154639173 0.07598039215686274 0.07216494845360824
9.0 0.9509803921568627 0.47164948453608246 0.00980392156862745 0.05154639175257732
9.0 0.9742647058823529 0.4793814432989691 0.007352941176470588 0.020618556701030927
1.0 0.9730392156862745 0.46262886597938147 0.004901960784313725 0.03350515463917526
0.0 0.06985294117647059 0.4420103092783505 0.012254901960784314 0.05412371134020619
0.0 0.06004901960784314 0.4072164948453608 0.012254901960784314 0.05154639175257732
1.0 0.03676470588235294 0.4497422680412371 0.00980392156862745 0.03350515463917526
1.0 0.014705882352941176 0.4742268041237113 0.004901960784313725 0.030927835051546393
1.0 0.00980392156862745 0.4793814432989691 0.004901960784313725 0.02577319587628866
1.0 0.004901960784313725 0.4884020618556701 0.004901960784313725 0.028350515463917526
0.0 0.0012254901960784314 0.4948453608247423 0.0024509803921568627 0.04639175257731959
3.0 0.06372549019607843 0.7036082474226805 0.11764705882352941 0.22164948453608246
3.0 0.9154411764705882 0.3234536082474227 0.01715686274509804 0.028350515463917526
3.0 0.9571078431372549 0.36597938144329895 0.01715686274509804 0.02577319587628866
3.0 0.9632352941176471 0.36597938144329895 0.014705882352941176 0.030927835051546393
