3.0 0.8848039215686274 0.7448453608247423 0.06862745098039216 0.11855670103092783
1.0 0.5147058823529411 0.645618556701031 0.0392156862745098 0.06443298969072164
2.0 0.20098039215686275 0.6520618556701031 0.04411764705882353 0.08762886597938144
9.0 0.24387254901960784 0.6533505154639175 0.041666666666666664 0.09536082474226804
9.0 0.2708333333333333 0.6069587628865979 0.04656862745098039 0.09020618556701031
9.0 0.23039215686274508 0.5425257731958762 0.0392156862745098 0.1211340206185567
4.0 0.12990196078431374 0.5489690721649485 0.08333333333333333 0.22164948453608246
3.0 0.08088235294117647 0.5309278350515464 0.04411764705882353 0.18556701030927836
3.0 0.04411764705882353 0.5103092783505154 0.024509803921568627 0.14948453608247422
9.0 0.03676470588235294 0.42912371134020616 0.014705882352941176 0.028350515463917526
9.0 0.056372549019607844 0.33762886597938147 0.0196078431372549 0.05154639175257732
9.0 0.06372549019607843 0.3337628865979381 0.0196078431372549 0.04896907216494845
9.0 0.08088235294117647 0.3286082474226804 0.029411764705882353 0.06443298969072164
9.0 0.09436274509803921 0.31958762886597936 0.031862745098039214 0.06701030927835051
9.0 0.07965686274509803 0.28865979381443296 0.02696078431372549 0.05154639175257732
9.0 0.0857843137254902 0.28737113402061853 0.024509803921568627 0.05412371134020619
9.0 0.09681372549019608 0.27963917525773196 0.02696078431372549 0.059278350515463915
9.0 0.11274509803921569 0.29510309278350516 0.03431372549019608 0.06958762886597938
9.0 0.11029411764705882 0.31958762886597936 0.029411764705882353 0.061855670103092786
9.0 0.12867647058823528 0.29381443298969073 0.031862745098039214 0.06701030927835051
9.0 0.13602941176470587 0.30670103092783507 0.03676470588235294 0.07731958762886598
2.0 0.1409313725490196 0.26288659793814434 0.03676470588235294 0.05670103092783505
2.0 0.16176470588235295 0.2538659793814433 0.03431372549019608 0.059278350515463915
9.0 0.15318627450980393 0.25644329896907214 0.03676470588235294 0.06443298969072164
9.0 0.16666666666666666 0.22036082474226804 0.049019607843137254 0.04896907216494845
9.0 0.17279411764705882 0.20489690721649484 0.051470588235294115 0.04896907216494845
0.0 0.06372549019607843 0.30412371134020616 0.0196078431372549 0.03608247422680412
1.0 0.18872549019607843 0.31958762886597936 0.024509803921568627 0.030927835051546393
1.0 0.21200980392156862 0.30670103092783507 0.02696078431372549 0.03608247422680412
1.0 0.23039215686274508 0.2770618556701031 0.024509803921568627 0.028350515463917526
1.0 0.24019607843137256 0.24871134020618557 0.0392156862745098 0.04381443298969072
1.0 0.1948529411764706 0.2706185567010309 0.02696078431372549 0.030927835051546393
1.0 0.22058823529411764 0.23711340206185566 0.029411764705882353 0.030927835051546393
1.0 0.18995098039215685 0.29510309278350516 0.031862745098039214 0.03865979381443299
1.0 0.25612745098039214 0.18041237113402062 0.02696078431372549 0.02577319587628866
1.0 0.29534313725490197 0.16752577319587628 0.031862745098039214 0.02577319587628866
1.0 0.34068627450980393 0.17525773195876287 0.0392156862745098 0.030927835051546393
1.0 0.34681372549019607 0.21778350515463918 0.03676470588235294 0.03865979381443299
0.0 0.38480392156862747 0.21649484536082475 0.04411764705882353 0.04639175257731959
0.0 0.39950980392156865 0.41494845360824745 0.04411764705882353 0.05670103092783505
0.0 0.43137254901960786 0.4368556701030928 0.04411764705882353 0.06443298969072164
0.0 0.5183823529411765 0.4059278350515464 0.056372549019607844 0.06443298969072164
0.0 0.6237745098039216 0.35309278350515466 0.07107843137254902 0.08247422680412371
1.0 0.5870098039215687 0.17268041237113402 0.031862745098039214 0.02577319587628866
1.0 0.6176470588235294 0.17525773195876287 0.03431372549019608 0.02577319587628866
1.0 0.5845588235294118 0.1327319587628866 0.02696078431372549 0.023195876288659795
1.0 0.6151960784313726 0.13917525773195877 0.029411764705882353 0.020618556701030927
9.0 0.39950980392156865 0.13659793814432988 0.0392156862745098 0.041237113402061855
0.0 0.3737745098039216 0.10438144329896908 0.02696078431372549 0.023195876288659795
1.0 0.7193627450980392 0.17010309278350516 0.03676470588235294 0.041237113402061855
1.0 0.7450980392156863 0.17525773195876287 0.029411764705882353 0.030927835051546393
1.0 0.7438725490196079 0.20618556701030927 0.02696078431372549 0.02577319587628866
1.0 0.7622549019607843 0.21649484536082475 0.029411764705882353 0.02577319587628866
1.0 0.7843137254901961 0.2860824742268041 0.029411764705882353 0.03608247422680412
1.0 0.7867647058823529 0.3324742268041237 0.029411764705882353 0.041237113402061855
1.0 0.8357843137254902 0.31958762886597936 0.024509803921568627 0.03608247422680412
1.0 0.8431372549019608 0.3002577319587629 0.024509803921568627 0.03865979381443299
1.0 0.8602941176470589 0.3079896907216495 0.024509803921568627 0.03865979381443299
1.0 0.8504901960784313 0.35180412371134023 0.024509803921568627 0.03865979381443299
1.0 0.8676470588235294 0.3634020618556701 0.014705882352941176 0.030927835051546393
1.0 0.8786764705882353 0.3595360824742268 0.01715686274509804 0.03350515463917526
1.0 0.8799019607843137 0.34149484536082475 0.0196078431372549 0.03350515463917526
0.0 0.866421568627451 0.27190721649484534 0.022058823529411766 0.03865979381443299
1.0 0.9350490196078431 0.35180412371134023 0.012254901960784314 0.028350515463917526
1.0 0.9424019607843137 0.3595360824742268 0.012254901960784314 0.028350515463917526
1.0 0.928921568627451 0.3389175257731959 0.00980392156862745 0.01804123711340206
1.0 0.9264705882352942 0.32087628865979384 0.00980392156862745 0.01804123711340206
1.0 0.9313725490196079 0.32087628865979384 0.00980392156862745 0.01804123711340206
1.0 0.9387254901960784 0.32989690721649484 0.00980392156862745 0.020618556701030927
1.0 0.946078431372549 0.35051546391752575 0.00980392156862745 0.020618556701030927
1.0 0.9509803921568627 0.36597938144329895 0.014705882352941176 0.041237113402061855
0.0 0.9718137254901961 0.4806701030927835 0.007352941176470588 0.01804123711340206
1.0 0.9693627450980392 0.5103092783505154 0.007352941176470588 0.02577319587628866
2.0 0.9681372549019608 0.5128865979381443 0.00980392156862745 0.015463917525773196
0.0 0.9840686274509803 0.5219072164948454 0.007352941176470588 0.023195876288659795
0.0 0.9852941176470589 0.509020618556701 0.004901960784313725 0.01804123711340206
0.0 0.9840686274509803 0.5412371134020618 0.007352941176470588 0.02577319587628866
9.0 0.9828431372549019 0.5528350515463918 0.00980392156862745 0.01804123711340206
0.0 0.9926470588235294 0.45103092783505155 0.004901960784313725 0.020618556701030927
1.0 0.9950980392156863 0.43943298969072164 0.004901960784313725 0.01804123711340206
