3.0 0.9272300469483568 0.6423076923076924 0.028169014084507043 0.07435897435897436
4.0 0.9295774647887324 0.5576923076923077 0.014084507042253521 0.05897435897435897
3.0 0.9237089201877934 0.5 0.011737089201877934 0.06153846153846154
3.0 0.8908450704225352 0.34615384615384615 0.025821596244131457 0.05128205128205128
3.0 0.8755868544600939 0.30641025641025643 0.03755868544600939 0.05897435897435897
4.0 0.8591549295774648 0.2717948717948718 0.028169014084507043 0.046153846153846156
3.0 0.8474178403755869 0.2794871794871795 0.018779342723004695 0.035897435897435895
9.0 0.931924882629108 0.7230769230769231 0.014084507042253521 0.03076923076923077
9.0 0.9248826291079812 0.7692307692307693 0.018779342723004695 0.03076923076923077
3.0 0.6431924882629108 0.07307692307692308 0.023474178403755867 0.01282051282051282
4.0 0.6091549295774648 0.052564102564102565 0.02112676056338028 0.01282051282051282
3.0 0.6103286384976526 0.04230769230769231 0.018779342723004695 0.007692307692307693
3.0 0.6103286384976526 0.03205128205128205 0.014084507042253521 0.007692307692307693
3.0 0.5809859154929577 0.011538461538461539 0.011737089201877934 0.002564102564102564
3.0 0.5915492957746479 0.010256410256410256 0.009389671361502348 0.005128205128205128
9.0 0.926056338028169 0.7217948717948718 0.011737089201877934 0.023076923076923078
9.0 0.9424882629107981 0.5897435897435898 0.011737089201877934 0.02564102564102564
9.0 0.9424882629107981 0.517948717948718 0.007042253521126761 0.015384615384615385
0.0 0.9107981220657277 0.3435897435897436 0.009389671361502348 0.03076923076923077
1.0 0.15610328638497653 0.8115384615384615 0.01643192488262911 0.023076923076923078
1.0 0.142018779342723 0.7128205128205128 0.01643192488262911 0.02564102564102564
9.0 0.1619718309859155 0.823076923076923 0.014084507042253521 0.020512820512820513
9.0 0.1467136150234742 0.7282051282051282 0.01643192488262911 0.03076923076923077
9.0 0.903755868544601 0.4858974358974359 0.004694835680751174 0.023076923076923078
9.0 0.25938967136150237 0.23076923076923078 0.01643192488262911 0.02564102564102564
9.0 0.3333333333333333 0.1371794871794872 0.009389671361502348 0.01282051282051282
9.0 0.3544600938967136 0.11282051282051282 0.009389671361502348 0.010256410256410256
9.0 0.3685446009389671 0.11025641025641025 0.009389671361502348 0.010256410256410256
9.0 0.38028169014084506 0.11025641025641025 0.009389671361502348 0.010256410256410256
9.0 0.3744131455399061 0.09358974358974359 0.007042253521126761 0.007692307692307693
9.0 0.3955399061032864 0.09871794871794871 0.007042253521126761 0.007692307692307693
9.0 0.4131455399061033 0.07435897435897436 0.004694835680751174 0.005128205128205128
9.0 0.4119718309859155 0.0641025641025641 0.007042253521126761 0.005128205128205128
9.0 0.4812206572769953 0.047435897435897434 0.009389671361502348 0.002564102564102564
9.0 0.43309859154929575 0.047435897435897434 0.002347417840375587 0.002564102564102564
9.0 0.4448356807511737 0.04487179487179487 0.007042253521126761 0.002564102564102564
9.0 0.6889671361502347 0.09230769230769231 0.007042253521126761 0.005128205128205128
9.0 0.5892018779342723 0.07435897435897436 0.018779342723004695 0.005128205128205128
9.0 0.6068075117370892 0.07692307692307693 0.011737089201877934 0.005128205128205128
9.0 0.7640845070422535 0.14487179487179488 0.007042253521126761 0.007692307692307693
9.0 0.7453051643192489 0.1346153846153846 0.007042253521126761 0.007692307692307693
9.0 0.9307511737089202 0.7012820512820512 0.01643192488262911 0.028205128205128206
9.0 0.9330985915492958 0.6858974358974359 0.011737089201877934 0.023076923076923078
9.0 0.9342723004694836 0.6794871794871795 0.014084507042253521 0.02564102564102564
9.0 0.9366197183098591 0.6666666666666666 0.014084507042253521 0.02564102564102564
2.0 0.9483568075117371 0.4807692307692308 0.004694835680751174 0.01282051282051282
1.0 0.903755868544601 0.47435897435897434 0.004694835680751174 0.020512820512820513
1.0 0.7617370892018779 0.1423076923076923 0.007042253521126761 0.007692307692307693
1.0 0.7429577464788732 0.1294871794871795 0.007042253521126761 0.007692307692307693
1.0 0.6889671361502347 0.08846153846153847 0.007042253521126761 0.007692307692307693
1.0 0.6044600938967136 0.07179487179487179 0.011737089201877934 0.005128205128205128
1.0 0.5856807511737089 0.07179487179487179 0.007042253521126761 0.005128205128205128
1.0 0.4800469483568075 0.046153846153846156 0.007042253521126761 0.005128205128205128
1.0 0.4448356807511737 0.04230769230769231 0.002347417840375587 0.002564102564102564
1.0 0.43309859154929575 0.04487179487179487 0.007042253521126761 0.002564102564102564
1.0 0.41431924882629106 0.06025641025641026 0.007042253521126761 0.002564102564102564
1.0 0.4166666666666667 0.06923076923076923 0.007042253521126761 0.005128205128205128
1.0 0.3744131455399061 0.08974358974358974 0.007042253521126761 0.005128205128205128
1.0 0.3967136150234742 0.09358974358974359 0.009389671361502348 0.007692307692307693
1.0 0.36032863849765256 0.1064102564102564 0.007042253521126761 0.007692307692307693
1.0 0.37089201877934275 0.10512820512820513 0.009389671361502348 0.005128205128205128
1.0 0.38380281690140844 0.1064102564102564 0.007042253521126761 0.007692307692307693
1.0 0.2640845070422535 0.21923076923076923 0.011737089201877934 0.017948717948717947
1.0 0.3380281690140845 0.13205128205128205 0.014084507042253521 0.01282051282051282
3.0 0.9823943661971831 0.4115384615384615 0.007042253521126761 0.023076923076923078
3.0 0.9753521126760564 0.38333333333333336 0.007042253521126761 0.023076923076923078
3.0 0.9577464788732394 0.3333333333333333 0.009389671361502348 0.020512820512820513
3.0 0.9401408450704225 0.2923076923076923 0.007042253521126761 0.015384615384615385
3.0 0.9366197183098591 0.2858974358974359 0.009389671361502348 0.017948717948717947
1.0 0.4448356807511737 0.03461538461538462 0.002347417840375587 0.002564102564102564
9.0 0.44366197183098594 0.03717948717948718 0.004694835680751174 0.002564102564102564
