2.0 0.8948598130841121 0.75 0.018691588785046728 0.024271844660194174
0.0 0.9123831775700935 0.7621359223300971 0.011682242990654205 0.019417475728155338
0.0 0.9135514018691588 0.7633495145631068 0.009345794392523364 0.01699029126213592
3.0 0.969626168224299 0.5606796116504854 0.009345794392523364 0.038834951456310676
3.0 0.9813084112149533 0.5716019417475728 0.009345794392523364 0.0412621359223301
0.0 0.9088785046728972 0.4696601941747573 0.004672897196261682 0.03155339805825243
0.0 0.8866822429906542 0.4344660194174757 0.007009345794392523 0.03398058252427184
0.0 0.8913551401869159 0.45145631067961167 0.007009345794392523 0.03398058252427184
3.0 0.01985981308411215 0.47451456310679613 0.007009345794392523 0.02669902912621359
3.0 0.02453271028037383 0.4830097087378641 0.007009345794392523 0.03398058252427184
3.0 0.02219626168224299 0.5218446601941747 0.007009345794392523 0.03398058252427184
3.0 0.0397196261682243 0.5279126213592233 0.014018691588785047 0.03155339805825243
8.0 0.04088785046728972 0.5716019417475728 0.02102803738317757 0.050970873786407765
1.0 0.035046728971962614 0.5740291262135923 0.004672897196261682 0.01699029126213592
3.0 0.07476635514018691 0.2512135922330097 0.014018691588785047 0.01699029126213592
3.0 0.08060747663551401 0.24393203883495146 0.011682242990654205 0.01699029126213592
8.0 0.3119158878504673 0.11893203883495146 0.12850467289719625 0.06310679611650485
3.0 0.5934579439252337 0.13349514563106796 0.037383177570093455 0.024271844660194174
3.0 0.5700934579439252 0.11650485436893204 0.03271028037383177 0.019417475728155338
3.0 0.5794392523364486 0.10315533980582524 0.037383177570093455 0.021844660194174758
0.0 0.5116822429906542 0.06674757281553398 0.009345794392523364 0.007281553398058253
3.0 0.5163551401869159 0.06310679611650485 0.04205607476635514 0.0048543689320388345
3.0 0.6121495327102804 0.09466019417475728 0.04672897196261682 0.019417475728155338
0.0 0.6320093457943925 0.08859223300970874 0.011682242990654205 0.007281553398058253
0.0 0.6962616822429907 0.13592233009708737 0.014018691588785047 0.014563106796116505
0.0 0.6892523364485982 0.1383495145631068 0.014018691588785047 0.014563106796116505
3.0 0.6577102803738317 0.12257281553398058 0.04906542056074766 0.021844660194174758
4.0 0.6518691588785047 0.13228155339805825 0.028037383177570093 0.021844660194174758
9.0 0.530373831775701 0.15169902912621358 0.009345794392523364 0.01699029126213592
1.0 0.530373831775701 0.15048543689320387 0.009345794392523364 0.014563106796116505
2.0 0.0852803738317757 0.4963592233009709 0.002336448598130841 0.021844660194174758
2.0 0.07593457943925233 0.5230582524271845 0.002336448598130841 0.021844660194174758
2.0 0.1191588785046729 0.4987864077669903 0.004672897196261682 0.03155339805825243
2.0 0.09345794392523364 0.5279126213592233 0.004672897196261682 0.02669902912621359
2.0 0.08761682242990654 0.537621359223301 0.011682242990654205 0.021844660194174758
0.0 0.08761682242990654 0.5364077669902912 0.007009345794392523 0.03398058252427184
9.0 0.10864485981308411 0.5837378640776699 0.016355140186915886 0.02669902912621359
1.0 0.10747663551401869 0.5764563106796117 0.009345794392523364 0.02669902912621359
0.0 0.19976635514018692 0.6686893203883495 0.016355140186915886 0.0412621359223301
2.0 0.1191588785046729 0.5570388349514563 0.014018691588785047 0.03155339805825243
1.0 0.1191588785046729 0.5521844660194175 0.009345794392523364 0.03640776699029126
2.0 0.11565420560747663 0.5351941747572816 0.007009345794392523 0.03155339805825243
9.0 0.1927570093457944 0.5825242718446602 0.02570093457943925 0.038834951456310676
1.0 0.19158878504672897 0.5728155339805825 0.014018691588785047 0.038834951456310676
9.0 0.24649532710280375 0.5521844660194175 0.02570093457943925 0.0412621359223301
1.0 0.24532710280373832 0.5412621359223301 0.009345794392523364 0.043689320388349516
8.0 0.25116822429906543 0.44781553398058255 0.04439252336448598 0.12378640776699029
8.0 0.39485981308411217 0.45024271844660196 0.06074766355140187 0.14805825242718446
9.0 0.5315420560747663 0.42475728155339804 0.016355140186915886 0.05339805825242718
0.0 0.32710280373831774 0.4029126213592233 0.018691588785046728 0.04854368932038835
9.0 0.3364485981308411 0.4077669902912621 0.014018691588785047 0.043689320388349516
1.0 0.3107476635514019 0.34101941747572817 0.018691588785046728 0.03640776699029126
2.0 0.30957943925233644 0.34951456310679613 0.011682242990654205 0.02912621359223301
0.0 0.4264018691588785 0.0691747572815534 0.007009345794392523 0.007281553398058253
0.0 0.4135514018691589 0.07281553398058252 0.009345794392523364 0.0048543689320388345
9.0 0.3878504672897196 0.10922330097087378 0.018691588785046728 0.009708737864077669
1.0 0.3901869158878505 0.10679611650485436 0.009345794392523364 0.009708737864077669
9.0 0.4088785046728972 0.10194174757281553 0.02336448598130841 0.009708737864077669
1.0 0.4088785046728972 0.10072815533980582 0.009345794392523364 0.007281553398058253
3.0 0.6950934579439252 0.11286407766990292 0.04906542056074766 0.02669902912621359
3.0 0.7792056074766355 0.15048543689320387 0.030373831775700934 0.024271844660194174
3.0 0.9123831775700935 0.24150485436893204 0.011682242990654205 0.01699029126213592
3.0 0.875 0.21844660194174756 0.02102803738317757 0.024271844660194174
3.0 0.8714953271028038 0.2099514563106796 0.018691588785046728 0.021844660194174758
3.0 0.875 0.21601941747572814 0.016355140186915886 0.019417475728155338
3.0 0.8586448598130841 0.20388349514563106 0.02102803738317757 0.024271844660194174
3.0 0.8387850467289719 0.1820388349514563 0.02336448598130841 0.024271844660194174
3.0 0.8481308411214953 0.19174757281553398 0.02336448598130841 0.024271844660194174
3.0 0.8411214953271028 0.1929611650485437 0.028037383177570093 0.02669902912621359
3.0 0.8317757009345794 0.1820388349514563 0.028037383177570093 0.024271844660194174
3.0 0.8200934579439252 0.17233009708737865 0.028037383177570093 0.024271844660194174
3.0 0.8107476635514018 0.16262135922330098 0.028037383177570093 0.024271844660194174
3.0 0.7978971962616822 0.16019417475728157 0.030373831775700934 0.024271844660194174
3.0 0.7745327102803738 0.14320388349514562 0.035046728971962614 0.024271844660194174
3.0 0.7394859813084113 0.12378640776699029 0.0397196261682243 0.024271844660194174
5.0 0.7523364485981309 0.13228155339805825 0.04672897196261682 0.03155339805825243
8.0 0.7476635514018691 0.12742718446601942 0.09345794392523364 0.06067961165048544
5.0 0.6460280373831776 0.3143203883495146 0.0911214953271028 0.14320388349514562
