5.0 0.2757352941176471 0.12628865979381443 0.01715686274509804 0.015463917525773196
5.0 0.2818627450980392 0.13659793814432988 0.00980392156862745 0.010309278350515464
5.0 0.23161764705882354 0.24484536082474226 0.03676470588235294 0.061855670103092786
5.0 0.20098039215686275 0.8518041237113402 0.06372549019607843 0.07474226804123711
5.0 0.24019607843137256 0.9304123711340206 0.04411764705882353 0.030927835051546393
4.0 0.17647058823529413 0.7628865979381443 0.03431372549019608 0.05154639175257732
3.0 0.16053921568627452 0.6855670103092784 0.031862745098039214 0.05670103092783505
3.0 0.15196078431372548 0.6005154639175257 0.0196078431372549 0.04639175257731959
3.0 0.1053921568627451 0.5193298969072165 0.00980392156862745 0.028350515463917526
3.0 0.09926470588235294 0.634020618556701 0.01715686274509804 0.041237113402061855
3.0 0.09191176470588236 0.5927835051546392 0.01715686274509804 0.041237113402061855
4.0 0.10784313725490197 0.7628865979381443 0.029411764705882353 0.05154639175257732
9.0 0.11764705882352941 0.7873711340206185 0.014705882352941176 0.023195876288659795
9.0 0.16544117647058823 0.7951030927835051 0.012254901960784314 0.023195876288659795
9.0 0.13725490196078433 0.6507731958762887 0.00980392156862745 0.028350515463917526
9.0 0.12254901960784313 0.6237113402061856 0.00980392156862745 0.020618556701030927
9.0 0.14460784313725492 0.529639175257732 0.004901960784313725 0.023195876288659795
1.0 0.14583333333333334 0.5219072164948454 0.007352941176470588 0.01804123711340206
1.0 0.13725490196078433 0.6481958762886598 0.00980392156862745 0.01804123711340206
1.0 0.12254901960784313 0.6185567010309279 0.004901960784313725 0.015463917525773196
1.0 0.1642156862745098 0.7912371134020618 0.00980392156862745 0.015463917525773196
0.0 0.49142156862745096 0.8427835051546392 0.01715686274509804 0.02577319587628866
0.0 0.3541666666666667 0.20103092783505155 0.007352941176470588 0.010309278350515464
0.0 0.34558823529411764 0.20489690721649484 0.00980392156862745 0.01804123711340206
3.0 0.09681372549019608 0.509020618556701 0.007352941176470588 0.03350515463917526
0.0 0.16789215686274508 0.38788659793814434 0.007352941176470588 0.01288659793814433
0.0 0.20098039215686275 0.37757731958762886 0.004901960784313725 0.01804123711340206
0.0 0.16911764705882354 0.36211340206185566 0.004901960784313725 0.01804123711340206
5.0 0.13357843137254902 0.39948453608247425 0.02696078431372549 0.030927835051546393
