0.0 0.6299019607843137 0.9548969072164949 0.03431372549019608 0.01804123711340206
0.0 0.6544117647058824 0.9471649484536082 0.029411764705882353 0.01804123711340206
1.0 0.5992647058823529 0.9149484536082474 0.04656862745098039 0.02577319587628866
9.0 0.6004901960784313 0.9097938144329897 0.03431372549019608 0.041237113402061855
0.0 0.2512254901960784 0.9020618556701031 0.04656862745098039 0.03608247422680412
0.0 0.2769607843137255 0.9278350515463918 0.049019607843137254 0.030927835051546393
0.0 0.23897058823529413 0.8801546391752577 0.041666666666666664 0.03865979381443299
0.0 0.2708333333333333 0.7963917525773195 0.04656862745098039 0.05154639175257732
0.0 0.23897058823529413 0.770618556701031 0.041666666666666664 0.05154639175257732
0.0 0.20710784313725492 0.20747422680412372 0.041666666666666664 0.05412371134020619
0.0 0.19362745098039216 0.20489690721649484 0.04411764705882353 0.05412371134020619
0.0 0.18382352941176472 0.19072164948453607 0.03431372549019608 0.041237113402061855
0.0 0.22058823529411764 0.1327319587628866 0.0392156862745098 0.03865979381443299
0.0 0.20098039215686275 0.14561855670103094 0.04411764705882353 0.04381443298969072
0.0 0.22426470588235295 0.12242268041237113 0.03676470588235294 0.03350515463917526
0.0 0.3443627450980392 0.05412371134020619 0.03676470588235294 0.02577319587628866
0.0 0.24142156862745098 0.08891752577319588 0.03676470588235294 0.03350515463917526
0.0 0.3946078431372549 0.01675257731958763 0.029411764705882353 0.01804123711340206
0.0 0.3713235294117647 0.01804123711340206 0.02696078431372549 0.015463917525773196
0.0 0.3897058823529412 0.015463917525773196 0.024509803921568627 0.015463917525773196
0.0 0.44607843137254904 0.005154639175257732 0.0196078431372549 0.010309278350515464
0.0 0.46568627450980393 0.002577319587628866 0.014705882352941176 0.005154639175257732
1.0 0.45955882352941174 0.9832474226804123 0.031862745098039214 0.01288659793814433
9.0 0.45955882352941174 0.9819587628865979 0.02696078431372549 0.020618556701030927
9.0 0.08823529411764706 0.2036082474226804 0.029411764705882353 0.04639175257731959
0.0 0.056372549019607844 0.2538659793814433 0.024509803921568627 0.04381443298969072
3.0 0.08823529411764706 0.23324742268041238 0.08823529411764706 0.11597938144329897
0.0 0.07475490196078431 0.32989690721649484 0.02696078431372549 0.041237113402061855
0.0 0.061274509803921566 0.3543814432989691 0.014705882352941176 0.03350515463917526
0.0 0.00980392156862745 0.48195876288659795 0.00980392156862745 0.015463917525773196
2.0 0.007352941176470588 0.46134020618556704 0.00980392156862745 0.03608247422680412
5.0 0.12009803921568628 0.8479381443298969 0.06862745098039216 0.07216494845360824
0.0 0.6311274509803921 0.9742268041237113 0.03676470588235294 0.020618556701030927
0.0 0.7941176470588235 0.8711340206185567 0.049019607843137254 0.04639175257731959
0.0 0.8161764705882353 0.8479381443298969 0.03431372549019608 0.03608247422680412
1.0 0.9411764705882353 0.6958762886597938 0.0196078431372549 0.03608247422680412
9.0 0.9387254901960784 0.6958762886597938 0.029411764705882353 0.041237113402061855
9.0 0.9558823529411765 0.6056701030927835 0.024509803921568627 0.09278350515463918
2.0 0.9779411764705882 0.5721649484536082 0.00980392156862745 0.05670103092783505
9.0 0.9840686274509803 0.5670103092783505 0.012254901960784314 0.061855670103092786
9.0 0.9669117647058824 0.5889175257731959 0.012254901960784314 0.06443298969072164
2.0 0.9693627450980392 0.5914948453608248 0.012254901960784314 0.059278350515463915
2.0 0.9877450980392157 0.5657216494845361 0.00980392156862745 0.05412371134020619
0.0 0.6654411764705882 0.17010309278350516 0.051470588235294115 0.05154639175257732
0.0 0.7083333333333334 0.19458762886597938 0.05392156862745098 0.059278350515463915
0.0 0.8995098039215687 0.7719072164948454 0.03431372549019608 0.04381443298969072
9.0 0.9325980392156863 0.6146907216494846 0.022058823529411766 0.07474226804123711
9.0 0.9227941176470589 0.6224226804123711 0.022058823529411766 0.07474226804123711
2.0 0.8811274509803921 0.163659793814433 0.03676470588235294 0.04381443298969072
1.0 0.883578431372549 0.16494845360824742 0.031862745098039214 0.041237113402061855
