5.0 0.5122549019607843 0.9329896907216495 0.0784313725490196 0.05670103092783505
5.0 0.7316176470588235 0.7384020618556701 0.10049019607843138 0.13659793814432988
5.0 0.6127450980392157 0.1095360824742268 0.06372549019607843 0.059278350515463915
5.0 0.3480392156862745 0.03350515463917526 0.03431372549019608 0.015463917525773196
5.0 0.3125 0.04252577319587629 0.031862745098039214 0.01288659793814433
5.0 0.7830882352941176 0.8788659793814433 0.11029411764705882 0.08247422680412371
3.0 0.8762254901960784 0.8492268041237113 0.051470588235294115 0.05412371134020619
3.0 0.883578431372549 0.8324742268041238 0.04656862745098039 0.05154639175257732
3.0 0.8884803921568627 0.8157216494845361 0.04656862745098039 0.05412371134020619
3.0 0.8995098039215687 0.7847938144329897 0.04411764705882353 0.059278350515463915
3.0 0.9031862745098039 0.7628865979381443 0.041666666666666664 0.05670103092783505
3.0 0.9571078431372549 0.6211340206185567 0.022058823529411766 0.061855670103092786
3.0 0.9264705882352942 0.6134020618556701 0.029411764705882353 0.05154639175257732
3.0 0.9276960784313726 0.5695876288659794 0.02696078431372549 0.04639175257731959
3.0 0.9240196078431373 0.5051546391752577 0.024509803921568627 0.041237113402061855
3.0 0.9411764705882353 0.43170103092783507 0.014705882352941176 0.04896907216494845
3.0 0.8958333333333334 0.38402061855670105 0.031862745098039214 0.04639175257731959
3.0 0.8946078431372549 0.297680412371134 0.024509803921568627 0.04381443298969072
3.0 0.7549019607843137 0.1095360824742268 0.024509803921568627 0.01804123711340206
3.0 0.6127450980392157 0.27963917525773196 0.05392156862745098 0.06443298969072164
3.0 0.3958333333333333 0.5309278350515464 0.061274509803921566 0.10824742268041238
3.0 0.6899509803921569 0.07216494845360824 0.031862745098039214 0.015463917525773196
3.0 0.6801470588235294 0.06443298969072164 0.031862745098039214 0.015463917525773196
3.0 0.6752450980392157 0.06056701030927835 0.02696078431372549 0.01288659793814433
3.0 0.6691176470588235 0.055412371134020616 0.029411764705882353 0.01288659793814433
3.0 0.6593137254901961 0.04896907216494845 0.029411764705882353 0.010309278350515464
3.0 0.6556372549019608 0.04639175257731959 0.02696078431372549 0.010309278350515464
3.0 0.6458333333333334 0.03865979381443299 0.02696078431372549 0.010309278350515464
3.0 0.6899509803921569 0.05670103092783505 0.01715686274509804 0.010309278350515464
3.0 0.6531862745098039 0.03221649484536082 0.012254901960784314 0.007731958762886598
3.0 0.006127450980392157 0.5154639175257731 0.007352941176470588 0.03608247422680412
3.0 0.0024509803921568627 0.5193298969072165 0.004901960784313725 0.04381443298969072
3.0 0.023284313725490197 0.3634020618556701 0.012254901960784314 0.030927835051546393
3.0 0.031862745098039214 0.3402061855670103 0.014705882352941176 0.02577319587628866
3.0 0.07475490196078431 0.26288659793814434 0.01715686274509804 0.030927835051546393
3.0 0.08455882352941177 0.25257731958762886 0.022058823529411766 0.03608247422680412
3.0 0.09436274509803921 0.2422680412371134 0.022058823529411766 0.03608247422680412
3.0 0.12009803921568628 0.20231958762886598 0.0196078431372549 0.023195876288659795
3.0 0.12254901960784313 0.211340206185567 0.0196078431372549 0.02577319587628866
3.0 0.1568627450980392 0.18556701030927836 0.0196078431372549 0.02577319587628866
3.0 0.22058823529411764 0.10309278350515463 0.024509803921568627 0.015463917525773196
3.0 0.22181372549019607 0.10051546391752578 0.022058823529411766 0.015463917525773196
3.0 0.22426470588235295 0.0979381443298969 0.022058823529411766 0.015463917525773196
3.0 0.2267156862745098 0.09536082474226804 0.022058823529411766 0.015463917525773196
3.0 0.23039215686274508 0.09020618556701031 0.024509803921568627 0.015463917525773196
3.0 0.2708333333333333 0.07474226804123711 0.012254901960784314 0.010309278350515464
3.0 0.29044117647058826 0.061855670103092786 0.01715686274509804 0.010309278350515464
3.0 0.30392156862745096 0.04639175257731959 0.0196078431372549 0.010309278350515464
3.0 0.24632352941176472 0.07731958762886598 0.022058823529411766 0.015463917525773196
3.0 0.26715686274509803 0.06958762886597938 0.014705882352941176 0.010309278350515464
0.0 0.6825980392156863 0.5219072164948454 0.01715686274509804 0.04381443298969072
0.0 0.7401960784313726 0.6301546391752577 0.0196078431372549 0.03865979381443299
9.0 0.5245098039215687 0.6610824742268041 0.024509803921568627 0.04896907216494845
9.0 0.9399509803921569 0.7487113402061856 0.012254901960784314 0.023195876288659795
9.0 0.9362745098039216 0.7603092783505154 0.014705882352941176 0.020618556701030927
9.0 0.9350490196078431 0.770618556701031 0.012254901960784314 0.020618556701030927
9.0 0.9325980392156863 0.7783505154639175 0.012254901960784314 0.020618556701030927
9.0 0.9301470588235294 0.7822164948453608 0.012254901960784314 0.01804123711340206
0.0 0.7892156862745098 0.13402061855670103 0.00980392156862745 0.010309278350515464
9.0 0.5 0.04381443298969072 0.004901960784313725 0.005154639175257732
9.0 0.4950980392156863 0.01675257731958763 0.004901960784313725 0.002577319587628866
9.0 0.47794117647058826 0.015463917525773196 0.004901960784313725 0.005154639175257732
7.0 0.012254901960784314 0.6198453608247423 0.00980392156862745 0.028350515463917526
9.0 0.12867647058823528 0.8324742268041238 0.02696078431372549 0.03608247422680412
1.0 0.12745098039215685 0.8311855670103093 0.014705882352941176 0.01804123711340206
1.0 0.5245098039215687 0.6585051546391752 0.024509803921568627 0.028350515463917526
0.0 0.8786764705882353 0.24871134020618557 0.012254901960784314 0.01804123711340206
