0.0 0.14950980392156862 0.1574585635359116 0.004901960784313725 0.0055248618784530384
1.0 0.11887254901960784 0.2472375690607735 0.007352941176470588 0.008287292817679558
0.0 0.16666666666666666 0.24171270718232044 0.004901960784313725 0.008287292817679558
0.0 0.04044117647058824 0.3687845303867403 0.0024509803921568627 0.008287292817679558
0.0 0.0392156862745098 0.3756906077348066 0.0 0.0055248618784530384
0.0 0.03799019607843137 0.3743093922651934 0.0024509803921568627 0.008287292817679558
4.0 0.024509803921568627 0.38535911602209943 0.004901960784313725 0.013812154696132596
4.0 0.024509803921568627 0.39226519337016574 0.00980392156862745 0.027624309392265192
3.0 0.023284313725490197 0.40331491712707185 0.007352941176470588 0.022099447513812154
5.0 0.028186274509803922 0.425414364640884 0.012254901960784314 0.04419889502762431
4.0 0.007352941176470588 0.46685082872928174 0.004901960784313725 0.022099447513812154
3.0 0.007352941176470588 0.47513812154696133 0.004901960784313725 0.016574585635359115
4.0 0.011029411764705883 0.4903314917127072 0.0024509803921568627 0.024861878453038673
4.0 0.04534313725490196 0.5511049723756906 0.007352941176470588 0.03038674033149171
4.0 0.05024509803921569 0.5234806629834254 0.007352941176470588 0.03038674033149171
4.0 0.041666666666666664 0.5773480662983426 0.00980392156862745 0.027624309392265192
8.0 0.006127450980392157 0.5511049723756906 0.012254901960784314 0.052486187845303865
0.0 0.012254901960784314 0.5649171270718232 0.0 0.0027624309392265192
0.0 0.012254901960784314 0.574585635359116 0.0 0.0055248618784530384
8.0 0.023284313725490197 0.6256906077348067 0.01715686274509804 0.052486187845303865
8.0 0.022058823529411766 0.5966850828729282 0.0196078431372549 0.0718232044198895
8.0 0.01715686274509804 0.5828729281767956 0.0196078431372549 0.0718232044198895
5.0 0.17892156862745098 0.7624309392265194 0.03431372549019608 0.04419889502762431
3.0 0.20220588235294118 0.7983425414364641 0.031862745098039214 0.03867403314917127
4.0 0.24509803921568626 0.8038674033149171 0.04411764705882353 0.04419889502762431
4.0 0.23039215686274508 0.9102209944751382 0.029411764705882353 0.024861878453038673
4.0 0.28921568627450983 0.8660220994475138 0.03431372549019608 0.03038674033149171
3.0 0.33455882352941174 0.9102209944751382 0.041666666666666664 0.03038674033149171
4.0 0.40931372549019607 0.9737569060773481 0.029411764705882353 0.019337016574585635
4.0 0.5759803921568627 0.9903314917127072 0.0196078431372549 0.008287292817679558
9.0 0.5514705882352942 0.9848066298342542 0.00980392156862745 0.008287292817679558
1.0 0.5514705882352942 0.9834254143646409 0.00980392156862745 0.0055248618784530384
3.0 0.8026960784313726 0.899171270718232 0.022058823529411766 0.024861878453038673
4.0 0.8149509803921569 0.8453038674033149 0.022058823529411766 0.027624309392265192
4.0 0.8235294117647058 0.8632596685082873 0.024509803921568627 0.03038674033149171
1.0 0.9436274509803921 0.7582872928176796 0.004901960784313725 0.008287292817679558
0.0 0.9448529411764706 0.755524861878453 0.0024509803921568627 0.0027624309392265192
0.0 0.9509803921568627 0.7569060773480663 0.004901960784313725 0.0055248618784530384
0.0 0.9546568627450981 0.7472375690607734 0.0024509803921568627 0.0027624309392265192
9.0 0.9203431372549019 0.7720994475138122 0.007352941176470588 0.008287292817679558
9.0 0.9093137254901961 0.7845303867403315 0.00980392156862745 0.016574585635359115
8.0 0.8713235294117647 0.7527624309392266 0.02696078431372549 0.06353591160220995
3.0 0.8774509803921569 0.6767955801104972 0.014705882352941176 0.04419889502762431
4.0 0.8725490196078431 0.16160220994475138 0.014705882352941176 0.019337016574585635
3.0 0.8933823529411765 0.255524861878453 0.012254901960784314 0.024861878453038673
3.0 0.9044117647058824 0.4696132596685083 0.00980392156862745 0.03867403314917127
3.0 0.4840686274509804 0.8867403314917127 0.031862745098039214 0.027624309392265192
3.0 0.18259803921568626 0.6146408839779005 0.02696078431372549 0.052486187845303865
3.0 0.22794117647058823 0.5953038674033149 0.03431372549019608 0.058011049723756904
4.0 0.24632352941176472 0.6243093922651933 0.041666666666666664 0.06077348066298342
4.0 0.26715686274509803 0.6519337016574586 0.04411764705882353 0.06077348066298342
4.0 0.3627450980392157 0.5345303867403315 0.029411764705882353 0.06906077348066299
4.0 0.39215686274509803 0.5027624309392266 0.029411764705882353 0.07734806629834254
4.0 0.4178921568627451 0.4558011049723757 0.02696078431372549 0.08287292817679558
4.0 0.44730392156862747 0.4171270718232044 0.022058823529411766 0.06077348066298342
4.0 0.5061274509803921 0.34806629834254144 0.02696078431372549 0.06077348066298342
3.0 0.47794117647058826 0.3839779005524862 0.024509803921568627 0.055248618784530384
5.0 0.3125 0.42955801104972374 0.10049019607843138 0.15193370165745856
5.0 0.41421568627450983 0.31353591160220995 0.08823529411764706 0.09116022099447514
3.0 0.6997549019607843 0.0787292817679558 0.01715686274509804 0.013812154696132596
3.0 0.696078431372549 0.0856353591160221 0.024509803921568627 0.016574585635359115
5.0 0.6838235294117647 0.08977900552486189 0.0392156862745098 0.03591160220994475
5.0 0.6482843137254902 0.09116022099447514 0.061274509803921566 0.049723756906077346
5.0 0.6642156862745098 0.106353591160221 0.058823529411764705 0.04696132596685083
5.0 0.6862745098039216 0.12016574585635359 0.04411764705882353 0.04143646408839779
4.0 0.6666666666666666 0.1505524861878453 0.03431372549019608 0.019337016574585635
4.0 0.6629901960784313 0.15883977900552487 0.03676470588235294 0.024861878453038673
3.0 0.6556372549019608 0.1685082872928177 0.041666666666666664 0.027624309392265192
4.0 0.6433823529411765 0.18922651933701656 0.03676470588235294 0.024861878453038673
3.0 0.6421568627450981 0.2058011049723757 0.029411764705882353 0.019337016574585635
4.0 0.6188725490196079 0.2265193370165746 0.041666666666666664 0.027624309392265192
3.0 0.6066176470588235 0.24033149171270718 0.03676470588235294 0.027624309392265192
3.0 0.5992647058823529 0.255524861878453 0.04656862745098039 0.024861878453038673
3.0 0.7806372549019608 0.09944751381215469 0.01715686274509804 0.016574585635359115
3.0 0.8088235294117647 0.13121546961325967 0.014705882352941176 0.019337016574585635
3.0 0.7340686274509803 0.1132596685082873 0.022058823529411766 0.022099447513812154
4.0 0.7524509803921569 0.12569060773480664 0.0196078431372549 0.019337016574585635
4.0 0.7463235294117647 0.1671270718232044 0.022058823529411766 0.024861878453038673
3.0 0.7267156862745098 0.16022099447513813 0.022058823529411766 0.022099447513812154
4.0 0.7389705882352942 0.21408839779005526 0.02696078431372549 0.03591160220994475
3.0 0.7169117647058824 0.20027624309392264 0.02696078431372549 0.03038674033149171
3.0 0.8014705882352942 0.1919889502762431 0.0196078431372549 0.03038674033149171
5.0 0.8063725490196079 0.27071823204419887 0.0392156862745098 0.06629834254143646
4.0 0.7193627450980392 0.3080110497237569 0.02696078431372549 0.04143646408839779
3.0 0.8075980392156863 0.43922651933701656 0.01715686274509804 0.049723756906077346
3.0 0.7205882352941176 0.7154696132596685 0.03431372549019608 0.055248618784530384
3.0 0.5649509803921569 0.7527624309392266 0.041666666666666664 0.04696132596685083
4.0 0.6139705882352942 0.7803867403314917 0.041666666666666664 0.052486187845303865
4.0 0.6421568627450981 0.3812154696132597 0.0392156862745098 0.055248618784530384
4.0 0.6887254901960784 0.40331491712707185 0.03431372549019608 0.055248618784530384
4.0 0.5490196078431373 0.5580110497237569 0.04411764705882353 0.055248618784530384
4.0 0.6495098039215687 0.4930939226519337 0.029411764705882353 0.04696132596685083
9.0 0.8848039215686274 0.8121546961325967 0.004901960784313725 0.0055248618784530384
