3.0 0.19976635514018692 0.11893203883495146 0.016355140186915886 0.014563106796116505
3.0 0.1647196261682243 0.14320388349514562 0.011682242990654205 0.009708737864077669
3.0 0.15186915887850466 0.154126213592233 0.014018691588785047 0.012135922330097087
3.0 0.37616822429906543 0.050970873786407765 0.03271028037383177 0.009708737864077669
3.0 0.4182242990654206 0.04247572815533981 0.03271028037383177 0.007281553398058253
3.0 0.5782710280373832 0.043689320388349516 0.035046728971962614 0.009708737864077669
3.0 0.7978971962616822 0.1262135922330097 0.02102803738317757 0.014563106796116505
3.0 0.9030373831775701 0.19902912621359223 0.011682242990654205 0.014563106796116505
0.0 0.3282710280373832 0.07402912621359223 0.007009345794392523 0.007281553398058253
0.0 0.3352803738317757 0.07160194174757281 0.007009345794392523 0.007281553398058253
0.0 0.33294392523364486 0.0703883495145631 0.007009345794392523 0.0048543689320388345
3.0 0.04088785046728972 0.29004854368932037 0.007009345794392523 0.012135922330097087
5.0 0.015186915887850467 0.38228155339805825 0.007009345794392523 0.021844660194174758
3.0 0.02102803738317757 0.3774271844660194 0.004672897196261682 0.01699029126213592
3.0 0.02570093457943925 0.36893203883495146 0.009345794392523364 0.019417475728155338
3.0 0.03154205607476635 0.36650485436893204 0.007009345794392523 0.019417475728155338
1.0 0.04322429906542056 0.308252427184466 0.002336448598130841 0.0048543689320388345
2.0 0.04322429906542056 0.3094660194174757 0.002336448598130841 0.007281553398058253
1.0 0.04672897196261682 0.30218446601941745 0.004672897196261682 0.007281553398058253
2.0 0.0455607476635514 0.30461165048543687 0.002336448598130841 0.007281553398058253
0.0 0.04906542056074766 0.30097087378640774 0.004672897196261682 0.009708737864077669
3.0 0.04672897196261682 0.32038834951456313 0.009345794392523364 0.019417475728155338
3.0 0.037383177570093455 0.3604368932038835 0.009345794392523364 0.02669902912621359
0.0 0.05841121495327103 0.30461165048543687 0.004672897196261682 0.012135922330097087
0.0 0.05841121495327103 0.2924757281553398 0.004672897196261682 0.012135922330097087
0.0 0.07009345794392523 0.27063106796116504 0.004672897196261682 0.012135922330097087
0.0 0.07009345794392523 0.2803398058252427 0.004672897196261682 0.012135922330097087
0.0 0.0397196261682243 0.3580097087378641 0.004672897196261682 0.012135922330097087
0.0 0.036214953271028034 0.3737864077669903 0.002336448598130841 0.014563106796116505
3.0 0.04205607476635514 0.35558252427184467 0.009345794392523364 0.021844660194174758
0.0 0.04672897196261682 0.3616504854368932 0.004672897196261682 0.014563106796116505
0.0 0.04906542056074766 0.3616504854368932 0.004672897196261682 0.014563106796116505
0.0 0.05023364485981308 0.35558252427184467 0.002336448598130841 0.012135922330097087
3.0 0.052570093457943924 0.34951456310679613 0.011682242990654205 0.024271844660194174
3.0 0.06425233644859812 0.33737864077669905 0.016355140186915886 0.02912621359223301
1.0 0.09345794392523364 0.2536407766990291 0.004672897196261682 0.007281553398058253
2.0 0.09228971962616822 0.25606796116504854 0.007009345794392523 0.012135922330097087
3.0 0.07476635514018691 0.3300970873786408 0.014018691588785047 0.03398058252427184
3.0 0.0852803738317757 0.32160194174757284 0.016355140186915886 0.03640776699029126
3.0 0.0969626168224299 0.3131067961165049 0.02102803738317757 0.038834951456310676
3.0 0.1366822429906542 0.23058252427184467 0.02570093457943925 0.02912621359223301
3.0 0.11799065420560748 0.2973300970873786 0.02570093457943925 0.03640776699029126
3.0 0.14953271028037382 0.2803398058252427 0.037383177570093455 0.0412621359223301
0.0 0.15771028037383178 0.28640776699029125 0.011682242990654205 0.024271844660194174
3.0 0.2044392523364486 0.2536407766990291 0.053738317757009345 0.04611650485436893
3.0 0.23130841121495327 0.20266990291262135 0.0514018691588785 0.0412621359223301
3.0 0.25817757009345793 0.17718446601941748 0.04906542056074766 0.03398058252427184
8.0 0.28738317757009346 0.15048543689320387 0.1261682242990654 0.07281553398058252
3.0 0.24649532710280375 0.15655339805825244 0.0397196261682243 0.02669902912621359
3.0 0.5478971962616822 0.10436893203883495 0.05841121495327103 0.014563106796116505
3.0 0.6261682242990654 0.11893203883495146 0.06074766355140187 0.024271844660194174
5.0 0.860981308411215 0.23179611650485438 0.04439252336448598 0.050970873786407765
4.0 0.9228971962616822 0.3143203883495146 0.018691588785046728 0.03155339805825243
5.0 0.977803738317757 0.3713592233009709 0.016355140186915886 0.038834951456310676
3.0 0.9813084112149533 0.3895631067961165 0.009345794392523364 0.021844660194174758
3.0 0.977803738317757 0.3567961165048544 0.007009345794392523 0.019417475728155338
5.0 0.9707943925233645 0.3313106796116505 0.016355140186915886 0.0412621359223301
3.0 0.9532710280373832 0.2961165048543689 0.009345794392523364 0.019417475728155338
3.0 0.991822429906542 0.4441747572815534 0.007009345794392523 0.024271844660194174
3.0 0.9883177570093458 0.4405339805825243 0.004672897196261682 0.021844660194174758
3.0 0.9742990654205608 0.4199029126213592 0.009345794392523364 0.024271844660194174
4.0 0.9252336448598131 0.3737864077669903 0.018691588785046728 0.03398058252427184
3.0 0.9030373831775701 0.35194174757281554 0.02570093457943925 0.04854368932038835
4.0 0.8773364485981309 0.3300970873786408 0.030373831775700934 0.043689320388349516
3.0 0.7021028037383178 0.24150485436893204 0.07242990654205607 0.055825242718446605
3.0 0.5782710280373832 0.20388349514563106 0.06775700934579439 0.03398058252427184
9.0 0.5677570093457944 0.21723300970873785 0.04205607476635514 0.021844660194174758
9.0 0.5280373831775701 0.21359223300970873 0.03271028037383177 0.019417475728155338
0.0 0.4252336448598131 0.1966019417475728 0.014018691588785047 0.024271844660194174
4.0 0.441588785046729 0.2111650485436893 0.06074766355140187 0.043689320388349516
3.0 0.4217289719626168 0.2682038834951456 0.05841121495327103 0.0703883495145631
4.0 0.3901869158878505 0.37014563106796117 0.04672897196261682 0.09466019417475728
5.0 0.522196261682243 0.42597087378640774 0.15654205607476634 0.09951456310679611
4.0 0.3598130841121495 0.46480582524271846 0.06542056074766354 0.10922330097087378
3.0 0.3282710280373832 0.5558252427184466 0.06775700934579439 0.10194174757281553
0.0 0.3130841121495327 0.39684466019417475 0.014018691588785047 0.03640776699029126
0.0 0.2967289719626168 0.49393203883495146 0.009345794392523364 0.03155339805825243
0.0 0.2838785046728972 0.4987864077669903 0.011682242990654205 0.03640776699029126
0.0 0.272196261682243 0.508495145631068 0.011682242990654205 0.0412621359223301
0.0 0.26401869158878505 0.47815533980582525 0.014018691588785047 0.038834951456310676
0.0 0.27453271028037385 0.46237864077669905 0.016355140186915886 0.03155339805825243
3.0 0.28154205607476634 0.2487864077669903 0.07710280373831775 0.050970873786407765
4.0 0.2570093457943925 0.279126213592233 0.06542056074766354 0.043689320388349516
4.0 0.25 0.30218446601941745 0.06542056074766354 0.050970873786407765
4.0 0.2383177570093458 0.3300970873786408 0.056074766355140186 0.043689320388349516
5.0 0.2207943925233645 0.3616504854368932 0.07242990654205607 0.06310679611650485
3.0 0.27920560747663553 0.33495145631067963 0.04906542056074766 0.07766990291262135
3.0 0.1530373831775701 0.4211165048543689 0.030373831775700934 0.0703883495145631
4.0 0.20210280373831777 0.4186893203883495 0.053738317757009345 0.050970873786407765
0.0 0.25934579439252337 0.587378640776699 0.009345794392523364 0.019417475728155338
0.0 0.2523364485981308 0.5837378640776699 0.014018691588785047 0.03155339805825243
3.0 0.18808411214953272 0.4720873786407767 0.053738317757009345 0.04611650485436893
3.0 0.17873831775700935 0.5279126213592233 0.04906542056074766 0.050970873786407765
4.0 0.17757009345794392 0.6492718446601942 0.06074766355140187 0.06067961165048544
4.0 0.30257009345794394 0.6711165048543689 0.07242990654205607 0.08980582524271845
4.0 0.3446261682242991 0.6929611650485437 0.08644859813084112 0.08980582524271845
1.0 0.24299065420560748 0.6759708737864077 0.014018691588785047 0.021844660194174758
2.0 0.24766355140186916 0.691747572815534 0.014018691588785047 0.02912621359223301
0.0 0.1483644859813084 0.6820388349514563 0.011682242990654205 0.024271844660194174
0.0 0.17523364485981308 0.7172330097087378 0.014018691588785047 0.02669902912621359
1.0 0.17990654205607476 0.691747572815534 0.014018691588785047 0.024271844660194174
9.0 0.1810747663551402 0.6905339805825242 0.016355140186915886 0.021844660194174758
0.0 0.20210280373831777 0.7463592233009708 0.011682242990654205 0.021844660194174758
0.0 0.29439252336448596 0.758495145631068 0.018691588785046728 0.02669902912621359
0.0 0.2616822429906542 0.7912621359223301 0.018691588785046728 0.019417475728155338
1.0 0.22897196261682243 0.7524271844660194 0.014018691588785047 0.014563106796116505
9.0 0.23130841121495327 0.7609223300970874 0.018691588785046728 0.02669902912621359
4.0 0.3341121495327103 0.816747572815534 0.09345794392523364 0.050970873786407765
4.0 0.3773364485981308 0.8046116504854369 0.09579439252336448 0.050970873786407765
4.0 0.45560747663551404 0.8470873786407767 0.09813084112149532 0.03398058252427184
4.0 0.6016355140186916 0.8555825242718447 0.08644859813084112 0.03640776699029126
4.0 0.6752336448598131 0.8385922330097088 0.0514018691588785 0.050970873786407765
4.0 0.4929906542056075 0.8762135922330098 0.09813084112149532 0.024271844660194174
4.0 0.5712616822429907 0.8944174757281553 0.08177570093457943 0.02669902912621359
4.0 0.5735981308411215 0.9065533980582524 0.10514018691588785 0.02669902912621359
5.0 0.49649532710280375 0.9114077669902912 0.04439252336448598 0.03155339805825243
5.0 0.4147196261682243 0.9174757281553398 0.07242990654205607 0.024271844660194174
6.0 0.4357476635514019 0.904126213592233 0.030373831775700934 0.021844660194174758
0.0 0.5899532710280374 0.7560679611650486 0.016355140186915886 0.021844660194174758
0.0 0.6098130841121495 0.7512135922330098 0.014018691588785047 0.021844660194174758
0.0 0.6226635514018691 0.7342233009708737 0.02102803738317757 0.01699029126213592
0.0 0.6261682242990654 0.7536407766990292 0.014018691588785047 0.021844660194174758
0.0 0.5665887850467289 0.7475728155339806 0.011682242990654205 0.019417475728155338
1.0 0.7476635514018691 0.7524271844660194 0.014018691588785047 0.014563106796116505
9.0 0.7324766355140186 0.8191747572815534 0.016355140186915886 0.021844660194174758
0.0 0.697429906542056 0.8519417475728155 0.016355140186915886 0.014563106796116505
0.0 0.3808411214953271 0.8580097087378641 0.02336448598130841 0.01699029126213592
0.0 0.4100467289719626 0.8592233009708737 0.02102803738317757 0.014563106796116505
4.0 0.07710280373831775 0.787621359223301 0.014018691588785047 0.021844660194174758
4.0 0.07009345794392523 0.7706310679611651 0.02336448598130841 0.03640776699029126
0.0 0.8504672897196262 0.8640776699029126 0.009345794392523364 0.009708737864077669
0.0 0.8551401869158879 0.8592233009708737 0.009345794392523364 0.009708737864077669
0.0 0.8714953271028038 0.845873786407767 0.009345794392523364 0.007281553398058253
1.0 0.8726635514018691 0.8446601941747572 0.002336448598130841 0.0048543689320388345
0.0 0.8644859813084113 0.8531553398058253 0.004672897196261682 0.007281553398058253
0.0 0.8644859813084113 0.8543689320388349 0.009345794392523364 0.009708737864077669
0.0 0.8177570093457944 0.8859223300970874 0.009345794392523364 0.009708737864077669
0.0 0.8142523364485982 0.8895631067961165 0.007009345794392523 0.007281553398058253
0.0 0.7605140186915887 0.9259708737864077 0.011682242990654205 0.007281553398058253
9.0 0.7476635514018691 0.9283980582524272 0.014018691588785047 0.012135922330097087
0.0 0.6939252336448598 0.9611650485436893 0.009345794392523364 0.0048543689320388345
0.0 0.6705607476635514 0.9550970873786407 0.014018691588785047 0.007281553398058253
0.0 0.625 0.9466019417475728 0.011682242990654205 0.009708737864077669
0.0 0.625 0.9720873786407767 0.011682242990654205 0.0024271844660194173
0.0 0.610981308411215 0.9854368932038835 0.011682242990654205 0.0048543689320388345
1.0 0.5747663551401869 0.9890776699029126 0.014018691588785047 0.0024271844660194173
0.0 0.5747663551401869 0.9878640776699029 0.009345794392523364 0.0048543689320388345
0.0 0.5957943925233645 0.9817961165048543 0.009345794392523364 0.0024271844660194173
1.0 0.5841121495327103 0.9830097087378641 0.004672897196261682 0.0
1.0 0.5829439252336449 0.9817961165048543 0.011682242990654205 0.0024271844660194173
7.0 0.5817757009345794 0.9817961165048543 0.014018691588785047 0.007281553398058253
0.0 0.6133177570093458 0.9733009708737864 0.011682242990654205 0.0048543689320388345
0.0 0.6156542056074766 0.9684466019417476 0.011682242990654205 0.0048543689320388345
1.0 0.5771028037383178 0.9769417475728155 0.009345794392523364 0.0024271844660194173
1.0 0.6051401869158879 0.9720873786407767 0.009345794392523364 0.0024271844660194173
2.0 0.6039719626168224 0.9720873786407767 0.011682242990654205 0.007281553398058253
0.0 0.5992990654205608 0.9696601941747572 0.007009345794392523 0.0024271844660194173
0.0 0.6004672897196262 0.9648058252427184 0.009345794392523364 0.0024271844660194173
1.0 0.5350467289719626 0.9890776699029126 0.014018691588785047 0.0024271844660194173
9.0 0.5338785046728972 0.9902912621359223 0.011682242990654205 0.0048543689320388345
0.0 0.4953271028037383 0.9963592233009708 0.009345794392523364 0.0024271844660194173
0.0 0.508177570093458 0.9890776699029126 0.007009345794392523 0.0024271844660194173
0.0 0.4871495327102804 0.9927184466019418 0.007009345794392523 0.0
9.0 0.4883177570093458 0.9939320388349514 0.018691588785046728 0.0024271844660194173
3.0 0.45794392523364486 0.9878640776699029 0.07009345794392523 0.014563106796116505
3.0 0.3703271028037383 0.970873786407767 0.07242990654205607 0.024271844660194174
0.0 0.34579439252336447 0.9720873786407767 0.009345794392523364 0.0024271844660194173
0.0 0.26985981308411217 0.9356796116504854 0.011682242990654205 0.007281553398058253
0.0 0.32009345794392524 0.9587378640776699 0.009345794392523364 0.0048543689320388345
9.0 0.27920560747663553 0.9429611650485437 0.02102803738317757 0.012135922330097087
1.0 0.2733644859813084 0.9150485436893204 0.009345794392523364 0.0048543689320388345
2.0 0.2757009345794392 0.9174757281553398 0.018691588785046728 0.014563106796116505
0.0 0.2885514018691589 0.904126213592233 0.007009345794392523 0.007281553398058253
0.0 0.2827102803738318 0.9004854368932039 0.014018691588785047 0.009708737864077669
5.0 0.4976635514018692 0.9575242718446602 0.03271028037383177 0.012135922330097087
3.0 0.4532710280373832 0.9550970873786407 0.03271028037383177 0.012135922330097087
4.0 0.4030373831775701 0.9441747572815534 0.04906542056074766 0.019417475728155338
4.0 0.22313084112149534 0.8859223300970874 0.05841121495327103 0.038834951456310676
4.0 0.17990654205607476 0.8555825242718447 0.04672897196261682 0.0412621359223301
5.0 0.15771028037383178 0.8422330097087378 0.04439252336448598 0.05339805825242718
6.0 0.16004672897196262 0.8349514563106796 0.030373831775700934 0.02912621359223301
4.0 0.14719626168224298 0.837378640776699 0.04205607476635514 0.04854368932038835
0.0 0.12733644859813084 0.8216019417475728 0.011682242990654205 0.012135922330097087
0.0 0.12383177570093458 0.8118932038834952 0.009345794392523364 0.012135922330097087
0.0 0.12850467289719625 0.816747572815534 0.009345794392523364 0.012135922330097087
9.0 0.12967289719626168 0.8179611650485437 0.011682242990654205 0.014563106796116505
9.0 0.15771028037383178 0.8131067961165048 0.016355140186915886 0.019417475728155338
9.0 0.15070093457943926 0.8094660194174758 0.016355140186915886 0.021844660194174758
0.0 0.14602803738317757 0.8046116504854369 0.011682242990654205 0.012135922330097087
9.0 0.1378504672897196 0.7949029126213593 0.014018691588785047 0.01699029126213592
9.0 0.13317757009345793 0.7912621359223301 0.014018691588785047 0.019417475728155338
9.0 0.12850467289719625 0.7864077669902912 0.014018691588785047 0.019417475728155338
9.0 0.12149532710280374 0.7803398058252428 0.014018691588785047 0.01699029126213592
9.0 0.12032710280373832 0.7779126213592233 0.011682242990654205 0.01699029126213592
9.0 0.1133177570093458 0.7718446601941747 0.011682242990654205 0.019417475728155338
9.0 0.11448598130841121 0.7682038834951457 0.014018691588785047 0.01699029126213592
2.0 0.11098130841121495 0.7754854368932039 0.011682242990654205 0.01699029126213592
9.0 0.10397196261682243 0.7682038834951457 0.011682242990654205 0.01699029126213592
6.0 0.11214953271028037 0.7390776699029126 0.018691588785046728 0.03155339805825243
6.0 0.13551401869158877 0.7682038834951457 0.018691588785046728 0.02669902912621359
6.0 0.1133177570093458 0.7572815533980582 0.02570093457943925 0.038834951456310676
9.0 0.10630841121495327 0.75 0.011682242990654205 0.019417475728155338
9.0 0.10163551401869159 0.7487864077669902 0.011682242990654205 0.01699029126213592
6.0 0.0969626168224299 0.7354368932038835 0.016355140186915886 0.024271844660194174
6.0 0.09579439252336448 0.7220873786407767 0.018691588785046728 0.03640776699029126
9.0 0.08177570093457943 0.7063106796116505 0.009345794392523364 0.019417475728155338
6.0 0.06775700934579439 0.6881067961165048 0.009345794392523364 0.021844660194174758
1.0 0.06542056074766354 0.7038834951456311 0.004672897196261682 0.009708737864077669
9.0 0.06775700934579439 0.7063106796116505 0.009345794392523364 0.019417475728155338
9.0 0.0911214953271028 0.7390776699029126 0.009345794392523364 0.01699029126213592
9.0 0.0969626168224299 0.7451456310679612 0.011682242990654205 0.019417475728155338
9.0 0.08644859813084112 0.7366504854368932 0.009345794392523364 0.01699029126213592
