3.0 0.15073529411764705 0.788659793814433 0.18382352941176472 0.25773195876288657
3.0 0.8284313725490197 0.6649484536082474 0.24019607843137256 0.25257731958762886
3.0 0.7720588235294118 0.36211340206185566 0.25980392156862747 0.2190721649484536
3.0 0.7475490196078431 0.25257731958762886 0.25980392156862747 0.19072164948453607
3.0 0.7303921568627451 0.1713917525773196 0.20098039215686275 0.13144329896907217
3.0 0.5563725490196079 0.07087628865979381 0.10294117647058823 0.04381443298969072
3.0 0.23651960784313725 0.15850515463917525 0.12009803921568628 0.11082474226804123
3.0 0.03553921568627451 0.4072164948453608 0.04656862745098039 0.13402061855670103
3.0 0.1323529411764706 0.21005154639175258 0.08333333333333333 0.11082474226804123
4.0 0.6875 0.125 0.17892156862745098 0.10051546391752578
3.0 0.7034313725490197 0.11984536082474227 0.18627450980392157 0.10051546391752578
3.0 0.2622549019607843 0.08634020618556701 0.09313725490196079 0.06443298969072164
4.0 0.3174019607843137 0.05283505154639175 0.08088235294117647 0.04381443298969072
4.0 0.5784313725490197 0.04896907216494845 0.058823529411764705 0.030927835051546393
3.0 0.4681372549019608 0.02577319587628866 0.06862745098039216 0.020618556701030927
0.0 0.12745098039215685 0.1791237113402062 0.024509803921568627 0.03350515463917526
0.0 0.14215686274509803 0.16623711340206185 0.029411764705882353 0.03865979381443299
0.0 0.1801470588235294 0.16237113402061856 0.03676470588235294 0.04639175257731959
0.0 0.20710784313725492 0.14304123711340205 0.041666666666666664 0.04896907216494845
0.0 0.2806372549019608 0.059278350515463915 0.07598039215686274 0.041237113402061855
3.0 0.3088235294117647 0.03865979381443299 0.06372549019607843 0.030927835051546393
3.0 0.2769607843137255 0.05025773195876289 0.058823529411764705 0.03350515463917526
0.0 0.45588235294117646 0.01288659793814433 0.014705882352941176 0.010309278350515464
3.0 0.47181372549019607 0.00902061855670103 0.0661764705882353 0.01288659793814433
3.0 0.5637254901960784 0.02190721649484536 0.058823529411764705 0.01804123711340206
3.0 0.5441176470588235 0.015463917525773196 0.06372549019607843 0.015463917525773196
3.0 0.5968137254901961 0.019329896907216496 0.04656862745098039 0.01804123711340206
3.0 0.6225490196078431 0.020618556701030927 0.058823529411764705 0.020618556701030927
3.0 0.5379901960784313 0.005154639175257732 0.056372549019607844 0.010309278350515464
3.0 0.8321078431372549 0.12757731958762886 0.04656862745098039 0.04381443298969072
3.0 0.8639705882352942 0.15335051546391754 0.03676470588235294 0.04381443298969072
3.0 0.8504901960784313 0.13015463917525774 0.03431372549019608 0.03865979381443299
3.0 0.8259803921568627 0.11082474226804123 0.04411764705882353 0.041237113402061855
3.0 0.012254901960784314 0.5438144329896907 0.024509803921568627 0.15463917525773196
