3.0 0.03676470588235294 0.3170103092783505 0.004901960784313725 0.010309278350515464
5.0 0.06495098039215687 0.2693298969072165 0.007352941176470588 0.01288659793814433
8.0 0.09313725490196079 0.22551546391752578 0.00980392156862745 0.01804123711340206
3.0 0.04534313725490196 0.2822164948453608 0.0024509803921568627 0.007731958762886598
3.0 0.05024509803921569 0.2770618556701031 0.0024509803921568627 0.007731958762886598
3.0 0.04779411764705882 0.27963917525773196 0.0024509803921568627 0.007731958762886598
3.0 0.051470588235294115 0.27448453608247425 0.004901960784313725 0.01288659793814433
3.0 0.27941176470588236 0.09536082474226804 0.014705882352941176 0.010309278350515464
5.0 0.28308823529411764 0.09149484536082474 0.01715686274509804 0.007731958762886598
3.0 0.27205882352941174 0.7280927835051546 0.0392156862745098 0.04381443298969072
3.0 0.31004901960784315 0.8131443298969072 0.04656862745098039 0.03865979381443299
5.0 0.0428921568627451 0.39948453608247425 0.007352941176470588 0.02577319587628866
3.0 0.049019607843137254 0.3865979381443299 0.004901960784313725 0.015463917525773196
3.0 0.7524509803921569 0.1481958762886598 0.00980392156862745 0.007731958762886598
3.0 0.7524509803921569 0.14304123711340205 0.00980392156862745 0.007731958762886598
5.0 0.32965686274509803 0.05283505154639175 0.01715686274509804 0.007731958762886598
5.0 0.44730392156862747 0.028350515463917526 0.01715686274509804 0.005154639175257732
5.0 0.45955882352941174 0.027061855670103094 0.007352941176470588 0.002577319587628866
5.0 0.33455882352941174 0.05798969072164949 0.01715686274509804 0.007731958762886598
3.0 0.43014705882352944 0.9677835051546392 0.03676470588235294 0.01288659793814433
3.0 0.5649509803921569 0.9626288659793815 0.041666666666666664 0.01288659793814433
3.0 0.20833333333333334 0.8608247422680413 0.0392156862745098 0.03608247422680412
