3.0 0.30490654205607476 0.9283980582524272 0.14719626168224298 0.09466019417475728
3.0 0.780373831775701 0.24514563106796117 0.04205607476635514 0.038834951456310676
3.0 0.7464953271028038 0.2087378640776699 0.035046728971962614 0.02912621359223301
3.0 0.39602803738317754 0.41140776699029125 0.0911214953271028 0.10436893203883495
3.0 0.3411214953271028 0.6237864077669902 0.09345794392523364 0.12135922330097088
3.0 0.3808411214953271 0.5206310679611651 0.08878504672897196 0.10922330097087378
3.0 0.433411214953271 0.32160194174757284 0.07710280373831775 0.07524271844660194
3.0 0.7535046728971962 0.5327669902912622 0.09579439252336448 0.08980582524271845
3.0 0.5771028037383178 0.1529126213592233 0.028037383177570093 0.019417475728155338
3.0 0.5911214953271028 0.12985436893203883 0.04672897196261682 0.01699029126213592
4.0 0.5268691588785047 0.1407766990291262 0.02570093457943925 0.014563106796116505
4.0 0.8107476635514018 0.7427184466019418 0.09813084112149532 0.14563106796116504
4.0 0.48130841121495327 0.8264563106796117 0.12149532710280374 0.08009708737864078
5.0 0.7698598130841121 0.8604368932038835 0.2266355140186916 0.21601941747572814
5.0 0.875 0.6516990291262136 0.1191588785046729 0.19174757281553398
3.0 0.8714953271028038 0.5558252427184466 0.06542056074766354 0.07766990291262135
3.0 0.9404205607476636 0.5339805825242718 0.02570093457943925 0.05339805825242718
4.0 0.905373831775701 0.5012135922330098 0.0397196261682243 0.0703883495145631
3.0 0.8936915887850467 0.42475728155339804 0.0397196261682243 0.06796116504854369
3.0 0.8656542056074766 0.3470873786407767 0.04906542056074766 0.05825242718446602
3.0 0.8539719626168224 0.32160194174757284 0.04906542056074766 0.050970873786407765
3.0 0.8271028037383178 0.2827669902912621 0.04672897196261682 0.050970873786407765
3.0 0.9380841121495327 0.5849514563106796 0.030373831775700934 0.05825242718446602
1.0 0.46845794392523366 0.9672330097087378 0.030373831775700934 0.012135922330097087
1.0 0.5502336448598131 0.9259708737864077 0.035046728971962614 0.021844660194174758
1.0 0.3364485981308411 0.8810679611650486 0.04672897196261682 0.038834951456310676
1.0 0.35046728971962615 0.8616504854368932 0.04672897196261682 0.04854368932038835
1.0 0.5876168224299065 0.875 0.030373831775700934 0.021844660194174758
1.0 0.594626168224299 0.8628640776699029 0.035046728971962614 0.02669902912621359
1.0 0.441588785046729 0.6783980582524272 0.04672897196261682 0.0703883495145631
1.0 0.594626168224299 0.33859223300970875 0.02570093457943925 0.0412621359223301
1.0 0.6063084112149533 0.2961165048543689 0.030373831775700934 0.038834951456310676
1.0 0.5654205607476636 0.18689320388349515 0.018691588785046728 0.014563106796116505
1.0 0.5876168224299065 0.1662621359223301 0.011682242990654205 0.012135922330097087
1.0 0.602803738317757 0.1529126213592233 0.009345794392523364 0.009708737864077669
2.0 0.6039719626168224 0.15655339805825244 0.016355140186915886 0.012135922330097087
2.0 0.5210280373831776 0.29004854368932037 0.02336448598130841 0.03640776699029126
9.0 0.6074766355140186 0.30461165048543687 0.02336448598130841 0.03640776699029126
2.0 0.5934579439252337 0.3628640776699029 0.028037383177570093 0.050970873786407765
2.0 0.44509345794392524 0.6966019417475728 0.04439252336448598 0.06310679611650485
9.0 0.5899532710280374 0.8725728155339806 0.035046728971962614 0.03155339805825243
9.0 0.5514018691588785 0.9283980582524272 0.03271028037383177 0.021844660194174758
9.0 0.4672897196261682 0.970873786407767 0.03271028037383177 0.014563106796116505
2.0 0.3446261682242991 0.8919902912621359 0.0397196261682243 0.03640776699029126
2.0 0.35514018691588783 0.8701456310679612 0.04205607476635514 0.0412621359223301
0.0 0.5011682242990654 0.9951456310679612 0.02102803738317757 0.0048543689320388345
0.0 0.5198598130841121 0.9951456310679612 0.016355140186915886 0.0048543689320388345
0.0 0.5957943925233645 0.8313106796116505 0.037383177570093455 0.050970873786407765
0.0 0.3726635514018692 0.6711165048543689 0.035046728971962614 0.07524271844660194
0.0 0.04672897196261682 0.5983009708737864 0.009345794392523364 0.03640776699029126
2.0 0.04789719626168224 0.6055825242718447 0.011682242990654205 0.02669902912621359
2.0 0.38434579439252337 0.691747572815534 0.04906542056074766 0.06796116504854369
0.0 0.5654205607476636 0.12378640776699029 0.009345794392523364 0.009708737864077669
0.0 0.572429906542056 0.1383495145631068 0.009345794392523364 0.009708737864077669
0.0 0.5911214953271028 0.1395631067961165 0.009345794392523364 0.012135922330097087
0.0 0.6098130841121495 0.17718446601941748 0.014018691588785047 0.014563106796116505
0.0 0.5654205607476636 0.1662621359223301 0.014018691588785047 0.01699029126213592
0.0 0.5467289719626168 0.14805825242718446 0.014018691588785047 0.014563106796116505
0.0 0.5899532710280374 0.2087378640776699 0.016355140186915886 0.02912621359223301
0.0 0.49649532710280375 0.2645631067961165 0.011682242990654205 0.038834951456310676
0.0 0.5490654205607477 0.2220873786407767 0.014018691588785047 0.03155339805825243
0.0 0.5794392523364486 0.25 0.018691588785046728 0.038834951456310676
0.0 0.5198598130841121 0.25485436893203883 0.02102803738317757 0.038834951456310676
0.0 0.5280373831775701 0.28519417475728154 0.028037383177570093 0.055825242718446605
0.0 0.6600467289719626 0.4065533980582524 0.02570093457943925 0.06553398058252427
0.0 0.6507009345794392 0.36650485436893204 0.02570093457943925 0.05339805825242718
0.0 0.6577102803738317 0.3470873786407767 0.02102803738317757 0.04854368932038835
0.0 0.6366822429906542 0.2633495145631068 0.016355140186915886 0.03640776699029126
0.0 0.6098130841121495 0.25 0.018691588785046728 0.03398058252427184
0.0 0.6098130841121495 0.2111650485436893 0.014018691588785047 0.024271844660194174
0.0 0.5233644859813084 0.1783980582524272 0.014018691588785047 0.021844660194174758
0.0 0.522196261682243 0.22451456310679613 0.016355140186915886 0.02669902912621359
0.0 0.5373831775700935 0.21237864077669902 0.014018691588785047 0.02669902912621359
0.0 0.5607476635514018 0.14320388349514562 0.009345794392523364 0.009708737864077669
0.0 0.5572429906542056 0.14563106796116504 0.007009345794392523 0.009708737864077669
0.0 0.5397196261682243 0.13349514563106796 0.009345794392523364 0.009708737864077669
0.0 0.5385514018691588 0.12985436893203883 0.011682242990654205 0.012135922330097087
0.0 0.6296728971962616 0.2220873786407767 0.016355140186915886 0.02669902912621359
0.0 0.6214953271028038 0.2087378640776699 0.014018691588785047 0.024271844660194174
0.0 0.610981308411215 0.20266990291262135 0.016355140186915886 0.021844660194174758
0.0 0.6191588785046729 0.20509708737864077 0.014018691588785047 0.021844660194174758
0.0 0.5584112149532711 0.2196601941747573 0.014018691588785047 0.02669902912621359
0.0 0.5759345794392523 0.23058252427184467 0.016355140186915886 0.024271844660194174
0.0 0.5922897196261683 0.24757281553398058 0.016355140186915886 0.03398058252427184
0.0 0.6016355140186916 0.24757281553398058 0.016355140186915886 0.03398058252427184
0.0 0.6764018691588785 0.3628640776699029 0.02102803738317757 0.050970873786407765
0.0 0.7511682242990654 0.4429611650485437 0.02102803738317757 0.07524271844660194
1.0 0.7558411214953271 0.4393203883495146 0.016355140186915886 0.043689320388349516
0.0 0.7324766355140186 0.8313106796116505 0.035046728971962614 0.04611650485436893
6.0 0.677570093457944 0.8398058252427184 0.08411214953271028 0.0970873786407767
9.0 0.8820093457943925 0.3628640776699029 0.016355140186915886 0.02669902912621359
0.0 0.7827102803738317 0.26941747572815533 0.018691588785046728 0.02912621359223301
9.0 0.7862149532710281 0.22572815533980584 0.011682242990654205 0.014563106796116505
0.0 0.6962616822429907 0.4029126213592233 0.02336448598130841 0.05825242718446602
1.0 0.822429906542056 0.25485436893203883 0.009345794392523364 0.014563106796116505
0.0 0.8095794392523364 0.24635922330097088 0.011682242990654205 0.021844660194174758
0.0 0.8142523364485982 0.2487864077669903 0.011682242990654205 0.01699029126213592
2.0 0.8516355140186916 0.2973300970873786 0.011682242990654205 0.01699029126213592
2.0 0.8563084112149533 0.30339805825242716 0.011682242990654205 0.019417475728155338
9.0 0.6273364485981309 0.3725728155339806 0.030373831775700934 0.050970873786407765
