3.0 0.36887254901960786 0.8784530386740331 0.1642156862745098 0.10497237569060773
3.0 0.42034313725490197 0.8466850828729282 0.18382352941176472 0.1132596685082873
3.0 0.6090686274509803 0.9709944751381215 0.12990196078431374 0.04696132596685083
3.0 0.7303921568627451 0.9378453038674033 0.09313725490196079 0.058011049723756904
3.0 0.7732843137254902 0.9033149171270718 0.11519607843137254 0.09944751381215469
3.0 0.6531862745098039 0.9433701657458563 0.14460784313725492 0.0856353591160221
3.0 0.6936274509803921 0.9046961325966851 0.1323529411764706 0.10220994475138122
3.0 0.7303921568627451 0.861878453038674 0.16176470588235295 0.143646408839779
3.0 0.8149509803921569 0.8591160220994475 0.1053921568627451 0.12154696132596685
3.0 0.23651960784313725 0.324585635359116 0.13480392156862744 0.17955801104972377
3.0 0.33700980392156865 0.2058011049723757 0.12990196078431374 0.1132596685082873
3.0 0.4362745098039216 0.13950276243093923 0.11274509803921569 0.07458563535911603
3.0 0.6102941176470589 0.09392265193370165 0.10294117647058823 0.0718232044198895
3.0 0.5526960784313726 0.07734806629834254 0.10049019607843138 0.055248618784530384
3.0 0.6115196078431373 0.06077348066298342 0.07598039215686274 0.04419889502762431
3.0 0.6470588235294118 0.052486187845303865 0.08823529411764706 0.049723756906077346
0.0 0.5980392156862745 0.393646408839779 0.03431372549019608 0.07458563535911603
0.0 0.6213235294117647 0.39779005524861877 0.03676470588235294 0.06629834254143646
3.0 0.02696078431372549 0.42679558011049723 0.0196078431372549 0.06906077348066299
3.0 0.00857843137254902 0.4129834254143646 0.012254901960784314 0.04696132596685083
4.0 0.015931372549019607 0.36464088397790057 0.01715686274509804 0.049723756906077346
3.0 0.6225490196078431 0.024861878453038673 0.06372549019607843 0.027624309392265192
