3.0 0.14583333333333334 0.8530927835051546 0.16911764705882354 0.15979381443298968
3.0 0.18995098039215685 0.8131443298969072 0.26715686274509803 0.24484536082474226
3.0 0.2916666666666667 0.7216494845360825 0.3431372549019608 0.26288659793814434
3.0 0.38848039215686275 0.5773195876288659 0.4338235294117647 0.26804123711340205
3.0 0.5379901960784313 0.4213917525773196 0.44362745098039214 0.2190721649484536
3.0 0.6568627450980392 0.30412371134020616 0.3284313725490196 0.20103092783505155
3.0 0.6997549019607843 0.24742268041237114 0.26715686274509803 0.17525773195876287
3.0 0.741421568627451 0.20103092783505155 0.18382352941176472 0.12371134020618557
3.0 0.7818627450980392 0.18041237113402062 0.14705882352941177 0.1134020618556701
3.0 0.8014705882352942 0.16881443298969073 0.11274509803921569 0.09536082474226804
3.0 0.9767156862745098 0.4729381443298969 0.02696078431372549 0.13659793814432988
3.0 0.9522058823529411 0.6481958762886598 0.07598039215686274 0.19845360824742267
3.0 0.8811274509803921 0.8028350515463918 0.14460784313725492 0.20876288659793815
3.0 0.9754901960784313 0.3904639175257732 0.029411764705882353 0.09020618556701031
0.0 0.7401960784313726 0.08891752577319588 0.03431372549019608 0.03350515463917526
5.0 0.7953431372549019 0.13402061855670103 0.09558823529411764 0.09278350515463918
3.0 0.8308823529411765 0.15077319587628865 0.07352941176470588 0.06443298969072164
4.0 0.8308823529411765 0.13659793814432988 0.04411764705882353 0.04639175257731959
3.0 0.8431372549019608 0.1404639175257732 0.03431372549019608 0.03350515463917526
3.0 0.8504901960784313 0.13788659793814434 0.03431372549019608 0.03865979381443299
3.0 0.8492647058823529 0.13015463917525774 0.02696078431372549 0.028350515463917526
3.0 0.8063725490196079 0.09536082474226804 0.03431372549019608 0.02577319587628866
3.0 0.8725490196078431 0.1404639175257732 0.0196078431372549 0.023195876288659795
3.0 0.8958333333333334 0.1791237113402062 0.02696078431372549 0.03350515463917526
3.0 0.9142156862745098 0.19458762886597938 0.024509803921568627 0.03350515463917526
3.0 0.9669117647058824 0.32989690721649484 0.031862745098039214 0.08247422680412371
3.0 0.9546568627450981 0.28865979381443296 0.02696078431372549 0.05670103092783505
3.0 0.9497549019607843 0.2667525773195876 0.02696078431372549 0.04896907216494845
5.0 0.9399509803921569 0.23840206185567012 0.031862745098039214 0.05412371134020619
3.0 0.9301470588235294 0.21778350515463918 0.022058823529411766 0.03350515463917526
3.0 0.9264705882352942 0.2036082474226804 0.014705882352941176 0.020618556701030927
3.0 0.9178921568627451 0.18943298969072164 0.01715686274509804 0.023195876288659795
3.0 0.9142156862745098 0.18427835051546393 0.014705882352941176 0.01804123711340206
3.0 0.9105392156862745 0.17783505154639176 0.01715686274509804 0.020618556701030927
