4.0 0.3443627450980392 0.03221649484536082 0.056372549019607844 0.023195876288659795
3.0 0.3541666666666667 0.04768041237113402 0.09068627450980392 0.03350515463917526
3.0 0.4411764705882353 0.05670103092783505 0.06862745098039216 0.02577319587628866
3.0 0.5392156862745098 0.10051546391752578 0.058823529411764705 0.041237113402061855
3.0 0.5245098039215687 0.21391752577319587 0.09313725490196079 0.0979381443298969
3.0 0.4325980392156863 0.4381443298969072 0.11029411764705882 0.19072164948453607
4.0 0.36887254901960786 0.6520618556701031 0.12990196078431374 0.211340206185567
4.0 0.678921568627451 0.6804123711340206 0.12254901960784313 0.2268041237113402
3.0 0.3590686274509804 0.836340206185567 0.21323529411764705 0.13659793814432988
5.0 0.3075980392156863 0.9007731958762887 0.17892156862745098 0.15206185567010308
3.0 0.3443627450980392 0.9677835051546392 0.11519607843137254 0.04381443298969072
3.0 0.7352941176470589 0.9110824742268041 0.10784313725490197 0.09536082474226804
3.0 0.8026960784313726 0.8054123711340206 0.10049019607843138 0.13144329896907217
5.0 0.8639705882352942 0.5618556701030928 0.061274509803921566 0.211340206185567
3.0 0.8504901960784313 0.31572164948453607 0.058823529411764705 0.11597938144329897
3.0 0.7904411764705882 0.21778350515463918 0.07598039215686274 0.10051546391752578
3.0 0.8137254901960784 0.19329896907216496 0.049019607843137254 0.061855670103092786
3.0 0.7683823529411765 0.12242268041237113 0.04656862745098039 0.04381443298969072
3.0 0.7536764705882353 0.09922680412371133 0.041666666666666664 0.03350515463917526
3.0 0.7352941176470589 0.07860824742268041 0.0392156862745098 0.028350515463917526
3.0 0.7389705882352942 0.06958762886597938 0.031862745098039214 0.02577319587628866
3.0 0.10294117647058823 0.17654639175257733 0.0196078431372549 0.023195876288659795
5.0 0.06985294117647059 0.21262886597938144 0.022058823529411766 0.03350515463917526
