3.0 0.0857843137254902 0.40335051546391754 0.0196078431372549 0.05412371134020619
3.0 0.1090686274509804 0.44587628865979384 0.02696078431372549 0.03608247422680412
3.0 0.10294117647058823 0.48195876288659795 0.024509803921568627 0.03608247422680412
3.0 0.09803921568627451 0.5335051546391752 0.024509803921568627 0.03608247422680412
3.0 0.09558823529411764 0.6030927835051546 0.024509803921568627 0.03608247422680412
4.0 0.09803921568627451 0.5670103092783505 0.024509803921568627 0.041237113402061855
4.0 0.0857843137254902 0.4690721649484536 0.014705882352941176 0.05154639175257732
3.0 0.1715686274509804 0.8853092783505154 0.049019607843137254 0.03865979381443299
3.0 0.07720588235294118 0.7010309278350515 0.02696078431372549 0.05670103092783505
3.0 0.20220588235294118 0.16108247422680413 0.022058823529411766 0.023195876288659795
3.0 0.2426470588235294 0.11469072164948453 0.0196078431372549 0.01804123711340206
3.0 0.3333333333333333 0.05412371134020619 0.024509803921568627 0.010309278350515464
3.0 0.33455882352941174 0.05154639175257732 0.02696078431372549 0.010309278350515464
3.0 0.3394607843137255 0.04768041237113402 0.022058823529411766 0.007731958762886598
3.0 0.3394607843137255 0.04639175257731959 0.02696078431372549 0.010309278350515464
3.0 0.34191176470588236 0.04381443298969072 0.022058823529411766 0.010309278350515464
3.0 0.3480392156862745 0.041237113402061855 0.0196078431372549 0.010309278350515464
3.0 0.35661764705882354 0.03479381443298969 0.022058823529411766 0.007731958762886598
3.0 0.3786764705882353 0.030927835051546393 0.012254901960784314 0.005154639175257732
3.0 0.3946078431372549 0.02577319587628866 0.0196078431372549 0.005154639175257732
3.0 0.3627450980392157 0.027061855670103094 0.0196078431372549 0.007731958762886598
3.0 0.39215686274509803 0.028350515463917526 0.0196078431372549 0.005154639175257732
3.0 0.34068627450980393 0.030927835051546393 0.00980392156862745 0.005154639175257732
3.0 0.39215686274509803 0.01804123711340206 0.00980392156862745 0.005154639175257732
3.0 0.40318627450980393 0.01675257731958763 0.007352941176470588 0.002577319587628866
3.0 0.4117647058823529 0.015463917525773196 0.00980392156862745 0.005154639175257732
3.0 0.3174019607843137 0.03865979381443299 0.012254901960784314 0.005154639175257732
3.0 0.3075980392156863 0.041237113402061855 0.007352941176470588 0.005154639175257732
5.0 0.3958333333333333 0.03479381443298969 0.03676470588235294 0.01288659793814433
5.0 0.42401960784313725 0.04252577319587629 0.0196078431372549 0.01288659793814433
5.0 0.3553921568627451 0.1481958762886598 0.06862745098039216 0.07989690721649484
8.0 0.4889705882352941 0.028350515463917526 0.022058823529411766 0.010309278350515464
0.0 0.42034313725490197 0.05154639175257732 0.007352941176470588 0.005154639175257732
0.0 0.4325980392156863 0.055412371134020616 0.007352941176470588 0.007731958762886598
0.0 0.40931372549019607 0.024484536082474227 0.004901960784313725 0.002577319587628866
4.0 0.42034313725490197 0.024484536082474227 0.01715686274509804 0.007731958762886598
0.0 0.0625 0.4729381443298969 0.0024509803921568627 0.01804123711340206
0.0 0.06740196078431372 0.48195876288659795 0.0024509803921568627 0.020618556701030927
0.0 0.0857843137254902 0.3646907216494845 0.004901960784313725 0.01804123711340206
5.0 0.8529411764705882 0.8685567010309279 0.06372549019607843 0.061855670103092786
3.0 0.8602941176470589 0.8569587628865979 0.0392156862745098 0.03865979381443299
9.0 0.8725490196078431 0.8337628865979382 0.014705882352941176 0.01804123711340206
9.0 0.7941176470588235 0.8853092783505154 0.0196078431372549 0.023195876288659795
3.0 0.8774509803921569 0.7757731958762887 0.0392156862745098 0.061855670103092786
5.0 0.9129901960784313 0.7680412371134021 0.041666666666666664 0.06701030927835051
3.0 0.9276960784313726 0.7564432989690721 0.022058823529411766 0.03350515463917526
3.0 0.9301470588235294 0.7396907216494846 0.02696078431372549 0.041237113402061855
3.0 0.9129901960784313 0.7396907216494846 0.031862745098039214 0.05670103092783505
3.0 0.8921568627450981 0.7242268041237113 0.03431372549019608 0.061855670103092786
3.0 0.9105392156862745 0.6675257731958762 0.02696078431372549 0.061855670103092786
5.0 0.9007352941176471 0.6688144329896907 0.031862745098039214 0.06958762886597938
3.0 0.9448529411764706 0.6623711340206185 0.022058823529411766 0.03608247422680412
3.0 0.9473039215686274 0.6417525773195877 0.022058823529411766 0.03608247422680412
3.0 0.9485294117647058 0.6211340206185567 0.0196078431372549 0.03608247422680412
4.0 0.9473039215686274 0.6030927835051546 0.01715686274509804 0.030927835051546393
4.0 0.9473039215686274 0.586340206185567 0.01715686274509804 0.03350515463917526
3.0 0.9203431372549019 0.4175257731958763 0.01715686274509804 0.030927835051546393
3.0 0.9411764705882353 0.422680412371134 0.014705882352941176 0.02577319587628866
4.0 0.8161764705882353 0.33118556701030927 0.03431372549019608 0.06443298969072164
4.0 0.8958333333333334 0.2822164948453608 0.01715686274509804 0.028350515463917526
3.0 0.8639705882352942 0.2847938144329897 0.02696078431372549 0.03865979381443299
3.0 0.9056372549019608 0.28994845360824745 0.01715686274509804 0.03350515463917526
3.0 0.9142156862745098 0.2963917525773196 0.014705882352941176 0.030927835051546393
3.0 0.8946078431372549 0.24355670103092783 0.0196078431372549 0.028350515463917526
3.0 0.8848039215686274 0.2268041237113402 0.014705882352941176 0.02577319587628866
3.0 0.8627450980392157 0.21005154639175258 0.0196078431372549 0.023195876288659795
3.0 0.8553921568627451 0.20489690721649484 0.0196078431372549 0.023195876288659795
3.0 0.8443627450980392 0.19716494845360824 0.01715686274509804 0.023195876288659795
3.0 0.7855392156862745 0.125 0.01715686274509804 0.01804123711340206
4.0 0.7965686274509803 0.12886597938144329 0.0196078431372549 0.020618556701030927
3.0 0.6801470588235294 0.1134020618556701 0.02696078431372549 0.020618556701030927
3.0 0.5943627450980392 0.01804123711340206 0.012254901960784314 0.005154639175257732
3.0 0.7242647058823529 0.061855670103092786 0.012254901960784314 0.010309278350515464
4.0 0.7879901960784313 0.1056701030927835 0.01715686274509804 0.015463917525773196
0.0 0.6654411764705882 0.04639175257731959 0.007352941176470588 0.005154639175257732
0.0 0.6617647058823529 0.04639175257731959 0.004901960784313725 0.005154639175257732
0.0 0.6544117647058824 0.03221649484536082 0.004901960784313725 0.002577319587628866
