3.0 0.8014018691588785 0.18932038834951456 0.018691588785046728 0.024271844660194174
3.0 0.8060747663551402 0.20266990291262135 0.02336448598130841 0.021844660194174758
3.0 0.8235981308411215 0.2196601941747573 0.030373831775700934 0.03155339805825243
7.0 0.8586448598130841 0.25606796116504854 0.02102803738317757 0.02669902912621359
3.0 0.8633177570093458 0.2524271844660194 0.030373831775700934 0.03398058252427184
3.0 0.5817757009345794 0.11893203883495146 0.028037383177570093 0.014563106796116505
3.0 0.5292056074766355 0.12014563106796117 0.05841121495327103 0.012135922330097087
3.0 0.4661214953271028 0.12135922330097088 0.053738317757009345 0.014563106796116505
4.0 0.34345794392523366 0.14684466019417475 0.06074766355140187 0.03155339805825243
3.0 0.2885514018691589 0.16990291262135923 0.05841121495327103 0.03398058252427184
1.0 0.3492990654205608 0.28398058252427183 0.02570093457943925 0.03398058252427184
2.0 0.35046728971962615 0.2912621359223301 0.0514018691588785 0.038834951456310676
3.0 0.272196261682243 0.29854368932038833 0.0630841121495327 0.06796116504854369
3.0 0.24532710280373832 0.3919902912621359 0.06074766355140187 0.08980582524271845
3.0 0.20677570093457945 0.4563106796116505 0.053738317757009345 0.07766990291262135
2.0 0.6728971962616822 0.5242718446601942 0.014018691588785047 0.04854368932038835
1.0 0.6740654205607477 0.49514563106796117 0.02102803738317757 0.06310679611650485
3.0 0.8154205607476636 0.3762135922330097 0.04205607476635514 0.06310679611650485
3.0 0.8387850467289719 0.5388349514563107 0.03271028037383177 0.0970873786407767
3.0 0.8271028037383178 0.654126213592233 0.0514018691588785 0.08495145631067962
3.0 0.8014018691588785 0.7451456310679612 0.06542056074766354 0.08737864077669903
4.0 0.7733644859813084 0.8216019417475728 0.08878504672897196 0.09951456310679611
1.0 0.7161214953271028 0.8543689320388349 0.030373831775700934 0.024271844660194174
7.0 0.7102803738317757 0.866504854368932 0.0514018691588785 0.043689320388349516
4.0 0.7009345794392523 0.9478155339805825 0.10747663551401869 0.06067961165048544
4.0 0.2161214953271028 0.8507281553398058 0.09579439252336448 0.09466019417475728
4.0 0.14953271028037382 0.7148058252427184 0.07009345794392523 0.09951456310679611
2.0 0.1530373831775701 0.5740291262135923 0.016355140186915886 0.03640776699029126
3.0 0.8411214953271028 0.8616504854368932 0.08878504672897196 0.09223300970873786
3.0 0.8726635514018691 0.7742718446601942 0.0630841121495327 0.08737864077669903
3.0 0.9018691588785047 0.7439320388349514 0.056074766355140186 0.08980582524271845
3.0 0.9264018691588785 0.7196601941747572 0.04439252336448598 0.08009708737864078
0.0 0.905373831775701 0.7633495145631068 0.02570093457943925 0.0412621359223301
4.0 0.9439252336448598 0.6966019417475728 0.04205607476635514 0.09223300970873786
3.0 0.9567757009345794 0.6881067961165048 0.030373831775700934 0.06553398058252427
3.0 0.9158878504672897 0.3640776699029126 0.04672897196261682 0.06796116504854369
3.0 0.8948598130841121 0.28762135922330095 0.02336448598130841 0.03155339805825243
3.0 0.9158878504672897 0.3155339805825243 0.018691588785046728 0.02912621359223301
9.0 0.947429906542056 0.37014563106796117 0.007009345794392523 0.01699029126213592
3.0 0.9684579439252337 0.39441747572815533 0.011682242990654205 0.02669902912621359
3.0 0.977803738317757 0.39441747572815533 0.007009345794392523 0.021844660194174758
3.0 0.9848130841121495 0.4029126213592233 0.007009345794392523 0.019417475728155338
3.0 0.9883177570093458 0.41019417475728154 0.004672897196261682 0.014563106796116505
3.0 0.7780373831775701 0.14199029126213591 0.014018691588785047 0.012135922330097087
