4.0 0.9436274509803921 0.7087628865979382 0.08823529411764706 0.19072164948453607
4.0 0.9497549019607843 0.43170103092783507 0.051470588235294115 0.19845360824742267
3.0 0.4424019607843137 0.8324742268041238 0.22303921568627452 0.22164948453608246
9.0 0.09068627450980392 0.6572164948453608 0.05392156862745098 0.09278350515463918
9.0 0.030637254901960783 0.6494845360824743 0.02696078431372549 0.08247422680412371
3.0 0.4693627450980392 0.4832474226804124 0.18382352941176472 0.35309278350515466
4.0 0.1568627450980392 0.3079896907216495 0.11274509803921569 0.19329896907216496
3.0 0.8872549019607843 0.31958762886597936 0.08823529411764706 0.17525773195876287
3.0 0.9044117647058824 0.2925257731958763 0.06862745098039216 0.12628865979381443
0.0 0.8480392156862745 0.2693298969072165 0.03431372549019608 0.06443298969072164
3.0 0.49019607843137253 0.22422680412371135 0.15196078431372548 0.15979381443298968
9.0 0.09926470588235294 0.25 0.02696078431372549 0.04639175257731959
4.0 0.25612745098039214 0.13144329896907217 0.09558823529411764 0.08762886597938144
3.0 0.5024509803921569 0.11211340206185567 0.10784313725490197 0.06443298969072164
3.0 0.3382352941176471 0.08376288659793814 0.1323529411764706 0.06443298969072164
3.0 0.4950980392156863 0.061855670103092786 0.07352941176470588 0.030927835051546393
5.0 0.3480392156862745 0.05154639175257732 0.0784313725490196 0.05154639175257732
0.0 0.5245098039215687 0.037371134020618556 0.014705882352941176 0.01288659793814433
3.0 0.5147058823529411 0.02190721649484536 0.0392156862745098 0.01288659793814433
3.0 0.5098039215686274 0.010309278350515464 0.0392156862745098 0.010309278350515464
9.0 0.32230392156862747 0.03479381443298969 0.01715686274509804 0.01288659793814433
3.0 0.375 0.03350515463917526 0.04411764705882353 0.020618556701030927
3.0 0.3897058823529412 0.023195876288659795 0.049019607843137254 0.020618556701030927
3.0 0.4019607843137255 0.014175257731958763 0.04411764705882353 0.01804123711340206
4.0 0.5134803921568627 0.003865979381443299 0.031862745098039214 0.007731958762886598
3.0 0.7071078431372549 0.05025773195876289 0.04656862745098039 0.028350515463917526
4.0 0.7242647058823529 0.061855670103092786 0.03676470588235294 0.02577319587628866
3.0 0.7352941176470589 0.07731958762886598 0.08333333333333333 0.05154639175257732
3.0 0.7904411764705882 0.08376288659793814 0.056372549019607844 0.03865979381443299
3.0 0.8002450980392157 0.12242268041237113 0.09068627450980392 0.06958762886597938
4.0 0.821078431372549 0.15463917525773196 0.06862745098039216 0.07216494845360824
3.0 0.9007352941176471 0.22809278350515463 0.04656862745098039 0.06958762886597938
3.0 0.9215686274509803 0.23195876288659795 0.049019607843137254 0.06701030927835051
0.0 0.9031862745098039 0.21778350515463918 0.022058823529411766 0.03350515463917526
0.0 0.9105392156862745 0.22422680412371135 0.01715686274509804 0.030927835051546393
0.0 0.8946078431372549 0.20876288659793815 0.0196078431372549 0.030927835051546393
0.0 0.8933823529411765 0.20618556701030927 0.01715686274509804 0.02577319587628866
0.0 0.9681372549019608 0.31572164948453607 0.014705882352941176 0.04381443298969072
0.0 0.9754901960784313 0.3324742268041237 0.00980392156862745 0.030927835051546393
0.0 0.8553921568627451 0.13144329896907217 0.014705882352941176 0.020618556701030927
2.0 0.8541666666666666 0.13015463917525774 0.01715686274509804 0.01804123711340206
