9.0 0.4007352941176471 0.8582474226804123 0.03676470588235294 0.030927835051546393
1.0 0.40318627450980393 0.8646907216494846 0.012254901960784314 0.01288659793814433
1.0 0.4068627450980392 0.8621134020618557 0.014705882352941176 0.01288659793814433
8.0 0.5024509803921569 0.18170103092783504 0.06862745098039216 0.05412371134020619
3.0 0.5330882352941176 0.15721649484536082 0.022058823529411766 0.015463917525773196
3.0 0.29534313725490197 0.18943298969072164 0.02696078431372549 0.023195876288659795
3.0 0.2769607843137255 0.19329896907216496 0.024509803921568627 0.020618556701030927
4.0 0.25980392156862747 0.19974226804123713 0.024509803921568627 0.023195876288659795
5.0 0.6213235294117647 0.15979381443298968 0.02696078431372549 0.020618556701030927
3.0 0.6691176470588235 0.17783505154639176 0.0392156862745098 0.020618556701030927
3.0 0.6678921568627451 0.1713917525773196 0.03676470588235294 0.023195876288659795
3.0 0.6397058823529411 0.15335051546391754 0.014705882352941176 0.01288659793814433
3.0 0.6053921568627451 0.12371134020618557 0.014705882352941176 0.010309278350515464
5.0 0.5747549019607843 0.06314432989690721 0.012254901960784314 0.007731958762886598
8.0 0.5784313725490197 0.055412371134020616 0.00980392156862745 0.007731958762886598
5.0 0.5612745098039216 0.041237113402061855 0.029411764705882353 0.005154639175257732
3.0 0.8578431372549019 0.23324742268041238 0.0196078431372549 0.01804123711340206
3.0 0.8247549019607843 0.21005154639175258 0.01715686274509804 0.01804123711340206
3.0 0.8161764705882353 0.22036082474226804 0.014705882352941176 0.01804123711340206
3.0 0.8259803921568627 0.22551546391752578 0.014705882352941176 0.01804123711340206
3.0 0.8688725490196079 0.25644329896907214 0.012254901960784314 0.01804123711340206
4.0 0.875 0.25773195876288657 0.014705882352941176 0.02577319587628866
3.0 0.883578431372549 0.2667525773195876 0.012254901960784314 0.01804123711340206
3.0 0.8897058823529411 0.2693298969072165 0.00980392156862745 0.01804123711340206
4.0 0.9007352941176471 0.2757731958762887 0.012254901960784314 0.020618556701030927
3.0 0.7242647058823529 0.10695876288659793 0.012254901960784314 0.007731958762886598
3.0 0.9093137254901961 0.2667525773195876 0.00980392156862745 0.01288659793814433
4.0 0.8958333333333334 0.24742268041237114 0.007352941176470588 0.010309278350515464
4.0 0.8897058823529411 0.23840206185567012 0.00980392156862745 0.01288659793814433
4.0 0.8799019607843137 0.22422680412371135 0.00980392156862745 0.010309278350515464
0.0 0.8137254901960784 0.19974226804123713 0.004901960784313725 0.007731958762886598
0.0 0.8762254901960784 0.24484536082474226 0.007352941176470588 0.010309278350515464
0.0 0.8786764705882353 0.24613402061855671 0.0024509803921568627 0.007731958762886598
0.0 0.8725490196078431 0.21520618556701032 0.004901960784313725 0.007731958762886598
