3.0 0.06004901960784314 0.24861878453038674 0.03676470588235294 0.0718232044198895
0.0 0.11887254901960784 0.6906077348066298 0.012254901960784314 0.027624309392265192
0.0 0.09926470588235294 0.6477900552486188 0.01715686274509804 0.052486187845303865
1.0 0.125 0.6671270718232044 0.0196078431372549 0.04696132596685083
0.0 0.1090686274509804 0.643646408839779 0.012254901960784314 0.03867403314917127
0.0 0.11274509803921569 0.6408839779005525 0.00980392156862745 0.027624309392265192
0.0 0.09681372549019608 0.5593922651933702 0.012254901960784314 0.04143646408839779
1.0 0.32230392156862747 0.5925414364640884 0.031862745098039214 0.052486187845303865
1.0 0.3333333333333333 0.5842541436464088 0.03431372549019608 0.06906077348066299
1.0 0.3627450980392157 0.2955801104972376 0.0392156862745098 0.04419889502762431
0.0 0.13970588235294118 0.5787292817679558 0.014705882352941176 0.052486187845303865
0.0 0.15196078431372548 0.5842541436464088 0.014705882352941176 0.052486187845303865
0.0 0.15931372549019607 0.5676795580110497 0.0196078431372549 0.058011049723756904
0.0 0.17647058823529413 0.5580110497237569 0.0196078431372549 0.06077348066298342
0.0 0.19117647058823528 0.319060773480663 0.0196078431372549 0.03591160220994475
0.0 0.12622549019607843 0.5718232044198895 0.01715686274509804 0.049723756906077346
0.0 0.12745098039215685 0.5193370165745856 0.00980392156862745 0.03867403314917127
0.0 0.11642156862745098 0.5331491712707183 0.007352941176470588 0.027624309392265192
0.0 0.14215686274509803 0.5234806629834254 0.00980392156862745 0.04143646408839779
0.0 0.15808823529411764 0.5359116022099447 0.012254901960784314 0.049723756906077346
0.0 0.23897058823529413 0.09116022099447514 0.022058823529411766 0.022099447513812154
1.0 0.20465686274509803 0.17403314917127072 0.01715686274509804 0.022099447513812154
0.0 0.3897058823529412 0.04143646408839779 0.0196078431372549 0.016574585635359115
1.0 0.5122549019607843 0.017955801104972375 0.014705882352941176 0.008287292817679558
1.0 0.5159313725490197 0.016574585635359115 0.02696078431372549 0.0055248618784530384
0.0 0.3590686274509804 0.03729281767955801 0.012254901960784314 0.013812154696132596
0.0 0.36519607843137253 0.03591160220994475 0.00980392156862745 0.011049723756906077
0.0 0.41421568627450983 0.022099447513812154 0.014705882352941176 0.011049723756906077
1.0 0.1556372549019608 0.26519337016574585 0.012254901960784314 0.027624309392265192
1.0 0.16299019607843138 0.2569060773480663 0.012254901960784314 0.022099447513812154
1.0 0.16789215686274508 0.24861878453038674 0.012254901960784314 0.022099447513812154
1.0 0.17279411764705882 0.2361878453038674 0.012254901960784314 0.019337016574585635
1.0 0.15073529411764705 0.2638121546961326 0.007352941176470588 0.019337016574585635
1.0 0.15441176470588236 0.2541436464088398 0.00980392156862745 0.022099447513812154
1.0 0.36887254901960786 0.27900552486187846 0.03676470588235294 0.04419889502762431
1.0 0.21446078431372548 0.1671270718232044 0.012254901960784314 0.013812154696132596
