9.0 0.5906862745098039 0.9768041237113402 0.03431372549019608 0.020618556701030927
1.0 0.5882352941176471 0.9755154639175257 0.024509803921568627 0.01288659793814433
0.0 0.49387254901960786 0.9020618556701031 0.022058823529411766 0.015463917525773196
2.0 0.5686274509803921 0.8646907216494846 0.05392156862745098 0.05412371134020619
1.0 0.5661764705882353 0.865979381443299 0.03431372549019608 0.02577319587628866
6.0 0.44607843137254904 0.8775773195876289 0.06862745098039216 0.07989690721649484
0.0 0.3247549019607843 0.615979381443299 0.03676470588235294 0.041237113402061855
3.0 0.5490196078431373 0.23195876288659795 0.10294117647058823 0.15979381443298968
9.0 0.5159313725490197 0.14175257731958762 0.07598039215686274 0.02577319587628866
9.0 0.3946078431372549 0.08505154639175258 0.029411764705882353 0.02577319587628866
9.0 0.33088235294117646 0.12242268041237113 0.0392156862745098 0.03865979381443299
0.0 0.4497549019607843 0.1018041237113402 0.02696078431372549 0.01804123711340206
0.0 0.36887254901960786 0.07731958762886598 0.022058823529411766 0.015463917525773196
0.0 0.4338235294117647 0.02190721649484536 0.0196078431372549 0.01288659793814433
0.0 0.3897058823529412 0.024484536082474227 0.0196078431372549 0.01288659793814433
0.0 0.4583333333333333 0.005154639175257732 0.0196078431372549 0.010309278350515464
0.0 0.39215686274509803 0.01288659793814433 0.0196078431372549 0.010309278350515464
1.0 0.3958333333333333 0.07860824742268041 0.022058823529411766 0.01288659793814433
4.0 0.4987745098039216 0.08118556701030928 0.0857843137254902 0.06958762886597938
3.0 0.4877450980392157 0.03221649484536082 0.06372549019607843 0.028350515463917526
