7.0 0.5892018779342723 0.9794871794871794 0.056338028169014086 0.02564102564102564
3.0 0.5410798122065728 0.9897435897435898 0.07276995305164319 0.015384615384615385
3.0 0.3884976525821596 0.926923076923077 0.12441314553990611 0.06923076923076923
3.0 0.27699530516431925 0.8371794871794872 0.1267605633802817 0.12051282051282051
3.0 0.4424882629107981 0.007692307692307693 0.05868544600938967 0.015384615384615385
3.0 0.07746478873239436 0.4282051282051282 0.028169014084507043 0.09743589743589744
3.0 0.07276995305164319 0.36538461538461536 0.03286384976525822 0.08974358974358974
3.0 0.057511737089201875 0.4025641025641026 0.025821596244131457 0.08205128205128205
4.0 0.04225352112676056 0.4358974358974359 0.018779342723004695 0.08205128205128205
3.0 0.03286384976525822 0.46025641025641023 0.014084507042253521 0.0641025641025641
2.0 0.03051643192488263 0.5166666666666667 0.004694835680751174 0.028205128205128206
9.0 0.028169014084507043 0.517948717948718 0.004694835680751174 0.03076923076923077
5.0 0.08098591549295775 0.26153846153846155 0.0539906103286385 0.10256410256410256
5.0 0.03051643192488263 0.3576923076923077 0.028169014084507043 0.07435897435897436
3.0 0.03051643192488263 0.34615384615384615 0.018779342723004695 0.046153846153846156
3.0 0.03169014084507042 0.3346153846153846 0.01643192488262911 0.038461538461538464
4.0 0.035211267605633804 0.31666666666666665 0.018779342723004695 0.04358974358974359
3.0 0.036384976525821594 0.30641025641025643 0.01643192488262911 0.03333333333333333
3.0 0.03755868544600939 0.3 0.018779342723004695 0.041025641025641026
3.0 0.06690140845070422 0.2692307692307692 0.025821596244131457 0.046153846153846156
3.0 0.07042253521126761 0.24743589743589745 0.023474178403755867 0.04358974358974359
3.0 0.08450704225352113 0.22692307692307692 0.028169014084507043 0.04358974358974359
3.0 0.08098591549295775 0.2423076923076923 0.02112676056338028 0.038461538461538464
4.0 0.07394366197183098 0.22948717948717948 0.025821596244131457 0.04871794871794872
5.0 0.0892018779342723 0.2064102564102564 0.03755868544600939 0.05897435897435897
5.0 0.09154929577464789 0.19230769230769232 0.018779342723004695 0.03076923076923077
9.0 0.03755868544600939 0.2858974358974359 0.009389671361502348 0.023076923076923078
9.0 0.11267605633802817 0.823076923076923 0.056338028169014086 0.07179487179487179
