3.0 0.16666666666666666 0.8440721649484536 0.08823529411764706 0.08505154639175258
3.0 0.6311274509803921 0.9510309278350515 0.1053921568627451 0.07216494845360824
3.0 0.47794117647058826 0.6469072164948454 0.12254901960784313 0.20618556701030927
9.0 0.5147058823529411 0.8569587628865979 0.04411764705882353 0.059278350515463915
1.0 0.5134803921568627 0.8414948453608248 0.02696078431372549 0.023195876288659795
3.0 0.7475490196078431 0.32216494845360827 0.09313725490196079 0.17525773195876287
3.0 0.5514705882352942 0.4484536082474227 0.13725490196078433 0.18041237113402062
3.0 0.5919117647058824 0.25 0.12009803921568628 0.12886597938144329
3.0 0.6213235294117647 0.16752577319587628 0.11029411764705882 0.09278350515463918
3.0 0.6458333333333334 0.11597938144329897 0.07598039215686274 0.05670103092783505
3.0 0.6654411764705882 0.03865979381443299 0.03676470588235294 0.020618556701030927
3.0 0.6642156862745098 0.04896907216494845 0.0392156862745098 0.02577319587628866
3.0 0.6482843137254902 0.07989690721649484 0.0661764705882353 0.041237113402061855
3.0 0.6568627450980392 0.061855670103092786 0.05392156862745098 0.030927835051546393
3.0 0.8774509803921569 0.604381443298969 0.05392156862745098 0.15206185567010308
3.0 0.8406862745098039 0.7487113402061856 0.09313725490196079 0.13659793814432988
3.0 0.8823529411764706 0.3402061855670103 0.049019607843137254 0.10824742268041238
3.0 0.7254901960784313 0.1211340206185567 0.0784313725490196 0.05670103092783505
3.0 0.8149509803921569 0.14690721649484537 0.03676470588235294 0.041237113402061855
3.0 0.6666666666666666 0.027061855670103094 0.024509803921568627 0.01288659793814433
0.0 0.7904411764705882 0.09407216494845361 0.012254901960784314 0.01288659793814433
9.0 0.7977941176470589 0.11597938144329897 0.031862745098039214 0.02577319587628866
9.0 0.7745098039215687 0.08376288659793814 0.024509803921568627 0.01804123711340206
8.0 0.3394607843137255 0.6842783505154639 0.22794117647058823 0.36855670103092786
3.0 0.7267156862745098 0.9265463917525774 0.11029411764705882 0.08505154639175258
0.0 0.8676470588235294 0.8337628865979382 0.024509803921568627 0.03350515463917526
