3.0 0.6343457943925234 0.8228155339805825 0.14719626168224298 0.12135922330097088
2.0 0.7897196261682243 0.8677184466019418 0.04672897196261682 0.0412621359223301
3.0 0.7897196261682243 0.8264563106796117 0.12149532710280374 0.12378640776699029
3.0 0.7885514018691588 0.7245145631067961 0.11448598130841121 0.14805825242718446
3.0 0.7266355140186916 0.4174757281553398 0.09813084112149532 0.1262135922330097
3.0 0.5864485981308412 0.20509708737864077 0.10747663551401869 0.0703883495145631
3.0 0.5093457943925234 0.11650485436893204 0.07009345794392523 0.024271844660194174
3.0 0.47897196261682246 0.09466019417475728 0.0514018691588785 0.019417475728155338
3.0 0.41705607476635514 0.061893203883495146 0.0397196261682243 0.012135922330097087
3.0 0.375 0.050970873786407765 0.035046728971962614 0.014563106796116505
3.0 0.33294392523364486 0.04611650485436893 0.02102803738317757 0.009708737864077669
3.0 0.3142523364485981 0.04733009708737864 0.016355140186915886 0.007281553398058253
4.0 0.3130841121495327 0.043689320388349516 0.018691588785046728 0.009708737864077669
3.0 0.3574766355140187 0.023058252427184466 0.02336448598130841 0.007281553398058253
3.0 0.33761682242990654 0.027912621359223302 0.02102803738317757 0.007281553398058253
3.0 0.3189252336448598 0.03398058252427184 0.02102803738317757 0.009708737864077669
3.0 0.2757009345794392 0.050970873786407765 0.018691588785046728 0.009708737864077669
3.0 0.25350467289719625 0.06067961165048544 0.011682242990654205 0.0048543689320388345
0.0 0.21962616822429906 0.10922330097087378 0.009345794392523364 0.009708737864077669
3.0 0.18457943925233644 0.12985436893203883 0.02336448598130841 0.021844660194174758
3.0 0.18925233644859812 0.12135922330097088 0.02336448598130841 0.019417475728155338
3.0 0.19509345794392524 0.0970873786407767 0.011682242990654205 0.009708737864077669
