0.0 0.04656862745098039 0.5902061855670103 0.00980392156862745 0.041237113402061855
0.0 0.028186274509803922 0.6378865979381443 0.012254901960784314 0.03865979381443299
0.0 0.12622549019607843 0.7396907216494846 0.012254901960784314 0.02577319587628866
0.0 0.12009803921568628 0.7396907216494846 0.014705882352941176 0.030927835051546393
3.0 0.2107843137254902 0.9110824742268041 0.04411764705882353 0.03350515463917526
3.0 0.5686274509803921 0.9536082474226805 0.10784313725490197 0.061855670103092786
3.0 0.553921568627451 0.8556701030927835 0.16176470588235295 0.11855670103092783
0.0 0.5575980392156863 0.01675257731958763 0.012254901960784314 0.007731958762886598
3.0 0.6617647058823529 0.03350515463917526 0.04411764705882353 0.02577319587628866
3.0 0.7892156862745098 0.1056701030927835 0.049019607843137254 0.041237113402061855
5.0 0.7953431372549019 0.13402061855670103 0.04656862745098039 0.04639175257731959
3.0 0.8002450980392157 0.19201030927835053 0.07107843137254902 0.08505154639175258
3.0 0.7928921568627451 0.3118556701030928 0.10049019607843138 0.15463917525773196
3.0 0.8308823529411765 0.48582474226804123 0.06862745098039216 0.19329896907216496
3.0 0.7156862745098039 0.7731958762886598 0.13725490196078433 0.18556701030927836
3.0 0.8933823529411765 0.163659793814433 0.02696078431372549 0.03350515463917526
3.0 0.9166666666666666 0.21778350515463918 0.024509803921568627 0.03865979381443299
