3.0 0.7549019607843137 0.21823204419889503 0.00980392156862745 0.011049723756906077
3.0 0.7671568627450981 0.2223756906077348 0.00980392156862745 0.008287292817679558
4.0 0.75 0.23204419889502761 0.014705882352941176 0.016574585635359115
4.0 0.9105392156862745 0.38950276243093923 0.022058823529411766 0.049723756906077346
4.0 0.8970588235294118 0.38950276243093923 0.0196078431372549 0.04419889502762431
4.0 0.8848039215686274 0.38535911602209943 0.0196078431372549 0.04696132596685083
4.0 0.9105392156862745 0.43370165745856354 0.01715686274509804 0.03867403314917127
3.0 0.9093137254901961 0.4488950276243094 0.014705882352941176 0.03038674033149171
9.0 0.9117647058823529 0.49171270718232046 0.004901960784313725 0.027624309392265192
9.0 0.9191176470588235 0.5151933701657458 0.00980392156862745 0.024861878453038673
9.0 0.9191176470588235 0.5220994475138122 0.00980392156862745 0.022099447513812154
9.0 0.9227941176470589 0.5276243093922652 0.007352941176470588 0.022099447513812154
9.0 0.9264705882352942 0.537292817679558 0.00980392156862745 0.024861878453038673
9.0 0.928921568627451 0.5428176795580111 0.00980392156862745 0.024861878453038673
9.0 0.9313725490196079 0.5483425414364641 0.00980392156862745 0.024861878453038673
9.0 0.9325980392156863 0.5511049723756906 0.012254901960784314 0.024861878453038673
9.0 0.9338235294117647 0.5552486187845304 0.00980392156862745 0.022099447513812154
9.0 0.9362745098039216 0.5580110497237569 0.00980392156862745 0.022099447513812154
9.0 0.9387254901960784 0.5621546961325967 0.00980392156862745 0.024861878453038673
9.0 0.9411764705882353 0.5704419889502762 0.00980392156862745 0.024861878453038673
9.0 0.9448529411764706 0.574585635359116 0.007352941176470588 0.022099447513812154
9.0 0.946078431372549 0.5787292817679558 0.00980392156862745 0.019337016574585635
9.0 0.946078431372549 0.6049723756906077 0.00980392156862745 0.027624309392265192
3.0 0.9448529411764706 0.5953038674033149 0.022058823529411766 0.04143646408839779
3.0 0.9031862745098039 0.5566298342541437 0.01715686274509804 0.04696132596685083
3.0 0.9129901960784313 0.6422651933701657 0.02696078431372549 0.058011049723756904
3.0 0.9117647058823529 0.6685082872928176 0.029411764705882353 0.04419889502762431
4.0 0.9129901960784313 0.680939226519337 0.03676470588235294 0.058011049723756904
4.0 0.9019607843137255 0.6146408839779005 0.0196078431372549 0.052486187845303865
0.0 0.7279411764705882 0.27071823204419887 0.00980392156862745 0.022099447513812154
0.0 0.6544117647058824 0.2596685082872928 0.00980392156862745 0.022099447513812154
0.0 0.22916666666666666 0.2803867403314917 0.007352941176470588 0.013812154696132596
8.0 0.1801470588235294 0.319060773480663 0.061274509803921566 0.052486187845303865
8.0 0.3014705882352941 0.27624309392265195 0.09803921568627451 0.06077348066298342
0.0 0.3737745098039216 0.26795580110497236 0.007352941176470588 0.022099447513812154
0.0 0.4963235294117647 0.2527624309392265 0.007352941176470588 0.019337016574585635
0.0 0.5845588235294118 0.2541436464088398 0.007352941176470588 0.022099447513812154
0.0 0.5796568627450981 0.22375690607734808 0.007352941176470588 0.022099447513812154
0.0 0.6139705882352942 0.22375690607734808 0.007352941176470588 0.016574585635359115
8.0 0.4950980392156863 0.23895027624309392 0.16176470588235295 0.04696132596685083
8.0 0.6678921568627451 0.25 0.10049019607843138 0.058011049723756904
0.0 0.5723039215686274 0.30662983425414364 0.007352941176470588 0.016574585635359115
2.0 0.5723039215686274 0.30939226519337015 0.01715686274509804 0.011049723756906077
0.0 0.4485294117647059 0.3370165745856354 0.004901960784313725 0.022099447513812154
0.0 0.45588235294117646 0.3397790055248619 0.00980392156862745 0.022099447513812154
0.0 0.46568627450980393 0.3453038674033149 0.004901960784313725 0.022099447513812154
9.0 0.3713235294117647 0.40331491712707185 0.01715686274509804 0.027624309392265192
9.0 0.2977941176470588 0.4654696132596685 0.012254901960784314 0.03038674033149171
0.0 0.28308823529411764 0.505524861878453 0.007352941176470588 0.027624309392265192
0.0 0.7647058823529411 0.5262430939226519 0.004901960784313725 0.03038674033149171
0.0 0.7732843137254902 0.5303867403314917 0.007352941176470588 0.027624309392265192
0.0 0.7561274509803921 0.5718232044198895 0.007352941176470588 0.03314917127071823
0.0 0.7475490196078431 0.5842541436464088 0.00980392156862745 0.03038674033149171
0.0 0.7181372549019608 0.6229281767955801 0.00980392156862745 0.03038674033149171
0.0 0.7340686274509803 0.6616022099447514 0.012254901960784314 0.03038674033149171
0.0 0.7193627450980392 0.7030386740331491 0.012254901960784314 0.03038674033149171
0.0 0.696078431372549 0.7002762430939227 0.014705882352941176 0.03591160220994475
0.0 0.6850490196078431 0.7002762430939227 0.012254901960784314 0.03038674033149171
0.0 0.6593137254901961 0.8439226519337016 0.0196078431372549 0.024861878453038673
0.0 0.6740196078431373 0.9157458563535912 0.0196078431372549 0.019337016574585635
0.0 0.6752450980392157 0.9419889502762431 0.01715686274509804 0.016574585635359115
0.0 0.6887254901960784 0.9378453038674033 0.0196078431372549 0.019337016574585635
3.0 0.9767156862745098 0.6671270718232044 0.012254901960784314 0.03591160220994475
5.0 0.15808823529411764 0.8674033149171271 0.061274509803921566 0.06629834254143646
0.0 0.12254901960784313 0.8411602209944752 0.014705882352941176 0.024861878453038673
0.0 0.10784313725490197 0.7997237569060773 0.014705882352941176 0.024861878453038673
0.0 0.11642156862745098 0.7417127071823204 0.012254901960784314 0.03038674033149171
0.0 0.1213235294117647 0.7458563535911602 0.012254901960784314 0.027624309392265192
4.0 0.1556372549019608 0.850828729281768 0.056372549019607844 0.06629834254143646
4.0 0.14583333333333334 0.75 0.03676470588235294 0.052486187845303865
4.0 0.15931372549019607 0.7182320441988951 0.049019607843137254 0.06629834254143646
4.0 0.18995098039215685 0.6919889502762431 0.041666666666666664 0.052486187845303865
3.0 0.15196078431372548 0.7886740331491713 0.05392156862745098 0.058011049723756904
3.0 0.21691176470588236 0.669889502762431 0.041666666666666664 0.052486187845303865
0.0 0.16789215686274508 0.6533149171270718 0.007352941176470588 0.024861878453038673
0.0 0.1715686274509804 0.6588397790055248 0.00980392156862745 0.03038674033149171
