0.0 0.6904205607476636 0.04247572815533981 0.0397196261682243 0.02669902912621359
0.0 0.7079439252336449 0.050970873786407765 0.0514018691588785 0.03398058252427184
0.0 0.6413551401869159 0.03155339805825243 0.04439252336448598 0.024271844660194174
9.0 0.6413551401869159 0.02669902912621359 0.0397196261682243 0.024271844660194174
0.0 0.6366822429906542 0.04004854368932039 0.05841121495327103 0.03155339805825243
0.0 0.6857476635514018 0.06067961165048544 0.053738317757009345 0.038834951456310676
0.0 0.6904205607476636 0.08131067961165049 0.0630841121495327 0.050970873786407765
0.0 0.7710280373831776 0.11407766990291263 0.056074766355140186 0.05339805825242718
0.0 0.7616822429906542 0.12742718446601942 0.06542056074766354 0.06553398058252427
0.0 0.6869158878504673 0.13349514563106796 0.06074766355140187 0.06310679611650485
0.0 0.6261682242990654 0.0970873786407767 0.0794392523364486 0.06796116504854369
2.0 0.7838785046728972 0.17475728155339806 0.0911214953271028 0.10679611650485436
0.0 0.6612149532710281 0.20631067961165048 0.11682242990654206 0.13592233009708737
0.0 0.4369158878504673 0.19781553398058252 0.11682242990654206 0.10922330097087378
0.0 0.677570093457944 0.8033980582524272 0.07009345794392523 0.05825242718446602
0.0 0.7172897196261683 0.7402912621359223 0.09345794392523364 0.10194174757281553
0.0 0.39369158878504673 0.8252427184466019 0.09579439252336448 0.06310679611650485
0.0 0.5467289719626168 0.6529126213592233 0.10747663551401869 0.17475728155339806
0.0 0.32242990654205606 0.6407766990291263 0.1261682242990654 0.1650485436893204
0.0 0.272196261682243 0.5072815533980582 0.08644859813084112 0.16019417475728157
0.0 0.16121495327102803 0.5533980582524272 0.0514018691588785 0.10679611650485436
0.0 0.04439252336448598 0.537621359223301 0.018691588785046728 0.0703883495145631
0.0 0.16822429906542055 0.8118932038834952 0.06074766355140187 0.06553398058252427
0.0 0.10630841121495327 0.7669902912621359 0.053738317757009345 0.07281553398058252
0.0 0.15537383177570094 0.8288834951456311 0.0630841121495327 0.06067961165048544
0.0 0.038551401869158876 0.683252427184466 0.030373831775700934 0.06553398058252427
0.0 0.10630841121495327 0.8191747572815534 0.053738317757009345 0.06553398058252427
0.0 0.5151869158878505 0.9890776699029126 0.0397196261682243 0.012135922330097087
0.0 0.655373831775701 0.9611650485436893 0.06775700934579439 0.03398058252427184
0.0 0.6214953271028038 0.9466019417475728 0.06542056074766354 0.03398058252427184
0.0 0.8282710280373832 0.8470873786407767 0.06775700934579439 0.06796116504854369
0.0 0.8165887850467289 0.8725728155339806 0.05841121495327103 0.050970873786407765
0.0 0.8516355140186916 0.8398058252427184 0.05841121495327103 0.06310679611650485
0.0 0.8901869158878505 0.8252427184466019 0.04672897196261682 0.05339805825242718
9.0 0.9100467289719626 0.7827669902912622 0.053738317757009345 0.08495145631067962
9.0 0.5677570093457944 0.9575242718446602 0.07009345794392523 0.04611650485436893
9.0 0.40654205607476634 0.9514563106796117 0.09813084112149532 0.043689320388349516
9.0 0.0689252336448598 0.75 0.04439252336448598 0.06796116504854369
9.0 0.026869158878504672 0.46480582524271846 0.016355140186915886 0.07524271844660194
9.0 0.47313084112149534 0.0983009708737864 0.07710280373831775 0.050970873786407765
1.0 0.4602803738317757 0.0825242718446602 0.08411214953271028 0.043689320388349516
1.0 0.04322429906542056 0.4550970873786408 0.016355140186915886 0.07524271844660194
1.0 0.01985981308411215 0.46359223300970875 0.011682242990654205 0.06310679611650485
0.0 0.016355140186915886 0.3725728155339806 0.014018691588785047 0.050970873786407765
3.0 0.08761682242990654 0.6565533980582524 0.15186915887850466 0.29854368932038833
1.0 0.054906542056074766 0.7330097087378641 0.030373831775700934 0.05339805825242718
1.0 0.3925233644859813 0.9514563106796117 0.06542056074766354 0.02912621359223301
1.0 0.338785046728972 0.9356796116504854 0.0514018691588785 0.02669902912621359
1.0 0.3341121495327103 0.9478155339805825 0.06542056074766354 0.03640776699029126
0.0 0.3411214953271028 0.9696601941747572 0.06542056074766354 0.02669902912621359
0.0 0.3411214953271028 0.9720873786407767 0.056074766355140186 0.021844660194174758
4.0 0.1542056074766355 0.15048543689320387 0.1588785046728972 0.1553398058252427
4.0 0.1927570093457944 0.12864077669902912 0.15654205607476634 0.1407766990291262
