3.0 0.05269607843137255 0.28591160220994477 0.031862745098039214 0.07458563535911603
0.0 0.06495098039215687 0.7486187845303868 0.012254901960784314 0.027624309392265192
1.0 0.04656862745098039 0.6837016574585635 0.014705882352941176 0.03038674033149171
1.0 0.04411764705882353 0.6726519337016574 0.00980392156862745 0.019337016574585635
0.0 0.11519607843137254 0.5994475138121547 0.014705882352941176 0.049723756906077346
1.0 0.2034313725490196 0.8687845303867403 0.04411764705882353 0.03038674033149171
1.0 0.20220588235294118 0.8632596685082873 0.041666666666666664 0.03038674033149171
1.0 0.03676470588235294 0.5262430939226519 0.004901960784313725 0.024861878453038673
0.0 0.041666666666666664 0.47790055248618785 0.00980392156862745 0.049723756906077346
0.0 0.11151960784313726 0.31629834254143646 0.01715686274509804 0.04143646408839779
1.0 0.058823529411764705 0.38812154696132595 0.00980392156862745 0.03038674033149171
1.0 0.058823529411764705 0.3825966850828729 0.00980392156862745 0.03038674033149171
0.0 0.5465686274509803 0.9903314917127072 0.0196078431372549 0.013812154696132596
0.0 0.5821078431372549 0.8964088397790055 0.031862745098039214 0.03038674033149171
0.0 0.6090686274509803 0.914364640883978 0.022058823529411766 0.027624309392265192
0.0 0.4522058823529412 0.8950276243093923 0.022058823529411766 0.022099447513812154
0.0 0.42769607843137253 0.5980662983425414 0.031862745098039214 0.06353591160220995
1.0 0.39950980392156865 0.5828729281767956 0.03431372549019608 0.06077348066298342
1.0 0.16176470588235295 0.4350828729281768 0.03431372549019608 0.03038674033149171
1.0 0.17034313725490197 0.4157458563535912 0.012254901960784314 0.024861878453038673
1.0 0.1568627450980392 0.4171270718232044 0.00980392156862745 0.016574585635359115
1.0 0.11029411764705882 0.39917127071823205 0.014705882352941176 0.024861878453038673
0.0 0.12867647058823528 0.29972375690607733 0.01715686274509804 0.03591160220994475
0.0 0.14460784313725492 0.27071823204419887 0.014705882352941176 0.027624309392265192
1.0 0.41421568627450983 0.30939226519337015 0.0392156862745098 0.055248618784530384
1.0 0.4166666666666667 0.2955801104972376 0.03431372549019608 0.04419889502762431
0.0 0.3762254901960784 0.1671270718232044 0.012254901960784314 0.019337016574585635
1.0 0.2426470588235294 0.2886740331491713 0.024509803921568627 0.03591160220994475
1.0 0.2536764705882353 0.27209944751381215 0.031862745098039214 0.03591160220994475
0.0 0.38112745098039214 0.15469613259668508 0.02696078431372549 0.03314917127071823
0.0 0.5796568627450981 0.20718232044198895 0.022058823529411766 0.03314917127071823
1.0 0.5367647058823529 0.1464088397790055 0.024509803921568627 0.022099447513812154
1.0 0.5318627450980392 0.13674033149171272 0.0196078431372549 0.019337016574585635
0.0 0.5502450980392157 0.04143646408839779 0.012254901960784314 0.011049723756906077
1.0 0.09803921568627451 0.26657458563535913 0.014705882352941176 0.024861878453038673
1.0 0.10416666666666667 0.24447513812154695 0.012254901960784314 0.024861878453038673
1.0 0.13970588235294118 0.1781767955801105 0.0196078431372549 0.024861878453038673
1.0 0.18504901960784315 0.11740331491712708 0.022058823529411766 0.024861878453038673
0.0 0.1875 0.12154696132596685 0.01715686274509804 0.022099447513812154
0.0 0.19730392156862744 0.12016574585635359 0.01715686274509804 0.024861878453038673
0.0 0.2267156862745098 0.08425414364640885 0.01715686274509804 0.019337016574585635
0.0 0.5477941176470589 0.04143646408839779 0.012254901960784314 0.011049723756906077
0.0 0.45588235294117646 0.020718232044198894 0.014705882352941176 0.008287292817679558
0.0 0.46568627450980393 0.017955801104972375 0.00980392156862745 0.008287292817679558
1.0 0.28431372549019607 0.07596685082872928 0.014705882352941176 0.013812154696132596
1.0 0.28921568627450983 0.06906077348066299 0.014705882352941176 0.011049723756906077
