3.0 0.7647058823529411 0.6022099447513812 0.12254901960784313 0.1712707182320442
3.0 0.9252450980392157 0.42679558011049723 0.041666666666666664 0.07458563535911603
0.0 0.9350490196078431 0.712707182320442 0.01715686274509804 0.03867403314917127
3.0 0.8799019607843137 0.17679558011049723 0.0392156862745098 0.049723756906077346
0.0 0.6948529411764706 0.10220994475138122 0.02696078431372549 0.027624309392265192
0.0 0.6776960784313726 0.08287292817679558 0.01715686274509804 0.022099447513812154
0.0 0.7622549019607843 0.11464088397790055 0.0196078431372549 0.024861878453038673
0.0 0.7720588235294118 0.11602209944751381 0.0196078431372549 0.022099447513812154
0.0 0.4852941176470588 0.4585635359116022 0.029411764705882353 0.08287292817679558
0.0 0.35784313725490197 0.5138121546961326 0.029411764705882353 0.0718232044198895
0.0 0.3321078431372549 0.5096685082872928 0.01715686274509804 0.08011049723756906
0.0 0.12377450980392157 0.6160220994475138 0.01715686274509804 0.06077348066298342
0.0 0.12377450980392157 0.6049723756906077 0.01715686274509804 0.06077348066298342
0.0 0.06372549019607843 0.4240331491712707 0.00980392156862745 0.04143646408839779
0.0 0.06985294117647059 0.3784530386740331 0.012254901960784314 0.03867403314917127
3.0 0.16299019607843138 0.17679558011049723 0.0661764705882353 0.0718232044198895
4.0 0.25245098039215685 0.14226519337016574 0.10294117647058823 0.0856353591160221
3.0 0.39828431372549017 0.12292817679558012 0.125 0.058011049723756904
0.0 0.28799019607843135 0.08701657458563536 0.01715686274509804 0.019337016574585635
