4.0 0.18504901960784315 0.7403314917127072 0.125 0.16022099447513813
4.0 0.3321078431372549 0.8604972375690608 0.17401960784313725 0.12430939226519337
4.0 0.5036764705882353 0.9295580110497238 0.19362745098039216 0.07458563535911603
4.0 0.09558823529411764 0.6243093922651933 0.06372549019607843 0.1270718232044199
4.0 0.05269607843137255 0.5359116022099447 0.031862745098039214 0.11049723756906077
3.0 0.031862745098039214 0.48480662983425415 0.0196078431372549 0.07458563535911603
3.0 0.9215686274509803 0.32044198895027626 0.03431372549019608 0.07734806629834254
3.0 0.875 0.26243093922651933 0.05392156862745098 0.09392265193370165
3.0 0.9534313725490197 0.3383977900552486 0.024509803921568627 0.06353591160220995
3.0 0.9191176470588235 0.2776243093922652 0.029411764705882353 0.058011049723756904
3.0 0.8174019607843137 0.16574585635359115 0.051470588235294115 0.06077348066298342
3.0 0.8737745098039216 0.21823204419889503 0.041666666666666664 0.06629834254143646
3.0 0.8995098039215687 0.25 0.0392156862745098 0.06906077348066299
3.0 0.9387254901960784 0.3052486187845304 0.029411764705882353 0.06353591160220995
3.0 0.7818627450980392 0.13535911602209943 0.06372549019607843 0.06629834254143646
3.0 0.821078431372549 0.12430939226519337 0.049019607843137254 0.055248618784530384
3.0 0.866421568627451 0.1643646408839779 0.031862745098039214 0.04696132596685083
4.0 0.8394607843137255 0.22099447513812154 0.08088235294117647 0.1270718232044199
4.0 0.9424019607843137 0.3494475138121547 0.031862745098039214 0.0856353591160221
4.0 0.7659313725490197 0.15469613259668508 0.07598039215686274 0.08287292817679558
4.0 0.8995098039215687 0.2803867403314917 0.04411764705882353 0.09668508287292818
4.0 0.5882352941176471 0.11049723756906077 0.12745098039215685 0.09392265193370165
4.0 0.9227941176470589 0.24585635359116023 0.051470588235294115 0.08287292817679558
4.0 0.6703431372549019 0.062154696132596686 0.0661764705882353 0.04696132596685083
4.0 0.6409313725490197 0.08011049723756906 0.0857843137254902 0.06077348066298342
4.0 0.8455882352941176 0.19060773480662985 0.05392156862745098 0.0718232044198895
4.0 0.6200980392156863 0.03038674033149171 0.10294117647058823 0.04419889502762431
4.0 0.6507352941176471 0.034530386740331494 0.07107843137254902 0.03591160220994475
4.0 0.7879901960784313 0.30662983425414364 0.14950980392156862 0.1712707182320442
4.0 0.5772058823529411 0.212707182320442 0.1642156862745098 0.143646408839779
4.0 0.8112745098039216 0.4488950276243094 0.08823529411764706 0.1685082872928177
4.0 0.012254901960784314 0.4102209944751381 0.0196078431372549 0.06906077348066299
4.0 0.0196078431372549 0.4350828729281768 0.0196078431372549 0.06906077348066299
4.0 0.007352941176470588 0.4005524861878453 0.00980392156862745 0.03867403314917127
0.0 0.030637254901960783 0.4171270718232044 0.007352941176470588 0.027624309392265192
0.0 0.03308823529411765 0.4129834254143646 0.007352941176470588 0.03038674033149171
0.0 0.02696078431372549 0.3370165745856354 0.00980392156862745 0.027624309392265192
0.0 0.5134803921568627 0.8411602209944752 0.041666666666666664 0.03591160220994475
9.0 0.6041666666666666 0.962707182320442 0.04656862745098039 0.03038674033149171
9.0 0.6421568627450981 0.9571823204419889 0.049019607843137254 0.04143646408839779
9.0 0.6531862745098039 0.9585635359116023 0.041666666666666664 0.03314917127071823
9.0 0.6715686274509803 0.9544198895027625 0.06372549019607843 0.04696132596685083
9.0 0.6948529411764706 0.9475138121546961 0.051470588235294115 0.04419889502762431
9.0 0.7034313725490197 0.9516574585635359 0.03431372549019608 0.024861878453038673
9.0 0.7242647058823529 0.9461325966850829 0.022058823529411766 0.013812154696132596
9.0 0.7426470588235294 0.93646408839779 0.024509803921568627 0.016574585635359115
9.0 0.7598039215686274 0.930939226519337 0.024509803921568627 0.016574585635359115
0.0 0.11151960784313726 0.8204419889502762 0.01715686274509804 0.027624309392265192
9.0 0.9546568627450981 0.28314917127071826 0.012254901960784314 0.03038674033149171
9.0 0.9595588235294118 0.292817679558011 0.012254901960784314 0.027624309392265192
9.0 0.9632352941176471 0.3011049723756906 0.00980392156862745 0.027624309392265192
9.0 0.9681372549019608 0.3052486187845304 0.00980392156862745 0.03038674033149171
9.0 0.9693627450980392 0.30662983425414364 0.007352941176470588 0.022099447513812154
9.0 0.8848039215686274 0.1878453038674033 0.0196078431372549 0.027624309392265192
9.0 0.8921568627450981 0.19475138121546962 0.0196078431372549 0.03038674033149171
9.0 0.7046568627450981 0.04834254143646409 0.02696078431372549 0.019337016574585635
9.0 0.7610294117647058 0.08149171270718232 0.031862745098039214 0.024861878453038673
9.0 0.7610294117647058 0.07734806629834254 0.02696078431372549 0.022099447513812154
9.0 0.7634803921568627 0.07596685082872928 0.02696078431372549 0.019337016574585635
9.0 0.7071078431372549 0.04558011049723757 0.031862745098039214 0.019337016574585635
9.0 0.7169117647058824 0.04696132596685083 0.022058823529411766 0.016574585635359115
