3.0 0.014705882352941176 0.3634020618556701 0.00980392156862745 0.030927835051546393
9.0 0.030637254901960783 0.30412371134020616 0.007352941176470588 0.015463917525773196
9.0 0.028186274509803922 0.3440721649484536 0.007352941176470588 0.01288659793814433
0.0 0.2965686274509804 0.3118556701030928 0.0196078431372549 0.02577319587628866
3.0 0.30269607843137253 0.4742268041237113 0.056372549019607844 0.14948453608247422
3.0 0.21323529411764705 0.5451030927835051 0.0784313725490196 0.07989690721649484
3.0 0.20098039215686275 0.4884020618556701 0.0784313725490196 0.07474226804123711
5.0 0.21323529411764705 0.4059278350515464 0.10294117647058823 0.09020618556701031
3.0 0.20833333333333334 0.3543814432989691 0.08333333333333333 0.08505154639175258
3.0 0.20588235294117646 0.3118556701030928 0.07352941176470588 0.07216494845360824
3.0 0.22303921568627452 0.2422680412371134 0.0784313725490196 0.061855670103092786
4.0 0.23774509803921567 0.2036082474226804 0.07352941176470588 0.05670103092783505
3.0 0.25857843137254904 0.16881443298969073 0.0857843137254902 0.05412371134020619
3.0 0.2818627450980392 0.13788659793814434 0.08333333333333333 0.04896907216494845
4.0 0.20710784313725492 0.15335051546391754 0.051470588235294115 0.06443298969072164
4.0 0.25 0.12242268041237113 0.05392156862745098 0.05412371134020619
3.0 0.27941176470588236 0.10695876288659793 0.05392156862745098 0.04896907216494845
9.0 0.19975490196078433 0.13530927835051546 0.022058823529411766 0.023195876288659795
0.0 0.27328431372549017 0.08505154639175258 0.01715686274509804 0.010309278350515464
6.0 0.30514705882352944 0.03479381443298969 0.022058823529411766 0.01288659793814433
0.0 0.35049019607843135 0.02190721649484536 0.00980392156862745 0.007731958762886598
7.0 0.3492647058823529 0.030927835051546393 0.051470588235294115 0.020618556701030927
3.0 0.4105392156862745 0.015463917525773196 0.061274509803921566 0.020618556701030927
3.0 0.4840686274509804 0.006443298969072165 0.031862745098039214 0.01288659793814433
3.0 0.40931372549019607 0.03221649484536082 0.04411764705882353 0.028350515463917526
4.0 0.45955882352941174 0.08505154639175258 0.041666666666666664 0.041237113402061855
6.0 0.5428921568627451 0.007731958762886598 0.022058823529411766 0.010309278350515464
1.0 0.5441176470588235 0.005154639175257732 0.014705882352941176 0.005154639175257732
6.0 0.5588235294117647 0.02577319587628866 0.024509803921568627 0.015463917525773196
1.0 0.5588235294117647 0.023195876288659795 0.00980392156862745 0.005154639175257732
9.0 0.5870098039215687 0.041237113402061855 0.022058823529411766 0.010309278350515464
1.0 0.5857843137254902 0.03865979381443299 0.014705882352941176 0.005154639175257732
9.0 0.5514705882352942 0.07989690721649484 0.0196078431372549 0.015463917525773196
5.0 0.5649509803921569 0.23969072164948454 0.0661764705882353 0.10824742268041238
3.0 0.4950980392156863 0.46005154639175255 0.07352941176470588 0.16752577319587628
4.0 0.6004901960784313 0.5309278350515464 0.06862745098039216 0.15463917525773196
6.0 0.6752450980392157 0.7396907216494846 0.03676470588235294 0.061855670103092786
1.0 0.6752450980392157 0.729381443298969 0.022058823529411766 0.02577319587628866
9.0 0.6531862745098039 0.854381443298969 0.022058823529411766 0.028350515463917526
1.0 0.6531862745098039 0.854381443298969 0.01715686274509804 0.01804123711340206
9.0 0.4742647058823529 0.8144329896907216 0.03676470588235294 0.03608247422680412
3.0 0.5367647058823529 0.8814432989690721 0.05392156862745098 0.05154639175257732
3.0 0.5735294117647058 0.9690721649484536 0.04411764705882353 0.02577319587628866
4.0 0.6200980392156863 0.9471649484536082 0.058823529411764705 0.03865979381443299
3.0 0.6727941176470589 0.9278350515463918 0.04656862745098039 0.03608247422680412
3.0 0.7230392156862745 0.9149484536082474 0.06372549019607843 0.03608247422680412
4.0 0.7879901960784313 0.8569587628865979 0.056372549019607844 0.04381443298969072
3.0 0.7781862745098039 0.8762886597938144 0.056372549019607844 0.041237113402061855
3.0 0.7708333333333334 0.9033505154639175 0.056372549019607844 0.03865979381443299
3.0 0.7634803921568627 0.9162371134020618 0.056372549019607844 0.03865979381443299
3.0 0.7549019607843137 0.9291237113402062 0.05392156862745098 0.03350515463917526
3.0 0.7536764705882353 0.9342783505154639 0.04656862745098039 0.028350515463917526
9.0 0.8651960784313726 0.8260309278350515 0.014705882352941176 0.01804123711340206
9.0 0.8688725490196079 0.8195876288659794 0.01715686274509804 0.020618556701030927
6.0 0.8284313725490197 0.8170103092783505 0.029411764705882353 0.03608247422680412
3.0 0.8713235294117647 0.7989690721649485 0.04656862745098039 0.05670103092783505
3.0 0.8321078431372549 0.7396907216494846 0.061274509803921566 0.06701030927835051
9.0 0.9154411764705882 0.6095360824742269 0.007352941176470588 0.01288659793814433
4.0 0.8492647058823529 0.6146907216494846 0.056372549019607844 0.06958762886597938
6.0 0.9191176470588235 0.5515463917525774 0.00980392156862745 0.05154639175257732
3.0 0.8492647058823529 0.5721649484536082 0.056372549019607844 0.07216494845360824
3.0 0.8468137254901961 0.5115979381443299 0.051470588235294115 0.06443298969072164
3.0 0.8431372549019608 0.452319587628866 0.05392156862745098 0.059278350515463915
3.0 0.8370098039215687 0.39819587628865977 0.051470588235294115 0.06443298969072164
3.0 0.8296568627450981 0.35051546391752575 0.0661764705882353 0.07216494845360824
9.0 0.9166666666666666 0.5141752577319587 0.004901960784313725 0.028350515463917526
1.0 0.9178921568627451 0.5141752577319587 0.0024509803921568627 0.01288659793814433
9.0 0.9154411764705882 0.44329896907216493 0.012254901960784314 0.020618556701030927
9.0 0.9227941176470589 0.4420103092783505 0.012254901960784314 0.01804123711340206
9.0 0.9044117647058824 0.36855670103092786 0.014705882352941176 0.020618556701030927
9.0 0.9031862745098039 0.35695876288659795 0.01715686274509804 0.01804123711340206
9.0 0.8897058823529411 0.32216494845360827 0.0196078431372549 0.020618556701030927
6.0 0.8860294117647058 0.30541237113402064 0.022058823529411766 0.03350515463917526
0.0 0.8284313725490197 0.23195876288659795 0.00980392156862745 0.015463917525773196
3.0 0.7475490196078431 0.15077319587628865 0.07352941176470588 0.05412371134020619
3.0 0.7291666666666666 0.12757731958762886 0.07107843137254902 0.04381443298969072
0.0 0.7659313725490197 0.12242268041237113 0.012254901960784314 0.01288659793814433
9.0 0.8149509803921569 0.17010309278350516 0.01715686274509804 0.020618556701030927
9.0 0.8149509803921569 0.15721649484536082 0.022058823529411766 0.020618556701030927
3.0 0.7928921568627451 0.11211340206185567 0.051470588235294115 0.04896907216494845
0.0 0.7598039215686274 0.07860824742268041 0.014705882352941176 0.01288659793814433
0.0 0.7352941176470589 0.06572164948453608 0.00980392156862745 0.007731958762886598
9.0 0.12254901960784313 0.17525773195876287 0.0196078431372549 0.02577319587628866
9.0 0.13112745098039216 0.16752577319587628 0.01715686274509804 0.020618556701030927
9.0 0.13725490196078433 0.16237113402061856 0.0196078431372549 0.020618556701030927
9.0 0.1482843137254902 0.15077319587628865 0.01715686274509804 0.01804123711340206
9.0 0.15931372549019607 0.1404639175257732 0.0196078431372549 0.023195876288659795
9.0 0.17034313725490197 0.13144329896907217 0.022058823529411766 0.020618556701030927
9.0 0.1556372549019608 0.12628865979381443 0.01715686274509804 0.020618556701030927
9.0 0.16789215686274508 0.11597938144329897 0.01715686274509804 0.015463917525773196
9.0 0.14583333333333334 0.13917525773195877 0.022058823529411766 0.02577319587628866
0.0 0.16911764705882354 0.12242268041237113 0.014705882352941176 0.01288659793814433
