0.0 0.03553921568627451 0.2845303867403315 0.012254901960784314 0.027624309392265192
0.0 0.0857843137254902 0.19475138121546962 0.014705882352941176 0.024861878453038673
0.0 0.10784313725490197 0.17541436464088397 0.0196078431372549 0.03038674033149171
0.0 0.20465686274509803 0.1408839779005525 0.031862745098039214 0.04419889502762431
0.0 0.22794117647058823 0.1270718232044199 0.0196078431372549 0.027624309392265192
0.0 0.22794117647058823 0.10911602209944751 0.024509803921568627 0.03038674033149171
0.0 0.2536764705882353 0.08839779005524862 0.031862745098039214 0.03314917127071823
0.0 0.5110294117647058 0.03314917127071823 0.01715686274509804 0.016574585635359115
0.0 0.5404411764705882 0.027624309392265192 0.01715686274509804 0.022099447513812154
0.0 0.5110294117647058 0.024861878453038673 0.01715686274509804 0.016574585635359115
0.0 0.4889705882352941 0.023480662983425413 0.022058823529411766 0.019337016574585635
0.0 0.44485294117647056 0.020718232044198894 0.022058823529411766 0.019337016574585635
0.0 0.4007352941176471 0.023480662983425413 0.01715686274509804 0.019337016574585635
0.0 0.6078431372549019 0.03591160220994475 0.024509803921568627 0.022099447513812154
0.0 0.6200980392156863 0.03729281767955801 0.0196078431372549 0.019337016574585635
0.0 0.6421568627450981 0.04143646408839779 0.0196078431372549 0.022099447513812154
0.0 0.6776960784313726 0.05110497237569061 0.02696078431372549 0.024861878453038673
0.0 0.7058823529411765 0.1505524861878453 0.029411764705882353 0.04696132596685083
0.0 0.6850490196078431 0.09116022099447514 0.03676470588235294 0.03867403314917127
0.0 0.7365196078431373 0.10911602209944751 0.02696078431372549 0.03038674033149171
0.0 0.7696078431372549 0.10911602209944751 0.024509803921568627 0.03038674033149171
0.0 0.6973039215686274 0.058011049723756904 0.022058823529411766 0.022099447513812154
0.0 0.7095588235294118 0.06077348066298342 0.01715686274509804 0.022099447513812154
0.0 0.9632352941176471 0.32734806629834257 0.00980392156862745 0.024861878453038673
0.0 0.9791666666666666 0.4544198895027624 0.007352941176470588 0.03038674033149171
0.0 0.9718137254901961 0.4143646408839779 0.007352941176470588 0.027624309392265192
0.0 0.9693627450980392 0.393646408839779 0.007352941176470588 0.024861878453038673
0.0 0.9718137254901961 0.4046961325966851 0.007352941176470588 0.03038674033149171
0.0 0.9754901960784313 0.38812154696132595 0.00980392156862745 0.03038674033149171
0.0 0.9828431372549019 0.4240331491712707 0.00980392156862745 0.03591160220994475
0.0 0.9840686274509803 0.42679558011049723 0.007352941176470588 0.024861878453038673
0.0 0.9852941176470589 0.4198895027624309 0.004901960784313725 0.027624309392265192
0.0 0.9828431372549019 0.4129834254143646 0.004901960784313725 0.019337016574585635
0.0 0.9840686274509803 0.40193370165745856 0.007352941176470588 0.03038674033149171
0.0 0.9803921568627451 0.38950276243093923 0.004901960784313725 0.022099447513812154
0.0 0.9791666666666666 0.3812154696132597 0.007352941176470588 0.027624309392265192
0.0 0.9546568627450981 0.7071823204419889 0.01715686274509804 0.04419889502762431
0.0 0.9779411764705882 0.6298342541436464 0.014705882352941176 0.03867403314917127
0.0 0.8897058823529411 0.43646408839779005 0.014705882352941176 0.04419889502762431
0.0 0.9142156862745098 0.40193370165745856 0.014705882352941176 0.04696132596685083
0.0 0.9301470588235294 0.38535911602209943 0.012254901960784314 0.04143646408839779
0.0 0.9117647058823529 0.39088397790055246 0.014705882352941176 0.04143646408839779
0.0 0.8455882352941176 0.31629834254143646 0.03431372549019608 0.07458563535911603
0.0 0.8909313725490197 0.32320441988950277 0.01715686274509804 0.03867403314917127
0.0 0.9105392156862745 0.3259668508287293 0.012254901960784314 0.03867403314917127
0.0 0.9129901960784313 0.3080110497237569 0.012254901960784314 0.03038674033149171
0.0 0.9019607843137255 0.2900552486187845 0.014705882352941176 0.03314917127071823
0.0 0.8762254901960784 0.2941988950276243 0.02696078431372549 0.06353591160220995
0.0 0.883578431372549 0.29972375690607733 0.01715686274509804 0.03591160220994475
0.0 0.8627450980392157 0.2845303867403315 0.0196078431372549 0.03867403314917127
0.0 0.8137254901960784 0.31353591160220995 0.029411764705882353 0.052486187845303865
0.0 0.7941176470588235 0.27486187845303867 0.029411764705882353 0.04696132596685083
0.0 0.7647058823529411 0.2361878453038674 0.04411764705882353 0.06906077348066299
0.0 0.5294117647058824 0.17679558011049723 0.03431372549019608 0.06077348066298342
0.0 0.36887254901960786 0.1477900552486188 0.03676470588235294 0.03038674033149171
0.0 0.16911764705882354 0.2969613259668508 0.024509803921568627 0.052486187845303865
0.0 0.17647058823529413 0.2472375690607735 0.024509803921568627 0.04696132596685083
0.0 0.1875 0.21961325966850828 0.02696078431372549 0.03591160220994475
0.0 0.19240196078431374 0.24033149171270718 0.031862745098039214 0.049723756906077346
0.0 0.2034313725490196 0.2292817679558011 0.0196078431372549 0.03314917127071823
0.0 0.2193627450980392 0.20303867403314918 0.041666666666666664 0.06353591160220995
0.0 0.0625 0.34392265193370164 0.012254901960784314 0.03591160220994475
0.0 0.03308823529411765 0.3756906077348066 0.012254901960784314 0.04419889502762431
0.0 0.11397058823529412 0.20303867403314918 0.022058823529411766 0.03591160220994475
0.0 0.13848039215686275 0.17403314917127072 0.01715686274509804 0.022099447513812154
0.0 0.6948529411764706 0.600828729281768 0.02696078431372549 0.07458563535911603
0.0 0.05514705882352941 0.738950276243094 0.012254901960784314 0.024861878453038673
