4.0 0.6127450980392157 0.9639175257731959 0.11274509803921569 0.061855670103092786
0.0 0.5428921568627451 0.9806701030927835 0.031862745098039214 0.01288659793814433
9.0 0.9080882352941176 0.663659793814433 0.031862745098039214 0.04896907216494845
0.0 0.2622549019607843 0.8144329896907216 0.06372549019607843 0.05154639175257732
0.0 0.2622549019607843 0.8775773195876289 0.04411764705882353 0.03865979381443299
3.0 0.5723039215686274 0.35309278350515466 0.13480392156862744 0.21649484536082475
5.0 0.18137254901960784 0.8260309278350515 0.20588235294117646 0.24484536082474226
1.0 0.1213235294117647 0.7951030927835051 0.03676470588235294 0.04896907216494845
0.0 0.09436274509803921 0.7744845360824743 0.02696078431372549 0.03865979381443299
7.0 0.10784313725490197 0.7667525773195877 0.08823529411764706 0.13659793814432988
5.0 0.09436274509803921 0.759020618556701 0.1642156862745098 0.2757731958762887
5.0 0.06372549019607843 0.46262886597938147 0.07352941176470588 0.35309278350515466
0.0 0.0784313725490196 0.43041237113402064 0.014705882352941176 0.04639175257731959
1.0 0.19117647058823528 0.27448453608247425 0.03431372549019608 0.04381443298969072
1.0 0.07352941176470588 0.4536082474226804 0.00980392156862745 0.041237113402061855
1.0 0.07230392156862746 0.47809278350515466 0.012254901960784314 0.03865979381443299
5.0 0.11397058823529412 0.3234536082474227 0.09068627450980392 0.17783505154639176
7.0 0.14705882352941177 0.30541237113402064 0.049019607843137254 0.08505154639175258
9.0 0.18995098039215685 0.29381443298969073 0.03676470588235294 0.06701030927835051
6.0 0.5196078431372549 0.11211340206185567 0.0392156862745098 0.03350515463917526
9.0 0.6985294117647058 0.12886597938144329 0.0392156862745098 0.030927835051546393
9.0 0.6433823529411765 0.07474226804123711 0.051470588235294115 0.02577319587628866
5.0 0.45955882352941174 0.02190721649484536 0.061274509803921566 0.03350515463917526
3.0 0.3247549019607843 0.059278350515463915 0.056372549019607844 0.03608247422680412
3.0 0.32230392156862747 0.03608247422680412 0.03676470588235294 0.020618556701030927
5.0 0.1715686274509804 0.15979381443298968 0.08823529411764706 0.10824742268041238
9.0 0.9620098039215687 0.31958762886597936 0.01715686274509804 0.030927835051546393
3.0 0.9669117647058824 0.4175257731958763 0.02696078431372549 0.10309278350515463
9.0 0.9019607843137255 0.27448453608247425 0.0196078431372549 0.03865979381443299
