3.0 0.17279411764705882 0.6823204419889503 0.0857843137254902 0.143646408839779
3.0 0.2928921568627451 0.3342541436464088 0.08088235294117647 0.09944751381215469
3.0 0.3602941176470588 0.23480662983425415 0.09313725490196079 0.08839779005524862
3.0 0.15808823529411764 0.7859116022099447 0.09068627450980392 0.1298342541436464
3.0 0.4534313725490196 0.12569060773480664 0.07352941176470588 0.04696132596685083
3.0 0.4485294117647059 0.39226519337016574 0.12254901960784313 0.143646408839779
3.0 0.6053921568627451 0.11049723756906077 0.058823529411764705 0.04419889502762431
3.0 0.5784313725490197 0.15883977900552487 0.07352941176470588 0.058011049723756904
3.0 0.49754901960784315 0.0925414364640884 0.06372549019607843 0.03038674033149171
3.0 0.5379901960784313 0.062154696132596686 0.04656862745098039 0.024861878453038673
3.0 0.5723039215686274 0.03867403314917127 0.04656862745098039 0.022099447513812154
3.0 0.6384803921568627 0.0718232044198895 0.04656862745098039 0.027624309392265192
3.0 0.6262254901960784 0.08701657458563536 0.041666666666666664 0.03591160220994475
3.0 0.5012254901960784 0.2776243093922652 0.09558823529411764 0.10220994475138122
3.0 0.3639705882352941 0.5870165745856354 0.12009803921568628 0.1685082872928177
3.0 0.2696078431372549 0.8204419889502762 0.08823529411764706 0.09392265193370165
4.0 0.19607843137254902 0.5580110497237569 0.0784313725490196 0.143646408839779
4.0 0.24877450980392157 0.899171270718232 0.0857843137254902 0.0856353591160221
4.0 0.23897058823529413 0.9267955801104972 0.061274509803921566 0.04143646408839779
4.0 0.15318627450980393 0.8577348066298343 0.0857843137254902 0.10220994475138122
0.0 0.7487745098039216 0.11602209944751381 0.01715686274509804 0.022099447513812154
0.0 0.7291666666666666 0.106353591160221 0.01715686274509804 0.019337016574585635
0.0 0.9129901960784313 0.47790055248618785 0.0024509803921568627 0.027624309392265192
0.0 0.9411764705882353 0.4930939226519337 0.004901960784313725 0.03038674033149171
0.0 0.9497549019607843 0.5013812154696132 0.0024509803921568627 0.03038674033149171
0.0 0.9669117647058824 0.5151933701657458 0.0024509803921568627 0.019337016574585635
0.0 0.9742647058823529 0.4986187845303867 0.0024509803921568627 0.019337016574585635
0.0 0.9718137254901961 0.4903314917127072 0.0024509803921568627 0.019337016574585635
0.0 0.9767156862745098 0.5027624309392266 0.0024509803921568627 0.016574585635359115
0.0 0.9779411764705882 0.4930939226519337 0.0 0.019337016574585635
0.0 0.9129901960784313 0.4723756906077348 0.007352941176470588 0.027624309392265192
0.0 0.9669117647058824 0.5069060773480663 0.0024509803921568627 0.013812154696132596
0.0 0.9877450980392157 0.5220994475138122 0.0 0.016574585635359115
0.0 0.9865196078431373 0.5138121546961326 0.0024509803921568627 0.022099447513812154
0.0 0.9632352941176471 0.4212707182320442 0.004901960784313725 0.024861878453038673
