4.0 0.19117647058823528 0.11740331491712708 0.0196078431372549 0.024861878453038673
4.0 0.1801470588235294 0.13812154696132597 0.022058823529411766 0.027624309392265192
4.0 0.20710784313725492 0.143646408839779 0.02696078431372549 0.027624309392265192
4.0 0.3737745098039216 0.31767955801104975 0.056372549019607844 0.06629834254143646
4.0 0.24877450980392157 0.1671270718232044 0.031862745098039214 0.03591160220994475
8.0 0.3394607843137255 0.3383977900552486 0.07107843137254902 0.09116022099447514
8.0 0.2696078431372549 0.2472375690607735 0.05392156862745098 0.06906077348066299
3.0 0.3002450980392157 0.2845303867403315 0.041666666666666664 0.049723756906077346
3.0 0.29901960784313725 0.42955801104972374 0.0392156862745098 0.052486187845303865
3.0 0.32965686274509803 0.26795580110497236 0.041666666666666664 0.049723756906077346
4.0 0.29411764705882354 0.9475138121546961 0.03431372549019608 0.027624309392265192
4.0 0.3014705882352941 0.9240331491712708 0.024509803921568627 0.024861878453038673
3.0 0.31495098039215685 0.9516574585635359 0.022058823529411766 0.019337016574585635
3.0 0.3284313725490196 0.9267955801104972 0.029411764705882353 0.024861878453038673
4.0 0.24387254901960784 0.8812154696132597 0.02696078431372549 0.03314917127071823
3.0 0.2867647058823529 0.8535911602209945 0.0392156862745098 0.04419889502762431
5.0 0.3088235294117647 0.888121546961326 0.07352941176470588 0.06906077348066299
4.0 0.3382352941176471 0.899171270718232 0.03431372549019608 0.03591160220994475
4.0 0.3627450980392157 0.8632596685082873 0.049019607843137254 0.04143646408839779
8.0 0.3014705882352941 0.8080110497237569 0.06372549019607843 0.07458563535911603
3.0 0.32965686274509803 0.850828729281768 0.041666666666666664 0.04419889502762431
3.0 0.6090686274509803 0.03729281767955801 0.031862745098039214 0.019337016574585635
3.0 0.5281862745098039 0.022099447513812154 0.02696078431372549 0.016574585635359115
8.0 0.6004901960784313 0.07458563535911603 0.029411764705882353 0.027624309392265192
8.0 0.696078431372549 0.4116022099447514 0.0392156862745098 0.11049723756906077
8.0 0.6973039215686274 0.5953038674033149 0.04656862745098039 0.1132596685082873
8.0 0.7757352941176471 0.8162983425414365 0.056372549019607844 0.06353591160220995
3.0 0.7022058823529411 0.8273480662983426 0.041666666666666664 0.04143646408839779
3.0 0.7316176470588235 0.7016574585635359 0.041666666666666664 0.055248618784530384
3.0 0.6507352941176471 0.511049723756906 0.02696078431372549 0.07734806629834254
4.0 0.6384803921568627 0.7154696132596685 0.041666666666666664 0.0718232044198895
8.0 0.8284313725490197 0.8494475138121547 0.05392156862745098 0.06353591160220995
8.0 0.8235294117647058 0.8107734806629834 0.05392156862745098 0.06353591160220995
3.0 0.8615196078431373 0.7831491712707183 0.022058823529411766 0.03591160220994475
3.0 0.9227941176470589 0.6243093922651933 0.012254901960784314 0.03314917127071823
3.0 0.9129901960784313 0.6229281767955801 0.012254901960784314 0.03591160220994475
4.0 0.9436274509803921 0.5662983425414365 0.00980392156862745 0.03867403314917127
5.0 0.8688725490196079 0.7859116022099447 0.041666666666666664 0.07458563535911603
3.0 0.9473039215686274 0.4544198895027624 0.007352941176470588 0.03038674033149171
4.0 0.9411764705882353 0.34392265193370164 0.00980392156862745 0.024861878453038673
4.0 0.9375 0.43922651933701656 0.007352941176470588 0.03314917127071823
5.0 0.9264705882352942 0.35911602209944754 0.0196078431372549 0.06629834254143646
3.0 0.8725490196078431 0.14917127071823205 0.00980392156862745 0.016574585635359115
4.0 0.9093137254901961 0.2361878453038674 0.00980392156862745 0.019337016574585635
4.0 0.9227941176470589 0.255524861878453 0.012254901960784314 0.024861878453038673
4.0 0.8921568627450981 0.20441988950276244 0.00980392156862745 0.022099447513812154
3.0 0.8811274509803921 0.15469613259668508 0.007352941176470588 0.011049723756906077
3.0 0.8982843137254902 0.1781767955801105 0.007352941176470588 0.013812154696132596
3.0 0.8995098039215687 0.19060773480662985 0.00980392156862745 0.016574585635359115
3.0 0.9325980392156863 0.27071823204419887 0.007352941176470588 0.016574585635359115
4.0 0.9178921568627451 0.22375690607734808 0.012254901960784314 0.022099447513812154
0.0 0.9840686274509803 0.3839779005524862 0.0024509803921568627 0.0055248618784530384
0.0 0.9828431372549019 0.3729281767955801 0.0 0.0055248618784530384
0.0 0.9901960784313726 0.4088397790055249 0.0 0.0055248618784530384
0.0 0.9852941176470589 0.425414364640884 0.0 0.0055248618784530384
0.0 0.9828431372549019 0.3632596685082873 0.0 0.0027624309392265192
0.0 0.9816176470588235 0.36049723756906077 0.0024509803921568627 0.008287292817679558
0.0 0.9840686274509803 0.4240331491712707 0.0024509803921568627 0.008287292817679558
