3.0 0.14485981308411214 0.8470873786407767 0.13551401869158877 0.1407766990291262
3.0 0.5735981308411215 0.9745145631067961 0.24065420560747663 0.04611650485436893
4.0 0.7324766355140186 0.7949029126213593 0.34345794392523366 0.2645631067961165
3.0 0.05724299065420561 0.5546116504854369 0.04906542056074766 0.12864077669902912
3.0 0.07593457943925233 0.4720873786407767 0.05841121495327103 0.12864077669902912
3.0 0.13901869158878505 0.42839805825242716 0.1191588785046729 0.16262135922330098
3.0 0.23481308411214954 0.33980582524271846 0.21728971962616822 0.20388349514563106
3.0 0.8282710280373832 0.21359223300970873 0.11448598130841121 0.10679611650485436
3.0 0.830607476635514 0.24029126213592233 0.12850467289719625 0.12135922330097088
3.0 0.35864485981308414 0.20388349514563106 0.28738317757009346 0.1407766990291262
4.0 0.8376168224299065 0.2827669902912621 0.15186915887850466 0.17718446601941748
3.0 0.802570093457944 0.15655339805825244 0.09579439252336448 0.08009708737864078
3.0 0.7768691588785047 0.11286407766990292 0.07710280373831775 0.055825242718446605
3.0 0.7827102803738317 0.13106796116504854 0.08878504672897196 0.06796116504854369
3.0 0.7827102803738317 0.1104368932038835 0.06542056074766354 0.04611650485436893
3.0 0.7757009345794392 0.10315533980582524 0.056074766355140186 0.03640776699029126
3.0 0.7663551401869159 0.09587378640776699 0.07009345794392523 0.04611650485436893
3.0 0.7675233644859814 0.08859223300970874 0.04439252336448598 0.03155339805825243
3.0 0.7593457943925234 0.08737864077669903 0.056074766355140186 0.03398058252427184
3.0 0.7523364485981309 0.07888349514563107 0.0514018691588785 0.03155339805825243
7.0 0.5794392523364486 0.043689320388349516 0.07009345794392523 0.019417475728155338
9.0 0.6366822429906542 0.04854368932038835 0.02570093457943925 0.009708737864077669
3.0 0.633177570093458 0.025485436893203883 0.037383177570093455 0.012135922330097087
3.0 0.6448598130841121 0.025485436893203883 0.037383177570093455 0.012135922330097087
4.0 0.6308411214953271 0.02063106796116505 0.037383177570093455 0.012135922330097087
3.0 0.7593457943925234 0.07524271844660194 0.04672897196261682 0.02912621359223301
3.0 0.7441588785046729 0.06553398058252427 0.04439252336448598 0.024271844660194174
3.0 0.6682242990654206 0.02912621359223301 0.018691588785046728 0.009708737864077669
3.0 0.7406542056074766 0.06067961165048544 0.03271028037383177 0.019417475728155338
3.0 0.7453271028037384 0.061893203883495146 0.028037383177570093 0.01699029126213592
3.0 0.741822429906542 0.05946601941747573 0.030373831775700934 0.01699029126213592
3.0 0.7394859813084113 0.05703883495145631 0.035046728971962614 0.01699029126213592
3.0 0.6880841121495327 0.03640776699029126 0.02102803738317757 0.009708737864077669
3.0 0.6728971962616822 0.02912621359223301 0.018691588785046728 0.009708737864077669
5.0 0.9404205607476636 0.2536407766990291 0.035046728971962614 0.06553398058252427
4.0 0.889018691588785 0.17233009708737865 0.02102803738317757 0.024271844660194174
