3.0 0.04779411764705882 0.7527624309392266 0.012254901960784314 0.019337016574585635
4.0 0.051470588235294115 0.7651933701657458 0.00980392156862745 0.016574585635359115
8.0 0.08088235294117647 0.7334254143646409 0.0392156862745098 0.06353591160220995
3.0 0.10784313725490197 0.7720994475138122 0.0196078431372549 0.024861878453038673
3.0 0.17401960784313725 0.7859116022099447 0.029411764705882353 0.03038674033149171
3.0 0.16299019607843138 0.8577348066298343 0.022058823529411766 0.024861878453038673
4.0 0.17401960784313725 0.6740331491712708 0.029411764705882353 0.03867403314917127
3.0 0.25245098039215685 0.7900552486187845 0.03431372549019608 0.03314917127071823
3.0 0.29411764705882354 0.744475138121547 0.0392156862745098 0.03038674033149171
4.0 0.22058823529411764 0.8439226519337016 0.029411764705882353 0.024861878453038673
4.0 0.17034313725490197 0.8024861878453039 0.02696078431372549 0.03038674033149171
5.0 0.18504901960784315 0.8466850828729282 0.041666666666666664 0.04143646408839779
5.0 0.19975490196078433 0.8660220994475138 0.061274509803921566 0.058011049723756904
5.0 0.48651960784313725 0.7044198895027625 0.08088235294117647 0.049723756906077346
5.0 0.625 0.7375690607734806 0.08333333333333333 0.055248618784530384
4.0 0.7034313725490197 0.7541436464088398 0.049019607843137254 0.03867403314917127
5.0 0.8541666666666666 0.6574585635359116 0.03676470588235294 0.055248618784530384
4.0 0.5502450980392157 0.8674033149171271 0.051470588235294115 0.022099447513812154
4.0 0.37745098039215685 0.8522099447513812 0.05392156862745098 0.03038674033149171
3.0 0.41421568627450983 0.8052486187845304 0.049019607843137254 0.03038674033149171
3.0 0.47058823529411764 0.7582872928176796 0.0392156862745098 0.024861878453038673
3.0 0.5159313725490197 0.856353591160221 0.051470588235294115 0.022099447513812154
4.0 0.7745098039215687 0.5828729281767956 0.03431372549019608 0.03867403314917127
3.0 0.7794117647058824 0.6187845303867403 0.03431372549019608 0.03867403314917127
3.0 0.7977941176470589 0.6339779005524862 0.031862745098039214 0.03591160220994475
5.0 0.9779411764705882 0.393646408839779 0.00980392156862745 0.024861878453038673
3.0 0.9889705882352942 0.39917127071823205 0.0024509803921568627 0.013812154696132596
3.0 0.9938725490196079 0.4530386740331492 0.0024509803921568627 0.011049723756906077
3.0 0.9840686274509803 0.49171270718232046 0.0024509803921568627 0.016574585635359115
4.0 0.9926470588235294 0.4350828729281768 0.004901960784313725 0.013812154696132596
5.0 0.9252450980392157 0.48066298342541436 0.01715686274509804 0.03867403314917127
5.0 0.8737745098039216 0.6091160220994475 0.031862745098039214 0.052486187845303865
4.0 0.9240196078431373 0.5953038674033149 0.00980392156862745 0.024861878453038673
4.0 0.9497549019607843 0.5138121546961326 0.007352941176470588 0.016574585635359115
4.0 0.9497549019607843 0.47513812154696133 0.007352941176470588 0.022099447513812154
5.0 0.8615196078431373 0.5428176795580111 0.041666666666666664 0.052486187845303865
5.0 0.8909313725490197 0.5469613259668509 0.022058823529411766 0.03867403314917127
3.0 0.9338235294117647 0.5593922651933702 0.00980392156862745 0.024861878453038673
5.0 0.31862745098039214 0.9585635359116023 0.04411764705882353 0.03314917127071823
5.0 0.18627450980392157 0.8964088397790055 0.024509803921568627 0.024861878453038673
5.0 0.25245098039215685 0.930939226519337 0.03431372549019608 0.03314917127071823
5.0 0.23651960784313725 0.9226519337016574 0.041666666666666664 0.03867403314917127
0.0 0.06740196078431372 0.3052486187845304 0.0024509803921568627 0.008287292817679558
0.0 0.06985294117647059 0.29972375690607733 0.0024509803921568627 0.008287292817679558
