4.0 0.17524509803921567 0.8314917127071824 0.08088235294117647 0.09392265193370165
3.0 0.14215686274509803 0.7886740331491713 0.058823529411764705 0.08011049723756906
3.0 0.11887254901960784 0.75 0.056372549019607844 0.0856353591160221
3.0 0.1053921568627451 0.7113259668508287 0.05392156862745098 0.08011049723756906
3.0 0.11151960784313726 0.6256906077348067 0.03676470588235294 0.09116022099447514
3.0 0.13112745098039216 0.6077348066298343 0.04656862745098039 0.11049723756906077
3.0 0.1556372549019608 0.5883977900552486 0.051470588235294115 0.11049723756906077
3.0 0.25980392156862747 0.8646408839779005 0.08823529411764706 0.08287292817679558
3.0 0.27328431372549017 0.8176795580110497 0.07598039215686274 0.08839779005524862
3.0 0.19240196078431374 0.5759668508287292 0.056372549019607844 0.1132596685082873
3.0 0.22549019607843138 0.5552486187845304 0.06372549019607843 0.11602209944751381
3.0 0.2696078431372549 0.5290055248618785 0.08333333333333333 0.12430939226519337
3.0 0.37254901960784315 0.48204419889502764 0.10784313725490197 0.1464088397790055
3.0 0.43137254901960786 0.45027624309392267 0.11274509803921569 0.1270718232044199
3.0 0.4877450980392157 0.42955801104972374 0.12745098039215685 0.1298342541436464
3.0 0.41544117647058826 0.7624309392265194 0.11029411764705882 0.10497237569060773
4.0 0.5 0.7348066298342542 0.14705882352941177 0.11602209944751381
3.0 0.5772058823529411 0.6975138121546961 0.12009803921568628 0.1132596685082873
3.0 0.6372549019607843 0.6629834254143646 0.11764705882352941 0.1270718232044199
3.0 0.6948529411764706 0.6284530386740331 0.11029411764705882 0.12430939226519337
3.0 0.7463235294117647 0.6022099447513812 0.0857843137254902 0.11602209944751381
3.0 0.8100490196078431 0.537292817679558 0.056372549019607844 0.09116022099447514
4.0 0.5992647058823529 0.36464088397790057 0.11029411764705882 0.13259668508287292
3.0 0.6470588235294118 0.35082872928176795 0.09803921568627451 0.12154696132596685
3.0 0.6948529411764706 0.3383977900552486 0.0857843137254902 0.10773480662983426
3.0 0.7352941176470589 0.3314917127071823 0.0784313725490196 0.09944751381215469
3.0 0.7794117647058824 0.3080110497237569 0.07352941176470588 0.09668508287292818
3.0 0.8014705882352942 0.2983425414364641 0.06862745098039216 0.09944751381215469
3.0 0.8235294117647058 0.29972375690607733 0.05392156862745098 0.0856353591160221
3.0 0.8602941176470589 0.287292817679558 0.05392156862745098 0.07734806629834254
3.0 0.8700980392156863 0.281767955801105 0.0392156862745098 0.06629834254143646
3.0 0.8786764705882353 0.27900552486187846 0.03676470588235294 0.06629834254143646
3.0 0.8946078431372549 0.2803867403314917 0.03431372549019608 0.058011049723756904
3.0 0.8995098039215687 0.27624309392265195 0.029411764705882353 0.055248618784530384
4.0 0.8811274509803921 0.4129834254143646 0.041666666666666664 0.06353591160220995
3.0 0.9031862745098039 0.3701657458563536 0.031862745098039214 0.06629834254143646
3.0 0.056372549019607844 0.324585635359116 0.014705882352941176 0.03591160220994475
5.0 0.07475490196078431 0.324585635359116 0.02696078431372549 0.08011049723756906
3.0 0.08088235294117647 0.287292817679558 0.014705882352941176 0.027624309392265192
3.0 0.09191176470588236 0.27348066298342544 0.022058823529411766 0.03867403314917127
4.0 0.9338235294117647 0.212707182320442 0.0196078431372549 0.03314917127071823
3.0 0.9325980392156863 0.20994475138121546 0.01715686274509804 0.027624309392265192
8.0 0.9350490196078431 0.21408839779005526 0.01715686274509804 0.03038674033149171
3.0 0.9387254901960784 0.21685082872928177 0.014705882352941176 0.024861878453038673
4.0 0.946078431372549 0.30386740331491713 0.014705882352941176 0.03314917127071823
