3.0 0.5441176470588235 0.05154639175257732 0.00980392156862745 0.005154639175257732
3.0 0.6188725490196079 0.055412371134020616 0.007352941176470588 0.002577319587628866
3.0 0.6053921568627451 0.05670103092783505 0.00980392156862745 0.005154639175257732
3.0 0.6875 0.05798969072164949 0.007352941176470588 0.002577319587628866
5.0 0.696078431372549 0.06056701030927835 0.00980392156862745 0.007731958762886598
5.0 0.5281862745098039 0.06056701030927835 0.022058823529411766 0.01288659793814433
0.0 0.39338235294117646 0.18170103092783504 0.007352941176470588 0.01804123711340206
1.0 0.375 0.22036082474226804 0.00980392156862745 0.01288659793814433
1.0 0.34681372549019607 0.32087628865979384 0.012254901960784314 0.01804123711340206
9.0 0.375 0.22809278350515463 0.014705882352941176 0.01288659793814433
9.0 0.34558823529411764 0.33762886597938147 0.014705882352941176 0.02577319587628866
3.0 0.23284313725490197 0.12886597938144329 0.00980392156862745 0.010309278350515464
3.0 0.22426470588235295 0.13659793814432988 0.012254901960784314 0.010309278350515464
3.0 0.16666666666666666 0.20231958762886598 0.014705882352941176 0.01804123711340206
3.0 0.15318627450980393 0.21649484536082475 0.01715686274509804 0.020618556701030927
3.0 0.21323529411764705 0.14561855670103094 0.014705882352941176 0.01288659793814433
3.0 0.9215686274509803 0.43427835051546393 0.0196078431372549 0.03350515463917526
3.0 0.9031862745098039 0.33505154639175255 0.01715686274509804 0.03608247422680412
3.0 0.8688725490196079 0.30541237113402064 0.02696078431372549 0.03350515463917526
3.0 0.8933823529411765 0.36082474226804123 0.022058823529411766 0.03608247422680412
3.0 0.9031862745098039 0.38273195876288657 0.022058823529411766 0.028350515463917526
3.0 0.9117647058823529 0.4072164948453608 0.0196078431372549 0.030927835051546393
3.0 0.8345588235294118 0.25128865979381443 0.02696078431372549 0.028350515463917526
3.0 0.8419117647058824 0.26417525773195877 0.022058823529411766 0.023195876288659795
3.0 0.803921568627451 0.21005154639175258 0.024509803921568627 0.023195876288659795
4.0 0.8529411764705882 0.2770618556701031 0.024509803921568627 0.028350515463917526
3.0 0.7965686274509803 0.20103092783505155 0.0196078431372549 0.020618556701030927
4.0 0.8995098039215687 0.30541237113402064 0.0196078431372549 0.028350515463917526
3.0 0.8762254901960784 0.2822164948453608 0.01715686274509804 0.023195876288659795
5.0 0.43137254901960786 0.8337628865979382 0.058823529411764705 0.07474226804123711
5.0 0.9436274509803921 0.75 0.024509803921568627 0.041237113402061855
5.0 0.9485294117647058 0.6327319587628866 0.03431372549019608 0.06443298969072164
3.0 0.9620098039215687 0.6417525773195877 0.022058823529411766 0.05670103092783505
5.0 0.06985294117647059 0.35180412371134023 0.022058823529411766 0.03350515463917526
4.0 0.022058823529411766 0.42783505154639173 0.00980392156862745 0.03608247422680412
4.0 0.09191176470588236 0.31443298969072164 0.02696078431372549 0.03608247422680412
4.0 0.6875 0.08634020618556701 0.01715686274509804 0.007731958762886598
