0.0 0.014705882352941176 0.5270618556701031 0.004901960784313725 0.028350515463917526
0.0 0.041666666666666664 0.5335051546391752 0.00980392156862745 0.03608247422680412
0.0 0.0428921568627451 0.49355670103092786 0.007352941176470588 0.028350515463917526
0.0 0.7696078431372549 0.5837628865979382 0.029411764705882353 0.05412371134020619
1.0 0.48161764705882354 0.663659793814433 0.056372549019607844 0.05412371134020619
1.0 0.7316176470588235 0.7152061855670103 0.03676470588235294 0.04381443298969072
1.0 0.8700980392156863 0.8286082474226805 0.0196078431372549 0.023195876288659795
9.0 0.04411764705882353 0.42396907216494845 0.00980392156862745 0.059278350515463915
9.0 0.05024509803921569 0.42010309278350516 0.012254901960784314 0.061855670103092786
9.0 0.056372549019607844 0.41494845360824745 0.014705882352941176 0.061855670103092786
9.0 0.06495098039215687 0.4097938144329897 0.01715686274509804 0.06701030927835051
9.0 0.056372549019607844 0.3582474226804124 0.0196078431372549 0.061855670103092786
9.0 0.061274509803921566 0.3543814432989691 0.0196078431372549 0.06443298969072164
9.0 0.06862745098039216 0.3492268041237113 0.0196078431372549 0.06443298969072164
9.0 0.07720588235294118 0.34149484536082475 0.022058823529411766 0.06443298969072164
9.0 0.0857843137254902 0.3324742268041237 0.024509803921568627 0.06701030927835051
9.0 0.14583333333333334 0.28865979381443296 0.031862745098039214 0.07216494845360824
9.0 0.16666666666666666 0.27448453608247425 0.0392156862745098 0.07474226804123711
9.0 0.18995098039215685 0.2615979381443299 0.041666666666666664 0.07989690721649484
9.0 0.21446078431372548 0.24613402061855671 0.041666666666666664 0.07989690721649484
9.0 0.21446078431372548 0.41494845360824745 0.02696078431372549 0.0979381443298969
9.0 0.26348039215686275 0.2190721649484536 0.056372549019607844 0.041237113402061855
9.0 0.5784313725490197 0.3853092783505155 0.0392156862745098 0.12628865979381443
9.0 0.6200980392156863 0.36855670103092786 0.0392156862745098 0.08762886597938144
9.0 0.47671568627450983 0.6713917525773195 0.13480392156862744 0.04381443298969072
9.0 0.7279411764705882 0.7190721649484536 0.08823529411764706 0.05670103092783505
0.0 0.3872549019607843 0.9123711340206185 0.04411764705882353 0.02577319587628866
9.0 0.866421568627451 0.8337628865979382 0.03676470588235294 0.03350515463917526
9.0 0.9595588235294118 0.4729381443298969 0.007352941176470588 0.05412371134020619
9.0 0.9044117647058824 0.3582474226804124 0.029411764705882353 0.041237113402061855
9.0 0.8995098039215687 0.3440721649484536 0.024509803921568627 0.03350515463917526
9.0 0.8909313725490197 0.3131443298969072 0.031862745098039214 0.04381443298969072
9.0 0.8823529411764706 0.29381443298969073 0.03431372549019608 0.041237113402061855
9.0 0.8946078431372549 0.32989690721649484 0.029411764705882353 0.041237113402061855
3.0 0.03676470588235294 0.6920103092783505 0.0392156862745098 0.07474226804123711
3.0 0.00980392156862745 0.40463917525773196 0.014705882352941176 0.05154639175257732
3.0 0.5637254901960784 0.5515463917525774 0.25 0.13402061855670103
3.0 0.9338235294117647 0.4742268041237113 0.049019607843137254 0.09278350515463918
3.0 0.9754901960784313 0.4690721649484536 0.024509803921568627 0.061855670103092786
3.0 0.991421568627451 0.5451030927835051 0.012254901960784314 0.04896907216494845
7.0 0.991421568627451 0.45618556701030927 0.012254901960784314 0.05670103092783505
3.0 0.8480392156862745 0.7951030927835051 0.09313725490196079 0.10051546391752578
9.0 0.5870098039215687 0.1481958762886598 0.03676470588235294 0.05412371134020619
