0.0 0.07107843137254902 0.32216494845360827 0.00980392156862745 0.030927835051546393
0.0 0.44607843137254904 0.07989690721649484 0.004901960784313725 0.005154639175257732
0.0 0.45098039215686275 0.08118556701030928 0.00980392156862745 0.007731958762886598
0.0 0.4362745098039216 0.08376288659793814 0.00980392156862745 0.007731958762886598
0.0 0.4730392156862745 0.08634020618556701 0.00980392156862745 0.007731958762886598
0.0 0.7169117647058824 0.12628865979381443 0.007352941176470588 0.010309278350515464
0.0 0.7205882352941176 0.12628865979381443 0.00980392156862745 0.010309278350515464
0.0 0.8075980392156863 0.17010309278350516 0.012254901960784314 0.015463917525773196
0.0 0.8161764705882353 0.17396907216494845 0.00980392156862745 0.01288659793814433
0.0 0.8590686274509803 0.21391752577319587 0.012254901960784314 0.015463917525773196
0.0 0.8651960784313726 0.22164948453608246 0.00980392156862745 0.015463917525773196
0.0 0.8688725490196079 0.22422680412371135 0.007352941176470588 0.015463917525773196
0.0 0.8860294117647058 0.23969072164948454 0.007352941176470588 0.015463917525773196
0.0 0.8897058823529411 0.24355670103092783 0.00980392156862745 0.01804123711340206
0.0 0.8921568627450981 0.24613402061855671 0.004901960784313725 0.01288659793814433
0.0 0.6213235294117647 0.0979381443298969 0.012254901960784314 0.010309278350515464
3.0 0.7536764705882353 0.1018041237113402 0.012254901960784314 0.007731958762886598
3.0 0.7781862745098039 0.125 0.022058823529411766 0.01804123711340206
3.0 0.7610294117647058 0.11855670103092783 0.022058823529411766 0.015463917525773196
3.0 0.8774509803921569 0.18814432989690721 0.014705882352941176 0.015463917525773196
3.0 0.8737745098039216 0.18427835051546393 0.012254901960784314 0.01288659793814433
3.0 0.9350490196078431 0.2925257731958763 0.012254901960784314 0.023195876288659795
3.0 0.9448529411764706 0.30283505154639173 0.012254901960784314 0.023195876288659795
0.0 0.9497549019607843 0.31443298969072164 0.007352941176470588 0.020618556701030927
3.0 0.9656862745098039 0.33634020618556704 0.014705882352941176 0.028350515463917526
3.0 0.9742647058823529 0.3492268041237113 0.012254901960784314 0.023195876288659795
3.0 0.9828431372549019 0.3646907216494845 0.004901960784313725 0.01804123711340206
0.0 0.9754901960784313 0.3543814432989691 0.004901960784313725 0.01804123711340206
0.0 0.9742647058823529 0.35180412371134023 0.007352941176470588 0.01804123711340206
0.0 0.9754901960784313 0.35309278350515466 0.004901960784313725 0.020618556701030927
0.0 0.9779411764705882 0.35695876288659795 0.004901960784313725 0.01804123711340206
0.0 0.9056372549019608 0.32216494845360827 0.012254901960784314 0.030927835051546393
0.0 0.821078431372549 0.8904639175257731 0.04411764705882353 0.04381443298969072
0.0 0.8223039215686274 0.645618556701031 0.022058823529411766 0.059278350515463915
0.0 0.8995098039215687 0.529639175257732 0.014705882352941176 0.05412371134020619
0.0 0.9056372549019608 0.5335051546391752 0.012254901960784314 0.05670103092783505
0.0 0.9056372549019608 0.5154639175257731 0.007352941176470588 0.05154639175257732
0.0 0.7830882352941176 0.5115979381443299 0.01715686274509804 0.06958762886597938
0.0 0.8014705882352942 0.7332474226804123 0.03431372549019608 0.06443298969072164
0.0 0.5453431372549019 0.711340206185567 0.03676470588235294 0.07731958762886598
0.0 0.7181372549019608 0.38144329896907214 0.0196078431372549 0.061855670103092786
0.0 0.6691176470588235 0.3440721649484536 0.0196078431372549 0.05412371134020619
0.0 0.7034313725490197 0.3492268041237113 0.024509803921568627 0.059278350515463915
0.0 0.6531862745098039 0.3698453608247423 0.031862745098039214 0.07474226804123711
0.0 0.6850490196078431 0.31829896907216493 0.02696078431372549 0.05412371134020619
0.0 0.6899509803921569 0.36855670103092786 0.02696078431372549 0.07216494845360824
0.0 0.5906862745098039 0.22938144329896906 0.024509803921568627 0.04639175257731959
0.0 0.6200980392156863 0.2345360824742268 0.024509803921568627 0.041237113402061855
0.0 0.6102941176470589 0.22293814432989692 0.024509803921568627 0.03865979381443299
0.0 0.5061274509803921 0.18556701030927836 0.012254901960784314 0.02577319587628866
0.0 0.5 0.17396907216494845 0.014705882352941176 0.023195876288659795
0.0 0.5453431372549019 0.17783505154639176 0.012254901960784314 0.02577319587628866
0.0 0.5833333333333334 0.18943298969072164 0.0196078431372549 0.03350515463917526
0.0 0.5588235294117647 0.17783505154639176 0.014705882352941176 0.02577319587628866
0.0 0.553921568627451 0.15721649484536082 0.014705882352941176 0.020618556701030927
0.0 0.5367647058823529 0.15979381443298968 0.014705882352941176 0.020618556701030927
0.0 0.5343137254901961 0.14948453608247422 0.00980392156862745 0.020618556701030927
0.0 0.5196078431372549 0.1404639175257732 0.00980392156862745 0.01804123711340206
0.0 0.4227941176470588 0.1211340206185567 0.012254901960784314 0.015463917525773196
0.0 0.5453431372549019 0.13530927835051546 0.012254901960784314 0.01804123711340206
0.0 0.5367647058823529 0.13015463917525774 0.00980392156862745 0.01804123711340206
0.0 0.5220588235294118 0.12886597938144329 0.00980392156862745 0.015463917525773196
0.0 0.5245098039215687 0.125 0.00980392156862745 0.01288659793814433
0.0 0.5049019607843137 0.13402061855670103 0.00980392156862745 0.020618556701030927
0.0 0.49019607843137253 0.13015463917525774 0.00980392156862745 0.01804123711340206
0.0 0.508578431372549 0.12371134020618557 0.012254901960784314 0.015463917525773196
0.0 0.4877450980392157 0.11211340206185567 0.014705882352941176 0.01288659793814433
0.0 0.4963235294117647 0.6713917525773195 0.03676470588235294 0.08505154639175258
0.0 0.4215686274509804 0.7435567010309279 0.049019607843137254 0.07989690721649484
0.0 0.49387254901960786 0.7551546391752577 0.031862745098039214 0.06701030927835051
3.0 0.29901960784313725 0.3170103092783505 0.0784313725490196 0.0979381443298969
8.0 0.5122549019607843 0.29896907216494845 0.16666666666666666 0.20103092783505155
8.0 0.6642156862745098 0.7177835051546392 0.3088235294117647 0.3943298969072165
3.0 0.4411764705882353 0.09922680412371133 0.03431372549019608 0.01804123711340206
