3.0 0.5367647058823529 0.0925414364640884 0.03431372549019608 0.024861878453038673
3.0 0.4987745098039216 0.062154696132596686 0.02696078431372549 0.013812154696132596
3.0 0.5441176470588235 0.055248618784530384 0.0196078431372549 0.011049723756906077
3.0 0.5772058823529411 0.04005524861878453 0.02696078431372549 0.013812154696132596
3.0 0.5870098039215687 0.016574585635359115 0.02696078431372549 0.011049723756906077
3.0 0.5514705882352942 0.012430939226519336 0.0196078431372549 0.008287292817679558
3.0 0.6372549019607843 0.022099447513812154 0.0196078431372549 0.011049723756906077
3.0 0.7254901960784313 0.17403314917127072 0.0392156862745098 0.04419889502762431
3.0 0.45955882352941174 0.13259668508287292 0.03676470588235294 0.03314917127071823
4.0 0.37254901960784315 0.40331491712707185 0.09313725490196079 0.16574585635359115
8.0 0.25612745098039214 0.6243093922651933 0.09558823529411764 0.19337016574585636
3.0 0.29534313725490197 0.8370165745856354 0.07107843137254902 0.07734806629834254
3.0 0.23039215686274508 0.8342541436464088 0.07352941176470588 0.08287292817679558
3.0 0.9044117647058824 0.4544198895027624 0.024509803921568627 0.06353591160220995
0.0 0.7647058823529411 0.1270718232044199 0.00980392156862745 0.016574585635359115
1.0 0.6568627450980392 0.03314917127071823 0.004901960784313725 0.0055248618784530384
9.0 0.6568627450980392 0.03314917127071823 0.00980392156862745 0.0055248618784530384
