3.0 0.0969626168224299 0.7803398058252428 0.12383177570093458 0.16747572815533981
3.0 0.035046728971962614 0.625 0.0514018691588785 0.11893203883495146
3.0 0.028037383177570093 0.5740291262135923 0.037383177570093455 0.09951456310679611
4.0 0.02570093457943925 0.4817961165048544 0.02336448598130841 0.07524271844660194
9.0 0.011682242990654205 0.5169902912621359 0.004672897196261682 0.02912621359223301
3.0 0.01985981308411215 0.4733009708737864 0.016355140186915886 0.043689320388349516
3.0 0.02219626168224299 0.44660194174757284 0.016355140186915886 0.04854368932038835
3.0 0.035046728971962614 0.41140776699029125 0.028037383177570093 0.06067961165048544
3.0 0.02570093457943925 0.41504854368932037 0.02336448598130841 0.05825242718446602
3.0 0.02102803738317757 0.4077669902912621 0.014018691588785047 0.038834951456310676
3.0 0.02219626168224299 0.404126213592233 0.016355140186915886 0.0412621359223301
3.0 0.03387850467289719 0.3774271844660194 0.02102803738317757 0.04611650485436893
3.0 0.030373831775700934 0.3762135922330097 0.018691588785046728 0.043689320388349516
3.0 0.054906542056074766 0.3143203883495146 0.02102803738317757 0.03640776699029126
3.0 0.037383177570093455 0.3313106796116505 0.014018691588785047 0.03155339805825243
3.0 0.03154205607476635 0.33737864077669905 0.011682242990654205 0.024271844660194174
3.0 0.06425233644859812 0.28762135922330095 0.016355140186915886 0.02669902912621359
3.0 0.07476635514018691 0.27427184466019416 0.018691588785046728 0.02912621359223301
3.0 0.08878504672897196 0.2621359223300971 0.02336448598130841 0.03398058252427184
1.0 0.07126168224299065 0.2633495145631068 0.002336448598130841 0.007281553398058253
3.0 0.17990654205607476 0.21601941747572814 0.06542056074766354 0.06310679611650485
0.0 0.14602803738317757 0.20024271844660194 0.011682242990654205 0.01699029126213592
0.0 0.22429906542056074 0.17111650485436894 0.014018691588785047 0.01699029126213592
0.0 0.13317757009345793 0.3106796116504854 0.02336448598130841 0.05825242718446602
0.0 0.37850467289719625 0.2087378640776699 0.037383177570093455 0.04854368932038835
0.0 0.39602803738317754 0.2099514563106796 0.0397196261682243 0.050970873786407765
1.0 0.35397196261682246 0.10315533980582524 0.016355140186915886 0.012135922330097087
0.0 0.5595794392523364 0.09587378640776699 0.011682242990654205 0.012135922330097087
0.0 0.5876168224299065 0.09951456310679611 0.016355140186915886 0.009708737864077669
1.0 0.6530373831775701 0.14563106796116504 0.016355140186915886 0.014563106796116505
1.0 0.6039719626168224 0.1395631067961165 0.016355140186915886 0.012135922330097087
0.0 0.7570093457943925 0.21237864077669902 0.02336448598130841 0.03640776699029126
0.0 0.7815420560747663 0.2220873786407767 0.02102803738317757 0.03155339805825243
0.0 0.7873831775700935 0.23300970873786409 0.018691588785046728 0.02912621359223301
3.0 0.7348130841121495 0.14441747572815533 0.0630841121495327 0.03640776699029126
0.0 0.7336448598130841 0.14199029126213591 0.014018691588785047 0.01699029126213592
3.0 0.8049065420560748 0.17718446601941748 0.04439252336448598 0.03398058252427184
3.0 0.8072429906542056 0.17718446601941748 0.0397196261682243 0.03398058252427184
3.0 0.7324766355140186 0.13470873786407767 0.053738317757009345 0.03155339805825243
7.0 0.5116822429906542 0.09101941747572816 0.02336448598130841 0.012135922330097087
0.0 0.9205607476635514 0.3325242718446602 0.014018691588785047 0.038834951456310676
0.0 0.9299065420560748 0.35558252427184467 0.014018691588785047 0.0412621359223301
0.0 0.8481308411214953 0.20145631067961164 0.009345794392523364 0.014563106796116505
0.0 0.8551401869158879 0.20752427184466019 0.009345794392523364 0.012135922330097087
0.0 0.8586448598130841 0.2099514563106796 0.007009345794392523 0.012135922330097087
0.0 0.8621495327102804 0.21237864077669902 0.009345794392523364 0.012135922330097087
4.0 0.9170560747663551 0.25970873786407767 0.016355140186915886 0.024271844660194174
3.0 0.9088785046728972 0.24757281553398058 0.009345794392523364 0.014563106796116505
3.0 0.9018691588785047 0.23907766990291263 0.009345794392523364 0.012135922330097087
1.0 0.9264018691588785 0.2645631067961165 0.002336448598130841 0.0048543689320388345
9.0 0.9264018691588785 0.2657766990291262 0.002336448598130841 0.007281553398058253
3.0 0.927570093457944 0.2621359223300971 0.004672897196261682 0.009708737864077669
3.0 0.9170560747663551 0.2487864077669903 0.007009345794392523 0.012135922330097087
3.0 0.9112149532710281 0.24150485436893204 0.009345794392523364 0.012135922330097087
3.0 0.905373831775701 0.2342233009708738 0.007009345794392523 0.007281553398058253
3.0 0.056074766355140186 0.2779126213592233 0.009345794392523364 0.01699029126213592
3.0 0.15070093457943926 0.18932038834951456 0.02570093457943925 0.024271844660194174
1.0 0.1366822429906542 0.22815533980582525 0.011682242990654205 0.014563106796116505
0.0 0.24065420560747663 0.14199029126213591 0.014018691588785047 0.012135922330097087
3.0 0.1810747663551402 0.17475728155339806 0.030373831775700934 0.02912621359223301
3.0 0.3866822429906542 0.08980582524271845 0.05841121495327103 0.019417475728155338
3.0 0.9684579439252337 0.33616504854368934 0.011682242990654205 0.021844660194174758
1.0 0.977803738317757 0.3470873786407767 0.002336448598130841 0.009708737864077669
9.0 0.9766355140186916 0.34951456310679613 0.004672897196261682 0.009708737864077669
0.0 0.9766355140186916 0.48058252427184467 0.004672897196261682 0.038834951456310676
3.0 0.9754672897196262 0.5194174757281553 0.02102803738317757 0.06310679611650485
3.0 0.9264018691588785 0.720873786407767 0.0911214953271028 0.14563106796116504
0.0 0.2441588785046729 0.8689320388349514 0.06775700934579439 0.06796116504854369
3.0 0.1822429906542056 0.33616504854368934 0.13551401869158877 0.12864077669902912
3.0 0.07242990654205607 0.4065533980582524 0.037383177570093455 0.09466019417475728
0.0 0.11799065420560748 0.5983009708737864 0.02102803738317757 0.08495145631067962
