3.0 0.2426470588235294 0.7448453608247423 0.09313725490196079 0.0979381443298969
3.0 0.25857843137254904 0.7190721649484536 0.08088235294117647 0.09278350515463918
3.0 0.3946078431372549 0.6095360824742269 0.11764705882352941 0.11082474226804123
3.0 0.6568627450980392 0.8273195876288659 0.10294117647058823 0.07216494845360824
3.0 0.8713235294117647 0.5077319587628866 0.03676470588235294 0.06701030927835051
4.0 0.8811274509803921 0.4677835051546392 0.031862745098039214 0.06443298969072164
3.0 0.8982843137254902 0.4162371134020619 0.03676470588235294 0.059278350515463915
3.0 0.9007352941176471 0.3853092783505155 0.03676470588235294 0.05412371134020619
3.0 0.9117647058823529 0.3002577319587629 0.0392156862745098 0.059278350515463915
3.0 0.9080882352941176 0.2706185567010309 0.041666666666666664 0.061855670103092786
0.0 0.05759803921568627 0.7319587628865979 0.01715686274509804 0.030927835051546393
3.0 0.14338235294117646 0.8247422680412371 0.051470588235294115 0.05670103092783505
