4.0 0.6764705882352942 0.9419889502762431 0.09313725490196079 0.07734806629834254
4.0 0.9203431372549019 0.7928176795580111 0.03676470588235294 0.06077348066298342
4.0 0.9595588235294118 0.7071823204419889 0.031862745098039214 0.07734806629834254
4.0 0.9534313725490197 0.5138121546961326 0.0196078431372549 0.06629834254143646
4.0 0.9509803921568627 0.47651933701657456 0.0196078431372549 0.06353591160220995
4.0 0.928921568627451 0.3674033149171271 0.029411764705882353 0.06077348066298342
4.0 0.9191176470588235 0.3356353591160221 0.029411764705882353 0.06353591160220995
4.0 0.9154411764705882 0.292817679558011 0.031862745098039214 0.06077348066298342
4.0 0.8995098039215687 0.2154696132596685 0.029411764705882353 0.04419889502762431
3.0 0.8982843137254902 0.23204419889502761 0.03676470588235294 0.055248618784530384
8.0 0.9595588235294118 0.3011049723756906 0.041666666666666664 0.07734806629834254
3.0 0.9534313725490197 0.6270718232044199 0.024509803921568627 0.0718232044198895
3.0 0.36642156862745096 0.7058011049723757 0.09558823529411764 0.1574585635359116
3.0 0.3137254901960784 0.93646408839779 0.08333333333333333 0.0718232044198895
3.0 0.26348039215686275 0.3453038674033149 0.07598039215686274 0.13812154696132597
3.0 0.32230392156862747 0.12016574585635359 0.056372549019607844 0.052486187845303865
4.0 0.22058823529411764 0.21685082872928177 0.06372549019607843 0.09668508287292818
8.0 0.40808823529411764 0.0856353591160221 0.07107843137254902 0.0718232044198895
4.0 0.36887254901960786 0.2569060773480663 0.09068627450980392 0.12154696132596685
3.0 0.5649509803921569 0.012430939226519336 0.03676470588235294 0.019337016574585635
5.0 0.3762254901960784 0.024861878453038673 0.0661764705882353 0.03867403314917127
8.0 0.8590686274509803 0.1505524861878453 0.0661764705882353 0.0856353591160221
3.0 0.9399509803921569 0.24861878453038674 0.01715686274509804 0.03314917127071823
3.0 0.9264705882352942 0.2085635359116022 0.0196078431372549 0.03038674033149171
0.0 0.8823529411764706 0.24861878453038674 0.014705882352941176 0.027624309392265192
9.0 0.9068627450980392 0.35773480662983426 0.014705882352941176 0.04143646408839779
0.0 0.8455882352941176 0.21408839779005526 0.014705882352941176 0.03038674033149171
0.0 0.8125 0.20994475138121546 0.022058823529411766 0.03314917127071823
5.0 0.8051470588235294 0.649171270718232 0.12990196078431374 0.3149171270718232
0.0 0.8088235294117647 0.143646408839779 0.0196078431372549 0.022099447513812154
0.0 0.8406862745098039 0.23066298342541436 0.014705882352941176 0.024861878453038673
0.0 0.8406862745098039 0.24447513812154695 0.014705882352941176 0.024861878453038673
3.0 0.8921568627450981 0.27209944751381215 0.029411764705882353 0.04143646408839779
