3.0 0.058823529411764705 0.23066298342541436 0.024509803921568627 0.052486187845303865
3.0 0.22549019607843138 0.09530386740331492 0.049019607843137254 0.03591160220994475
3.0 0.1642156862745098 0.18646408839779005 0.049019607843137254 0.052486187845303865
3.0 0.3002450980392157 0.0649171270718232 0.0661764705882353 0.03591160220994475
4.0 0.06495098039215687 0.2569060773480663 0.02696078431372549 0.04419889502762431
5.0 0.11274509803921569 0.20027624309392264 0.10784313725490197 0.12430939226519337
4.0 0.125 0.16022099447513813 0.03431372549019608 0.03867403314917127
4.0 0.17524509803921567 0.12292817679558012 0.03676470588235294 0.03591160220994475
4.0 0.20220588235294118 0.1408839779005525 0.0661764705882353 0.055248618784530384
5.0 0.10294117647058823 0.2776243093922652 0.03431372549019608 0.04696132596685083
4.0 0.029411764705882353 0.39226519337016574 0.014705882352941176 0.03314917127071823
4.0 0.2659313725490196 0.09116022099447514 0.0661764705882353 0.04419889502762431
8.0 0.16053921568627452 0.2886740331491713 0.07598039215686274 0.08011049723756906
4.0 0.39950980392156865 0.023480662983425413 0.06862745098039216 0.024861878453038673
4.0 0.38848039215686275 0.04143646408839779 0.0661764705882353 0.027624309392265192
4.0 0.3762254901960784 0.06077348066298342 0.07598039215686274 0.03314917127071823
8.0 0.25 0.143646408839779 0.11274509803921569 0.07734806629834254
3.0 0.28431372549019607 0.10911602209944751 0.06862745098039216 0.04143646408839779
3.0 0.38848039215686275 0.08287292817679558 0.08088235294117647 0.03314917127071823
3.0 0.3762254901960784 0.11049723756906077 0.09068627450980392 0.04419889502762431
3.0 0.24632352941176472 0.3259668508287293 0.0857843137254902 0.06629834254143646
5.0 0.4105392156862745 0.19337016574585636 0.17401960784313725 0.0718232044198895
3.0 0.6642156862745098 0.24033149171270718 0.11274509803921569 0.06629834254143646
3.0 0.7928921568627451 0.34668508287292815 0.07107843137254902 0.06353591160220995
3.0 0.9031862745098039 0.3301104972375691 0.03676470588235294 0.052486187845303865
3.0 0.7083333333333334 0.7223756906077348 0.05392156862745098 0.1132596685082873
3.0 0.6776960784313726 0.8466850828729282 0.056372549019607844 0.07458563535911603
4.0 0.6384803921568627 0.7831491712707183 0.051470588235294115 0.08011049723756906
3.0 0.6127450980392157 0.8853591160220995 0.049019607843137254 0.058011049723756904
3.0 0.6409313725490197 0.9226519337016574 0.04656862745098039 0.04419889502762431
3.0 0.5870098039215687 0.9447513812154696 0.03676470588235294 0.03867403314917127
0.0 0.8970588235294118 0.6878453038674033 0.004901960784313725 0.011049723756906077
0.0 0.8137254901960784 0.8895027624309392 0.00980392156862745 0.011049723756906077
0.0 0.8026960784313726 0.9033149171270718 0.012254901960784314 0.011049723756906077
0.0 0.9117647058823529 0.1919889502762431 0.004901960784313725 0.008287292817679558
0.0 0.9105392156862745 0.18646408839779005 0.007352941176470588 0.008287292817679558
4.0 0.9779411764705882 0.39088397790055246 0.014705882352941176 0.03038674033149171
4.0 0.9901960784313726 0.430939226519337 0.00980392156862745 0.027624309392265192
3.0 0.9313725490196079 0.38812154696132595 0.024509803921568627 0.04143646408839779
0.0 0.9411764705882353 0.47928176795580113 0.0 0.008287292817679558
6.0 0.9411764705882353 0.48066298342541436 0.004901960784313725 0.011049723756906077
0.0 0.9350490196078431 0.5386740331491713 0.0024509803921568627 0.011049723756906077
0.0 0.9375 0.5441988950276243 0.0024509803921568627 0.011049723756906077
0.0 0.9424019607843137 0.5483425414364641 0.0024509803921568627 0.008287292817679558
0.0 0.9424019607843137 0.5303867403314917 0.0024509803921568627 0.011049723756906077
0.0 0.946078431372549 0.5400552486187845 0.004901960784313725 0.008287292817679558
0.0 0.9473039215686274 0.5331491712707183 0.0024509803921568627 0.0055248618784530384
1.0 0.9424019607843137 0.580110497237569 0.0024509803921568627 0.011049723756906077
