9.0 0.07352941176470588 0.20747422680412372 0.00980392156862745 0.01288659793814433
9.0 0.0661764705882353 0.22036082474226804 0.00980392156862745 0.01288659793814433
9.0 0.06862745098039216 0.2190721649484536 0.00980392156862745 0.015463917525773196
9.0 0.06985294117647059 0.21778350515463918 0.007352941176470588 0.01288659793814433
9.0 0.0784313725490196 0.21520618556701032 0.00980392156862745 0.01288659793814433
9.0 0.08455882352941177 0.21391752577319587 0.012254901960784314 0.020618556701030927
9.0 0.08700980392156862 0.21262886597938144 0.012254901960784314 0.01804123711340206
9.0 0.08946078431372549 0.21391752577319587 0.012254901960784314 0.015463917525773196
9.0 0.09436274509803921 0.21005154639175258 0.012254901960784314 0.01804123711340206
9.0 0.09681372549019608 0.20876288659793815 0.012254901960784314 0.015463917525773196
9.0 0.09803921568627451 0.21005154639175258 0.00980392156862745 0.01804123711340206
9.0 0.10294117647058823 0.20747422680412372 0.014705882352941176 0.023195876288659795
9.0 0.10294117647058823 0.1958762886597938 0.00980392156862745 0.015463917525773196
9.0 0.11764705882352941 0.20489690721649484 0.014705882352941176 0.01804123711340206
9.0 0.14950980392156862 0.18041237113402062 0.0196078431372549 0.020618556701030927
0.0 0.1642156862745098 0.15979381443298968 0.00980392156862745 0.015463917525773196
1.0 0.14950980392156862 0.17654639175257733 0.00980392156862745 0.01288659793814433
1.0 0.06985294117647059 0.2551546391752577 0.007352941176470588 0.015463917525773196
1.0 0.058823529411764705 0.25257731958762886 0.004901960784313725 0.010309278350515464
1.0 0.05392156862745098 0.24742268041237114 0.004901960784313725 0.010309278350515464
9.0 0.05269607843137255 0.24871134020618557 0.007352941176470588 0.01288659793814433
9.0 0.058823529411764705 0.25257731958762886 0.00980392156862745 0.015463917525773196
9.0 0.06862745098039216 0.25644329896907214 0.00980392156862745 0.01804123711340206
9.0 0.11274509803921569 0.18685567010309279 0.014705882352941176 0.01804123711340206
9.0 0.11887254901960784 0.17783505154639176 0.012254901960784314 0.015463917525773196
7.0 0.12009803921568628 0.1713917525773196 0.0196078431372549 0.023195876288659795
7.0 0.08946078431372549 0.22809278350515463 0.01715686274509804 0.028350515463917526
7.0 0.06740196078431372 0.22938144329896906 0.01715686274509804 0.02577319587628866
3.0 0.0784313725490196 0.23195876288659795 0.024509803921568627 0.03608247422680412
0.0 0.08700980392156862 0.20231958762886598 0.007352941176470588 0.01288659793814433
0.0 0.15441176470588236 0.15463917525773196 0.00980392156862745 0.010309278350515464
1.0 0.014705882352941176 0.3582474226804124 0.004901960784313725 0.010309278350515464
1.0 0.023284313725490197 0.3904639175257732 0.0024509803921568627 0.01288659793814433
1.0 0.029411764705882353 0.3711340206185567 0.004901960784313725 0.015463917525773196
1.0 0.029411764705882353 0.3698453608247423 0.004901960784313725 0.01288659793814433
1.0 0.0625 0.32603092783505155 0.007352941176470588 0.01288659793814433
1.0 0.06985294117647059 0.3015463917525773 0.007352941176470588 0.015463917525773196
1.0 0.07230392156862746 0.2912371134020619 0.007352941176470588 0.015463917525773196
1.0 0.19362745098039216 0.20489690721649484 0.014705882352941176 0.01804123711340206
9.0 0.19240196078431374 0.163659793814433 0.02696078431372549 0.023195876288659795
9.0 0.19117647058823528 0.20747422680412372 0.024509803921568627 0.023195876288659795
9.0 0.07230392156862746 0.2925257731958763 0.012254901960784314 0.01804123711340206
9.0 0.07107843137254902 0.3015463917525773 0.00980392156862745 0.015463917525773196
9.0 0.06372549019607843 0.32603092783505155 0.00980392156862745 0.01804123711340206
9.0 0.023284313725490197 0.3943298969072165 0.007352941176470588 0.015463917525773196
9.0 0.030637254901960783 0.375 0.007352941176470588 0.01804123711340206
9.0 0.014705882352941176 0.3595360824742268 0.004901960784313725 0.01288659793814433
1.0 0.0625 0.5579896907216495 0.007352941176470588 0.01288659793814433
7.0 0.0625 0.5567010309278351 0.012254901960784314 0.041237113402061855
9.0 0.06740196078431372 0.6185567010309279 0.012254901960784314 0.02577319587628866
5.0 0.024509803921568627 0.3440721649484536 0.0196078431372549 0.04896907216494845
7.0 0.0428921568627451 0.43041237113402064 0.01715686274509804 0.05154639175257732
3.0 0.11764705882352941 0.3337628865979381 0.049019607843137254 0.06443298969072164
3.0 0.18504901960784315 0.40850515463917525 0.061274509803921566 0.07989690721649484
3.0 0.3443627450980392 0.5618556701030928 0.12990196078431374 0.10309278350515463
1.0 0.33088235294117646 0.6817010309278351 0.024509803921568627 0.03350515463917526
0.0 0.23161764705882354 0.8182989690721649 0.022058823529411766 0.028350515463917526
1.0 0.21691176470588236 0.8028350515463918 0.01715686274509804 0.01804123711340206
0.0 0.14338235294117646 0.7487113402061856 0.012254901960784314 0.01804123711340206
9.0 0.14950980392156862 0.7847938144329897 0.0196078431372549 0.023195876288659795
9.0 0.1568627450980392 0.7963917525773195 0.0196078431372549 0.020618556701030927
9.0 0.16544117647058823 0.8092783505154639 0.022058823529411766 0.02577319587628866
9.0 0.17279411764705882 0.8195876288659794 0.02696078431372549 0.02577319587628866
7.0 0.1801470588235294 0.8298969072164949 0.041666666666666664 0.04639175257731959
9.0 0.34068627450980393 0.9420103092783505 0.029411764705882353 0.01804123711340206
0.0 0.5428921568627451 0.14690721649484537 0.012254901960784314 0.015463917525773196
1.0 0.7230392156862745 0.10824742268041238 0.00980392156862745 0.010309278350515464
1.0 0.8627450980392157 0.13917525773195877 0.004901960784313725 0.005154639175257732
0.0 0.7990196078431373 0.3865979381443299 0.014705882352941176 0.03608247422680412
1.0 0.8480392156862745 0.6662371134020618 0.014705882352941176 0.023195876288659795
1.0 0.8382352941176471 0.729381443298969 0.014705882352941176 0.020618556701030927
1.0 0.8345588235294118 0.759020618556701 0.012254901960784314 0.01804123711340206
1.0 0.7818627450980392 0.7731958762886598 0.0196078431372549 0.020618556701030927
1.0 0.7218137254901961 0.7976804123711341 0.022058823529411766 0.023195876288659795
1.0 0.7352941176470589 0.9355670103092784 0.014705882352941176 0.010309278350515464
1.0 0.7549019607843137 0.9226804123711341 0.014705882352941176 0.010309278350515464
0.0 0.8137254901960784 0.9007731958762887 0.00980392156862745 0.007731958762886598
0.0 0.8480392156862745 0.7976804123711341 0.00980392156862745 0.01288659793814433
1.0 0.9154411764705882 0.7332474226804123 0.007352941176470588 0.01288659793814433
1.0 0.9375 0.7177835051546392 0.007352941176470588 0.01288659793814433
1.0 0.9448529411764706 0.7010309278350515 0.007352941176470588 0.010309278350515464
1.0 0.9399509803921569 0.6842783505154639 0.007352941176470588 0.01288659793814433
1.0 0.9362745098039216 0.6881443298969072 0.004901960784313725 0.010309278350515464
1.0 0.9681372549019608 0.6855670103092784 0.004901960784313725 0.010309278350515464
1.0 0.9656862745098039 0.6881443298969072 0.004901960784313725 0.015463917525773196
0.0 0.9375 0.4729381443298969 0.0024509803921568627 0.01804123711340206
0.0 0.9436274509803921 0.4806701030927835 0.004901960784313725 0.01804123711340206
0.0 0.9448529411764706 0.49871134020618557 0.0024509803921568627 0.01804123711340206
1.0 0.9473039215686274 0.5154639175257731 0.0024509803921568627 0.015463917525773196
1.0 0.9644607843137255 0.5335051546391752 0.0024509803921568627 0.015463917525773196
1.0 0.9558823529411765 0.5335051546391752 0.004901960784313725 0.015463917525773196
1.0 0.9644607843137255 0.5515463917525774 0.0024509803921568627 0.015463917525773196
1.0 0.9595588235294118 0.5463917525773195 0.0024509803921568627 0.015463917525773196
1.0 0.9534313725490197 0.5515463917525774 0.004901960784313725 0.015463917525773196
1.0 0.9497549019607843 0.5631443298969072 0.0024509803921568627 0.01804123711340206
1.0 0.9534313725490197 0.5734536082474226 0.004901960784313725 0.01804123711340206
1.0 0.9546568627450981 0.5747422680412371 0.0024509803921568627 0.020618556701030927
1.0 0.9362745098039216 0.6030927835051546 0.004901960784313725 0.015463917525773196
1.0 0.9399509803921569 0.5850515463917526 0.007352941176470588 0.015463917525773196
1.0 0.9436274509803921 0.5695876288659794 0.004901960784313725 0.015463917525773196
1.0 0.9424019607843137 0.5489690721649485 0.0024509803921568627 0.015463917525773196
1.0 0.9448529411764706 0.5463917525773195 0.0024509803921568627 0.015463917525773196
1.0 0.9436274509803921 0.5322164948453608 0.004901960784313725 0.01804123711340206
9.0 0.946078431372549 0.5193298969072165 0.00980392156862745 0.01288659793814433
9.0 0.9436274509803921 0.5322164948453608 0.00980392156862745 0.01288659793814433
9.0 0.9424019607843137 0.5476804123711341 0.012254901960784314 0.01804123711340206
9.0 0.9424019607843137 0.5695876288659794 0.007352941176470588 0.015463917525773196
9.0 0.9399509803921569 0.5837628865979382 0.012254901960784314 0.01804123711340206
9.0 0.9362745098039216 0.6005154639175257 0.00980392156862745 0.015463917525773196
9.0 0.9534313725490197 0.5721649484536082 0.00980392156862745 0.015463917525773196
9.0 0.9485294117647058 0.5618556701030928 0.00980392156862745 0.015463917525773196
9.0 0.9534313725490197 0.5554123711340206 0.00980392156862745 0.01288659793814433
9.0 0.9571078431372549 0.5283505154639175 0.007352941176470588 0.020618556701030927
9.0 0.9644607843137255 0.5347938144329897 0.007352941176470588 0.01288659793814433
9.0 0.9595588235294118 0.5463917525773195 0.007352941176470588 0.010309278350515464
9.0 0.9644607843137255 0.5515463917525774 0.007352941176470588 0.015463917525773196
9.0 0.9142156862745098 0.7345360824742269 0.014705882352941176 0.020618556701030927
9.0 0.9375 0.6881443298969072 0.012254901960784314 0.020618556701030927
9.0 0.9424019607843137 0.7036082474226805 0.012254901960784314 0.020618556701030927
9.0 0.9350490196078431 0.720360824742268 0.012254901960784314 0.01804123711340206
9.0 0.9656862745098039 0.6907216494845361 0.00980392156862745 0.015463917525773196
9.0 0.7549019607843137 0.9226804123711341 0.024509803921568627 0.020618556701030927
9.0 0.7352941176470589 0.9355670103092784 0.024509803921568627 0.020618556701030927
9.0 0.8333333333333334 0.759020618556701 0.024509803921568627 0.028350515463917526
9.0 0.8357843137254902 0.7319587628865979 0.024509803921568627 0.030927835051546393
9.0 0.8468137254901961 0.6662371134020618 0.02696078431372549 0.03350515463917526
9.0 0.7794117647058824 0.7757731958762887 0.03431372549019608 0.030927835051546393
9.0 0.7193627450980392 0.7976804123711341 0.041666666666666664 0.028350515463917526
3.0 0.8799019607843137 0.6907216494845361 0.05392156862745098 0.07216494845360824
8.0 0.6605392156862745 0.6765463917525774 0.24754901960784315 0.17783505154639176
9.0 0.33088235294117646 0.6829896907216495 0.05392156862745098 0.041237113402061855
3.0 0.696078431372549 0.21262886597938144 0.09313725490196079 0.06958762886597938
3.0 0.7916666666666666 0.19458762886597938 0.06372549019607843 0.059278350515463915
9.0 0.2977941176470588 0.13402061855670103 0.022058823529411766 0.020618556701030927
9.0 0.3161764705882353 0.13015463917525774 0.0196078431372549 0.023195876288659795
9.0 0.3284313725490196 0.13015463917525774 0.014705882352941176 0.01804123711340206
9.0 0.34558823529411764 0.1211340206185567 0.0196078431372549 0.020618556701030927
2.0 0.36642156862745096 0.1172680412371134 0.012254901960784314 0.01288659793814433
9.0 0.7610294117647058 0.09278350515463918 0.01715686274509804 0.015463917525773196
9.0 0.7904411764705882 0.0979381443298969 0.012254901960784314 0.015463917525773196
9.0 0.8627450980392157 0.1404639175257732 0.00980392156862745 0.01288659793814433
3.0 0.8541666666666666 0.14304123711340205 0.031862745098039214 0.03350515463917526
3.0 0.8370098039215687 0.11855670103092783 0.031862745098039214 0.030927835051546393
3.0 0.8468137254901961 0.1211340206185567 0.02696078431372549 0.02577319587628866
