3.0 0.09926470588235294 0.462707182320442 0.056372549019607844 0.07458563535911603
8.0 0.10049019607843138 0.3632596685082873 0.13725490196078433 0.19060773480662985
3.0 0.3553921568627451 0.4088397790055249 0.18627450980392157 0.11602209944751381
8.0 0.3235294117647059 0.29972375690607733 0.22549019607843138 0.1574585635359116
3.0 0.3394607843137255 0.23756906077348067 0.15931372549019607 0.07734806629834254
0.0 0.7095588235294118 0.4696132596685083 0.022058823529411766 0.06629834254143646
0.0 0.5821078431372549 0.1574585635359116 0.022058823529411766 0.03314917127071823
0.0 0.6311274509803921 0.10497237569060773 0.02696078431372549 0.027624309392265192
0.0 0.6299019607843137 0.07044198895027624 0.024509803921568627 0.019337016574585635
0.0 0.6482843137254902 0.08011049723756906 0.022058823529411766 0.022099447513812154
0.0 0.6740196078431373 0.07596685082872928 0.0196078431372549 0.019337016574585635
0.0 0.6654411764705882 0.06906077348066299 0.022058823529411766 0.016574585635359115
0.0 0.8725490196078431 0.19613259668508287 0.014705882352941176 0.027624309392265192
0.0 0.8615196078431373 0.17955801104972377 0.01715686274509804 0.027624309392265192
0.0 0.8799019607843137 0.19751381215469613 0.014705882352941176 0.024861878453038673
0.0 0.8713235294117647 0.17265193370165746 0.01715686274509804 0.03038674033149171
0.0 0.8590686274509803 0.13674033149171272 0.012254901960784314 0.019337016574585635
3.0 0.9509803921568627 0.5538674033149171 0.024509803921568627 0.10220994475138122
0.0 0.6740196078431373 0.8922651933701657 0.029411764705882353 0.027624309392265192
0.0 0.6274509803921569 0.8646408839779005 0.03431372549019608 0.03867403314917127
