3.0 0.6056338028169014 0.9692307692307692 0.10328638497652583 0.046153846153846156
4.0 0.6561032863849765 0.9435897435897436 0.08685446009389672 0.046153846153846156
3.0 0.7946009389671361 0.8269230769230769 0.06807511737089202 0.07435897435897436
3.0 0.8415492957746479 0.7756410256410257 0.0539906103286385 0.06923076923076923
3.0 0.8732394366197183 0.7256410256410256 0.046948356807511735 0.08205128205128205
3.0 0.9002347417840375 0.6756410256410257 0.035211267605633804 0.07435897435897436
3.0 0.937793427230047 0.5871794871794872 0.01643192488262911 0.05128205128205128
3.0 0.9084507042253521 0.24743589743589745 0.03286384976525822 0.05384615384615385
4.0 0.8755868544600939 0.20256410256410257 0.03755868544600939 0.05128205128205128
3.0 0.8568075117370892 0.15384615384615385 0.028169014084507043 0.035897435897435895
3.0 0.23591549295774647 0.8846153846153846 0.08685446009389672 0.08205128205128205
4.0 0.12323943661971831 0.8025641025641026 0.06807511737089202 0.09743589743589744
4.0 0.06572769953051644 0.6987179487179487 0.04225352112676056 0.09487179487179487
4.0 0.03873239436619718 0.6256410256410256 0.02112676056338028 0.07179487179487179
7.0 0.04107981220657277 0.33205128205128204 0.011737089201877934 0.03333333333333333
3.0 0.04812206572769953 0.3141025641025641 0.025821596244131457 0.05384615384615385
7.0 0.07042253521126761 0.2717948717948718 0.023474178403755867 0.041025641025641026
3.0 0.07394366197183098 0.26153846153846155 0.03051643192488263 0.05128205128205128
3.0 0.08098591549295775 0.23974358974358975 0.025821596244131457 0.038461538461538464
3.0 0.0539906103286385 0.28076923076923077 0.023474178403755867 0.04358974358974359
3.0 0.1772300469483568 0.13205128205128205 0.04460093896713615 0.04358974358974359
3.0 0.13145539906103287 0.1717948717948718 0.03286384976525822 0.041025641025641026
3.0 0.11502347417840375 0.19230769230769232 0.028169014084507043 0.041025641025641026
3.0 0.09859154929577464 0.21153846153846154 0.028169014084507043 0.04358974358974359
3.0 0.051643192488262914 0.29102564102564105 0.023474178403755867 0.04358974358974359
3.0 0.051643192488262914 0.27307692307692305 0.018779342723004695 0.038461538461538464
4.0 0.0528169014084507 0.2653846153846154 0.02112676056338028 0.038461538461538464
4.0 0.0539906103286385 0.258974358974359 0.018779342723004695 0.035897435897435895
7.0 0.07863849765258216 0.23717948717948717 0.01643192488262911 0.028205128205128206
3.0 0.018779342723004695 0.35384615384615387 0.014084507042253521 0.041025641025641026
