3.0 0.10416666666666667 0.7757731958762887 0.11519607843137254 0.16494845360824742
3.0 0.22303921568627452 0.75 0.16176470588235295 0.17525773195876287
3.0 0.11519607843137254 0.6907216494845361 0.09803921568627451 0.16494845360824742
3.0 0.07352941176470588 0.6327319587628866 0.06862745098039216 0.14175257731958762
3.0 0.06004901960784314 0.7216494845360825 0.09068627450980392 0.17010309278350516
3.0 0.4166666666666667 0.45103092783505155 0.13725490196078433 0.14948453608247422
3.0 0.9093137254901961 0.8079896907216495 0.06862745098039216 0.09536082474226804
4.0 0.8700980392156863 0.8350515463917526 0.10784313725490197 0.12886597938144329
3.0 0.9522058823529411 0.3865979381443299 0.022058823529411766 0.061855670103092786
3.0 0.7389705882352942 0.6469072164948454 0.11519607843137254 0.18041237113402062
3.0 0.8002450980392157 0.47036082474226804 0.056372549019607844 0.11597938144329897
3.0 0.8946078431372549 0.35695876288659795 0.03431372549019608 0.07474226804123711
3.0 0.8811274509803921 0.30541237113402064 0.03676470588235294 0.06958762886597938
1.0 0.9718137254901961 0.6069587628865979 0.012254901960784314 0.04896907216494845
1.0 0.09803921568627451 0.38402061855670105 0.014705882352941176 0.041237113402061855
9.0 0.9681372549019608 0.615979381443299 0.0196078431372549 0.061855670103092786
9.0 0.09681372549019608 0.3956185567010309 0.01715686274509804 0.03865979381443299
0.0 0.006127450980392157 0.5270618556701031 0.007352941176470588 0.03865979381443299
0.0 0.8676470588235294 0.34664948453608246 0.0196078431372549 0.04896907216494845
0.0 0.9105392156862745 0.3595360824742268 0.01715686274509804 0.04896907216494845
0.0 0.8112745098039216 0.32087628865979384 0.0196078431372549 0.04896907216494845
0.0 0.1556372549019608 0.24613402061855671 0.01715686274509804 0.03350515463917526
3.0 0.616421568627451 0.16237113402061856 0.08088235294117647 0.04639175257731959
3.0 0.8995098039215687 0.40850515463917525 0.029411764705882353 0.08505154639175258
0.0 0.9240196078431373 0.33505154639175255 0.014705882352941176 0.03608247422680412
0.0 0.946078431372549 0.35051546391752575 0.00980392156862745 0.02577319587628866
0.0 0.928921568627451 0.32087628865979384 0.00980392156862745 0.023195876288659795
0.0 0.9044117647058824 0.30283505154639173 0.014705882352941176 0.028350515463917526
9.0 0.9362745098039216 0.3427835051546392 0.014705882352941176 0.02577319587628866
3.0 0.22058823529411764 0.21005154639175258 0.0784313725490196 0.06443298969072164
3.0 0.3014705882352941 0.16494845360824742 0.08823529411764706 0.05154639175257732
3.0 0.4264705882352941 0.1172680412371134 0.08333333333333333 0.028350515463917526
3.0 0.49019607843137253 0.09664948453608248 0.04411764705882353 0.01804123711340206
3.0 0.8725490196078431 0.2706185567010309 0.03431372549019608 0.04639175257731959
3.0 0.8651960784313726 0.25257731958762886 0.029411764705882353 0.04639175257731959
2.0 0.18137254901960784 0.21520618556701032 0.0196078431372549 0.023195876288659795
3.0 0.2928921568627451 0.14948453608247422 0.07107843137254902 0.04639175257731959
4.0 0.40441176470588236 0.10309278350515463 0.049019607843137254 0.02577319587628866
3.0 0.6776960784313726 0.12886597938144329 0.041666666666666664 0.02577319587628866
8.0 0.7169117647058824 0.16108247422680413 0.10049019607843138 0.09536082474226804
0.0 0.37254901960784315 0.1172680412371134 0.0196078431372549 0.01804123711340206
0.0 0.34191176470588236 0.12628865979381443 0.01715686274509804 0.020618556701030927
0.0 0.3590686274509804 0.11855670103092783 0.012254901960784314 0.010309278350515464
0.0 0.35294117647058826 0.11855670103092783 0.014705882352941176 0.015463917525773196
9.0 0.2536764705882353 0.1559278350515464 0.02696078431372549 0.023195876288659795
0.0 0.5343137254901961 0.09020618556701031 0.00980392156862745 0.010309278350515464
0.0 0.5220588235294118 0.09278350515463918 0.00980392156862745 0.010309278350515464
0.0 0.5171568627450981 0.08247422680412371 0.00980392156862745 0.010309278350515464
0.0 0.7622549019607843 0.1095360824742268 0.004901960784313725 0.007731958762886598
3.0 0.7806372549019608 0.13402061855670103 0.01715686274509804 0.015463917525773196
3.0 0.7806372549019608 0.12757731958762886 0.01715686274509804 0.01288659793814433
3.0 0.7781862745098039 0.12242268041237113 0.012254901960784314 0.01288659793814433
3.0 0.8137254901960784 0.13144329896907217 0.00980392156862745 0.010309278350515464
3.0 0.8504901960784313 0.21778350515463918 0.024509803921568627 0.03350515463917526
3.0 0.8492647058823529 0.20876288659793815 0.02696078431372549 0.03608247422680412
3.0 0.8406862745098039 0.19716494845360824 0.024509803921568627 0.028350515463917526
3.0 0.8370098039215687 0.18814432989690721 0.022058823529411766 0.02577319587628866
3.0 0.8296568627450981 0.17654639175257733 0.022058823529411766 0.023195876288659795
0.0 0.8480392156862745 0.2770618556701031 0.0196078431372549 0.03350515463917526
0.0 0.8394607843137255 0.32603092783505155 0.01715686274509804 0.04896907216494845
3.0 0.8198529411764706 0.15850515463917525 0.01715686274509804 0.01804123711340206
8.0 0.5845588235294118 0.09536082474226804 0.09558823529411764 0.04639175257731959
3.0 0.5747549019607843 0.07603092783505154 0.02696078431372549 0.007731958762886598
3.0 0.6127450980392157 0.08118556701030928 0.024509803921568627 0.01288659793814433
3.0 0.5931372549019608 0.07345360824742268 0.029411764705882353 0.007731958762886598
3.0 0.8198529411764706 0.15463917525773196 0.01715686274509804 0.015463917525773196
4.0 0.8125 0.14690721649484537 0.01715686274509804 0.015463917525773196
3.0 0.8051470588235294 0.13659793814432988 0.012254901960784314 0.010309278350515464
3.0 0.803921568627451 0.13402061855670103 0.00980392156862745 0.010309278350515464
3.0 0.741421568627451 0.09407216494845361 0.012254901960784314 0.007731958762886598
4.0 0.6556372549019608 0.07603092783505154 0.022058823529411766 0.01288659793814433
3.0 0.7610294117647058 0.1018041237113402 0.012254901960784314 0.007731958762886598
4.0 0.7463235294117647 0.09020618556701031 0.007352941176470588 0.005154639175257732
3.0 0.7524509803921569 0.09664948453608248 0.00980392156862745 0.007731958762886598
3.0 0.6200980392156863 0.07216494845360824 0.0196078431372549 0.010309278350515464
3.0 0.633578431372549 0.07216494845360824 0.02696078431372549 0.010309278350515464
3.0 0.6409313725490197 0.06958762886597938 0.022058823529411766 0.010309278350515464
3.0 0.6605392156862745 0.07087628865979381 0.01715686274509804 0.007731958762886598
4.0 0.6678921568627451 0.07087628865979381 0.01715686274509804 0.01288659793814433
3.0 0.6764705882352942 0.07216494845360824 0.0196078431372549 0.010309278350515464
3.0 0.6507352941176471 0.06572164948453608 0.01715686274509804 0.007731958762886598
3.0 0.6654411764705882 0.06572164948453608 0.012254901960784314 0.007731958762886598
3.0 0.6703431372549019 0.06572164948453608 0.012254901960784314 0.007731958762886598
3.0 0.6924019607843137 0.07345360824742268 0.012254901960784314 0.007731958762886598
3.0 0.6924019607843137 0.07087628865979381 0.012254901960784314 0.007731958762886598
3.0 0.7022058823529411 0.07216494845360824 0.007352941176470588 0.005154639175257732
0.0 0.7671568627450981 0.10051546391752578 0.004901960784313725 0.005154639175257732
