3.0 0.931924882629108 0.22564102564102564 0.009389671361502348 0.015384615384615385
3.0 0.9424882629107981 0.2423076923076923 0.007042253521126761 0.01282051282051282
3.0 0.9248826291079812 0.21666666666666667 0.009389671361502348 0.01282051282051282
3.0 0.9671361502347418 0.3217948717948718 0.009389671361502348 0.028205128205128206
3.0 0.8908450704225352 0.23205128205128206 0.025821596244131457 0.038461538461538464
3.0 0.9237089201877934 0.28076923076923077 0.02112676056338028 0.038461538461538464
3.0 0.9436619718309859 0.3153846153846154 0.018779342723004695 0.035897435897435895
3.0 0.9072769953051644 0.28846153846153844 0.03051643192488263 0.04871794871794872
2.0 0.7934272300469484 0.23205128205128206 0.023474178403755867 0.023076923076923078
3.0 0.8556338028169014 0.2935897435897436 0.04460093896713615 0.06923076923076923
5.0 0.8814553990610329 0.5333333333333333 0.03990610328638498 0.10256410256410256
4.0 0.8591549295774648 0.5051282051282051 0.03755868544600939 0.10256410256410256
3.0 0.8333333333333334 0.4756410256410256 0.051643192488262914 0.10512820512820513
3.0 0.8028169014084507 0.43205128205128207 0.07042253521126761 0.1
3.0 0.8380281690140845 0.37948717948717947 0.056338028169014086 0.08717948717948718
3.0 0.9025821596244131 0.4653846153846154 0.03051643192488263 0.07948717948717948
0.0 0.8286384976525821 0.3333333333333333 0.014084507042253521 0.041025641025641026
0.0 0.9413145539906104 0.6025641025641025 0.004694835680751174 0.02564102564102564
3.0 0.9084507042253521 0.708974358974359 0.046948356807511735 0.08974358974358974
3.0 0.5892018779342723 0.7935897435897435 0.1596244131455399 0.11025641025641025
3.0 0.27582159624413144 0.8974358974358975 0.1056338028169014 0.07692307692307693
3.0 0.4166666666666667 0.9333333333333333 0.13380281690140844 0.05641025641025641
3.0 0.3028169014084507 0.8397435897435898 0.13145539906103287 0.08974358974358974
3.0 0.1267605633802817 0.6038461538461538 0.046948356807511735 0.07948717948717948
0.0 0.6103286384976526 0.926923076923077 0.023474178403755867 0.017948717948717947
7.0 0.08215962441314555 0.7756410256410257 0.03286384976525822 0.05384615384615385
