3.0 0.5306372549019608 0.005154639175257732 0.041666666666666664 0.010309278350515464
3.0 0.39828431372549017 0.04896907216494845 0.10049019607843138 0.030927835051546393
6.0 0.5625 0.03221649484536082 0.02696078431372549 0.01804123711340206
3.0 0.4178921568627451 0.01288659793814433 0.08088235294117647 0.020618556701030927
9.0 0.3639705882352941 0.09922680412371133 0.04656862745098039 0.023195876288659795
9.0 0.35049019607843135 0.09664948453608248 0.05392156862745098 0.023195876288659795
9.0 0.3590686274509804 0.08505154639175258 0.051470588235294115 0.020618556701030927
0.0 0.3161764705882353 0.08634020618556701 0.024509803921568627 0.01804123711340206
6.0 0.5343137254901961 0.06958762886597938 0.03431372549019608 0.02577319587628866
0.0 0.4264705882352941 0.22551546391752578 0.029411764705882353 0.03350515463917526
0.0 0.25857843137254904 0.20489690721649484 0.02696078431372549 0.023195876288659795
9.0 0.27941176470588236 0.20618556701030927 0.03431372549019608 0.04639175257731959
4.0 0.2757352941176471 0.3389175257731959 0.12990196078431374 0.10051546391752578
3.0 0.2610294117647059 0.5463917525773195 0.13970588235294118 0.08762886597938144
3.0 0.27328431372549017 0.6404639175257731 0.15441176470588236 0.10051546391752578
0.0 0.45955882352941174 0.8247422680412371 0.02696078431372549 0.02577319587628866
3.0 0.5968137254901961 0.7822164948453608 0.09558823529411764 0.14175257731958762
3.0 0.5735294117647058 0.904639175257732 0.07352941176470588 0.06701030927835051
9.0 0.7757352941176471 0.8324742268041238 0.02696078431372549 0.03608247422680412
3.0 0.803921568627451 0.8311855670103093 0.07352941176470588 0.09536082474226804
0.0 0.8713235294117647 0.6559278350515464 0.01715686274509804 0.03865979381443299
3.0 0.8688725490196079 0.40335051546391754 0.041666666666666664 0.14175257731958762
3.0 0.7377450980392157 0.18685567010309279 0.06372549019607843 0.07989690721649484
3.0 0.7941176470588235 0.16752577319587628 0.06372549019607843 0.07731958762886598
3.0 0.6115196078431373 0.18427835051546393 0.08088235294117647 0.09536082474226804
3.0 0.7598039215686274 0.10824742268041238 0.058823529411764705 0.05670103092783505
3.0 0.7046568627450981 0.041237113402061855 0.03676470588235294 0.020618556701030927
4.0 0.49387254901960786 0.9755154639175257 0.03676470588235294 0.028350515463917526
