0.0 0.4068627450980392 0.8118556701030928 0.10784313725490197 0.13402061855670103
0.0 0.17769607843137256 0.6932989690721649 0.051470588235294115 0.10824742268041238
1.0 0.012254901960784314 0.5902061855670103 0.00980392156862745 0.03608247422680412
3.0 0.05392156862745098 0.6172680412371134 0.05392156862745098 0.09536082474226804
3.0 0.18872549019607843 0.6713917525773195 0.13725490196078433 0.12628865979381443
4.0 0.35661764705882354 0.7061855670103093 0.25735294117647056 0.15463917525773196
5.0 0.17401960784313725 0.6443298969072165 0.11274509803921569 0.0979381443298969
3.0 0.4583333333333333 0.6778350515463918 0.1568627450980392 0.05670103092783505
3.0 0.6678921568627451 0.663659793814433 0.13480392156862744 0.09020618556701031
3.0 0.741421568627451 0.6417525773195877 0.12990196078431374 0.07731958762886598
3.0 0.8308823529411765 0.5927835051546392 0.024509803921568627 0.041237113402061855
3.0 0.8112745098039216 0.5902061855670103 0.024509803921568627 0.030927835051546393
3.0 0.9767156862745098 0.5541237113402062 0.022058823529411766 0.041237113402061855
1.0 0.9742647058823529 0.5966494845360825 0.01715686274509804 0.05412371134020619
1.0 0.8578431372549019 0.6932989690721649 0.05392156862745098 0.10309278350515463
1.0 0.8517156862745098 0.6855670103092784 0.056372549019607844 0.11855670103092783
0.0 0.8860294117647058 0.634020618556701 0.031862745098039214 0.0979381443298969
0.0 0.4375 0.7422680412371134 0.07107843137254902 0.13402061855670103
1.0 0.9276960784313726 0.6082474226804123 0.022058823529411766 0.061855670103092786
1.0 0.3786764705882353 0.6507731958762887 0.01715686274509804 0.028350515463917526
2.0 0.3799019607843137 0.6572164948453608 0.04411764705882353 0.030927835051546393
2.0 0.8946078431372549 0.6726804123711341 0.05392156862745098 0.07731958762886598
2.0 0.9399509803921569 0.645618556701031 0.03676470588235294 0.06443298969072164
9.0 0.9227941176470589 0.6301546391752577 0.031862745098039214 0.05412371134020619
2.0 0.15808823529411764 0.7126288659793815 0.04656862745098039 0.07474226804123711
9.0 0.9767156862745098 0.604381443298969 0.022058823529411766 0.05412371134020619
