3.0 0.0857843137254902 0.7615979381443299 0.12254901960784313 0.16752577319587628
3.0 0.27941176470588236 0.8814432989690721 0.28921568627450983 0.17525773195876287
3.0 0.6825980392156863 0.8891752577319587 0.3161764705882353 0.16494845360824742
3.0 0.9117647058823529 0.7744845360824743 0.10784313725490197 0.14690721649484537
0.0 0.14705882352941177 0.8685567010309279 0.049019607843137254 0.05154639175257732
0.0 0.13848039215686275 0.8634020618556701 0.03676470588235294 0.041237113402061855
3.0 0.014705882352941176 0.38788659793814434 0.0196078431372549 0.04381443298969072
3.0 0.024509803921568627 0.35180412371134023 0.024509803921568627 0.05412371134020619
3.0 0.0392156862745098 0.3427835051546392 0.029411764705882353 0.05154639175257732
0.0 0.09926470588235294 0.2912371134020619 0.031862745098039214 0.05670103092783505
0.0 0.5281862745098039 0.17525773195876287 0.04656862745098039 0.041237113402061855
0.0 0.6225490196078431 0.17783505154639176 0.0392156862745098 0.04639175257731959
0.0 0.7855392156862745 0.22938144329896906 0.041666666666666664 0.05670103092783505
0.0 0.9044117647058824 0.29381443298969073 0.014705882352941176 0.030927835051546393
0.0 0.9240196078431373 0.3131443298969072 0.0196078431372549 0.04896907216494845
3.0 0.14950980392156862 0.2268041237113402 0.06372549019607843 0.061855670103092786
3.0 0.35661764705882354 0.13659793814432988 0.0857843137254902 0.041237113402061855
3.0 0.5796568627450981 0.11984536082474227 0.07598039215686274 0.03350515463917526
0.0 0.9068627450980392 0.24097938144329897 0.014705882352941176 0.028350515463917526
0.0 0.9068627450980392 0.28994845360824745 0.0196078431372549 0.03865979381443299
