0.0 0.09436274509803921 0.6610824742268041 0.02696078431372549 0.06443298969072164
0.0 0.15318627450980393 0.42010309278350516 0.022058823529411766 0.05670103092783505
0.0 0.35049019607843135 0.7396907216494846 0.04411764705882353 0.07731958762886598
3.0 0.4583333333333333 0.9523195876288659 0.19117647058823528 0.06443298969072164
3.0 0.24509803921568626 0.7847938144329897 0.11764705882352941 0.12628865979381443
3.0 0.39828431372549017 0.8131443298969072 0.17401960784313725 0.1056701030927835
3.0 0.27205882352941174 0.3788659793814433 0.1323529411764706 0.10309278350515463
3.0 0.24632352941176472 0.3646907216494845 0.12009803921568628 0.09536082474226804
3.0 0.12622549019607843 0.452319587628866 0.03676470588235294 0.06958762886597938
3.0 0.15441176470588236 0.3427835051546392 0.0392156862745098 0.05670103092783505
3.0 0.14215686274509803 0.31443298969072164 0.029411764705882353 0.041237113402061855
3.0 0.1323529411764706 0.3002577319587629 0.029411764705882353 0.04896907216494845
3.0 0.06985294117647059 0.27448453608247425 0.007352941176470588 0.01288659793814433
1.0 0.07720588235294118 0.2551546391752577 0.0024509803921568627 0.005154639175257732
1.0 0.07230392156862746 0.2603092783505155 0.0024509803921568627 0.005154639175257732
1.0 0.0625 0.2693298969072165 0.0024509803921568627 0.002577319587628866
9.0 0.0625 0.2706185567010309 0.0024509803921568627 0.005154639175257732
9.0 0.07230392156862746 0.26288659793814434 0.0024509803921568627 0.005154639175257732
9.0 0.07720588235294118 0.25773195876288657 0.0024509803921568627 0.005154639175257732
0.0 0.0821078431372549 0.2822164948453608 0.007352941176470588 0.01804123711340206
1.0 0.0821078431372549 0.25 0.0024509803921568627 0.005154639175257732
2.0 0.08088235294117647 0.25257731958762886 0.0 0.005154639175257732
