0.0 0.553921568627451 0.4896907216494845 0.06372549019607843 0.14432989690721648
0.0 0.14460784313725492 0.452319587628866 0.024509803921568627 0.09536082474226804
0.0 0.23161764705882354 0.3634020618556701 0.041666666666666664 0.0979381443298969
1.0 0.08946078431372549 0.5167525773195877 0.01715686274509804 0.04381443298969072
9.0 0.13112745098039216 0.39948453608247425 0.022058823529411766 0.05670103092783505
9.0 0.1568627450980392 0.37628865979381443 0.03431372549019608 0.061855670103092786
0.0 0.7450980392156863 0.2822164948453608 0.0392156862745098 0.06958762886597938
0.0 0.5281862745098039 0.16494845360824742 0.01715686274509804 0.02577319587628866
0.0 0.5061274509803921 0.16752577319587628 0.012254901960784314 0.02577319587628866
0.0 0.4987745098039216 0.16494845360824742 0.01715686274509804 0.02577319587628866
0.0 0.5171568627450981 0.16494845360824742 0.014705882352941176 0.02577319587628866
0.0 0.5343137254901961 0.15206185567010308 0.014705882352941176 0.02577319587628866
1.0 0.2181372549019608 0.27835051546391754 0.024509803921568627 0.041237113402061855
3.0 0.09681372549019608 0.2706185567010309 0.01715686274509804 0.02577319587628866
3.0 0.10416666666666667 0.27190721649484534 0.01715686274509804 0.023195876288659795
3.0 0.04779411764705882 0.3247422680412371 0.012254901960784314 0.020618556701030927
3.0 0.0392156862745098 0.33634020618556704 0.00980392156862745 0.01804123711340206
3.0 0.05269607843137255 0.31443298969072164 0.012254901960784314 0.020618556701030927
0.0 0.056372549019607844 0.30670103092783507 0.004901960784313725 0.010309278350515464
3.0 0.029411764705882353 0.34664948453608246 0.00980392156862745 0.01804123711340206
3.0 0.02696078431372549 0.34536082474226804 0.004901960784313725 0.010309278350515464
0.0 0.04411764705882353 0.35051546391752575 0.004901960784313725 0.015463917525773196
1.0 0.04534313725490196 0.35051546391752575 0.0024509803921568627 0.010309278350515464
