5.0 0.18192488262910797 0.1064102564102564 0.01643192488262911 0.017948717948717947
3.0 0.6830985915492958 0.7346153846153847 0.06572769953051644 0.05897435897435897
4.0 0.8661971830985915 0.7576923076923077 0.023474178403755867 0.03333333333333333
4.0 0.15023474178403756 0.13205128205128205 0.018779342723004695 0.023076923076923078
0.0 0.11737089201877934 0.16923076923076924 0.004694835680751174 0.010256410256410256
5.0 0.2640845070422535 0.9038461538461539 0.10093896713615023 0.07435897435897436
5.0 0.20892018779342722 0.8461538461538461 0.09389671361502347 0.09230769230769231
5.0 0.1596244131455399 0.8217948717948718 0.09859154929577464 0.11538461538461539
4.0 0.2300469483568075 0.7974358974358975 0.04225352112676056 0.041025641025641026
5.0 0.5164319248826291 0.5192307692307693 0.24882629107981222 0.24358974358974358
9.0 0.3051643192488263 0.6089743589743589 0.023474178403755867 0.028205128205128206
9.0 0.357981220657277 0.41025641025641024 0.02112676056338028 0.035897435897435895
9.0 0.38028169014084506 0.4 0.023474178403755867 0.035897435897435895
9.0 0.7910798122065728 0.5294871794871795 0.014084507042253521 0.023076923076923078
4.0 0.7488262910798122 0.48205128205128206 0.028169014084507043 0.05128205128205128
9.0 0.8368544600938967 0.5756410256410256 0.011737089201877934 0.023076923076923078
0.0 0.8438967136150235 0.6538461538461539 0.007042253521126761 0.015384615384615385
