3.0 0.07352941176470588 0.7776243093922652 0.0196078431372549 0.03038674033149171
3.0 0.11764705882352941 0.7762430939226519 0.029411764705882353 0.049723756906077346
3.0 0.13357843137254902 0.787292817679558 0.031862745098039214 0.04419889502762431
3.0 0.15441176470588236 0.7886740331491713 0.03431372549019608 0.04143646408839779
3.0 0.20710784313725492 0.8743093922651933 0.031862745098039214 0.03038674033149171
3.0 0.29901960784313725 0.888121546961326 0.049019607843137254 0.03038674033149171
3.0 0.22181372549019607 0.8052486187845304 0.04656862745098039 0.04143646408839779
3.0 0.2708333333333333 0.8149171270718232 0.056372549019607844 0.04419889502762431
3.0 0.3627450980392157 0.9033149171270718 0.06372549019607843 0.027624309392265192
3.0 0.4497549019607843 0.9129834254143646 0.0661764705882353 0.019337016574585635
3.0 0.5330882352941176 0.9116022099447514 0.061274509803921566 0.016574585635359115
3.0 0.6715686274509803 0.899171270718232 0.058823529411764705 0.03591160220994475
3.0 0.8321078431372549 0.7969613259668509 0.04656862745098039 0.058011049723756904
3.0 0.8235294117647058 0.7348066298342542 0.0392156862745098 0.06629834254143646
8.0 0.7830882352941176 0.7914364640883977 0.031862745098039214 0.058011049723756904
3.0 0.8002450980392157 0.680939226519337 0.03676470588235294 0.07458563535911603
3.0 0.8161764705882353 0.5220994475138122 0.024509803921568627 0.08287292817679558
3.0 0.7389705882352942 0.5220994475138122 0.03676470588235294 0.10497237569060773
3.0 0.7659313725490197 0.42955801104972374 0.03676470588235294 0.0856353591160221
8.0 0.6764705882352942 0.287292817679558 0.07352941176470588 0.11602209944751381
3.0 0.6887254901960784 0.23480662983425415 0.05392156862745098 0.07734806629834254
3.0 0.7218137254901961 0.2223756906077348 0.051470588235294115 0.06906077348066299
3.0 0.8713235294117647 0.7928176795580111 0.031862745098039214 0.03867403314917127
3.0 0.9191176470588235 0.7320441988950276 0.0196078431372549 0.03314917127071823
3.0 0.9215686274509803 0.7044198895027625 0.0196078431372549 0.03314917127071823
5.0 0.8872549019607843 0.7430939226519337 0.05392156862745098 0.06629834254143646
4.0 0.9215686274509803 0.7458563535911602 0.024509803921568627 0.03867403314917127
3.0 0.9387254901960784 0.7223756906077348 0.014705882352941176 0.03038674033149171
3.0 0.9546568627450981 0.6988950276243094 0.01715686274509804 0.03314917127071823
3.0 0.9669117647058824 0.6795580110497238 0.012254901960784314 0.027624309392265192
3.0 0.9534313725490197 0.6823204419889503 0.014705882352941176 0.027624309392265192
3.0 0.9767156862745098 0.6588397790055248 0.012254901960784314 0.03038674033149171
3.0 0.9889705882352942 0.600828729281768 0.007352941176470588 0.024861878453038673
