4.0 0.272196261682243 0.9150485436893204 0.25 0.14563106796116504
9.0 0.1705607476635514 0.8555825242718447 0.0794392523364486 0.07524271844660194
9.0 0.19042056074766356 0.8640776699029126 0.08177570093457943 0.07281553398058252
9.0 0.2266355140186916 0.8762135922330098 0.102803738317757 0.07766990291262135
2.0 0.12733644859813084 0.808252427184466 0.05841121495327103 0.06310679611650485
9.0 0.12383177570093458 0.7973300970873787 0.06542056074766354 0.07524271844660194
9.0 0.10630841121495327 0.7572815533980582 0.053738317757009345 0.07281553398058252
9.0 0.12383177570093458 0.7669902912621359 0.06542056074766354 0.0825242718446602
2.0 0.1413551401869159 0.7973300970873787 0.07242990654205607 0.08495145631067962
6.0 0.2044392523364486 0.8191747572815534 0.1658878504672897 0.14320388349514562
2.0 0.30490654205607476 0.9174757281553398 0.10046728971962617 0.05339805825242718
9.0 0.286214953271028 0.8956310679611651 0.1191588785046729 0.06796116504854369
9.0 0.34579439252336447 0.9029126213592233 0.1308411214953271 0.06310679611650485
0.0 0.4392523364485981 0.933252427184466 0.056074766355140186 0.03640776699029126
0.0 0.5257009345794392 0.9150485436893204 0.06074766355140187 0.038834951456310676
1.0 0.6518691588785047 0.7257281553398058 0.07476635514018691 0.10679611650485436
2.0 0.6448598130841121 0.7609223300970874 0.07476635514018691 0.10922330097087378
3.0 0.8014018691588785 0.6699029126213593 0.16822429906542055 0.28640776699029125
0.0 0.7546728971962616 0.9259708737864077 0.056074766355140186 0.0412621359223301
0.0 0.7838785046728972 0.9101941747572816 0.035046728971962614 0.02912621359223301
0.0 0.7885514018691588 0.8883495145631068 0.0630841121495327 0.05825242718446602
9.0 0.8422897196261683 0.8628640776699029 0.07242990654205607 0.08009708737864078
2.0 0.8843457943925234 0.8228155339805825 0.05841121495327103 0.07281553398058252
0.0 0.8960280373831776 0.7912621359223301 0.04439252336448598 0.06310679611650485
9.0 0.889018691588785 0.8058252427184466 0.04906542056074766 0.06310679611650485
0.0 0.8983644859813084 0.7803398058252428 0.0397196261682243 0.06067961165048544
0.0 0.9077102803738317 0.7706310679611651 0.0397196261682243 0.06553398058252427
0.0 0.9228971962616822 0.7548543689320388 0.03271028037383177 0.05825242718446602
0.0 0.9147196261682243 0.5157766990291263 0.011682242990654205 0.08495145631067962
2.0 0.9369158878504673 0.5169902912621359 0.014018691588785047 0.06310679611650485
0.0 0.4976635514018692 0.40048543689320387 0.0514018691588785 0.15048543689320387
0.0 0.3072429906542056 0.375 0.04906542056074766 0.13349514563106796
0.0 0.3820093457943925 0.2827669902912621 0.06775700934579439 0.10922330097087378
0.0 0.3574766355140187 0.2657766990291262 0.04672897196261682 0.10436893203883495
0.0 0.5537383177570093 0.19781553398058252 0.056074766355140186 0.07524271844660194
4.0 0.7990654205607477 0.28519417475728154 0.13551401869158877 0.16747572815533981
8.0 0.6658878504672897 0.1808252427184466 0.14485981308411214 0.14320388349514562
0.0 0.48598130841121495 0.1383495145631068 0.018691588785046728 0.03398058252427184
0.0 0.508177570093458 0.13106796116504854 0.030373831775700934 0.038834951456310676
0.0 0.5478971962616822 0.13470873786407767 0.035046728971962614 0.0412621359223301
0.0 0.4591121495327103 0.125 0.035046728971962614 0.0412621359223301
1.0 0.4742990654205608 0.11165048543689321 0.018691588785046728 0.014563106796116505
0.0 0.4322429906542056 0.10679611650485436 0.03271028037383177 0.02912621359223301
0.0 0.43457943925233644 0.10315533980582524 0.028037383177570093 0.02669902912621359
0.0 0.4649532710280374 0.10072815533980582 0.02336448598130841 0.021844660194174758
9.0 0.44042056074766356 0.12864077669902912 0.053738317757009345 0.02912621359223301
0.0 0.8621495327102804 0.32160194174757284 0.03271028037383177 0.08009708737864078
9.0 0.8866822429906542 0.3191747572815534 0.035046728971962614 0.050970873786407765
9.0 0.8901869158878505 0.30461165048543687 0.03271028037383177 0.050970873786407765
0.0 0.8002336448598131 0.22451456310679613 0.0397196261682243 0.06067961165048544
9.0 0.8072429906542056 0.21359223300970873 0.053738317757009345 0.05339805825242718
0.0 0.8376168224299065 0.220873786407767 0.02570093457943925 0.038834951456310676
0.0 0.7757009345794392 0.1796116504854369 0.037383177570093455 0.04854368932038835
0.0 0.780373831775701 0.1796116504854369 0.03271028037383177 0.043689320388349516
0.0 0.758177570093458 0.15776699029126215 0.0397196261682243 0.038834951456310676
2.0 0.7593457943925234 0.1638349514563107 0.028037383177570093 0.03155339805825243
0.0 0.6658878504672897 0.12864077669902912 0.037383177570093455 0.038834951456310676
0.0 0.705607476635514 0.12742718446601942 0.037383177570093455 0.03640776699029126
0.0 0.7184579439252337 0.1104368932038835 0.030373831775700934 0.02669902912621359
0.0 0.7429906542056075 0.12135922330097088 0.03271028037383177 0.02912621359223301
1.0 0.6565420560747663 0.10194174757281553 0.03271028037383177 0.024271844660194174
1.0 0.669392523364486 0.10194174757281553 0.030373831775700934 0.024271844660194174
1.0 0.6074766355140186 0.09587378640776699 0.028037383177570093 0.02669902912621359
1.0 0.5665887850467289 0.08980582524271845 0.030373831775700934 0.019417475728155338
1.0 0.6098130841121495 0.08616504854368932 0.037383177570093455 0.021844660194174758
9.0 0.6787383177570093 0.11893203883495146 0.053738317757009345 0.02912621359223301
9.0 0.6565420560747663 0.10679611650485436 0.0514018691588785 0.024271844660194174
9.0 0.669392523364486 0.10315533980582524 0.04439252336448598 0.02669902912621359
2.0 0.6098130841121495 0.10072815533980582 0.037383177570093455 0.021844660194174758
2.0 0.6144859813084113 0.09223300970873786 0.056074766355140186 0.024271844660194174
6.0 0.5607476635514018 0.09344660194174757 0.04672897196261682 0.02669902912621359
0.0 0.6144859813084113 0.09101941747572816 0.03271028037383177 0.02669902912621359
0.0 0.5794392523364486 0.07888349514563107 0.028037383177570093 0.021844660194174758
1.0 0.7114485981308412 0.11407766990291263 0.030373831775700934 0.02912621359223301
9.0 0.7137850467289719 0.11771844660194175 0.0397196261682243 0.02669902912621359
0.0 0.5607476635514018 0.0691747572815534 0.02336448598130841 0.01699029126213592
0.0 0.5887850467289719 0.07281553398058252 0.02336448598130841 0.019417475728155338
0.0 0.5642523364485982 0.06432038834951456 0.02102803738317757 0.01699029126213592
0.0 0.594626168224299 0.07160194174757281 0.02102803738317757 0.01699029126213592
0.0 0.5934579439252337 0.06553398058252427 0.02336448598130841 0.014563106796116505
0.0 0.6460280373831776 0.07645631067961164 0.02102803738317757 0.01699029126213592
0.0 0.6658878504672897 0.08373786407766991 0.02336448598130841 0.021844660194174758
0.0 0.6740654205607477 0.08737864077669903 0.02102803738317757 0.019417475728155338
3.0 0.6366822429906542 0.0825242718446602 0.0630841121495327 0.03398058252427184
0.0 0.433411214953271 0.08131067961165049 0.02102803738317757 0.021844660194174758
0.0 0.49065420560747663 0.06067961165048544 0.009345794392523364 0.014563106796116505
1.0 0.45093457943925236 0.06796116504854369 0.02336448598130841 0.009708737864077669
0.0 0.4661214953271028 0.05703883495145631 0.011682242990654205 0.012135922330097087
0.0 0.5665887850467289 0.05461165048543689 0.016355140186915886 0.012135922330097087
0.0 0.5385514018691588 0.04733009708737864 0.02102803738317757 0.012135922330097087
0.0 0.44042056074766356 0.06067961165048544 0.016355140186915886 0.009708737864077669
0.0 0.4310747663551402 0.04733009708737864 0.011682242990654205 0.007281553398058253
0.0 0.44042056074766356 0.04611650485436893 0.011682242990654205 0.009708737864077669
0.0 0.44509345794392524 0.04975728155339806 0.011682242990654205 0.007281553398058253
0.0 0.4532710280373832 0.038834951456310676 0.014018691588785047 0.009708737864077669
0.0 0.43457943925233644 0.0412621359223301 0.014018691588785047 0.009708737864077669
0.0 0.4088785046728972 0.04247572815533981 0.014018691588785047 0.007281553398058253
0.0 0.4205607476635514 0.0412621359223301 0.014018691588785047 0.0048543689320388345
0.0 0.48130841121495327 0.0412621359223301 0.014018691588785047 0.0048543689320388345
4.0 0.49883177570093457 0.04611650485436893 0.053738317757009345 0.014563106796116505
9.0 0.48364485981308414 0.04247572815533981 0.028037383177570093 0.007281553398058253
4.0 0.6051401869158879 0.05825242718446602 0.0514018691588785 0.024271844660194174
4.0 0.544392523364486 0.0412621359223301 0.06542056074766354 0.014563106796116505
9.0 0.5116822429906542 0.03762135922330097 0.02336448598130841 0.0024271844660194173
0.0 0.5794392523364486 0.0412621359223301 0.014018691588785047 0.009708737864077669
0.0 0.5899532710280374 0.044902912621359224 0.011682242990654205 0.007281553398058253
0.0 0.602803738317757 0.04611650485436893 0.014018691588785047 0.009708737864077669
0.0 0.610981308411215 0.04854368932038835 0.016355140186915886 0.009708737864077669
0.0 0.6156542056074766 0.050970873786407765 0.011682242990654205 0.0048543689320388345
0.0 0.6285046728971962 0.05339805825242718 0.014018691588785047 0.009708737864077669
1.0 0.625 0.050970873786407765 0.011682242990654205 0.0048543689320388345
0.0 0.6448598130841121 0.055825242718446605 0.014018691588785047 0.009708737864077669
4.0 0.6740654205607477 0.061893203883495146 0.0397196261682243 0.021844660194174758
4.0 0.6612149532710281 0.05461165048543689 0.03271028037383177 0.01699029126213592
5.0 0.6203271028037384 0.043689320388349516 0.08644859813084112 0.024271844660194174
0.0 0.7044392523364486 0.07402912621359223 0.011682242990654205 0.007281553398058253
0.0 0.2371495327102804 0.11286407766990292 0.016355140186915886 0.01699029126213592
0.0 0.2441588785046729 0.10922330097087378 0.02102803738317757 0.019417475728155338
0.0 0.25 0.10800970873786407 0.018691588785046728 0.01699029126213592
0.0 0.2570093457943925 0.10194174757281553 0.02336448598130841 0.019417475728155338
0.0 0.21144859813084113 0.15776699029126215 0.02570093457943925 0.02912621359223301
0.0 0.23948598130841123 0.1407766990291262 0.02570093457943925 0.02912621359223301
1.0 0.2605140186915888 0.12257281553398058 0.02570093457943925 0.021844660194174758
4.0 0.2838785046728972 0.0970873786407767 0.04439252336448598 0.02912621359223301
9.0 0.29906542056074764 0.08616504854368932 0.018691588785046728 0.012135922330097087
9.0 0.30957943925233644 0.0825242718446602 0.02102803738317757 0.014563106796116505
4.0 0.21728971962616822 0.12985436893203883 0.056074766355140186 0.0412621359223301
0.0 0.18808411214953272 0.16868932038834952 0.02570093457943925 0.03155339805825243
0.0 0.17757009345794392 0.18446601941747573 0.018691588785046728 0.024271844660194174
5.0 0.7593457943925234 0.11165048543689321 0.07009345794392523 0.04854368932038835
4.0 0.830607476635514 0.154126213592233 0.04439252336448598 0.04611650485436893
3.0 0.852803738317757 0.1662621359223301 0.04205607476635514 0.0412621359223301
0.0 0.8598130841121495 0.16747572815533981 0.009345794392523364 0.014563106796116505
0.0 0.866822429906542 0.17475728155339806 0.009345794392523364 0.014563106796116505
0.0 0.8621495327102804 0.1662621359223301 0.014018691588785047 0.01699029126213592
4.0 0.8504672897196262 0.15655339805825244 0.02336448598130841 0.02669902912621359
0.0 0.530373831775701 0.03155339805825243 0.014018691588785047 0.0048543689320388345
0.0 0.5408878504672897 0.032766990291262135 0.007009345794392523 0.007281553398058253
1.0 0.5362149532710281 0.03155339805825243 0.007009345794392523 0.0048543689320388345
4.0 0.40186915887850466 0.0412621359223301 0.0514018691588785 0.014563106796116505
3.0 0.3621495327102804 0.043689320388349516 0.04205607476635514 0.014563106796116505
4.0 0.3399532710280374 0.044902912621359224 0.02570093457943925 0.012135922330097087
3.0 0.3691588785046729 0.03762135922330097 0.02336448598130841 0.007281553398058253
0.0 0.36682242990654207 0.03640776699029126 0.004672897196261682 0.0048543689320388345
0.0 0.3703271028037383 0.03519417475728155 0.007009345794392523 0.0024271844660194173
3.0 0.352803738317757 0.0412621359223301 0.02336448598130841 0.009708737864077669
4.0 0.397196261682243 0.032766990291262135 0.018691588785046728 0.007281553398058253
4.0 0.4007009345794392 0.03033980582524272 0.035046728971962614 0.012135922330097087
4.0 0.36565420560747663 0.03519417475728155 0.02102803738317757 0.007281553398058253
4.0 0.37149532710280375 0.032766990291262135 0.018691588785046728 0.007281553398058253
4.0 0.4182242990654206 0.025485436893203883 0.02336448598130841 0.007281553398058253
4.0 0.4135514018691589 0.021844660194174758 0.014018691588785047 0.0048543689320388345
3.0 0.3796728971962617 0.02912621359223301 0.016355140186915886 0.0048543689320388345
4.0 0.3866822429906542 0.02669902912621359 0.016355140186915886 0.0048543689320388345
3.0 0.3925233644859813 0.024271844660194174 0.014018691588785047 0.0048543689320388345
4.0 0.4007009345794392 0.021844660194174758 0.016355140186915886 0.0048543689320388345
4.0 0.4053738317757009 0.019417475728155338 0.016355140186915886 0.0048543689320388345
3.0 0.411214953271028 0.01820388349514563 0.009345794392523364 0.0024271844660194173
4.0 0.4135514018691589 0.01699029126213592 0.014018691588785047 0.0048543689320388345
3.0 0.4182242990654206 0.01699029126213592 0.014018691588785047 0.0048543689320388345
3.0 0.42289719626168226 0.015776699029126214 0.014018691588785047 0.0024271844660194173
4.0 0.4264018691588785 0.013349514563106795 0.011682242990654205 0.0024271844660194173
3.0 0.42990654205607476 0.013349514563106795 0.009345794392523364 0.0024271844660194173
3.0 0.4322429906542056 0.013349514563106795 0.009345794392523364 0.0024271844660194173
4.0 0.433411214953271 0.012135922330097087 0.011682242990654205 0.0048543689320388345
4.0 0.4369158878504673 0.010922330097087379 0.009345794392523364 0.0024271844660194173
0.0 0.27102803738317754 0.0703883495145631 0.009345794392523364 0.0048543689320388345
0.0 0.29439252336448596 0.05703883495145631 0.009345794392523364 0.007281553398058253
0.0 0.30257009345794394 0.05218446601941747 0.007009345794392523 0.0024271844660194173
0.0 0.3107476635514019 0.04854368932038835 0.004672897196261682 0.0048543689320388345
4.0 0.3130841121495327 0.044902912621359224 0.014018691588785047 0.007281553398058253
0.0 0.5700934579439252 0.013349514563106795 0.004672897196261682 0.0024271844660194173
5.0 0.6378504672897196 0.02912621359223301 0.04672897196261682 0.014563106796116505
3.0 0.6436915887850467 0.02912621359223301 0.02570093457943925 0.009708737864077669
3.0 0.6401869158878505 0.027912621359223302 0.018691588785046728 0.007281553398058253
5.0 0.6320093457943925 0.024271844660194174 0.02570093457943925 0.009708737864077669
5.0 0.6273364485981309 0.021844660194174758 0.030373831775700934 0.009708737864077669
3.0 0.610981308411215 0.021844660194174758 0.02102803738317757 0.0048543689320388345
3.0 0.6401869158878505 0.024271844660194174 0.009345794392523364 0.0048543689320388345
4.0 0.6051401869158879 0.019417475728155338 0.018691588785046728 0.0048543689320388345
4.0 0.610981308411215 0.02063106796116505 0.02102803738317757 0.007281553398058253
3.0 0.6016355140186916 0.01820388349514563 0.016355140186915886 0.0024271844660194173
3.0 0.5992990654205608 0.01699029126213592 0.016355140186915886 0.0048543689320388345
3.0 0.5969626168224299 0.01699029126213592 0.016355140186915886 0.0048543689320388345
3.0 0.5992990654205608 0.01699029126213592 0.02102803738317757 0.0048543689320388345
3.0 0.5934579439252337 0.014563106796116505 0.018691588785046728 0.0048543689320388345
3.0 0.5922897196261683 0.014563106796116505 0.02102803738317757 0.0048543689320388345
3.0 0.5864485981308412 0.013349514563106795 0.018691588785046728 0.0024271844660194173
5.0 0.5887850467289719 0.012135922330097087 0.02336448598130841 0.0048543689320388345
4.0 0.6051401869158879 0.01699029126213592 0.02336448598130841 0.0048543689320388345
3.0 0.6098130841121495 0.01820388349514563 0.02336448598130841 0.007281553398058253
3.0 0.6191588785046729 0.02063106796116505 0.02336448598130841 0.007281553398058253
3.0 0.6915887850467289 0.043689320388349516 0.018691588785046728 0.009708737864077669
3.0 0.6845794392523364 0.04004854368932039 0.018691588785046728 0.007281553398058253
5.0 0.6810747663551402 0.038834951456310676 0.02102803738317757 0.009708737864077669
3.0 0.6752336448598131 0.03640776699029126 0.014018691588785047 0.0048543689320388345
3.0 0.6717289719626168 0.03519417475728155 0.016355140186915886 0.007281553398058253
5.0 0.6623831775700935 0.03155339805825243 0.02102803738317757 0.009708737864077669
5.0 0.6600467289719626 0.03033980582524272 0.02102803738317757 0.007281553398058253
5.0 0.655373831775701 0.02912621359223301 0.02570093457943925 0.009708737864077669
5.0 0.6436915887850467 0.024271844660194174 0.02570093457943925 0.009708737864077669
5.0 0.6378504672897196 0.021844660194174758 0.03271028037383177 0.009708737864077669
