0.0 0.07107843137254902 0.6688144329896907 0.04411764705882353 0.12628865979381443
0.0 0.06495098039215687 0.5902061855670103 0.031862745098039214 0.12371134020618557
0.0 0.08700980392156862 0.6198453608247423 0.03676470588235294 0.12628865979381443
0.0 0.0428921568627451 0.5167525773195877 0.012254901960784314 0.08505154639175258
9.0 0.03799019607843137 0.5257731958762887 0.012254901960784314 0.06701030927835051
0.0 0.04534313725490196 0.6469072164948454 0.03676470588235294 0.11855670103092783
0.0 0.0428921568627451 0.4497422680412371 0.012254901960784314 0.07474226804123711
0.0 0.0428921568627451 0.4213917525773196 0.012254901960784314 0.06958762886597938
0.0 0.051470588235294115 0.42010309278350516 0.014705882352941176 0.07731958762886598
0.0 0.0821078431372549 0.5103092783505154 0.01715686274509804 0.10824742268041238
0.0 0.0857843137254902 0.47164948453608246 0.0196078431372549 0.1134020618556701
0.0 0.11274509803921569 0.5154639175257731 0.014705882352941176 0.12371134020618557
0.0 0.15196078431372548 0.3801546391752577 0.03431372549019608 0.1056701030927835
0.0 0.11642156862745098 0.4097938144329897 0.022058823529411766 0.0979381443298969
0.0 0.10049019607843138 0.44072164948453607 0.024509803921568627 0.10824742268041238
0.0 0.08455882352941177 0.40850515463917525 0.01715686274509804 0.07474226804123711
0.0 0.09926470588235294 0.38144329896907214 0.031862745098039214 0.09278350515463918
0.0 0.11029411764705882 0.3595360824742268 0.024509803921568627 0.07989690721649484
0.0 0.09191176470588236 0.3698453608247423 0.022058823529411766 0.07474226804123711
3.0 0.9730392156862745 0.5850515463917526 0.049019607843137254 0.12886597938144329
3.0 0.8725490196078431 0.38402061855670105 0.06862745098039216 0.10824742268041238
3.0 0.8713235294117647 0.26417525773195877 0.041666666666666664 0.04381443298969072
3.0 0.7904411764705882 0.2036082474226804 0.04656862745098039 0.041237113402061855
3.0 0.8063725490196079 0.211340206185567 0.0392156862745098 0.03608247422680412
3.0 0.5612745098039216 0.32216494845360827 0.19117647058823528 0.14432989690721648
3.0 0.46568627450980393 0.23969072164948454 0.12745098039215685 0.08247422680412371
3.0 0.6348039215686274 0.22422680412371135 0.12254901960784313 0.07731958762886598
4.0 0.5857843137254902 0.18427835051546393 0.08823529411764706 0.06443298969072164
3.0 0.4681372549019608 0.15463917525773196 0.10294117647058823 0.04639175257731959
3.0 0.3174019607843137 0.19329896907216496 0.0857843137254902 0.06701030927835051
3.0 0.3700980392156863 0.14432989690721648 0.06372549019607843 0.03608247422680412
3.0 0.3333333333333333 0.14175257731958762 0.049019607843137254 0.030927835051546393
3.0 0.29411764705882354 0.14304123711340205 0.0392156862745098 0.028350515463917526
3.0 0.2757352941176471 0.14304123711340205 0.031862745098039214 0.023195876288659795
3.0 0.25735294117647056 0.1481958762886598 0.024509803921568627 0.023195876288659795
4.0 0.25612745098039214 0.14432989690721648 0.02696078431372549 0.02577319587628866
3.0 0.22058823529411764 0.17654639175257733 0.03431372549019608 0.03350515463917526
3.0 0.20833333333333334 0.17783505154639176 0.029411764705882353 0.02577319587628866
3.0 0.20098039215686275 0.17268041237113402 0.024509803921568627 0.020618556701030927
3.0 0.19362745098039216 0.17396907216494845 0.024509803921568627 0.023195876288659795
3.0 0.20955882352941177 0.15979381443298968 0.03676470588235294 0.02577319587628866
3.0 0.20588235294117646 0.15850515463917525 0.029411764705882353 0.023195876288659795
5.0 0.20588235294117646 0.15721649484536082 0.049019607843137254 0.03608247422680412
9.0 0.13602941176470587 0.21262886597938144 0.01715686274509804 0.01804123711340206
0.0 0.13848039215686275 0.20747422680412372 0.012254901960784314 0.01804123711340206
3.0 0.15931372549019607 0.17525773195876287 0.014705882352941176 0.015463917525773196
3.0 0.1568627450980392 0.17396907216494845 0.014705882352941176 0.01288659793814433
4.0 0.1556372549019608 0.17268041237113402 0.012254901960784314 0.010309278350515464
3.0 0.18259803921568626 0.163659793814433 0.022058823529411766 0.01804123711340206
0.0 0.17769607843137256 0.16752577319587628 0.007352941176470588 0.010309278350515464
3.0 0.18382352941176472 0.16623711340206185 0.0196078431372549 0.01804123711340206
3.0 0.1801470588235294 0.15850515463917525 0.007352941176470588 0.007731958762886598
3.0 0.8786764705882353 0.25128865979381443 0.01715686274509804 0.023195876288659795
4.0 0.8725490196078431 0.23969072164948454 0.024509803921568627 0.02577319587628866
3.0 0.8517156862745098 0.22422680412371135 0.02696078431372549 0.02577319587628866
3.0 0.30637254901960786 0.11855670103092783 0.024509803921568627 0.015463917525773196
3.0 0.2867647058823529 0.11597938144329897 0.014705882352941176 0.010309278350515464
3.0 0.27328431372549017 0.11984536082474227 0.01715686274509804 0.01288659793814433
3.0 0.29411764705882354 0.10695876288659793 0.00980392156862745 0.007731958762886598
3.0 0.28431372549019607 0.1095360824742268 0.014705882352941176 0.007731958762886598
3.0 0.3333333333333333 0.11082474226804123 0.024509803921568627 0.015463917525773196
3.0 0.35784313725490197 0.10438144329896908 0.024509803921568627 0.01288659793814433
