5.0 0.7083333333333334 0.9033149171270718 0.15196078431372548 0.15469613259668508
4.0 0.5894607843137255 0.9682320441988951 0.07598039215686274 0.052486187845303865
3.0 0.8161764705882353 0.6685082872928176 0.06862745098039216 0.143646408839779
3.0 0.6617647058823529 0.22375690607734808 0.07352941176470588 0.09944751381215469
4.0 0.2757352941176471 0.16574585635359115 0.061274509803921566 0.0718232044198895
3.0 0.42769607843137253 0.06629834254143646 0.041666666666666664 0.027624309392265192
5.0 0.375 0.04834254143646409 0.058823529411764705 0.04696132596685083
3.0 0.9803921568627451 0.649171270718232 0.014705882352941176 0.06077348066298342
3.0 0.9681372549019608 0.3798342541436464 0.014705882352941176 0.04696132596685083
3.0 0.9730392156862745 0.36049723756906077 0.014705882352941176 0.04143646408839779
3.0 0.9583333333333334 0.3356353591160221 0.0196078431372549 0.04696132596685083
3.0 0.9019607843137255 0.24585635359116023 0.024509803921568627 0.04419889502762431
3.0 0.8676470588235294 0.15883977900552487 0.0196078431372549 0.03038674033149171
3.0 0.8504901960784313 0.13535911602209943 0.0196078431372549 0.027624309392265192
8.0 0.8480392156862745 0.1685082872928177 0.04411764705882353 0.06077348066298342
3.0 0.8014705882352942 0.10497237569060773 0.029411764705882353 0.027624309392265192
0.0 0.20098039215686275 0.8908839779005525 0.0196078431372549 0.019337016574585635
0.0 0.08700980392156862 0.8121546961325967 0.012254901960784314 0.022099447513812154
0.0 0.049019607843137254 0.7348066298342542 0.00980392156862745 0.022099447513812154
1.0 0.1213235294117647 0.8080110497237569 0.012254901960784314 0.019337016574585635
0.0 0.13970588235294118 0.8024861878453039 0.00980392156862745 0.013812154696132596
0.0 0.1323529411764706 0.7803867403314917 0.00980392156862745 0.013812154696132596
0.0 0.14950980392156862 0.7734806629834254 0.014705882352941176 0.022099447513812154
0.0 0.13357843137254902 0.75 0.007352941176470588 0.013812154696132596
0.0 0.12009803921568628 0.6975138121546961 0.014705882352941176 0.03038674033149171
1.0 0.12009803921568628 0.7292817679558011 0.00980392156862745 0.022099447513812154
0.0 0.12009803921568628 0.7430939226519337 0.014705882352941176 0.027624309392265192
0.0 0.11151960784313726 0.7430939226519337 0.012254901960784314 0.027624309392265192
1.0 0.07965686274509803 0.7223756906077348 0.012254901960784314 0.024861878453038673
0.0 0.049019607843137254 0.6519337016574586 0.00980392156862745 0.027624309392265192
0.0 0.04411764705882353 0.649171270718232 0.004901960784313725 0.016574585635359115
0.0 0.03553921568627451 0.643646408839779 0.007352941176470588 0.022099447513812154
0.0 0.03431372549019608 0.6284530386740331 0.004901960784313725 0.019337016574585635
0.0 0.041666666666666664 0.600828729281768 0.004901960784313725 0.024861878453038673
0.0 0.14338235294117646 0.5828729281767956 0.012254901960784314 0.027624309392265192
0.0 0.09558823529411764 0.5580110497237569 0.00980392156862745 0.03314917127071823
0.0 0.07720588235294118 0.5428176795580111 0.007352941176470588 0.019337016574585635
1.0 0.058823529411764705 0.5400552486187845 0.004901960784313725 0.03038674033149171
1.0 0.07598039215686274 0.4723756906077348 0.004901960784313725 0.022099447513812154
0.0 0.04411764705882353 0.4185082872928177 0.004901960784313725 0.024861878453038673
0.0 0.1090686274509804 0.3798342541436464 0.01715686274509804 0.019337016574585635
1.0 0.06985294117647059 0.39226519337016574 0.007352941176470588 0.016574585635359115
1.0 0.13112745098039216 0.26657458563535913 0.01715686274509804 0.024861878453038673
0.0 0.06004901960784314 0.3287292817679558 0.007352941176470588 0.022099447513812154
0.0 0.09068627450980392 0.27209944751381215 0.00980392156862745 0.019337016574585635
0.0 0.11887254901960784 0.21132596685082872 0.012254901960784314 0.019337016574585635
1.0 0.1642156862745098 0.1919889502762431 0.00980392156862745 0.013812154696132596
1.0 0.17524509803921567 0.16574585635359115 0.01715686274509804 0.016574585635359115
1.0 0.19730392156862744 0.1298342541436464 0.012254901960784314 0.011049723756906077
0.0 0.15318627450980393 0.15883977900552487 0.012254901960784314 0.013812154696132596
0.0 0.22426470588235295 0.08701657458563536 0.012254901960784314 0.013812154696132596
0.0 0.16544117647058823 0.13535911602209943 0.012254901960784314 0.016574585635359115
0.0 0.14215686274509803 0.15883977900552487 0.00980392156862745 0.013812154696132596
0.0 0.17769607843137256 0.10911602209944751 0.012254901960784314 0.013812154696132596
0.0 0.20098039215686275 0.09116022099447514 0.00980392156862745 0.011049723756906077
0.0 0.8149509803921569 0.12292817679558012 0.007352941176470588 0.013812154696132596
0.0 0.8370098039215687 0.26933701657458564 0.01715686274509804 0.03591160220994475
0.0 0.14705882352941177 0.1574585635359116 0.00980392156862745 0.011049723756906077
1.0 0.20465686274509803 0.12430939226519337 0.012254901960784314 0.016574585635359115
0.0 0.12377450980392157 0.20718232044198895 0.007352941176470588 0.011049723756906077
0.0 0.09313725490196079 0.27209944751381215 0.00980392156862745 0.019337016574585635
1.0 0.07352941176470588 0.3839779005524862 0.004901960784313725 0.016574585635359115
1.0 0.061274509803921566 0.5359116022099447 0.004901960784313725 0.016574585635359115
1.0 0.08088235294117647 0.47513812154696133 0.004901960784313725 0.022099447513812154
0.0 0.08946078431372549 0.5455801104972375 0.007352941176470588 0.019337016574585635
0.0 0.08946078431372549 0.569060773480663 0.007352941176470588 0.027624309392265192
0.0 0.0784313725490196 0.5317679558011049 0.004901960784313725 0.013812154696132596
0.0 0.030637254901960783 0.6077348066298343 0.007352941176470588 0.016574585635359115
0.0 0.03553921568627451 0.6312154696132597 0.007352941176470588 0.019337016574585635
0.0 0.07720588235294118 0.8038674033149171 0.007352941176470588 0.011049723756906077
0.0 0.08088235294117647 0.8080110497237569 0.004901960784313725 0.008287292817679558
0.0 0.20588235294117646 0.9019337016574586 0.014705882352941176 0.013812154696132596
1.0 0.12745098039215685 0.8218232044198895 0.00980392156862745 0.013812154696132596
1.0 0.1213235294117647 0.819060773480663 0.007352941176470588 0.013812154696132596
