4.0 0.24754901960784315 0.9239690721649485 0.10294117647058823 0.07474226804123711
3.0 0.2536764705882353 0.8853092783505154 0.125 0.1056701030927835
3.0 0.17892156862745098 0.8492268041237113 0.08823529411764706 0.09536082474226804
3.0 0.28308823529411764 0.8118556701030928 0.14950980392156862 0.15463917525773196
3.0 0.3443627450980392 0.6610824742268041 0.1642156862745098 0.20876288659793815
3.0 0.20955882352941177 0.6275773195876289 0.1053921568627451 0.18814432989690721
3.0 0.2806372549019608 0.43943298969072164 0.11519607843137254 0.2036082474226804
3.0 0.3872549019607843 0.24484536082474226 0.11764705882352941 0.13402061855670103
3.0 0.3075980392156863 0.17268041237113402 0.11029411764705882 0.10309278350515463
3.0 0.5857843137254902 0.23711340206185566 0.1323529411764706 0.13402061855670103
3.0 0.6041666666666666 0.05283505154639175 0.07598039215686274 0.03865979381443299
3.0 0.6176470588235294 0.03350515463917526 0.058823529411764705 0.030927835051546393
3.0 0.10784313725490197 0.5850515463917526 0.058823529411764705 0.14948453608247422
3.0 0.18504901960784315 0.779639175257732 0.125 0.16237113402061856
3.0 0.1017156862745098 0.759020618556701 0.07598039215686274 0.1211340206185567
4.0 0.3897058823529412 0.9768041237113402 0.08333333333333333 0.03608247422680412
3.0 0.42034313725490197 0.961340206185567 0.09558823529411764 0.05154639175257732
3.0 0.45955882352941174 0.9394329896907216 0.09558823529411764 0.05412371134020619
3.0 0.6323529411764706 0.9574742268041238 0.1323529411764706 0.059278350515463915
4.0 0.6654411764705882 0.9304123711340206 0.13480392156862744 0.07216494845360824
3.0 0.7953431372549019 0.7963917525773195 0.125 0.11855670103092783
4.0 0.5845588235294118 0.8221649484536082 0.14460784313725492 0.13917525773195877
3.0 0.6458333333333334 0.7268041237113402 0.15441176470588236 0.18556701030927836
3.0 0.7034313725490197 0.6224226804123711 0.1323529411764706 0.19845360824742267
4.0 0.7524509803921569 0.47680412371134023 0.10294117647058823 0.22164948453608246
3.0 0.4681372549019608 0.4252577319587629 0.16176470588235295 0.21649484536082475
3.0 0.8762254901960784 0.5940721649484536 0.08088235294117647 0.13659793814432988
3.0 0.9044117647058824 0.46005154639175255 0.049019607843137254 0.09536082474226804
3.0 0.9056372549019608 0.36082474226804123 0.061274509803921566 0.0979381443298969
3.0 0.9044117647058824 0.32603092783505155 0.06372549019607843 0.10051546391752578
3.0 0.7818627450980392 0.3698453608247423 0.10294117647058823 0.16237113402061856
3.0 0.7904411764705882 0.28350515463917525 0.1053921568627451 0.14432989690721648
3.0 0.7977941176470589 0.23711340206185566 0.09558823529411764 0.12886597938144329
3.0 0.8026960784313726 0.20103092783505155 0.09068627450980392 0.10309278350515463
3.0 0.8026960784313726 0.17396907216494845 0.07598039215686274 0.08505154639175258
3.0 0.6409313725490197 0.14690721649484537 0.10049019607843138 0.08762886597938144
5.0 0.4963235294117647 0.12628865979381443 0.11519607843137254 0.08247422680412371
4.0 0.5735294117647058 0.07474226804123711 0.07352941176470588 0.041237113402061855
3.0 0.6666666666666666 0.09922680412371133 0.08823529411764706 0.06443298969072164
3.0 0.6862745098039216 0.07216494845360824 0.06862745098039216 0.05154639175257732
4.0 0.6899509803921569 0.05283505154639175 0.051470588235294115 0.03350515463917526
3.0 0.8002450980392157 0.14948453608247422 0.07598039215686274 0.07731958762886598
3.0 0.7965686274509803 0.12886597938144329 0.06372549019607843 0.061855670103092786
3.0 0.7928921568627451 0.11211340206185567 0.0661764705882353 0.059278350515463915
3.0 0.7843137254901961 0.09536082474226804 0.06372549019607843 0.05154639175257732
3.0 0.7818627450980392 0.08891752577319588 0.06862745098039216 0.05412371134020619
3.0 0.7843137254901961 0.08247422680412371 0.058823529411764705 0.04639175257731959
5.0 0.39705882352941174 0.09020618556701031 0.10294117647058823 0.05670103092783505
5.0 0.4632352941176471 0.04381443298969072 0.09803921568627451 0.04639175257731959
