3.0 0.9056372549019608 0.3015463917525773 0.007352941176470588 0.010309278350515464
3.0 0.9031862745098039 0.2963917525773196 0.007352941176470588 0.010309278350515464
3.0 0.31862745098039214 0.8827319587628866 0.05392156862745098 0.04896907216494845
3.0 0.3860294117647059 0.895618556701031 0.04656862745098039 0.03865979381443299
3.0 0.25245098039215685 0.7164948453608248 0.04411764705882353 0.061855670103092786
4.0 0.6446078431372549 0.6288659793814433 0.10294117647058823 0.18556701030927836
4.0 0.2965686274509804 0.4729381443298969 0.058823529411764705 0.2036082474226804
3.0 0.375 0.31443298969072164 0.024509803921568627 0.030927835051546393
3.0 0.32965686274509803 0.2963917525773196 0.02696078431372549 0.02577319587628866
3.0 0.36642156862745096 0.22938144329896906 0.01715686274509804 0.015463917525773196
3.0 0.46691176470588236 0.17654639175257733 0.012254901960784314 0.007731958762886598
3.0 0.32230392156862747 0.36726804123711343 0.02696078431372549 0.03865979381443299
3.0 0.4325980392156863 0.14690721649484537 0.007352941176470588 0.005154639175257732
4.0 0.5159313725490197 0.11855670103092783 0.012254901960784314 0.010309278350515464
4.0 0.43014705882352944 0.11082474226804123 0.01715686274509804 0.010309278350515464
4.0 0.47058823529411764 0.08891752577319588 0.00980392156862745 0.007731958762886598
4.0 0.5281862745098039 0.08762886597938144 0.007352941176470588 0.005154639175257732
4.0 0.5171568627450981 0.07989690721649484 0.004901960784313725 0.005154639175257732
4.0 0.508578431372549 0.07860824742268041 0.007352941176470588 0.002577319587628866
4.0 0.5024509803921569 0.08247422680412371 0.004901960784313725 0.005154639175257732
4.0 0.49019607843137253 0.08505154639175258 0.004901960784313725 0.005154639175257732
3.0 0.5012254901960784 0.10824742268041238 0.0024509803921568627 0.005154639175257732
3.0 0.5061274509803921 0.12242268041237113 0.007352941176470588 0.007731958762886598
3.0 0.5061274509803921 0.1018041237113402 0.007352941176470588 0.002577319587628866
3.0 0.49754901960784315 0.1018041237113402 0.004901960784313725 0.002577319587628866
3.0 0.5073529411764706 0.09149484536082474 0.004901960784313725 0.002577319587628866
3.0 0.5196078431372549 0.09149484536082474 0.004901960784313725 0.002577319587628866
3.0 0.5392156862745098 0.08247422680412371 0.004901960784313725 0.0
3.0 0.5306372549019608 0.08118556701030928 0.0024509803921568627 0.002577319587628866
3.0 0.5245098039215687 0.07731958762886598 0.004901960784313725 0.005154639175257732
3.0 0.5392156862745098 0.07603092783505154 0.004901960784313725 0.002577319587628866
3.0 0.5526960784313726 0.07345360824742268 0.0024509803921568627 0.002577319587628866
3.0 0.5600490196078431 0.07345360824742268 0.0024509803921568627 0.002577319587628866
