4.0 0.31495098039215685 0.030927835051546393 0.031862745098039214 0.015463917525773196
4.0 0.31004901960784315 0.04381443298969072 0.031862745098039214 0.015463917525773196
5.0 0.36151960784313725 0.04639175257731959 0.03676470588235294 0.02577319587628866
5.0 0.30392156862745096 0.05025773195876289 0.0392156862745098 0.01804123711340206
5.0 0.29411764705882354 0.06572164948453608 0.0392156862745098 0.023195876288659795
3.0 0.3786764705882353 0.019329896907216496 0.022058823529411766 0.01288659793814433
5.0 0.3713235294117647 0.028350515463917526 0.022058823529411766 0.015463917525773196
5.0 0.30269607843137253 0.19716494845360824 0.04656862745098039 0.059278350515463915
5.0 0.3762254901960784 0.6185567010309279 0.1053921568627451 0.05154639175257732
5.0 0.6544117647058824 0.586340206185567 0.11274509803921569 0.05412371134020619
5.0 0.45098039215686275 0.961340206185567 0.024509803921568627 0.015463917525773196
3.0 0.21446078431372548 0.1481958762886598 0.041666666666666664 0.03350515463917526
3.0 0.25857843137254904 0.14948453608247422 0.04656862745098039 0.030927835051546393
3.0 0.33578431372549017 0.10438144329896908 0.029411764705882353 0.028350515463917526
3.0 0.31862745098039214 0.14432989690721648 0.03431372549019608 0.041237113402061855
3.0 0.28799019607843135 0.26804123711340205 0.03676470588235294 0.061855670103092786
3.0 0.27818627450980393 0.35180412371134023 0.031862745098039214 0.06958762886597938
3.0 0.27205882352941174 0.44716494845360827 0.029411764705882353 0.07474226804123711
3.0 0.27450980392156865 0.5438144329896907 0.029411764705882353 0.08247422680412371
3.0 0.13480392156862744 0.5309278350515464 0.029411764705882353 0.041237113402061855
3.0 0.1801470588235294 0.38402061855670105 0.04656862745098039 0.04639175257731959
3.0 0.15196078431372548 0.5992268041237113 0.03431372549019608 0.04381443298969072
3.0 0.16176470588235295 0.6327319587628866 0.0392156862745098 0.04896907216494845
3.0 0.18382352941176472 0.7229381443298969 0.04411764705882353 0.04896907216494845
3.0 0.21568627450980393 0.7461340206185567 0.049019607843137254 0.05412371134020619
3.0 0.24877450980392157 0.770618556701031 0.04656862745098039 0.03608247422680412
3.0 0.23651960784313725 0.788659793814433 0.04656862745098039 0.041237113402061855
3.0 0.24509803921568626 0.8092783505154639 0.04411764705882353 0.03608247422680412
3.0 0.2610294117647059 0.8711340206185567 0.03676470588235294 0.02577319587628866
3.0 0.27818627450980393 0.8930412371134021 0.04656862745098039 0.028350515463917526
3.0 0.30269607843137253 0.9368556701030928 0.031862745098039214 0.023195876288659795
3.0 0.39950980392156865 0.6649484536082474 0.08333333333333333 0.04639175257731959
3.0 0.48284313725490197 0.6211340206185567 0.03431372549019608 0.06701030927835051
3.0 0.5294117647058824 0.6224226804123711 0.049019607843137254 0.08505154639175258
3.0 0.5796568627450981 0.6108247422680413 0.04656862745098039 0.08762886597938144
3.0 0.36764705882352944 0.8131443298969072 0.0392156862745098 0.04896907216494845
3.0 0.39950980392156865 0.8015463917525774 0.0392156862745098 0.04639175257731959
3.0 0.44485294117647056 0.8221649484536082 0.04656862745098039 0.061855670103092786
3.0 0.4852941176470588 0.7989690721649485 0.0392156862745098 0.05154639175257732
3.0 0.5269607843137255 0.7976804123711341 0.03431372549019608 0.04896907216494845
3.0 0.5796568627450981 0.7809278350515464 0.04656862745098039 0.061855670103092786
3.0 0.6348039215686274 0.7757731958762887 0.0392156862745098 0.05670103092783505
3.0 0.7144607843137255 0.44587628865979384 0.031862745098039214 0.08762886597938144
3.0 0.6629901960784313 0.03865979381443299 0.022058823529411766 0.015463917525773196
4.0 0.6017156862745098 0.027061855670103094 0.02696078431372549 0.01804123711340206
3.0 0.6446078431372549 0.061855670103092786 0.024509803921568627 0.020618556701030927
3.0 0.6887254901960784 0.10824742268041238 0.029411764705882353 0.030927835051546393
3.0 0.7144607843137255 0.16494845360824742 0.031862745098039214 0.03608247422680412
3.0 0.7659313725490197 0.21391752577319587 0.03676470588235294 0.05154639175257732
3.0 0.7487745098039216 0.17268041237113402 0.031862745098039214 0.041237113402061855
4.0 0.8088235294117647 0.3337628865979381 0.029411764705882353 0.059278350515463915
4.0 0.38480392156862747 0.8853092783505154 0.03431372549019608 0.023195876288659795
3.0 0.4105392156862745 0.9123711340206185 0.03676470588235294 0.02577319587628866
3.0 0.43137254901960786 0.9381443298969072 0.029411764705882353 0.020618556701030927
5.0 0.6924019607843137 0.9188144329896907 0.02696078431372549 0.023195876288659795
3.0 0.6801470588235294 0.9536082474226805 0.02696078431372549 0.020618556701030927
3.0 0.9546568627450981 0.5373711340206185 0.012254901960784314 0.023195876288659795
3.0 0.9424019607843137 0.5592783505154639 0.012254901960784314 0.020618556701030927
9.0 0.8431372549019608 0.6481958762886598 0.0196078431372549 0.023195876288659795
9.0 0.8394607843137255 0.6675257731958762 0.012254901960784314 0.015463917525773196
9.0 0.8431372549019608 0.6765463917525774 0.014705882352941176 0.01288659793814433
9.0 0.3088235294117647 0.7744845360824743 0.0196078431372549 0.023195876288659795
0.0 0.14583333333333334 0.21005154639175258 0.007352941176470588 0.007731958762886598
0.0 0.17401960784313725 0.18685567010309279 0.004901960784313725 0.007731958762886598
0.0 0.8174019607843137 0.7177835051546392 0.007352941176470588 0.01288659793814433
9.0 0.6617647058823529 0.7860824742268041 0.0196078431372549 0.020618556701030927
3.0 0.9693627450980392 0.5438144329896907 0.007352941176470588 0.020618556701030927
3.0 0.9705882352941176 0.5979381443298969 0.00980392156862745 0.02577319587628866
3.0 0.9595588235294118 0.6224226804123711 0.012254901960784314 0.023195876288659795
3.0 0.928921568627451 0.6378865979381443 0.024509803921568627 0.03865979381443299
