3.0 0.9215686274509803 0.7255154639175257 0.07352941176470588 0.13659793814432988
3.0 0.30269607843137253 0.7525773195876289 0.2034313725490196 0.16494845360824742
3.0 0.2708333333333333 0.6894329896907216 0.16911764705882354 0.14690721649484537
3.0 0.18382352941176472 0.6481958762886598 0.1323529411764706 0.14690721649484537
3.0 0.1875 0.6030927835051546 0.11519607843137254 0.14432989690721648
3.0 0.5759803921568627 0.6417525773195877 0.25980392156862747 0.17010309278350516
3.0 0.5208333333333334 0.6005154639175257 0.23284313725490197 0.13917525773195877
3.0 0.6825980392156863 0.42912371134020616 0.12990196078431374 0.10051546391752578
3.0 0.7120098039215687 0.5012886597938144 0.10049019607843138 0.1056701030927835
3.0 0.8946078431372549 0.3492268041237113 0.024509803921568627 0.03865979381443299
3.0 0.9191176470588235 0.3492268041237113 0.014705882352941176 0.028350515463917526
3.0 0.9424019607843137 0.3492268041237113 0.012254901960784314 0.023195876288659795
3.0 0.9399509803921569 0.33762886597938147 0.012254901960784314 0.020618556701030927
3.0 0.9620098039215687 0.35180412371134023 0.007352941176470588 0.01804123711340206
3.0 0.946078431372549 0.3286082474226804 0.00980392156862745 0.01288659793814433
3.0 0.9522058823529411 0.34149484536082475 0.007352941176470588 0.01804123711340206
3.0 0.9227941176470589 0.33634020618556704 0.01715686274509804 0.028350515463917526
3.0 0.9252450980392157 0.32603092783505155 0.012254901960784314 0.023195876288659795
3.0 0.7757352941176471 0.2551546391752577 0.04656862745098039 0.03608247422680412
