5.0 0.08333333333333333 0.18646408839779005 0.0196078431372549 0.024861878453038673
5.0 0.09068627450980392 0.18922651933701656 0.029411764705882353 0.04696132596685083
3.0 0.09681372549019608 0.19337016574585636 0.02696078431372549 0.03314917127071823
3.0 0.10294117647058823 0.2154696132596685 0.024509803921568627 0.03867403314917127
4.0 0.11151960784313726 0.22375690607734808 0.031862745098039214 0.049723756906077346
4.0 0.11029411764705882 0.2527624309392265 0.03431372549019608 0.06353591160220995
4.0 0.07352941176470588 0.2596685082872928 0.024509803921568627 0.04419889502762431
0.0 0.12009803921568628 0.17541436464088397 0.00980392156862745 0.013812154696132596
0.0 0.13357843137254902 0.1712707182320442 0.012254901960784314 0.016574585635359115
0.0 0.12745098039215685 0.21961325966850828 0.00980392156862745 0.019337016574585635
0.0 0.12745098039215685 0.24171270718232044 0.00980392156862745 0.019337016574585635
0.0 0.09803921568627451 0.25 0.00980392156862745 0.019337016574585635
4.0 0.1017156862745098 0.31353591160220995 0.02696078431372549 0.06353591160220995
3.0 0.07475490196078431 0.42955801104972374 0.022058823529411766 0.06906077348066299
3.0 0.10049019607843138 0.5455801104972375 0.029411764705882353 0.0856353591160221
1.0 0.003676470588235294 0.4185082872928177 0.0024509803921568627 0.008287292817679558
0.0 0.003676470588235294 0.4171270718232044 0.0024509803921568627 0.011049723756906077
0.0 0.003676470588235294 0.4116022099447514 0.0024509803921568627 0.011049723756906077
0.0 0.006127450980392157 0.4185082872928177 0.0024509803921568627 0.013812154696132596
0.0 0.006127450980392157 0.42955801104972374 0.0024509803921568627 0.013812154696132596
0.0 0.06495098039215687 0.7734806629834254 0.007352941176470588 0.016574585635359115
0.0 0.05759803921568627 0.7486187845303868 0.007352941176470588 0.011049723756906077
3.0 0.24387254901960784 0.856353591160221 0.08088235294117647 0.08839779005524862
5.0 0.46078431372549017 0.9834254143646409 0.11274509803921569 0.027624309392265192
0.0 0.9705882352941176 0.5676795580110497 0.004901960784313725 0.019337016574585635
0.0 0.8419117647058824 0.5345303867403315 0.012254901960784314 0.04696132596685083
0.0 0.8762254901960784 0.47790055248618785 0.007352941176470588 0.03867403314917127
0.0 0.8774509803921569 0.430939226519337 0.00980392156862745 0.04419889502762431
0.0 0.9264705882352942 0.20994475138121546 0.004901960784313725 0.011049723756906077
0.0 0.9240196078431373 0.22099447513812154 0.00980392156862745 0.016574585635359115
8.0 0.9350490196078431 0.24447513812154695 0.04656862745098039 0.09116022099447514
3.0 0.9399509803921569 0.2803867403314917 0.01715686274509804 0.03591160220994475
3.0 0.9350490196078431 0.2955801104972376 0.02696078431372549 0.049723756906077346
8.0 0.9301470588235294 0.3342541436464088 0.061274509803921566 0.14917127071823205
8.0 0.9276960784313726 0.47099447513812154 0.051470588235294115 0.21823204419889503
8.0 0.8455882352941176 0.6450276243093923 0.10784313725490197 0.20718232044198895
4.0 0.9375 0.2292817679558011 0.01715686274509804 0.03314917127071823
4.0 0.09926470588235294 0.3743093922651934 0.02696078431372549 0.07458563535911603
