1.0 0.8995327102803738 0.8106796116504854 0.07009345794392523 0.09223300970873786
6.0 0.969626168224299 0.6638349514563107 0.02336448598130841 0.055825242718446605
0.0 0.8142523364485982 0.8143203883495146 0.04439252336448598 0.055825242718446605
5.0 0.9205607476635514 0.633495145631068 0.12149532710280374 0.23300970873786409
3.0 0.9205607476635514 0.46116504854368934 0.07476635514018691 0.14563106796116504
3.0 0.9007009345794392 0.33859223300970875 0.10514018691588785 0.16747572815533981
7.0 0.8457943925233645 0.2220873786407767 0.09813084112149532 0.11893203883495146
4.0 0.7067757009345794 0.11286407766990292 0.17990654205607476 0.10436893203883495
4.0 0.5969626168224299 0.05825242718446602 0.21261682242990654 0.06796116504854369
4.0 0.4929906542056075 0.021844660194174758 0.07476635514018691 0.019417475728155338
5.0 0.6261682242990654 0.03762135922330097 0.19158878504672897 0.0703883495145631
4.0 0.2733644859813084 0.05825242718446602 0.09813084112149532 0.05825242718446602
3.0 0.2628504672897196 0.07281553398058252 0.10981308411214953 0.06796116504854369
4.0 0.1985981308411215 0.12135922330097088 0.12149532710280374 0.0970873786407767
5.0 0.21261682242990654 0.13349514563106796 0.19626168224299065 0.1650485436893204
3.0 0.19158878504672897 0.19053398058252427 0.14485981308411214 0.1529126213592233
5.0 0.16705607476635514 0.28640776699029125 0.17990654205607476 0.22815533980582525
3.0 0.1413551401869159 0.42475728155339804 0.14719626168224298 0.2815533980582524
3.0 0.16355140186915887 0.6407766990291263 0.18691588785046728 0.2621359223300971
3.0 0.5385514018691588 0.9053398058252428 0.24065420560747663 0.13592233009708737
3.0 0.2651869158878505 0.875 0.23598130841121495 0.16262135922330098
4.0 0.19976635514018692 0.7524271844660194 0.2266355140186916 0.23300970873786409
0.0 0.16004672897196262 0.6723300970873787 0.04439252336448598 0.0970873786407767
3.0 0.3644859813084112 0.9575242718446602 0.22897196261682243 0.08009708737864078
5.0 0.02102803738317757 0.3604368932038835 0.028037383177570093 0.08495145631067962
3.0 0.07710280373831775 0.21723300970873785 0.04672897196261682 0.0703883495145631
