0.0 0.04205607476635514 0.691747572815534 0.004672897196261682 0.014563106796116505
3.0 0.15186915887850466 0.8131067961165048 0.028037383177570093 0.02912621359223301
3.0 0.18341121495327103 0.8385922330097088 0.035046728971962614 0.03155339805825243
3.0 0.21728971962616822 0.8628640776699029 0.04205607476635514 0.03155339805825243
3.0 0.3492990654205608 0.9211165048543689 0.053738317757009345 0.021844660194174758
3.0 0.3644859813084112 0.9320388349514563 0.06542056074766354 0.024271844660194174
0.0 0.6436915887850467 0.9344660194174758 0.011682242990654205 0.009708737864077669
6.0 0.6448598130841121 0.9368932038834952 0.03271028037383177 0.014563106796116505
0.0 0.75 0.9089805825242718 0.014018691588785047 0.012135922330097087
3.0 0.8084112149532711 0.8786407766990292 0.056074766355140186 0.04854368932038835
3.0 0.8633177570093458 0.8385922330097088 0.02570093457943925 0.03155339805825243
