3.0 0.017523364485981307 0.6140776699029126 0.02102803738317757 0.05825242718446602
3.0 0.053738317757009345 0.6177184466019418 0.04672897196261682 0.09466019417475728
3.0 0.0969626168224299 0.6104368932038835 0.06775700934579439 0.09951456310679611
3.0 0.19158878504672897 0.6019417475728155 0.13551401869158877 0.13106796116504854
3.0 0.5280373831775701 0.5242718446601942 0.2383177570093458 0.11650485436893204
3.0 0.7453271028037384 0.470873786407767 0.13551401869158877 0.11165048543689321
3.0 0.9123831775700935 0.4563106796116505 0.02570093457943925 0.05339805825242718
3.0 0.897196261682243 0.42475728155339804 0.037383177570093455 0.05825242718446602
3.0 0.8329439252336449 0.625 0.10046728971962617 0.10922330097087378
3.0 0.9532710280373832 0.5254854368932039 0.02336448598130841 0.050970873786407765
3.0 0.9894859813084113 0.5097087378640777 0.011682242990654205 0.03398058252427184
3.0 0.9929906542056075 0.4987864077669903 0.009345794392523364 0.02669902912621359
3.0 0.9953271028037384 0.4830097087378641 0.004672897196261682 0.019417475728155338
5.0 0.5607476635514018 0.32402912621359226 0.22429906542056074 0.13349514563106796
0.0 0.8014018691588785 0.8859223300970874 0.056074766355140186 0.05339805825242718
0.0 0.09462616822429906 0.7342233009708737 0.035046728971962614 0.06553398058252427
0.0 0.08644859813084112 0.7269417475728155 0.028037383177570093 0.055825242718446605
5.0 0.4322429906542056 0.29004854368932037 0.17757009345794392 0.07524271844660194
0.0 0.9754672897196262 0.508495145631068 0.002336448598130841 0.03155339805825243
3.0 0.9684579439252337 0.36771844660194175 0.007009345794392523 0.01699029126213592
