3.0 0.0397196261682243 0.33616504854368934 0.014018691588785047 0.03155339805825243
5.0 0.06425233644859812 0.30461165048543687 0.02570093457943925 0.050970873786407765
5.0 0.0397196261682243 0.5752427184466019 0.03271028037383177 0.11165048543689321
3.0 0.0689252336448598 0.3616504854368932 0.030373831775700934 0.06310679611650485
3.0 0.02219626168224299 0.4672330097087379 0.011682242990654205 0.0412621359223301
3.0 0.31542056074766356 0.587378640776699 0.19158878504672897 0.1553398058252427
3.0 0.09228971962616822 0.6735436893203883 0.05841121495327103 0.10436893203883495
3.0 0.16355140186915887 0.7900485436893204 0.102803738317757 0.12864077669902912
4.0 0.7535046728971962 0.9211165048543689 0.10981308411214953 0.08009708737864078
4.0 0.9579439252336449 0.5837378640776699 0.03271028037383177 0.12378640776699029
0.0 0.06775700934579439 0.6516990291262136 0.014018691588785047 0.0412621359223301
0.0 0.0630841121495327 0.7063106796116505 0.014018691588785047 0.02912621359223301
3.0 0.9602803738317757 0.3131067961165049 0.014018691588785047 0.02912621359223301
3.0 0.9509345794392523 0.27548543689320387 0.009345794392523364 0.01699029126213592
3.0 0.9672897196261683 0.3446601941747573 0.014018691588785047 0.03398058252427184
3.0 0.9871495327102804 0.4393203883495146 0.007009345794392523 0.038834951456310676
3.0 0.9789719626168224 0.36771844660194175 0.009345794392523364 0.03155339805825243
3.0 0.9672897196261683 0.3131067961165049 0.009345794392523364 0.024271844660194174
0.0 0.9637850467289719 0.3616504854368932 0.007009345794392523 0.019417475728155338
9.0 0.9637850467289719 0.36529126213592233 0.007009345794392523 0.021844660194174758
9.0 0.985981308411215 0.4016990291262136 0.004672897196261682 0.01699029126213592
9.0 0.9719626168224299 0.33616504854368934 0.004672897196261682 0.012135922330097087
0.0 0.9848130841121495 0.39927184466019416 0.002336448598130841 0.01699029126213592
0.0 0.9719626168224299 0.33495145631067963 0.004672897196261682 0.014563106796116505
3.0 0.7394859813084113 0.06310679611650485 0.016355140186915886 0.009708737864077669
9.0 0.9439252336448598 0.25606796116504854 0.004672897196261682 0.007281553398058253
0.0 0.9427570093457944 0.2536407766990291 0.002336448598130841 0.007281553398058253
9.0 0.7908878504672897 0.09344660194174757 0.007009345794392523 0.0024271844660194173
9.0 0.8387850467289719 0.1262135922330097 0.004672897196261682 0.0048543689320388345
0.0 0.7897196261682243 0.09223300970873786 0.004672897196261682 0.0048543689320388345
0.0 0.8376168224299065 0.1262135922330097 0.002336448598130841 0.0048543689320388345
0.0 0.9380841121495327 0.24150485436893204 0.002336448598130841 0.007281553398058253
0.0 0.9392523364485982 0.24393203883495146 0.004672897196261682 0.007281553398058253
3.0 0.9345794392523364 0.23179611650485438 0.004672897196261682 0.007281553398058253
