3.0 0.2426470588235294 0.8479381443298969 0.12254901960784313 0.10824742268041238
3.0 0.20098039215686275 0.7641752577319587 0.08823529411764706 0.1056701030927835
3.0 0.22181372549019607 0.663659793814433 0.061274509803921566 0.08505154639175258
3.0 0.3786764705882353 0.538659793814433 0.08088235294117647 0.08247422680412371
3.0 0.24877450980392157 0.49226804123711343 0.041666666666666664 0.061855670103092786
3.0 0.18382352941176472 0.49226804123711343 0.029411764705882353 0.061855670103092786
3.0 0.2536764705882353 0.3402061855670103 0.041666666666666664 0.05154639175257732
3.0 0.2107843137254902 0.3286082474226804 0.029411764705882353 0.04381443298969072
3.0 0.25980392156862747 0.27835051546391754 0.029411764705882353 0.030927835051546393
3.0 0.24142156862745098 0.24355670103092783 0.022058823529411766 0.023195876288659795
3.0 0.27818627450980393 0.22422680412371135 0.022058823529411766 0.02577319587628866
3.0 0.7524509803921569 0.7667525773195877 0.14215686274509803 0.10051546391752578
3.0 0.5980392156862745 0.634020618556701 0.09803921568627451 0.10824742268041238
4.0 0.866421568627451 0.6791237113402062 0.056372549019607844 0.07989690721649484
3.0 0.9362745098039216 0.654639175257732 0.0392156862745098 0.06701030927835051
3.0 0.8308823529411765 0.6752577319587629 0.08823529411764706 0.08247422680412371
3.0 0.821078431372549 0.6559278350515464 0.09313725490196079 0.08505154639175258
3.0 0.7781862745098039 0.5309278350515464 0.08088235294117647 0.05670103092783505
3.0 0.7622549019607843 0.49742268041237114 0.0784313725490196 0.06701030927835051
3.0 0.7095588235294118 0.4162371134020619 0.09558823529411764 0.06443298969072164
3.0 0.5232843137254902 0.5257731958762887 0.0857843137254902 0.08247422680412371
3.0 0.3431372549019608 0.9523195876288659 0.16176470588235295 0.07989690721649484
3.0 0.049019607843137254 0.6585051546391752 0.0392156862745098 0.07989690721649484
3.0 0.9485294117647058 0.7280927835051546 0.03431372549019608 0.059278350515463915
5.0 0.9129901960784313 0.7087628865979382 0.07107843137254902 0.0979381443298969
0.0 0.875 0.7332474226804123 0.0196078431372549 0.04381443298969072
0.0 0.8848039215686274 0.720360824742268 0.014705882352941176 0.03865979381443299
1.0 0.8970588235294118 0.711340206185567 0.0196078431372549 0.030927835051546393
0.0 0.9007352941176471 0.7087628865979382 0.022058823529411766 0.04639175257731959
1.0 0.6875 0.8621134020618557 0.03676470588235294 0.03350515463917526
1.0 0.3762254901960784 0.7358247422680413 0.04656862745098039 0.05412371134020619
0.0 0.022058823529411766 0.5979381443298969 0.00980392156862745 0.03608247422680412
2.0 0.6850490196078431 0.8724226804123711 0.041666666666666664 0.03350515463917526
2.0 0.023284313725490197 0.6082474226804123 0.007352941176470588 0.02577319587628866
9.0 0.37745098039215685 0.7474226804123711 0.05392156862745098 0.05670103092783505
0.0 0.16789215686274508 0.6817010309278351 0.031862745098039214 0.059278350515463915
3.0 0.15073529411764705 0.2912371134020619 0.01715686274509804 0.02577319587628866
3.0 0.25 0.22422680412371135 0.0196078431372549 0.020618556701030927
3.0 0.2610294117647059 0.20103092783505155 0.01715686274509804 0.015463917525773196
3.0 0.2855392156862745 0.1958762886597938 0.01715686274509804 0.015463917525773196
3.0 0.23529411764705882 0.19845360824742267 0.014705882352941176 0.015463917525773196
3.0 0.21691176470588236 0.20747422680412372 0.012254901960784314 0.01288659793814433
3.0 0.2757352941176471 0.17268041237113402 0.012254901960784314 0.010309278350515464
3.0 0.28308823529411764 0.16108247422680413 0.012254901960784314 0.007731958762886598
3.0 0.22794117647058823 0.19329896907216496 0.00980392156862745 0.010309278350515464
3.0 0.31495098039215685 0.19201030927835053 0.01715686274509804 0.01288659793814433
3.0 0.31862745098039214 0.2036082474226804 0.0196078431372549 0.015463917525773196
3.0 0.33088235294117646 0.21649484536082475 0.024509803921568627 0.020618556701030927
3.0 0.7034313725490197 0.3917525773195876 0.08333333333333333 0.05154639175257732
3.0 0.007352941176470588 0.5618556701030928 0.014705882352941176 0.03608247422680412
3.0 0.007352941176470588 0.5463917525773195 0.014705882352941176 0.03608247422680412
3.0 0.012254901960784314 0.5373711340206185 0.014705882352941176 0.028350515463917526
3.0 0.013480392156862746 0.5244845360824743 0.012254901960784314 0.023195876288659795
3.0 0.014705882352941176 0.5154639175257731 0.014705882352941176 0.02577319587628866
3.0 0.01838235294117647 0.5038659793814433 0.012254901960784314 0.028350515463917526
3.0 0.020833333333333332 0.49355670103092786 0.012254901960784314 0.023195876288659795
3.0 0.0024509803921568627 0.5309278350515464 0.004901960784313725 0.03608247422680412
5.0 0.03431372549019608 0.5670103092783505 0.024509803921568627 0.07216494845360824
0.0 0.0392156862745098 0.595360824742268 0.00980392156862745 0.030927835051546393
0.0 0.030637254901960783 0.6172680412371134 0.007352941176470588 0.03350515463917526
0.0 0.03553921568627451 0.5914948453608248 0.007352941176470588 0.03350515463917526
1.0 0.031862745098039214 0.6275773195876289 0.00980392156862745 0.03350515463917526
9.0 0.03431372549019608 0.6327319587628866 0.014705882352941176 0.028350515463917526
3.0 0.9681372549019608 0.6198453608247423 0.024509803921568627 0.05412371134020619
