3.0 0.0857843137254902 0.20303867403314918 0.004901960784313725 0.008287292817679558
3.0 0.0784313725490196 0.22790055248618785 0.00980392156862745 0.013812154696132596
5.0 0.03431372549019608 0.30248618784530384 0.014705882352941176 0.024861878453038673
8.0 0.015931372549019607 0.35497237569060774 0.012254901960784314 0.03591160220994475
3.0 0.05024509803921569 0.2886740331491713 0.007352941176470588 0.013812154696132596
0.0 0.06004901960784314 0.26519337016574585 0.0024509803921568627 0.0055248618784530384
4.0 0.22549019607843138 0.09944751381215469 0.0196078431372549 0.016574585635359115
3.0 0.24019607843137256 0.09944751381215469 0.014705882352941176 0.011049723756906077
3.0 0.08333333333333333 0.27348066298342544 0.00980392156862745 0.016574585635359115
3.0 0.07107843137254902 0.27486187845303867 0.00980392156862745 0.013812154696132596
0.0 0.23651960784313725 0.07596685082872928 0.0024509803921568627 0.0027624309392265192
3.0 0.1053921568627451 0.2638121546961326 0.014705882352941176 0.019337016574585635
3.0 0.12990196078431374 0.24447513812154695 0.0196078431372549 0.024861878453038673
4.0 0.09681372549019608 0.2596685082872928 0.012254901960784314 0.022099447513812154
0.0 0.05759803921568627 0.30386740331491713 0.0024509803921568627 0.0055248618784530384
0.0 0.0625 0.2983425414364641 0.0024509803921568627 0.0055248618784530384
0.0 0.05269607843137255 0.319060773480663 0.0024509803921568627 0.008287292817679558
0.0 0.04779411764705882 0.3218232044198895 0.0024509803921568627 0.008287292817679558
0.0 0.05024509803921569 0.32044198895027626 0.0024509803921568627 0.0055248618784530384
0.0 0.0625 0.3011049723756906 0.0024509803921568627 0.0055248618784530384
0.0 0.06495098039215687 0.2955801104972376 0.0024509803921568627 0.0055248618784530384
0.0 0.05024509803921569 0.32320441988950277 0.0024509803921568627 0.0055248618784530384
0.0 0.028186274509803922 0.36187845303867405 0.0024509803921568627 0.011049723756906077
3.0 0.03308823529411765 0.38950276243093923 0.007352941176470588 0.022099447513812154
3.0 0.031862745098039214 0.4102209944751381 0.004901960784313725 0.019337016574585635
3.0 0.023284313725490197 0.5124309392265194 0.007352941176470588 0.024861878453038673
3.0 0.024509803921568627 0.43370165745856354 0.004901960784313725 0.016574585635359115
3.0 0.014705882352941176 0.45027624309392267 0.004901960784313725 0.016574585635359115
3.0 0.01715686274509804 0.4530386740331492 0.004901960784313725 0.022099447513812154
8.0 0.022058823529411766 0.4102209944751381 0.014705882352941176 0.04696132596685083
8.0 0.04044117647058824 0.3632596685082873 0.022058823529411766 0.058011049723756904
3.0 0.0392156862745098 0.3798342541436464 0.004901960784313725 0.019337016574585635
3.0 0.04779411764705882 0.36049723756906077 0.007352941176470588 0.019337016574585635
3.0 0.04534313725490196 0.36187845303867405 0.007352941176470588 0.016574585635359115
5.0 0.041666666666666664 0.38812154696132595 0.014705882352941176 0.03591160220994475
5.0 0.05759803921568627 0.34392265193370164 0.01715686274509804 0.04143646408839779
3.0 0.1556372549019608 0.24447513812154695 0.022058823529411766 0.024861878453038673
3.0 0.16544117647058823 0.23342541436464087 0.022058823529411766 0.024861878453038673
3.0 0.15196078431372548 0.281767955801105 0.0196078431372549 0.022099447513812154
3.0 0.15318627450980393 0.27209944751381215 0.022058823529411766 0.024861878453038673
3.0 0.1556372549019608 0.31215469613259667 0.022058823529411766 0.027624309392265192
0.0 0.03553921568627451 0.6767955801104972 0.0024509803921568627 0.011049723756906077
0.0 0.03553921568627451 0.675414364640884 0.0024509803921568627 0.008287292817679558
3.0 0.00857843137254902 0.56353591160221 0.007352941176470588 0.027624309392265192
4.0 0.02696078431372549 0.5428176795580111 0.00980392156862745 0.03038674033149171
4.0 0.12990196078431374 0.31077348066298344 0.0196078431372549 0.03038674033149171
5.0 0.13970588235294118 0.2941988950276243 0.029411764705882353 0.04143646408839779
3.0 0.17524509803921567 0.2803867403314917 0.02696078431372549 0.03038674033149171
3.0 0.17401960784313725 0.26933701657458564 0.024509803921568627 0.024861878453038673
3.0 0.19975490196078433 0.24171270718232044 0.02696078431372549 0.03038674033149171
3.0 0.22058823529411764 0.2610497237569061 0.03431372549019608 0.03038674033149171
3.0 0.47058823529411764 0.31629834254143646 0.058823529411764705 0.03038674033149171
4.0 0.2867647058823529 0.27071823204419887 0.04411764705882353 0.03314917127071823
5.0 0.36519607843137253 0.28591160220994477 0.08333333333333333 0.058011049723756904
4.0 0.27328431372549017 0.2085635359116022 0.041666666666666664 0.03591160220994475
3.0 0.375 0.2569060773480663 0.049019607843137254 0.027624309392265192
3.0 0.5563725490196079 0.22375690607734808 0.058823529411764705 0.027624309392265192
5.0 0.6053921568627451 0.31215469613259667 0.09803921568627451 0.06629834254143646
3.0 0.6642156862745098 0.3743093922651934 0.06372549019607843 0.04143646408839779
3.0 0.7732843137254902 0.3715469613259669 0.041666666666666664 0.03591160220994475
8.0 0.8149509803921569 0.430939226519337 0.04656862745098039 0.055248618784530384
3.0 0.8872549019607843 0.48342541436464087 0.014705882352941176 0.022099447513812154
8.0 0.9375 0.5165745856353591 0.01715686274509804 0.03314917127071823
3.0 0.8921568627450981 0.4102209944751381 0.0196078431372549 0.03038674033149171
3.0 0.9044117647058824 0.47790055248618785 0.014705882352941176 0.022099447513812154
3.0 0.9767156862745098 0.537292817679558 0.007352941176470588 0.019337016574585635
3.0 0.9840686274509803 0.56353591160221 0.007352941176470588 0.016574585635359115
4.0 0.946078431372549 0.4958563535911602 0.00980392156862745 0.024861878453038673
4.0 0.9926470588235294 0.5580110497237569 0.004901960784313725 0.022099447513812154
4.0 0.9681372549019608 0.5483425414364641 0.00980392156862745 0.024861878453038673
3.0 0.34191176470588236 0.9654696132596685 0.056372549019607844 0.03038674033149171
3.0 0.3958333333333333 0.9585635359116023 0.056372549019607844 0.027624309392265192
3.0 0.0196078431372549 0.3701657458563536 0.004901960784313725 0.011049723756906077
3.0 0.3088235294117647 0.04005524861878453 0.014705882352941176 0.008287292817679558
3.0 0.31862745098039214 0.034530386740331494 0.014705882352941176 0.008287292817679558
3.0 0.32598039215686275 0.03038674033149171 0.014705882352941176 0.0055248618784530384
3.0 0.3321078431372549 0.027624309392265192 0.012254901960784314 0.0055248618784530384
8.0 0.3700980392156863 0.04281767955801105 0.024509803921568627 0.013812154696132596
8.0 0.4583333333333333 0.0027624309392265192 0.0196078431372549 0.0055248618784530384
0.0 0.22426470588235295 0.15883977900552487 0.007352941176470588 0.008287292817679558
0.0 0.20465686274509803 0.17955801104972377 0.007352941176470588 0.011049723756906077
0.0 0.19362745098039216 0.19613259668508287 0.004901960784313725 0.011049723756906077
0.0 0.1875 0.19889502762430938 0.007352941176470588 0.011049723756906077
0.0 0.2549019607843137 0.18646408839779005 0.00980392156862745 0.013812154696132596
0.0 0.2181372549019608 0.19337016574585636 0.004901960784313725 0.011049723756906077
0.0 0.3125 0.17265193370165746 0.007352941176470588 0.013812154696132596
0.0 0.5526960784313726 0.1850828729281768 0.007352941176470588 0.011049723756906077
0.0 0.7512254901960784 0.255524861878453 0.007352941176470588 0.013812154696132596
0.0 0.8345588235294118 0.31077348066298344 0.007352941176470588 0.013812154696132596
0.0 0.8419117647058824 0.3259668508287293 0.007352941176470588 0.016574585635359115
0.0 0.875 0.34806629834254144 0.004901960784313725 0.016574585635359115
0.0 0.9669117647058824 0.44613259668508287 0.0024509803921568627 0.008287292817679558
0.0 0.9852941176470589 0.47513812154696133 0.0 0.011049723756906077
