0.0 0.9950980392156863 0.5025773195876289 0.004901960784313725 0.030927835051546393
0.0 0.9938725490196079 0.4948453608247423 0.0024509803921568627 0.030927835051546393
0.0 0.9950980392156863 0.48582474226804123 0.004901960784313725 0.023195876288659795
0.0 0.9901960784313726 0.47164948453608246 0.004901960784313725 0.030927835051546393
0.0 0.9950980392156863 0.47164948453608246 0.004901960784313725 0.02577319587628866
0.0 0.9938725490196079 0.4690721649484536 0.0024509803921568627 0.030927835051546393
0.0 0.9828431372549019 0.452319587628866 0.004901960784313725 0.03350515463917526
0.0 0.9669117647058824 0.47680412371134023 0.007352941176470588 0.03608247422680412
0.0 0.9950980392156863 0.45103092783505155 0.004901960784313725 0.030927835051546393
0.0 0.9901960784313726 0.43427835051546393 0.004901960784313725 0.028350515463917526
0.0 0.991421568627451 0.42010309278350516 0.007352941176470588 0.030927835051546393
0.0 0.9877450980392157 0.4059278350515464 0.004901960784313725 0.028350515463917526
0.0 0.9852941176470589 0.40850515463917525 0.004901960784313725 0.023195876288659795
0.0 0.9840686274509803 0.3904639175257732 0.007352941176470588 0.023195876288659795
0.0 0.9889705882352942 0.4020618556701031 0.007352941176470588 0.02577319587628866
0.0 0.9534313725490197 0.44072164948453607 0.00980392156862745 0.041237113402061855
0.0 0.9485294117647058 0.4252577319587629 0.00980392156862745 0.041237113402061855
0.0 0.9301470588235294 0.4497422680412371 0.012254901960784314 0.04896907216494845
0.0 0.9276960784313726 0.4381443298969072 0.012254901960784314 0.04639175257731959
0.0 0.9142156862745098 0.4574742268041237 0.014705882352941176 0.05412371134020619
0.0 0.9129901960784313 0.44072164948453607 0.01715686274509804 0.05670103092783505
0.0 0.9080882352941176 0.41881443298969073 0.012254901960784314 0.05412371134020619
0.0 0.8799019607843137 0.44072164948453607 0.014705882352941176 0.05670103092783505
0.0 0.8762254901960784 0.43041237113402064 0.01715686274509804 0.05154639175257732
0.0 0.8235294117647058 0.39819587628865977 0.029411764705882353 0.06443298969072164
0.0 0.7990196078431373 0.3801546391752577 0.029411764705882353 0.06958762886597938
0.0 0.7794117647058824 0.33118556701030927 0.029411764705882353 0.06443298969072164
0.0 0.9240196078431373 0.28350515463917525 0.00980392156862745 0.020618556701030927
0.0 0.9215686274509803 0.2809278350515464 0.00980392156862745 0.020618556701030927
0.0 0.9105392156862745 0.27835051546391754 0.01715686274509804 0.030927835051546393
0.0 0.9068627450980392 0.28865979381443296 0.014705882352941176 0.030927835051546393
0.0 0.8982843137254902 0.27319587628865977 0.01715686274509804 0.030927835051546393
0.0 0.9080882352941176 0.2822164948453608 0.01715686274509804 0.03350515463917526
0.0 0.9068627450980392 0.2770618556701031 0.014705882352941176 0.028350515463917526
0.0 0.9019607843137255 0.26804123711340205 0.014705882352941176 0.030927835051546393
3.0 0.6654411764705882 0.1481958762886598 0.1053921568627451 0.059278350515463915
9.0 0.6813725490196079 0.6507731958762887 0.08333333333333333 0.09536082474226804
1.0 0.6776960784313726 0.6443298969072165 0.041666666666666664 0.08762886597938144
1.0 0.6887254901960784 0.6327319587628866 0.0392156862745098 0.09020618556701031
1.0 0.7034313725490197 0.625 0.03431372549019608 0.09536082474226804
0.0 0.6507352941176471 0.586340206185567 0.022058823529411766 0.08505154639175258
0.0 0.6360294117647058 0.5734536082474226 0.031862745098039214 0.11082474226804123
0.0 0.6666666666666666 0.4793814432989691 0.0392156862745098 0.08762886597938144
0.0 0.6580882352941176 0.44072164948453607 0.031862745098039214 0.09278350515463918
0.0 0.625 0.4252577319587629 0.03431372549019608 0.09278350515463918
0.0 0.4411764705882353 0.6005154639175257 0.05392156862745098 0.0979381443298969
0.0 0.43995098039215685 0.5811855670103093 0.031862745098039214 0.09536082474226804
0.0 0.375 0.6752577319587629 0.049019607843137254 0.07216494845360824
0.0 0.3860294117647059 0.6649484536082474 0.04656862745098039 0.07216494845360824
0.0 0.3075980392156863 0.645618556701031 0.04656862745098039 0.07989690721649484
0.0 0.2867647058823529 0.6056701030927835 0.03431372549019608 0.06701030927835051
0.0 0.3235294117647059 0.6082474226804123 0.029411764705882353 0.08762886597938144
0.0 0.31495098039215685 0.5927835051546392 0.031862745098039214 0.07731958762886598
0.0 0.36764705882352944 0.5476804123711341 0.05392156862745098 0.09020618556701031
0.0 0.27941176470588236 0.5682989690721649 0.029411764705882353 0.07989690721649484
0.0 0.19240196078431374 0.6018041237113402 0.03676470588235294 0.08505154639175258
0.0 0.2107843137254902 0.586340206185567 0.03431372549019608 0.08505154639175258
0.0 0.2107843137254902 0.5347938144329897 0.029411764705882353 0.09020618556701031
0.0 0.2512254901960784 0.5373711340206185 0.03676470588235294 0.08505154639175258
0.0 0.24142156862745098 0.5051546391752577 0.022058823529411766 0.07731958762886598
0.0 0.2107843137254902 0.5193298969072165 0.024509803921568627 0.08505154639175258
0.0 0.16176470588235295 0.6353092783505154 0.0392156862745098 0.06958762886597938
0.0 0.15073529411764705 0.6056701030927835 0.02696078431372549 0.07216494845360824
0.0 0.13480392156862744 0.5322164948453608 0.0196078431372549 0.06443298969072164
0.0 0.13970588235294118 0.5038659793814433 0.014705882352941176 0.06443298969072164
0.0 0.13970588235294118 0.4729381443298969 0.0196078431372549 0.06443298969072164
0.0 0.11151960784313726 0.5721649484536082 0.01715686274509804 0.061855670103092786
0.0 0.11519607843137254 0.5657216494845361 0.0196078431372549 0.059278350515463915
0.0 0.08823529411764706 0.5257731958762887 0.014705882352941176 0.05154639175257732
0.0 0.09313725490196079 0.5128865979381443 0.014705882352941176 0.05670103092783505
0.0 0.06495098039215687 0.46134020618556704 0.007352941176470588 0.03608247422680412
0.0 0.07475490196078431 0.44329896907216493 0.012254901960784314 0.04639175257731959
0.0 0.0857843137254902 0.6404639175257731 0.024509803921568627 0.05412371134020619
0.0 0.09068627450980392 0.6314432989690721 0.024509803921568627 0.05154639175257732
0.0 0.08700980392156862 0.615979381443299 0.022058823529411766 0.05670103092783505
0.0 0.08455882352941177 0.6018041237113402 0.022058823529411766 0.059278350515463915
0.0 0.06495098039215687 0.5940721649484536 0.012254901960784314 0.04381443298969072
0.0 0.06495098039215687 0.5837628865979382 0.01715686274509804 0.04381443298969072
0.0 0.0625 0.5708762886597938 0.012254901960784314 0.04896907216494845
0.0 0.11397058823529412 0.7396907216494846 0.03676470588235294 0.05670103092783505
0.0 0.09681372549019608 0.7164948453608248 0.022058823529411766 0.04639175257731959
0.0 0.09313725490196079 0.7074742268041238 0.0196078431372549 0.04381443298969072
0.0 0.35661764705882354 0.7989690721649485 0.07107843137254902 0.061855670103092786
0.0 0.058823529411764705 0.6945876288659794 0.024509803921568627 0.04896907216494845
0.0 0.0392156862745098 0.5760309278350515 0.00980392156862745 0.03865979381443299
0.0 0.02696078431372549 0.5798969072164949 0.00980392156862745 0.03608247422680412
0.0 0.02696078431372549 0.6030927835051546 0.00980392156862745 0.03608247422680412
0.0 0.02696078431372549 0.5889175257731959 0.00980392156862745 0.03865979381443299
0.0 0.012254901960784314 0.5657216494845361 0.00980392156862745 0.03865979381443299
0.0 0.013480392156862746 0.5541237113402062 0.007352941176470588 0.030927835051546393
0.0 0.00857843137254902 0.5554123711340206 0.007352941176470588 0.03350515463917526
0.0 0.00980392156862745 0.4574742268041237 0.004901960784313725 0.03350515463917526
0.0 0.013480392156862746 0.4484536082474227 0.007352941176470588 0.030927835051546393
0.0 0.024509803921568627 0.4690721649484536 0.004901960784313725 0.03608247422680412
0.0 0.025735294117647058 0.46134020618556704 0.007352941176470588 0.03608247422680412
0.0 0.07598039215686274 0.33762886597938147 0.00980392156862745 0.030927835051546393
0.0 0.07965686274509803 0.3324742268041237 0.012254901960784314 0.030927835051546393
0.0 0.06985294117647059 0.32603092783505155 0.012254901960784314 0.028350515463917526
0.0 0.061274509803921566 0.3389175257731959 0.00980392156862745 0.028350515463917526
0.0 0.015931372549019607 0.41237113402061853 0.007352941176470588 0.030927835051546393
0.0 0.025735294117647058 0.38144329896907214 0.007352941176470588 0.02577319587628866
0.0 0.020833333333333332 0.3801546391752577 0.007352941176470588 0.023195876288659795
0.0 0.011029411764705883 0.4213917525773196 0.007352941176470588 0.028350515463917526
0.0 0.00857843137254902 0.41237113402061853 0.007352941176470588 0.02577319587628866
0.0 0.011029411764705883 0.4007731958762887 0.007352941176470588 0.028350515463917526
0.0 0.014705882352941176 0.39304123711340205 0.00980392156862745 0.028350515463917526
0.0 0.013480392156862746 0.38788659793814434 0.007352941176470588 0.028350515463917526
0.0 0.015931372549019607 0.3788659793814433 0.007352941176470588 0.030927835051546393
0.0 0.011029411764705883 0.39690721649484534 0.007352941176470588 0.02577319587628866
0.0 0.013480392156862746 0.37757731958762886 0.007352941176470588 0.023195876288659795
0.0 0.00980392156862745 0.38788659793814434 0.004901960784313725 0.028350515463917526
0.0 0.11764705882352941 0.23324742268041238 0.014705882352941176 0.023195876288659795
0.0 0.125 0.22551546391752578 0.014705882352941176 0.023195876288659795
0.0 0.15318627450980393 0.18427835051546393 0.01715686274509804 0.023195876288659795
0.0 0.15931372549019607 0.18041237113402062 0.014705882352941176 0.020618556701030927
0.0 0.17769607843137256 0.16494845360824742 0.01715686274509804 0.020618556701030927
0.0 0.17892156862745098 0.16752577319587628 0.014705882352941176 0.020618556701030927
0.0 0.13480392156862744 0.19072164948453607 0.014705882352941176 0.020618556701030927
0.0 0.14460784313725492 0.18556701030927836 0.014705882352941176 0.020618556701030927
0.0 0.25 0.1172680412371134 0.0196078431372549 0.01804123711340206
0.0 0.29534313725490197 0.09536082474226804 0.022058823529411766 0.015463917525773196
0.0 0.32598039215686275 0.08118556701030928 0.014705882352941176 0.01288659793814433
0.0 0.3321078431372549 0.08118556701030928 0.01715686274509804 0.01288659793814433
0.0 0.3639705882352941 0.06958762886597938 0.01715686274509804 0.010309278350515464
9.0 0.40931372549019607 0.06829896907216494 0.014705882352941176 0.01288659793814433
1.0 0.4105392156862745 0.06572164948453608 0.012254901960784314 0.007731958762886598
0.0 0.45955882352941174 0.05670103092783505 0.012254901960784314 0.010309278350515464
0.0 0.4693627450980392 0.061855670103092786 0.01715686274509804 0.010309278350515464
9.0 0.40441176470588236 0.05798969072164949 0.014705882352941176 0.007731958762886598
1.0 0.4068627450980392 0.05412371134020619 0.00980392156862745 0.005154639175257732
1.0 0.4056372549019608 0.05283505154639175 0.007352941176470588 0.007731958762886598
0.0 0.4877450980392157 0.059278350515463915 0.014705882352941176 0.010309278350515464
0.0 0.508578431372549 0.06314432989690721 0.012254901960784314 0.01288659793814433
0.0 0.5171568627450981 0.06056701030927835 0.00980392156862745 0.01288659793814433
0.0 0.5318627450980392 0.05670103092783505 0.00980392156862745 0.010309278350515464
0.0 0.5465686274509803 0.059278350515463915 0.014705882352941176 0.010309278350515464
0.0 0.553921568627451 0.05412371134020619 0.014705882352941176 0.010309278350515464
0.0 0.3602941176470588 0.061855670103092786 0.00980392156862745 0.010309278350515464
0.0 0.36642156862745096 0.061855670103092786 0.012254901960784314 0.010309278350515464
0.0 0.38357843137254904 0.05154639175257732 0.012254901960784314 0.010309278350515464
0.0 0.3762254901960784 0.05154639175257732 0.012254901960784314 0.010309278350515464
0.0 0.3713235294117647 0.05412371134020619 0.012254901960784314 0.010309278350515464
0.0 0.3627450980392157 0.05670103092783505 0.00980392156862745 0.010309278350515464
0.0 0.3541666666666667 0.059278350515463915 0.012254901960784314 0.010309278350515464
0.0 0.3075980392156863 0.061855670103092786 0.012254901960784314 0.010309278350515464
0.0 0.3125 0.059278350515463915 0.012254901960784314 0.010309278350515464
3.0 0.33455882352941174 0.03221649484536082 0.012254901960784314 0.007731958762886598
1.0 0.33578431372549017 0.04381443298969072 0.00980392156862745 0.005154639175257732
2.0 0.33455882352941174 0.04381443298969072 0.007352941176470588 0.005154639175257732
0.0 0.34558823529411764 0.03608247422680412 0.00980392156862745 0.005154639175257732
0.0 0.3394607843137255 0.03608247422680412 0.007352941176470588 0.005154639175257732
2.0 0.06985294117647059 0.28350515463917525 0.012254901960784314 0.020618556701030927
9.0 0.06372549019607843 0.2912371134020619 0.00980392156862745 0.020618556701030927
