5.0 0.13602941176470587 0.18298969072164947 0.031862745098039214 0.03608247422680412
3.0 0.00980392156862745 0.4110824742268041 0.014705882352941176 0.03865979381443299
4.0 0.0428921568627451 0.3943298969072165 0.031862745098039214 0.06701030927835051
8.0 0.013480392156862746 0.4793814432989691 0.02696078431372549 0.12371134020618557
4.0 0.25 0.18427835051546393 0.09803921568627451 0.07474226804123711
0.0 0.013480392156862746 0.5760309278350515 0.007352941176470588 0.03350515463917526
1.0 0.013480392156862746 0.5657216494845361 0.007352941176470588 0.023195876288659795
9.0 0.015931372549019607 0.5734536082474226 0.012254901960784314 0.03350515463917526
0.0 0.04534313725490196 0.4806701030927835 0.007352941176470588 0.04381443298969072
0.0 0.04411764705882353 0.46649484536082475 0.004901960784313725 0.041237113402061855
0.0 0.13970588235294118 0.4497422680412371 0.014705882352941176 0.05412371134020619
3.0 0.18259803921568626 0.5077319587628866 0.09068627450980392 0.13402061855670103
0.0 0.4019607843137255 0.07345360824742268 0.00980392156862745 0.007731958762886598
5.0 0.35171568627450983 0.05154639175257732 0.061274509803921566 0.020618556701030927
5.0 0.43504901960784315 0.03350515463917526 0.07107843137254902 0.015463917525773196
5.0 0.4644607843137255 0.03479381443298969 0.051470588235294115 0.01288659793814433
5.0 0.49142156862745096 0.03479381443298969 0.04656862745098039 0.007731958762886598
3.0 0.6568627450980392 0.07731958762886598 0.03431372549019608 0.015463917525773196
7.0 0.7830882352941176 0.2345360824742268 0.03676470588235294 0.04639175257731959
9.0 0.8112745098039216 0.25128865979381443 0.029411764705882353 0.03350515463917526
3.0 0.6666666666666666 0.2706185567010309 0.0784313725490196 0.06701030927835051
0.0 0.7071078431372549 0.2345360824742268 0.01715686274509804 0.030927835051546393
0.0 0.3174019607843137 0.4252577319587629 0.022058823529411766 0.07216494845360824
0.0 0.24142156862745098 0.5103092783505154 0.022058823529411766 0.06701030927835051
0.0 0.39950980392156865 0.5476804123711341 0.03431372549019608 0.08505154639175258
0.0 0.35171568627450983 0.5682989690721649 0.031862745098039214 0.06958762886597938
3.0 0.3137254901960784 0.615979381443299 0.18627450980392157 0.15463917525773196
3.0 0.7806372549019608 0.7422680412371134 0.15931372549019607 0.15463917525773196
5.0 0.5674019607843137 0.6739690721649485 0.33088235294117646 0.22938144329896906
4.0 0.9411764705882353 0.7345360824742269 0.06372549019607843 0.1134020618556701
3.0 0.9644607843137255 0.6701030927835051 0.041666666666666664 0.08762886597938144
0.0 0.9571078431372549 0.6971649484536082 0.012254901960784314 0.023195876288659795
0.0 0.9644607843137255 0.6971649484536082 0.012254901960784314 0.028350515463917526
0.0 0.9350490196078431 0.6765463917525774 0.022058823529411766 0.04896907216494845
0.0 0.875 0.7448453608247423 0.10784313725490197 0.13917525773195877
9.0 0.8958333333333334 0.5824742268041238 0.01715686274509804 0.041237113402061855
7.0 0.1875 0.14948453608247422 0.02696078431372549 0.02577319587628866
4.0 0.375 0.03865979381443299 0.00980392156862745 0.005154639175257732
