3.0 0.2628504672897196 0.941747572815534 0.053738317757009345 0.02912621359223301
3.0 0.21144859813084113 0.9089805825242718 0.035046728971962614 0.02669902912621359
9.0 0.21261682242990654 0.9162621359223301 0.014018691588785047 0.012135922330097087
9.0 0.2044392523364486 0.9065533980582524 0.016355140186915886 0.012135922330097087
6.0 0.16004672897196262 0.8640776699029126 0.02570093457943925 0.024271844660194174
1.0 0.20210280373831777 0.904126213592233 0.011682242990654205 0.012135922330097087
4.0 0.1425233644859813 0.8434466019417476 0.037383177570093455 0.0412621359223301
9.0 0.11682242990654206 0.8191747572815534 0.009345794392523364 0.012135922330097087
1.0 0.11565420560747663 0.8155339805825242 0.007009345794392523 0.009708737864077669
4.0 0.11214953271028037 0.8046116504854369 0.028037383177570093 0.03640776699029126
0.0 0.102803738317757 0.7864077669902912 0.009345794392523364 0.014563106796116505
1.0 0.0911214953271028 0.7851941747572816 0.009345794392523364 0.012135922330097087
2.0 0.09345794392523364 0.787621359223301 0.009345794392523364 0.012135922330097087
3.0 0.08761682242990654 0.7730582524271845 0.02570093457943925 0.03640776699029126
3.0 0.06658878504672897 0.7390776699029126 0.02102803738317757 0.03640776699029126
3.0 0.04906542056074766 0.7063106796116505 0.014018691588785047 0.02912621359223301
2.0 0.054906542056074766 0.7233009708737864 0.007009345794392523 0.014563106796116505
1.0 0.053738317757009345 0.720873786407767 0.004672897196261682 0.009708737864077669
3.0 0.03387850467289719 0.6747572815533981 0.011682242990654205 0.02912621359223301
0.0 0.03271028037383177 0.6747572815533981 0.004672897196261682 0.014563106796116505
2.0 0.02570093457943925 0.6589805825242718 0.004672897196261682 0.012135922330097087
1.0 0.02453271028037383 0.6553398058252428 0.002336448598130841 0.009708737864077669
3.0 0.02570093457943925 0.6516990291262136 0.009345794392523364 0.02669902912621359
3.0 0.018691588785046728 0.6298543689320388 0.009345794392523364 0.02669902912621359
2.0 0.25934579439252337 0.7245145631067961 0.02336448598130841 0.02669902912621359
2.0 0.3107476635514019 0.7621359223300971 0.028037383177570093 0.024271844660194174
3.0 0.037383177570093455 0.3932038834951456 0.009345794392523364 0.019417475728155338
3.0 0.03387850467289719 0.39441747572815533 0.007009345794392523 0.01699029126213592
3.0 0.03387850467289719 0.3907766990291262 0.007009345794392523 0.014563106796116505
3.0 0.026869158878504672 0.3871359223300971 0.007009345794392523 0.012135922330097087
