4.0 0.00980392156862745 0.48756906077348067 0.00980392156862745 0.04143646408839779
4.0 0.01838235294117647 0.4972375690607735 0.007352941176470588 0.04419889502762431
4.0 0.022058823529411766 0.5082872928176796 0.00980392156862745 0.049723756906077346
4.0 0.028186274509803922 0.5151933701657458 0.012254901960784314 0.052486187845303865
4.0 0.024509803921568627 0.6408839779005525 0.014705882352941176 0.03314917127071823
4.0 0.0625 0.7140883977900553 0.02696078431372549 0.052486187845303865
3.0 0.18259803921568626 0.6837016574585635 0.051470588235294115 0.09668508287292818
0.0 0.17647058823529413 0.2941988950276243 0.004901960784313725 0.019337016574585635
0.0 0.22303921568627452 0.24447513812154695 0.00980392156862745 0.019337016574585635
0.0 0.3075980392156863 0.11740331491712708 0.012254901960784314 0.013812154696132596
0.0 0.3762254901960784 0.04419889502762431 0.007352941176470588 0.0055248618784530384
4.0 0.4411764705882353 0.026243093922651933 0.024509803921568627 0.013812154696132596
8.0 0.6825980392156863 0.1505524861878453 0.09558823529411764 0.11878453038674033
8.0 0.8357843137254902 0.35359116022099446 0.11274509803921569 0.1270718232044199
8.0 0.5269607843137255 0.3370165745856354 0.1323529411764706 0.23756906077348067
8.0 0.7671568627450981 0.7044198895027625 0.11274509803921569 0.23204419889502761
0.0 0.741421568627451 0.830110497237569 0.012254901960784314 0.013812154696132596
0.0 0.7622549019607843 0.8232044198895028 0.00980392156862745 0.011049723756906077
8.0 0.7009803921568627 0.899171270718232 0.18627450980392157 0.1132596685082873
8.0 0.7267156862745098 0.8660220994475138 0.18872549019607843 0.1298342541436464
8.0 0.616421568627451 0.5359116022099447 0.17401960784313725 0.09944751381215469
8.0 0.5723039215686274 0.6174033149171271 0.18872549019607843 0.10773480662983426
8.0 0.6004901960784313 0.669889502762431 0.18137254901960784 0.10220994475138122
8.0 0.5367647058823529 0.744475138121547 0.2107843137254902 0.09668508287292818
3.0 0.9129901960784313 0.5483425414364641 0.02696078431372549 0.04696132596685083
3.0 0.9080882352941176 0.5842541436464088 0.02696078431372549 0.04696132596685083
4.0 0.8958333333333334 0.6588397790055248 0.03676470588235294 0.058011049723756904
4.0 0.9705882352941176 0.5345303867403315 0.00980392156862745 0.03038674033149171
4.0 0.9681372549019608 0.5552486187845304 0.014705882352941176 0.03867403314917127
3.0 0.9632352941176471 0.5828729281767956 0.014705882352941176 0.03314917127071823
5.0 0.9485294117647058 0.6616022099447514 0.03431372549019608 0.06906077348066299
0.0 0.9718137254901961 0.6629834254143646 0.0024509803921568627 0.011049723756906077
0.0 0.9742647058823529 0.6602209944751382 0.0024509803921568627 0.011049723756906077
