0.0 0.19976635514018692 0.8021844660194175 0.04906542056074766 0.06553398058252427
0.0 0.19976635514018692 0.7766990291262136 0.05841121495327103 0.07766990291262135
3.0 0.7570093457943925 0.8944174757281553 0.205607476635514 0.16262135922330098
3.0 0.37616822429906543 0.9672330097087378 0.1542056074766355 0.06067961165048544
3.0 0.24649532710280375 0.9053398058252428 0.1985981308411215 0.1407766990291262
3.0 0.8364485981308412 0.7597087378640777 0.13551401869158877 0.19902912621359223
4.0 0.8913551401869159 0.5922330097087378 0.053738317757009345 0.1553398058252427
3.0 0.4719626168224299 0.5485436893203883 0.22429906542056074 0.32038834951456313
4.0 0.883177570093458 0.39563106796116504 0.07009345794392523 0.20388349514563106
3.0 0.852803738317757 0.279126213592233 0.07476635514018691 0.11165048543689321
3.0 0.6355140186915887 0.16140776699029127 0.11214953271028037 0.08980582524271845
3.0 0.8212616822429907 0.20752427184466019 0.0630841121495327 0.07524271844660194
3.0 0.7932242990654206 0.15898058252427186 0.053738317757009345 0.055825242718446605
3.0 0.7686915887850467 0.12864077669902912 0.0514018691588785 0.043689320388349516
3.0 0.7558411214953271 0.10922330097087378 0.04439252336448598 0.03398058252427184
3.0 0.7441588785046729 0.09587378640776699 0.035046728971962614 0.02669902912621359
3.0 0.6320093457943925 0.1104368932038835 0.08644859813084112 0.055825242718446605
3.0 0.6366822429906542 0.08616504854368932 0.07710280373831775 0.0412621359223301
4.0 0.633177570093458 0.06553398058252427 0.056074766355140186 0.02912621359223301
4.0 0.6320093457943925 0.05703883495145631 0.0397196261682243 0.01699029126213592
3.0 0.6401869158878505 0.05339805825242718 0.04672897196261682 0.024271844660194174
3.0 0.6378504672897196 0.04733009708737864 0.03271028037383177 0.01699029126213592
3.0 0.6355140186915887 0.04247572815533981 0.028037383177570093 0.012135922330097087
3.0 0.727803738317757 0.07766990291262135 0.030373831775700934 0.019417475728155338
0.0 0.772196261682243 0.1104368932038835 0.016355140186915886 0.01699029126213592
3.0 0.7114485981308412 0.06310679611650485 0.02570093457943925 0.014563106796116505
3.0 0.697429906542056 0.05218446601941747 0.035046728971962614 0.01699029126213592
3.0 0.6051401869158879 0.027912621359223302 0.056074766355140186 0.01699029126213592
4.0 0.48598130841121495 0.024271844660194174 0.06542056074766354 0.009708737864077669
3.0 0.37383177570093457 0.06674757281553398 0.11682242990654206 0.0412621359223301
3.0 0.7324766355140186 0.06432038834951456 0.035046728971962614 0.021844660194174758
3.0 0.8422897196261683 0.13592233009708737 0.02570093457943925 0.024271844660194174
3.0 0.8037383177570093 0.10072815533980582 0.018691588785046728 0.01699029126213592
3.0 0.7932242990654206 0.09344660194174757 0.02102803738317757 0.01699029126213592
3.0 0.7780373831775701 0.08131067961165049 0.018691588785046728 0.012135922330097087
4.0 0.7955607476635514 0.0983009708737864 0.030373831775700934 0.021844660194174758
0.0 0.0689252336448598 0.683252427184466 0.02570093457943925 0.055825242718446605
0.0 0.08294392523364486 0.6881067961165048 0.035046728971962614 0.0703883495145631
0.0 0.14018691588785046 0.3604368932038835 0.03271028037383177 0.09466019417475728
0.0 0.22780373831775702 0.33616504854368934 0.0397196261682243 0.09466019417475728
0.0 0.23014018691588786 0.32038834951456313 0.030373831775700934 0.04854368932038835
0.0 0.5198598130841121 0.07160194174757281 0.02570093457943925 0.01699029126213592
0.0 0.5233644859813084 0.10072815533980582 0.028037383177570093 0.02669902912621359
0.0 0.5467289719626168 0.10679611650485436 0.028037383177570093 0.019417475728155338
0.0 0.14485981308411214 0.23179611650485438 0.028037383177570093 0.04611650485436893
0.0 0.15537383177570094 0.220873786407767 0.030373831775700934 0.043689320388349516
0.0 0.12266355140186916 0.23179611650485438 0.02570093457943925 0.0412621359223301
0.0 0.15186915887850466 0.1783980582524272 0.02336448598130841 0.03155339805825243
4.0 0.08177570093457943 0.30218446601941745 0.056074766355140186 0.09466019417475728
2.0 0.1366822429906542 0.18689320388349515 0.02102803738317757 0.024271844660194174
0.0 0.009345794392523364 0.5485436893203883 0.004672897196261682 0.03398058252427184
0.0 0.009345794392523364 0.5254854368932039 0.004672897196261682 0.04611650485436893
9.0 0.7978971962616822 0.6674757281553398 0.07710280373831775 0.14563106796116504
1.0 0.8049065420560748 0.6529126213592233 0.05841121495327103 0.08737864077669903
1.0 0.7990654205607477 0.6796116504854369 0.0794392523364486 0.12135922330097088
