3.0 0.24532710280373832 0.07402912621359223 0.037383177570093455 0.02669902912621359
3.0 0.2803738317757009 0.04854368932038835 0.03271028037383177 0.019417475728155338
4.0 0.1764018691588785 0.11286407766990292 0.04439252336448598 0.03640776699029126
0.0 0.19042056074766356 0.1104368932038835 0.02102803738317757 0.021844660194174758
0.0 0.16822429906542055 0.125 0.014018691588785047 0.01699029126213592
0.0 0.17757009345794392 0.11650485436893204 0.018691588785046728 0.019417475728155338
0.0 0.6892523364485982 0.10194174757281553 0.028037383177570093 0.024271844660194174
1.0 0.7978971962616822 0.1941747572815534 0.030373831775700934 0.038834951456310676
2.0 0.802570093457944 0.20388349514563106 0.030373831775700934 0.038834951456310676
3.0 0.09462616822429906 0.21844660194174756 0.035046728971962614 0.04854368932038835
3.0 0.08060747663551401 0.2342233009708738 0.030373831775700934 0.050970873786407765
3.0 0.02570093457943925 0.3580097087378641 0.02336448598130841 0.06553398058252427
3.0 0.03271028037383177 0.35315533980582525 0.02336448598130841 0.06553398058252427
3.0 0.17172897196261683 0.14563106796116504 0.04439252336448598 0.043689320388349516
3.0 0.16238317757009346 0.14320388349514562 0.0397196261682243 0.038834951456310676
0.0 0.10864485981308411 0.24029126213592233 0.02570093457943925 0.043689320388349516
3.0 0.026869158878504672 0.5194174757281553 0.016355140186915886 0.10194174757281553
3.0 0.04322429906542056 0.6699029126213593 0.04906542056074766 0.1262135922330097
3.0 0.005841121495327103 0.4987864077669903 0.011682242990654205 0.04611650485436893
0.0 0.009345794392523364 0.5230582524271845 0.004672897196261682 0.03155339805825243
0.0 0.011682242990654205 0.5121359223300971 0.004672897196261682 0.03398058252427184
1.0 0.8072429906542056 0.8786407766990292 0.035046728971962614 0.03398058252427184
2.0 0.802570093457944 0.883495145631068 0.04439252336448598 0.043689320388349516
4.0 0.8341121495327103 0.8701456310679612 0.08878504672897196 0.08495145631067962
3.0 0.9158878504672897 0.6067961165048543 0.0514018691588785 0.14563106796116504
2.0 0.9661214953271028 0.5740291262135923 0.011682242990654205 0.03640776699029126
2.0 0.9661214953271028 0.5473300970873787 0.007009345794392523 0.03640776699029126
2.0 0.9649532710280374 0.5279126213592233 0.009345794392523364 0.03640776699029126
2.0 0.9626168224299065 0.5 0.009345794392523364 0.02912621359223301
2.0 0.9591121495327103 0.4587378640776699 0.007009345794392523 0.043689320388349516
3.0 0.866822429906542 0.30218446601941745 0.06542056074766354 0.10922330097087378
3.0 0.7184579439252337 0.09223300970873786 0.0630841121495327 0.043689320388349516
3.0 0.6857476635514018 0.06310679611650485 0.04439252336448598 0.02912621359223301
