3.0 0.17034313725490197 0.8466494845360825 0.12990196078431374 0.15721649484536082
0.0 0.28799019607843135 0.9510309278350515 0.031862745098039214 0.020618556701030927
0.0 0.5698529411764706 0.9832474226804123 0.022058823529411766 0.007731958762886598
0.0 0.4007352941176471 0.9368556701030928 0.02696078431372549 0.01804123711340206
9.0 0.6384803921568627 0.8427835051546392 0.04656862745098039 0.041237113402061855
0.0 0.5661764705882353 0.47164948453608246 0.04411764705882353 0.061855670103092786
9.0 0.6482843137254902 0.05798969072164949 0.04656862745098039 0.023195876288659795
9.0 0.7058823529411765 0.12242268041237113 0.05392156862745098 0.03350515463917526
0.0 0.6727941176470589 0.08505154639175258 0.02696078431372549 0.02577319587628866
0.0 0.6691176470588235 0.10051546391752578 0.024509803921568627 0.020618556701030927
0.0 0.6397058823529411 0.08247422680412371 0.0196078431372549 0.020618556701030927
4.0 0.47671568627450983 0.05798969072164949 0.13480392156862744 0.03865979381443299
3.0 0.4362745098039216 0.13530927835051546 0.2107843137254902 0.06958762886597938
4.0 0.42892156862745096 0.20876288659793815 0.21568627450980393 0.08762886597938144
0.0 0.27205882352941174 0.27835051546391754 0.0392156862745098 0.05670103092783505
3.0 0.18995098039215685 0.32989690721649484 0.10049019607843138 0.1958762886597938
0.0 0.1556372549019608 0.6817010309278351 0.031862745098039214 0.04381443298969072
0.0 0.17401960784313725 0.6791237113402062 0.014705882352941176 0.028350515463917526
1.0 0.09068627450980392 0.7061855670103093 0.0196078431372549 0.030927835051546393
9.0 0.09313725490196079 0.711340206185567 0.024509803921568627 0.05154639175257732
9.0 0.06985294117647059 0.6082474226804123 0.022058823529411766 0.07216494845360824
0.0 0.05024509803921569 0.6507731958762887 0.012254901960784314 0.023195876288659795
9.0 0.00857843137254902 0.5502577319587629 0.007352941176470588 0.04381443298969072
4.0 0.946078431372549 0.5747422680412371 0.049019607843137254 0.09278350515463918
9.0 0.9816176470588235 0.5231958762886598 0.007352941176470588 0.020618556701030927
0.0 0.061274509803921566 0.38402061855670105 0.014705882352941176 0.030927835051546393
0.0 0.27328431372549017 0.41494845360824745 0.02696078431372549 0.04639175257731959
0.0 0.15318627450980393 0.14304123711340205 0.022058823529411766 0.023195876288659795
0.0 0.11764705882352941 0.17783505154639176 0.024509803921568627 0.030927835051546393
