3.0 0.43014705882352944 0.9212707182320442 0.041666666666666664 0.03591160220994475
3.0 0.5906862745098039 0.9102209944751382 0.08823529411764706 0.03591160220994475
3.0 0.5980392156862745 0.9696132596685083 0.04411764705882353 0.03314917127071823
3.0 0.5870098039215687 0.9419889502762431 0.0857843137254902 0.03314917127071823
3.0 0.7328431372549019 0.9033149171270718 0.06862745098039216 0.04419889502762431
3.0 0.7316176470588235 0.930939226519337 0.061274509803921566 0.03867403314917127
3.0 0.7794117647058824 0.7527624309392266 0.06372549019607843 0.052486187845303865
3.0 0.6078431372549019 0.5069060773480663 0.09313725490196079 0.04696132596685083
3.0 0.7818627450980392 0.6339779005524862 0.058823529411764705 0.052486187845303865
3.0 0.7071078431372549 0.2955801104972376 0.031862745098039214 0.04419889502762431
3.0 0.741421568627451 0.3080110497237569 0.02696078431372549 0.04696132596685083
3.0 0.6776960784313726 0.2361878453038674 0.056372549019607844 0.03591160220994475
3.0 0.5294117647058824 0.2914364640883978 0.024509803921568627 0.04696132596685083
3.0 0.49019607843137253 0.19475138121546962 0.029411764705882353 0.024861878453038673
3.0 0.44362745098039214 0.1850828729281768 0.024509803921568627 0.027624309392265192
3.0 0.4730392156862745 0.11187845303867404 0.0196078431372549 0.013812154696132596
3.0 0.03308823529411765 0.30248618784530384 0.007352941176470588 0.013812154696132596
3.0 0.03799019607843137 0.2941988950276243 0.007352941176470588 0.013812154696132596
3.0 0.041666666666666664 0.28591160220994477 0.004901960784313725 0.013812154696132596
3.0 0.04534313725490196 0.27900552486187846 0.007352941176470588 0.011049723756906077
3.0 0.04779411764705882 0.27348066298342544 0.007352941176470588 0.011049723756906077
3.0 0.05269607843137255 0.2638121546961326 0.007352941176470588 0.013812154696132596
3.0 0.5110294117647058 0.0013812154696132596 0.007352941176470588 0.0027624309392265192
3.0 0.5379901960784313 0.004143646408839779 0.007352941176470588 0.0027624309392265192
3.0 0.5110294117647058 0.0055248618784530384 0.007352941176470588 0.0
3.0 0.508578431372549 0.011049723756906077 0.007352941176470588 0.0
3.0 0.508578431372549 0.009668508287292817 0.007352941176470588 0.0027624309392265192
3.0 0.47794117647058826 0.012430939226519336 0.00980392156862745 0.0027624309392265192
3.0 0.49264705882352944 0.027624309392265192 0.014705882352941176 0.0055248618784530384
3.0 0.46691176470588236 0.027624309392265192 0.012254901960784314 0.0055248618784530384
3.0 0.5183823529411765 0.024861878453038673 0.022058823529411766 0.0055248618784530384
3.0 0.42034313725490197 0.04696132596685083 0.02696078431372549 0.0055248618784530384
3.0 0.4424019607843137 0.022099447513812154 0.022058823529411766 0.0055248618784530384
3.0 0.40931372549019607 0.06077348066298342 0.029411764705882353 0.011049723756906077
3.0 0.4105392156862745 0.055248618784530384 0.02696078431372549 0.011049723756906077
3.0 0.3897058823529412 0.07458563535911603 0.029411764705882353 0.011049723756906077
3.0 0.3897058823529412 0.0787292817679558 0.029411764705882353 0.013812154696132596
3.0 0.37745098039215685 0.09530386740331492 0.014705882352941176 0.013812154696132596
3.0 0.34191176470588236 0.15469613259668508 0.041666666666666664 0.022099447513812154
3.0 0.34681372549019607 0.143646408839779 0.03676470588235294 0.022099447513812154
3.0 0.3541666666666667 0.13535911602209943 0.041666666666666664 0.022099447513812154
3.0 0.3137254901960784 0.19889502762430938 0.04411764705882353 0.027624309392265192
3.0 0.31004901960784315 0.23895027624309392 0.056372549019607844 0.03591160220994475
3.0 0.2867647058823529 0.2610497237569061 0.049019607843137254 0.04143646408839779
3.0 0.2610294117647059 0.30386740331491713 0.056372549019607844 0.04419889502762431
3.0 0.24019607843137256 0.3674033149171271 0.05392156862745098 0.03867403314917127
3.0 0.31495098039215685 0.2955801104972376 0.041666666666666664 0.049723756906077346
4.0 0.48651960784313725 0.08011049723756906 0.01715686274509804 0.011049723756906077
3.0 0.5600490196078431 0.05386740331491713 0.031862745098039214 0.008287292817679558
3.0 0.553921568627451 0.049723756906077346 0.029411764705882353 0.0055248618784530384
3.0 0.5514705882352942 0.04696132596685083 0.024509803921568627 0.0055248618784530384
3.0 0.5563725490196079 0.04419889502762431 0.024509803921568627 0.0055248618784530384
3.0 0.5563725490196079 0.04143646408839779 0.024509803921568627 0.0055248618784530384
3.0 0.5490196078431373 0.03038674033149171 0.024509803921568627 0.0055248618784530384
3.0 0.5502450980392157 0.024861878453038673 0.022058823529411766 0.0055248618784530384
3.0 0.5563725490196079 0.034530386740331494 0.024509803921568627 0.008287292817679558
3.0 0.5502450980392157 0.022099447513812154 0.022058823529411766 0.0055248618784530384
3.0 0.5833333333333334 0.03867403314917127 0.00980392156862745 0.0055248618784530384
3.0 0.5943627450980392 0.03729281767955801 0.007352941176470588 0.0027624309392265192
3.0 0.6507352941176471 0.05110497237569061 0.012254901960784314 0.008287292817679558
3.0 0.6188725490196079 0.04143646408839779 0.02696078431372549 0.011049723756906077
3.0 0.6556372549019608 0.04419889502762431 0.012254901960784314 0.0055248618784530384
3.0 0.6066176470588235 0.09116022099447514 0.02696078431372549 0.011049723756906077
3.0 0.5649509803921569 0.08287292817679558 0.03676470588235294 0.011049723756906077
3.0 0.6482843137254902 0.1464088397790055 0.04656862745098039 0.022099447513812154
3.0 0.6262254901960784 0.2154696132596685 0.061274509803921566 0.027624309392265192
3.0 0.6568627450980392 0.17955801104972377 0.0392156862745098 0.022099447513812154
3.0 0.6997549019607843 0.18370165745856354 0.041666666666666664 0.024861878453038673
3.0 0.6973039215686274 0.17403314917127072 0.041666666666666664 0.027624309392265192
3.0 0.7071078431372549 0.19751381215469613 0.04656862745098039 0.03038674033149171
3.0 0.7659313725490197 0.31353591160220995 0.02696078431372549 0.04696132596685083
3.0 0.6115196078431373 0.034530386740331494 0.022058823529411766 0.008287292817679558
3.0 0.6127450980392157 0.03314917127071823 0.0196078431372549 0.0055248618784530384
3.0 0.6102941176470589 0.03038674033149171 0.0196078431372549 0.0055248618784530384
3.0 0.6004901960784313 0.027624309392265192 0.0196078431372549 0.0055248618784530384
3.0 0.6115196078431373 0.04834254143646409 0.022058823529411766 0.008287292817679558
3.0 0.616421568627451 0.05110497237569061 0.022058823529411766 0.008287292817679558
3.0 0.6176470588235294 0.05386740331491713 0.024509803921568627 0.008287292817679558
3.0 0.6200980392156863 0.05662983425414365 0.024509803921568627 0.008287292817679558
3.0 0.6727941176470589 0.13397790055248618 0.041666666666666664 0.024861878453038673
3.0 0.6678921568627451 0.12430939226519337 0.041666666666666664 0.022099447513812154
3.0 0.6593137254901961 0.1132596685082873 0.0392156862745098 0.016574585635359115
3.0 0.6593137254901961 0.11740331491712708 0.0392156862745098 0.019337016574585635
3.0 0.6531862745098039 0.106353591160221 0.03676470588235294 0.019337016574585635
4.0 0.6446078431372549 0.09668508287292818 0.03431372549019608 0.016574585635359115
4.0 0.6531862745098039 0.10359116022099447 0.03676470588235294 0.019337016574585635
3.0 0.6372549019607843 0.08977900552486189 0.03431372549019608 0.013812154696132596
3.0 0.6397058823529411 0.0856353591160221 0.03431372549019608 0.016574585635359115
3.0 0.6372549019607843 0.08149171270718232 0.029411764705882353 0.013812154696132596
3.0 0.6262254901960784 0.07320441988950276 0.031862745098039214 0.013812154696132596
3.0 0.6384803921568627 0.07320441988950276 0.031862745098039214 0.013812154696132596
4.0 0.6286764705882353 0.06629834254143646 0.02696078431372549 0.011049723756906077
3.0 0.6274509803921569 0.06353591160220995 0.029411764705882353 0.011049723756906077
3.0 0.625 0.06077348066298342 0.029411764705882353 0.011049723756906077
3.0 0.6617647058823529 0.1408839779005525 0.04411764705882353 0.022099447513812154
4.0 0.6556372549019608 0.18922651933701656 0.03676470588235294 0.024861878453038673
3.0 0.5625 0.09116022099447514 0.03676470588235294 0.011049723756906077
3.0 0.5637254901960784 0.07734806629834254 0.03431372549019608 0.011049723756906077
3.0 0.5674019607843137 0.10082872928176796 0.04656862745098039 0.013812154696132596
3.0 0.5735294117647058 0.10773480662983426 0.03431372549019608 0.011049723756906077
3.0 0.5698529411764706 0.11464088397790055 0.04656862745098039 0.013812154696132596
3.0 0.571078431372549 0.12016574585635359 0.049019607843137254 0.013812154696132596
3.0 0.5772058823529411 0.12430939226519337 0.04656862745098039 0.016574585635359115
3.0 0.5759803921568627 0.13259668508287292 0.049019607843137254 0.016574585635359115
3.0 0.5784313725490197 0.1408839779005525 0.049019607843137254 0.016574585635359115
3.0 0.5821078431372549 0.1505524861878453 0.056372549019607844 0.019337016574585635
5.0 0.5808823529411765 0.1712707182320442 0.08823529411764706 0.03867403314917127
5.0 0.6115196078431373 0.19060773480662985 0.0857843137254902 0.03867403314917127
3.0 0.6397058823529411 0.2596685082872928 0.06372549019607843 0.03867403314917127
3.0 0.6531862745098039 0.281767955801105 0.07107843137254902 0.03314917127071823
3.0 0.6507352941176471 0.3425414364640884 0.07107843137254902 0.03314917127071823
3.0 0.6544117647058824 0.36049723756906077 0.07352941176470588 0.03591160220994475
3.0 0.6556372549019608 0.38812154696132595 0.07598039215686274 0.04696132596685083
3.0 0.6078431372549019 0.4102209944751381 0.08333333333333333 0.04143646408839779
3.0 0.6041666666666666 0.43922651933701656 0.0857843137254902 0.04419889502762431
3.0 0.6139705882352942 0.4696132596685083 0.09068627450980392 0.04419889502762431
4.0 0.6617647058823529 0.3149171270718232 0.06372549019607843 0.04419889502762431
3.0 0.7426470588235294 0.44751381215469616 0.06372549019607843 0.03867403314917127
3.0 0.7683823529411765 0.42955801104972374 0.056372549019607844 0.04143646408839779
3.0 0.7573529411764706 0.40331491712707185 0.058823529411764705 0.03867403314917127
3.0 0.7549019607843137 0.3867403314917127 0.058823529411764705 0.03867403314917127
3.0 0.7683823529411765 0.47375690607734805 0.051470588235294115 0.03591160220994475
3.0 0.7732843137254902 0.4986187845303867 0.056372549019607844 0.04143646408839779
3.0 0.7781862745098039 0.5290055248618785 0.051470588235294115 0.04696132596685083
3.0 0.7683823529411765 0.5566298342541437 0.061274509803921566 0.04696132596685083
3.0 0.7720588235294118 0.5883977900552486 0.06372549019607843 0.049723756906077346
3.0 0.7732843137254902 0.6146408839779005 0.061274509803921566 0.04696132596685083
4.0 0.7806372549019608 0.6781767955801105 0.07107843137254902 0.06353591160220995
4.0 0.7144607843137255 0.6850828729281768 0.041666666666666664 0.06077348066298342
4.0 0.7708333333333334 0.7334254143646409 0.061274509803921566 0.058011049723756904
3.0 0.7843137254901961 0.7099447513812155 0.058823529411764705 0.049723756906077346
4.0 0.7365196078431373 0.8425414364640884 0.0661764705882353 0.049723756906077346
3.0 0.18382352941176472 0.6146408839779005 0.029411764705882353 0.06353591160220995
0.0 0.5600490196078431 0.6284530386740331 0.012254901960784314 0.03591160220994475
0.0 0.5747549019607843 0.6243093922651933 0.012254901960784314 0.03867403314917127
0.0 0.7892156862745098 0.899171270718232 0.014705882352941176 0.019337016574585635
0.0 0.803921568627451 0.8784530386740331 0.014705882352941176 0.016574585635359115
0.0 0.8149509803921569 0.8453038674033149 0.01715686274509804 0.022099447513812154
0.0 0.8063725490196079 0.835635359116022 0.014705882352941176 0.019337016574585635
0.0 0.8161764705882353 0.7803867403314917 0.014705882352941176 0.024861878453038673
0.0 0.8345588235294118 0.7734806629834254 0.012254901960784314 0.022099447513812154
0.0 0.8333333333333334 0.7569060773480663 0.014705882352941176 0.027624309392265192
0.0 0.8235294117647058 0.8328729281767956 0.014705882352941176 0.024861878453038673
0.0 0.8002450980392157 0.8591160220994475 0.007352941176470588 0.011049723756906077
0.0 0.8382352941176471 0.6919889502762431 0.00980392156862745 0.024861878453038673
0.0 0.8419117647058824 0.6878453038674033 0.007352941176470588 0.016574585635359115
0.0 0.8431372549019608 0.48066298342541436 0.004901960784313725 0.022099447513812154
0.0 0.8370098039215687 0.49171270718232046 0.007352941176470588 0.027624309392265192
0.0 0.8284313725490197 0.49171270718232046 0.004901960784313725 0.027624309392265192
0.0 0.8088235294117647 0.468232044198895 0.004901960784313725 0.03038674033149171
0.0 0.8223039215686274 0.4102209944751381 0.007352941176470588 0.024861878453038673
0.0 0.8149509803921569 0.35773480662983426 0.007352941176470588 0.024861878453038673
0.0 0.7892156862745098 0.3080110497237569 0.00980392156862745 0.024861878453038673
0.0 0.5784313725490197 0.26657458563535913 0.00980392156862745 0.03038674033149171
0.0 0.5441176470588235 0.4696132596685083 0.014705882352941176 0.04419889502762431
0.0 0.6017156862745098 0.25 0.012254901960784314 0.024861878453038673
0.0 0.7720588235294118 0.25828729281767954 0.00980392156862745 0.019337016574585635
0.0 0.7647058823529411 0.2569060773480663 0.00980392156862745 0.022099447513812154
0.0 0.7475490196078431 0.20718232044198895 0.00980392156862745 0.016574585635359115
0.0 0.741421568627451 0.2154696132596685 0.012254901960784314 0.016574585635359115
0.0 0.7279411764705882 0.1850828729281768 0.00980392156862745 0.016574585635359115
0.0 0.7340686274509803 0.17265193370165746 0.007352941176470588 0.013812154696132596
0.0 0.7205882352941176 0.1643646408839779 0.00980392156862745 0.019337016574585635
0.0 0.7107843137254902 0.13950276243093923 0.00980392156862745 0.013812154696132596
0.0 0.6997549019607843 0.12569060773480664 0.007352941176470588 0.008287292817679558
0.0 0.6715686274509803 0.07734806629834254 0.004901960784313725 0.0055248618784530384
0.0 0.6642156862745098 0.07596685082872928 0.004901960784313725 0.008287292817679558
0.0 0.6458333333333334 0.06629834254143646 0.007352941176470588 0.0055248618784530384
0.0 0.5343137254901961 0.0649171270718232 0.004901960784313725 0.008287292817679558
0.0 0.5416666666666666 0.07596685082872928 0.004901960784313725 0.008287292817679558
0.0 0.5416666666666666 0.0925414364640884 0.004901960784313725 0.008287292817679558
0.0 0.6531862745098039 0.06077348066298342 0.007352941176470588 0.0055248618784530384
0.0 0.6678921568627451 0.06077348066298342 0.007352941176470588 0.0055248618784530384
0.0 0.6372549019607843 0.04143646408839779 0.004901960784313725 0.0055248618784530384
0.0 0.6274509803921569 0.03314917127071823 0.004901960784313725 0.0055248618784530384
0.0 0.6323529411764706 0.04143646408839779 0.004901960784313725 0.0055248618784530384
0.0 0.6311274509803921 0.04005524861878453 0.0024509803921568627 0.0027624309392265192
0.0 0.6593137254901961 0.055248618784530384 0.004901960784313725 0.0055248618784530384
0.0 0.6642156862745098 0.055248618784530384 0.004901960784313725 0.0055248618784530384
0.0 0.6617647058823529 0.07044198895027624 0.004901960784313725 0.008287292817679558
9.0 0.6850490196078431 0.09806629834254144 0.007352941176470588 0.008287292817679558
9.0 0.6973039215686274 0.16022099447513813 0.007352941176470588 0.011049723756906077
0.0 0.7549019607843137 0.2527624309392265 0.00980392156862745 0.019337016574585635
0.0 0.7487745098039216 0.24447513812154695 0.007352941176470588 0.019337016574585635
6.0 0.7377450980392157 0.24171270718232044 0.03431372549019608 0.03038674033149171
0.0 0.7647058823529411 0.292817679558011 0.00980392156862745 0.027624309392265192
0.0 0.8284313725490197 0.3342541436464088 0.00980392156862745 0.022099447513812154
0.0 0.8223039215686274 0.3356353591160221 0.007352941176470588 0.024861878453038673
0.0 0.8247549019607843 0.3287292817679558 0.007352941176470588 0.022099447513812154
0.0 0.6372549019607843 0.03591160220994475 0.004901960784313725 0.0055248618784530384
0.0 0.6348039215686274 0.03591160220994475 0.004901960784313725 0.0055248618784530384
5.0 0.6409313725490197 0.031767955801104975 0.022058823529411766 0.008287292817679558
3.0 0.6580882352941176 0.03867403314917127 0.007352941176470588 0.0055248618784530384
0.0 0.8100490196078431 0.2969613259668508 0.007352941176470588 0.019337016574585635
0.0 0.7401960784313726 0.2058011049723757 0.00980392156862745 0.019337016574585635
9.0 0.5514705882352942 0.06906077348066299 0.00980392156862745 0.0055248618784530384
9.0 0.8517156862745098 0.6933701657458563 0.007352941176470588 0.022099447513812154
2.0 0.8075980392156863 0.7651933701657458 0.012254901960784314 0.027624309392265192
9.0 0.7892156862745098 0.7928176795580111 0.0196078431372549 0.022099447513812154
9.0 0.7867647058823529 0.8453038674033149 0.024509803921568627 0.027624309392265192
9.0 0.8308823529411765 0.8038674033149171 0.014705882352941176 0.022099447513812154
9.0 0.8321078431372549 0.8107734806629834 0.012254901960784314 0.019337016574585635
9.0 0.7757352941176471 0.8895027624309392 0.02696078431372549 0.022099447513812154
9.0 0.7757352941176471 0.899171270718232 0.022058823529411766 0.024861878453038673
9.0 0.7720588235294118 0.9212707182320442 0.014705882352941176 0.013812154696132596
9.0 0.8088235294117647 0.8853591160220995 0.014705882352941176 0.019337016574585635
9.0 0.8051470588235294 0.8328729281767956 0.01715686274509804 0.024861878453038673
0.0 0.8419117647058824 0.8107734806629834 0.012254901960784314 0.019337016574585635
0.0 0.8406862745098039 0.8066298342541437 0.00980392156862745 0.016574585635359115
0.0 0.5526960784313726 0.9834254143646409 0.012254901960784314 0.011049723756906077
0.0 0.5649509803921569 0.9834254143646409 0.012254901960784314 0.011049723756906077
0.0 0.24387254901960784 0.9088397790055248 0.01715686274509804 0.016574585635359115
0.0 0.23284313725490197 0.899171270718232 0.0196078431372549 0.024861878453038673
