0.0 0.4182242990654206 0.9660194174757282 0.056074766355140186 0.02912621359223301
0.0 0.5747663551401869 0.9611650485436893 0.04672897196261682 0.02912621359223301
0.0 0.5035046728971962 0.9174757281553398 0.053738317757009345 0.038834951456310676
0.0 0.5794392523364486 0.9029126213592233 0.06542056074766354 0.05339805825242718
0.0 0.7675233644859814 0.7997572815533981 0.0630841121495327 0.08980582524271845
0.0 0.6845794392523364 0.8300970873786407 0.07009345794392523 0.07766990291262135
0.0 0.9485981308411215 0.49150485436893204 0.009345794392523364 0.06553398058252427
0.0 0.9614485981308412 0.4842233009708738 0.007009345794392523 0.06553398058252427
0.0 0.9521028037383178 0.4368932038834951 0.011682242990654205 0.05825242718446602
0.0 0.9731308411214953 0.42839805825242716 0.007009345794392523 0.050970873786407765
0.0 0.9754672897196262 0.3883495145631068 0.007009345794392523 0.03398058252427184
0.0 0.9801401869158879 0.3737864077669903 0.007009345794392523 0.024271844660194174
0.0 0.9672897196261683 0.32038834951456313 0.009345794392523364 0.024271844660194174
0.0 0.7523364485981309 0.7293689320388349 0.056074766355140186 0.11407766990291263
0.0 0.6448598130841121 0.8264563106796117 0.07476635514018691 0.08980582524271845
0.0 0.4485981308411215 0.8859223300970874 0.056074766355140186 0.05339805825242718
0.0 0.36098130841121495 0.9004854368932039 0.06775700934579439 0.05339805825242718
0.0 0.3235981308411215 0.9004854368932039 0.08177570093457943 0.06310679611650485
0.0 0.2324766355140187 0.8495145631067961 0.0630841121495327 0.06796116504854369
0.0 0.16004672897196262 0.32524271844660196 0.0397196261682243 0.08737864077669903
0.0 0.9801401869158879 0.3919902912621359 0.007009345794392523 0.03155339805825243
1.0 0.21144859813084113 0.8689320388349514 0.06775700934579439 0.06796116504854369
1.0 0.04906542056074766 0.6262135922330098 0.014018691588785047 0.04854368932038835
1.0 0.04205607476635514 0.5995145631067961 0.014018691588785047 0.043689320388349516
1.0 0.036214953271028034 0.5910194174757282 0.011682242990654205 0.0412621359223301
1.0 0.0397196261682243 0.5837378640776699 0.014018691588785047 0.055825242718446605
1.0 0.23948598130841123 0.2099514563106796 0.035046728971962614 0.0412621359223301
1.0 0.2780373831775701 0.18810679611650485 0.04672897196261682 0.04611650485436893
1.0 0.9287383177570093 0.45024271844660196 0.011682242990654205 0.04611650485436893
1.0 0.9369158878504673 0.4393203883495146 0.009345794392523364 0.04854368932038835
1.0 0.8936915887850467 0.5546116504854369 0.02102803738317757 0.08980582524271845
1.0 0.7792056074766355 0.8252427184466019 0.030373831775700934 0.03398058252427184
1.0 0.7698598130841121 0.8276699029126213 0.0397196261682243 0.043689320388349516
1.0 0.9672897196261683 0.4174757281553398 0.009345794392523364 0.038834951456310676
1.0 0.9532710280373832 0.39684466019417475 0.009345794392523364 0.03640776699029126
1.0 0.5759345794392523 0.9587378640776699 0.035046728971962614 0.014563106796116505
0.0 0.7990654205607477 0.7973300970873787 0.06542056074766354 0.08980582524271845
0.0 0.5817757009345794 0.8616504854368932 0.07476635514018691 0.06796116504854369
0.0 0.5887850467289719 0.7912621359223301 0.06542056074766354 0.10679611650485436
0.0 0.552570093457944 0.7815533980582524 0.08177570093457943 0.11650485436893204
0.0 0.7394859813084113 0.6808252427184466 0.0630841121495327 0.12864077669902912
0.0 0.7184579439252337 0.7597087378640777 0.07242990654205607 0.10679611650485436
0.0 0.4614485981308411 0.8240291262135923 0.07710280373831775 0.0703883495145631
0.0 0.3130841121495327 0.8580097087378641 0.07476635514018691 0.06553398058252427
0.0 0.2102803738317757 0.8216019417475728 0.06074766355140187 0.08009708737864078
0.0 0.2616822429906542 0.8240291262135923 0.07476635514018691 0.08495145631067962
0.0 0.2955607476635514 0.8361650485436893 0.07710280373831775 0.08009708737864078
1.0 0.3516355140186916 0.8470873786407767 0.08644859813084112 0.06310679611650485
0.0 0.4264018691588785 0.9550970873786407 0.0630841121495327 0.03155339805825243
0.0 0.38434579439252337 0.941747572815534 0.06775700934579439 0.038834951456310676
0.0 0.9591121495327103 0.3640776699029126 0.011682242990654205 0.038834951456310676
0.0 0.9299065420560748 0.2621359223300971 0.009345794392523364 0.019417475728155338
9.0 0.1191588785046729 0.7949029126213593 0.06542056074766354 0.08009708737864078
9.0 0.21962616822429906 0.8774271844660194 0.09345794392523364 0.07524271844660194
9.0 0.08060747663551401 0.39805825242718446 0.02102803738317757 0.06796116504854369
4.0 0.15070093457943926 0.7597087378640777 0.14719626168224298 0.2087378640776699
4.0 0.9824766355140186 0.44902912621359226 0.016355140186915886 0.05825242718446602
4.0 0.9929906542056075 0.4733009708737864 0.009345794392523364 0.05339805825242718
4.0 0.9427570093457944 0.33495145631067963 0.04439252336448598 0.08737864077669903
3.0 0.9532710280373832 0.3191747572815534 0.028037383177570093 0.055825242718446605
3.0 0.9579439252336449 0.32281553398058255 0.02336448598130841 0.04854368932038835
4.0 0.9602803738317757 0.3131067961165049 0.02336448598130841 0.04854368932038835
3.0 0.9591121495327103 0.30461165048543687 0.02102803738317757 0.0412621359223301
3.0 0.9404205607476636 0.2779126213592233 0.02570093457943925 0.04611650485436893
3.0 0.9135514018691588 0.24150485436893204 0.028037383177570093 0.0412621359223301
3.0 0.9322429906542056 0.25485436893203883 0.018691588785046728 0.02912621359223301
3.0 0.9544392523364486 0.28640776699029125 0.016355140186915886 0.02912621359223301
3.0 0.8785046728971962 0.1929611650485437 0.028037383177570093 0.03155339805825243
3.0 0.1378504672897196 0.1808252427184466 0.028037383177570093 0.03155339805825243
4.0 0.18574766355140188 0.13228155339805825 0.02102803738317757 0.021844660194174758
4.0 0.08878504672897196 0.2111650485436893 0.014018691588785047 0.019417475728155338
4.0 0.09228971962616822 0.2087378640776699 0.011682242990654205 0.014563106796116505
5.0 0.10630841121495327 0.20631067961165048 0.0397196261682243 0.04854368932038835
8.0 0.16705607476635514 0.14563106796116504 0.035046728971962614 0.03398058252427184
3.0 0.14953271028037382 0.15655339805825244 0.02336448598130841 0.021844660194174758
3.0 0.1413551401869159 0.16262135922330098 0.02102803738317757 0.019417475728155338
3.0 0.13317757009345793 0.16868932038834952 0.014018691588785047 0.01699029126213592
3.0 0.1308411214953271 0.16990291262135923 0.014018691588785047 0.014563106796116505
3.0 0.12850467289719625 0.17233009708737865 0.014018691588785047 0.014563106796116505
5.0 0.125 0.17475728155339806 0.02102803738317757 0.024271844660194174
5.0 0.13901869158878505 0.1638349514563107 0.02102803738317757 0.021844660194174758
5.0 0.1191588785046729 0.1783980582524272 0.018691588785046728 0.021844660194174758
3.0 0.10630841121495327 0.19053398058252427 0.007009345794392523 0.007281553398058253
3.0 0.10864485981308411 0.19902912621359223 0.02102803738317757 0.024271844660194174
3.0 0.10630841121495327 0.20024271844660194 0.016355140186915886 0.021844660194174758
3.0 0.08761682242990654 0.2220873786407767 0.016355140186915886 0.021844660194174758
3.0 0.08644859813084112 0.2220873786407767 0.014018691588785047 0.021844660194174758
3.0 0.0852803738317757 0.2220873786407767 0.011682242990654205 0.01699029126213592
3.0 0.08644859813084112 0.2196601941747573 0.014018691588785047 0.021844660194174758
3.0 0.08294392523364486 0.22451456310679613 0.011682242990654205 0.01699029126213592
3.0 0.08177570093457943 0.22330097087378642 0.014018691588785047 0.019417475728155338
3.0 0.08060747663551401 0.22330097087378642 0.011682242990654205 0.019417475728155338
3.0 0.07827102803738317 0.22451456310679613 0.011682242990654205 0.01699029126213592
3.0 0.08060747663551401 0.22330097087378642 0.011682242990654205 0.014563106796116505
3.0 0.08177570093457943 0.22451456310679613 0.014018691588785047 0.01699029126213592
3.0 0.14018691588785046 0.1820388349514563 0.03271028037383177 0.03398058252427184
4.0 0.985981308411215 0.4053398058252427 0.014018691588785047 0.04854368932038835
4.0 0.5245327102803738 0.6650485436893204 0.4135514018691589 0.23786407766990292
4.0 0.2838785046728972 0.4963592233009709 0.20794392523364486 0.28883495145631066
5.0 0.1366822429906542 0.44538834951456313 0.1191588785046729 0.20145631067961164
