3.0 0.3855140186915888 0.9247572815533981 0.18691588785046728 0.07766990291262135
3.0 0.4719626168224299 0.9223300970873787 0.205607476635514 0.05339805825242718
3.0 0.3060747663551402 0.6699029126213593 0.18691588785046728 0.15048543689320387
3.0 0.17990654205607476 0.5703883495145631 0.10747663551401869 0.1262135922330097
3.0 0.09345794392523364 0.5825242718446602 0.0514018691588785 0.10679611650485436
3.0 0.056074766355140186 0.5194174757281553 0.02336448598130841 0.06310679611650485
3.0 0.08177570093457943 0.4587378640776699 0.03271028037383177 0.07281553398058252
3.0 0.015186915887850467 0.47694174757281554 0.011682242990654205 0.04611650485436893
3.0 0.037383177570093455 0.42718446601941745 0.018691588785046728 0.05339805825242718
3.0 0.35630841121495327 0.3567961165048544 0.17990654205607476 0.13592233009708737
3.0 0.19626168224299065 0.32402912621359226 0.09345794392523364 0.08980582524271845
3.0 0.17406542056074767 0.3106796116504854 0.08644859813084112 0.08737864077669903
3.0 0.875 0.5946601941747572 0.07710280373831775 0.11165048543689321
3.0 0.9485981308411215 0.5521844660194175 0.028037383177570093 0.0703883495145631
5.0 0.9100467289719626 0.5072815533980582 0.04906542056074766 0.10194174757281553
3.0 0.9018691588785047 0.42475728155339804 0.04672897196261682 0.0825242718446602
3.0 0.6623831775700935 0.25849514563106796 0.16121495327102803 0.09466019417475728
4.0 0.6203271028037384 0.16868932038834952 0.1378504672897196 0.0703883495145631
0.0 0.6495327102803738 0.20388349514563106 0.03271028037383177 0.043689320388349516
3.0 0.48598130841121495 0.20388349514563106 0.14018691588785046 0.05339805825242718
3.0 0.6378504672897196 0.3179611650485437 0.102803738317757 0.09223300970873786
3.0 0.477803738317757 0.27427184466019416 0.08644859813084112 0.07281553398058252
3.0 0.37149532710280375 0.2512135922330097 0.06074766355140187 0.055825242718446605
3.0 0.37149532710280375 0.1929611650485437 0.11682242990654206 0.06553398058252427
3.0 0.15186915887850466 0.21480582524271843 0.04205607476635514 0.04611650485436893
3.0 0.12733644859813084 0.2342233009708738 0.035046728971962614 0.04611650485436893
3.0 0.0514018691588785 0.35436893203883496 0.02336448598130841 0.04854368932038835
3.0 0.08177570093457943 0.25606796116504854 0.018691588785046728 0.02669902912621359
3.0 0.11448598130841121 0.21844660194174756 0.02336448598130841 0.02912621359223301
3.0 0.11098130841121495 0.21480582524271843 0.02102803738317757 0.02669902912621359
4.0 0.19509345794392524 0.14684466019417475 0.035046728971962614 0.03155339805825243
3.0 0.2570093457943925 0.1262135922330097 0.0514018691588785 0.03398058252427184
3.0 0.34813084112149534 0.08495145631067962 0.056074766355140186 0.024271844660194174
4.0 0.4030373831775701 0.07524271844660194 0.05841121495327103 0.019417475728155338
3.0 0.30490654205607476 0.09344660194174757 0.04906542056074766 0.02669902912621359
3.0 0.2616822429906542 0.10922330097087378 0.04205607476635514 0.02912621359223301
3.0 0.2207943925233645 0.1262135922330097 0.035046728971962614 0.02912621359223301
3.0 0.14018691588785046 0.17233009708737865 0.018691588785046728 0.019417475728155338
3.0 0.15771028037383178 0.1529126213592233 0.016355140186915886 0.014563106796116505
4.0 0.1413551401869159 0.1662621359223301 0.02102803738317757 0.021844660194174758
3.0 0.9824766355140186 0.4065533980582524 0.011682242990654205 0.03155339805825243
3.0 0.9742990654205608 0.3713592233009709 0.014018691588785047 0.03398058252427184
3.0 0.9742990654205608 0.36650485436893204 0.014018691588785047 0.03398058252427184
3.0 0.9754672897196262 0.3640776699029126 0.011682242990654205 0.02912621359223301
3.0 0.9742990654205608 0.35558252427184467 0.014018691588785047 0.02669902912621359
4.0 0.9731308411214953 0.3470873786407767 0.011682242990654205 0.02912621359223301
3.0 0.969626168224299 0.3325242718446602 0.009345794392523364 0.019417475728155338
3.0 0.9626168224299065 0.316747572815534 0.009345794392523364 0.021844660194174758
3.0 0.9462616822429907 0.3118932038834951 0.014018691588785047 0.03155339805825243
3.0 0.9485981308411215 0.3094660194174757 0.014018691588785047 0.02669902912621359
3.0 0.9509345794392523 0.3070388349514563 0.009345794392523364 0.021844660194174758
3.0 0.9380841121495327 0.28519417475728154 0.02102803738317757 0.03640776699029126
3.0 0.9287383177570093 0.27427184466019416 0.016355140186915886 0.024271844660194174
3.0 0.9182242990654206 0.25606796116504854 0.018691588785046728 0.03155339805825243
3.0 0.927570093457944 0.3118932038834951 0.02336448598130841 0.0412621359223301
3.0 0.8901869158878505 0.2669902912621359 0.037383177570093455 0.04854368932038835
5.0 0.9007009345794392 0.2669902912621359 0.0397196261682243 0.05825242718446602
3.0 0.9112149532710281 0.2779126213592233 0.028037383177570093 0.0412621359223301
5.0 0.9135514018691588 0.27305825242718446 0.037383177570093455 0.055825242718446605
0.0 0.9427570093457944 0.3143203883495146 0.007009345794392523 0.01699029126213592
1.0 0.9567757009345794 0.3640776699029126 0.007009345794392523 0.019417475728155338
9.0 0.9579439252336449 0.36893203883495146 0.004672897196261682 0.019417475728155338
1.0 0.9509345794392523 0.3628640776699029 0.004672897196261682 0.01699029126213592
9.0 0.9521028037383178 0.36771844660194175 0.007009345794392523 0.01699029126213592
0.0 0.9661214953271028 0.36893203883495146 0.007009345794392523 0.019417475728155338
0.0 0.9684579439252337 0.3737864077669903 0.007009345794392523 0.019417475728155338
5.0 0.9824766355140186 0.3774271844660194 0.011682242990654205 0.0412621359223301
3.0 0.9754672897196262 0.34101941747572817 0.007009345794392523 0.01699029126213592
3.0 0.9485981308411215 0.2912621359223301 0.014018691588785047 0.024271844660194174
3.0 0.9509345794392523 0.2912621359223301 0.014018691588785047 0.024271844660194174
3.0 0.9521028037383178 0.2912621359223301 0.011682242990654205 0.024271844660194174
4.0 0.955607476635514 0.2924757281553398 0.009345794392523364 0.021844660194174758
3.0 0.9567757009345794 0.2936893203883495 0.011682242990654205 0.019417475728155338
3.0 0.9579439252336449 0.2924757281553398 0.009345794392523364 0.01699029126213592
3.0 0.9579439252336449 0.2936893203883495 0.009345794392523364 0.019417475728155338
3.0 0.9579439252336449 0.28883495145631066 0.009345794392523364 0.014563106796116505
3.0 0.9567757009345794 0.28519417475728154 0.007009345794392523 0.012135922330097087
9.0 0.9264018691588785 0.2609223300970874 0.007009345794392523 0.012135922330097087
9.0 0.9322429906542056 0.2645631067961165 0.004672897196261682 0.009708737864077669
9.0 0.9369158878504673 0.26941747572815533 0.004672897196261682 0.009708737864077669
9.0 0.9380841121495327 0.26941747572815533 0.007009345794392523 0.009708737864077669
1.0 0.9719626168224299 0.5485436893203883 0.004672897196261682 0.02912621359223301
9.0 0.9707943925233645 0.5533980582524272 0.007009345794392523 0.02912621359223301
0.0 0.8457943925233645 0.7851941747572816 0.03271028037383177 0.04611650485436893
3.0 0.985981308411215 0.5885922330097088 0.014018691588785047 0.0412621359223301
3.0 0.9742990654205608 0.6371359223300971 0.018691588785046728 0.06067961165048544
3.0 0.14602803738317757 0.7961165048543689 0.11448598130841121 0.1262135922330097
3.0 0.08878504672897196 0.7160194174757282 0.06542056074766354 0.11165048543689321
3.0 0.007009345794392523 0.44781553398058255 0.009345794392523364 0.03155339805825243
3.0 0.012850467289719626 0.4344660194174757 0.011682242990654205 0.03398058252427184
3.0 0.02570093457943925 0.404126213592233 0.014018691588785047 0.0412621359223301
3.0 0.04088785046728972 0.3713592233009709 0.016355140186915886 0.038834951456310676
3.0 0.1133177570093458 0.27063106796116504 0.0397196261682243 0.050970873786407765
0.0 0.8820093457943925 0.279126213592233 0.016355140186915886 0.02912621359223301
1.0 0.316588785046729 0.154126213592233 0.02102803738317757 0.021844660194174758
9.0 0.3189252336448598 0.15655339805825244 0.0397196261682243 0.02669902912621359
9.0 0.6051401869158879 0.10315533980582524 0.02336448598130841 0.012135922330097087
1.0 0.6063084112149533 0.09951456310679611 0.016355140186915886 0.009708737864077669
1.0 0.572429906542056 0.0970873786407767 0.018691588785046728 0.009708737864077669
9.0 0.7698598130841121 0.1638349514563107 0.016355140186915886 0.01699029126213592
9.0 0.7558411214953271 0.15655339805825244 0.016355140186915886 0.01699029126213592
9.0 0.7441588785046729 0.14927184466019416 0.016355140186915886 0.01699029126213592
1.0 0.7932242990654206 0.18325242718446602 0.016355140186915886 0.021844660194174758
9.0 0.794392523364486 0.18567961165048544 0.02336448598130841 0.021844660194174758
3.0 0.6869158878504673 0.12257281553398058 0.0794392523364486 0.0412621359223301
5.0 0.6063084112149533 0.09101941747572816 0.10514018691588785 0.0412621359223301
5.0 0.5478971962616822 0.06796116504854369 0.10981308411214953 0.024271844660194174
2.0 0.697429906542056 0.11407766990291263 0.02102803738317757 0.014563106796116505
0.0 0.10397196261682243 0.20145631067961164 0.007009345794392523 0.009708737864077669
0.0 0.10747663551401869 0.19781553398058252 0.004672897196261682 0.007281553398058253
3.0 0.11448598130841121 0.18932038834951456 0.014018691588785047 0.014563106796116505
4.0 0.10630841121495327 0.1966019417475728 0.011682242990654205 0.014563106796116505
3.0 0.10163551401869159 0.20145631067961164 0.011682242990654205 0.014563106796116505
3.0 0.10397196261682243 0.19902912621359223 0.011682242990654205 0.014563106796116505
0.0 0.15186915887850466 0.16262135922330098 0.009345794392523364 0.009708737864077669
0.0 0.1647196261682243 0.15169902912621358 0.007009345794392523 0.007281553398058253
3.0 0.05023364485981308 0.27305825242718446 0.007009345794392523 0.01699029126213592
3.0 0.04906542056074766 0.27184466019417475 0.009345794392523364 0.014563106796116505
3.0 0.04672897196261682 0.27427184466019416 0.009345794392523364 0.014563106796116505
3.0 0.06074766355140187 0.2524271844660194 0.009345794392523364 0.019417475728155338
3.0 0.053738317757009345 0.25728155339805825 0.009345794392523364 0.014563106796116505
3.0 0.0689252336448598 0.22936893203883496 0.007009345794392523 0.007281553398058253
3.0 0.10046728971962617 0.1966019417475728 0.009345794392523364 0.009708737864077669
3.0 0.09579439252336448 0.20024271844660194 0.009345794392523364 0.012135922330097087
3.0 0.09345794392523364 0.20388349514563106 0.009345794392523364 0.009708737864077669
3.0 0.09345794392523364 0.20266990291262135 0.009345794392523364 0.012135922330097087
3.0 0.08995327102803738 0.20388349514563106 0.011682242990654205 0.014563106796116505
3.0 0.08878504672897196 0.20631067961165048 0.009345794392523364 0.009708737864077669
3.0 0.08644859813084112 0.20752427184466019 0.009345794392523364 0.012135922330097087
3.0 0.0794392523364486 0.21237864077669902 0.009345794392523364 0.012135922330097087
3.0 0.07827102803738317 0.21601941747572814 0.007009345794392523 0.009708737864077669
3.0 0.07710280373831775 0.21601941747572814 0.009345794392523364 0.009708737864077669
3.0 0.07593457943925233 0.21601941747572814 0.007009345794392523 0.009708737864077669
3.0 0.0689252336448598 0.22572815533980584 0.007009345794392523 0.009708737864077669
4.0 0.07359813084112149 0.21601941747572814 0.007009345794392523 0.009708737864077669
3.0 0.0689252336448598 0.22330097087378642 0.007009345794392523 0.009708737864077669
3.0 0.06658878504672897 0.22815533980582525 0.007009345794392523 0.009708737864077669
