3.0 0.035211267605633804 0.5935897435897436 0.023474178403755867 0.08974358974358974
4.0 0.08098591549295775 0.5820512820512821 0.04460093896713615 0.09230769230769231
6.0 0.009389671361502348 0.5397435897435897 0.004694835680751174 0.04871794871794872
6.0 0.5751173708920188 0.8961538461538462 0.051643192488262914 0.05384615384615385
3.0 0.43427230046948356 0.6205128205128205 0.18779342723004694 0.21025641025641026
3.0 0.25234741784037557 0.17051282051282052 0.11502347417840375 0.08461538461538462
6.0 0.12089201877934272 0.5435897435897435 0.03051643192488263 0.08717948717948718
6.0 0.13145539906103287 0.44743589743589746 0.018779342723004695 0.07435897435897436
2.0 0.107981220657277 0.4512820512820513 0.014084507042253521 0.035897435897435895
9.0 0.13497652582159625 0.35512820512820514 0.01643192488262911 0.04358974358974359
4.0 0.7711267605633803 0.19487179487179487 0.05868544600938967 0.06153846153846154
5.0 0.5516431924882629 0.11923076923076924 0.046948356807511735 0.04358974358974359
6.0 0.8427230046948356 0.8666666666666667 0.056338028169014086 0.05641025641025641
6.0 0.6161971830985915 0.026923076923076925 0.03051643192488263 0.01282051282051282
0.0 0.3485915492957746 0.02435897435897436 0.011737089201877934 0.007692307692307693
0.0 0.34507042253521125 0.03076923076923077 0.009389671361502348 0.005128205128205128
8.0 0.4061032863849765 0.010256410256410256 0.028169014084507043 0.010256410256410256
1.0 0.5774647887323944 0.9012820512820513 0.028169014084507043 0.023076923076923078
