5.0 0.08946078431372549 0.8182989690721649 0.041666666666666664 0.05412371134020619
3.0 0.7965686274509803 0.8994845360824743 0.06862745098039216 0.05154639175257732
3.0 0.8075980392156863 0.8827319587628866 0.0661764705882353 0.05412371134020619
3.0 0.8982843137254902 0.8221649484536082 0.04656862745098039 0.05670103092783505
3.0 0.9178921568627451 0.7615979381443299 0.03676470588235294 0.04896907216494845
5.0 0.9252450980392157 0.7268041237113402 0.03676470588235294 0.05154639175257732
5.0 0.9276960784313726 0.6237113402061856 0.04656862745098039 0.07731958762886598
4.0 0.9240196078431373 0.4639175257731959 0.0196078431372549 0.03608247422680412
3.0 0.6911764705882353 0.16108247422680413 0.049019607843137254 0.028350515463917526
3.0 0.678921568627451 0.14690721649484537 0.049019607843137254 0.02577319587628866
3.0 0.7536764705882353 0.15077319587628865 0.031862745098039214 0.023195876288659795
3.0 0.5698529411764706 0.05025773195876289 0.012254901960784314 0.007731958762886598
3.0 0.5637254901960784 0.04639175257731959 0.014705882352941176 0.005154639175257732
3.0 0.5735294117647058 0.045103092783505154 0.014705882352941176 0.007731958762886598
5.0 0.5980392156862745 0.06443298969072164 0.049019607843137254 0.020618556701030927
3.0 0.10784313725490197 0.37757731958762886 0.029411764705882353 0.04381443298969072
3.0 0.1213235294117647 0.35180412371134023 0.031862745098039214 0.03865979381443299
3.0 0.14215686274509803 0.2538659793814433 0.029411764705882353 0.028350515463917526
3.0 0.1482843137254902 0.2422680412371134 0.02696078431372549 0.02577319587628866
3.0 0.18627450980392157 0.20747422680412372 0.024509803921568627 0.028350515463917526
3.0 0.12009803921568628 0.25128865979381443 0.0196078431372549 0.028350515463917526
4.0 0.1642156862745098 0.19845360824742267 0.029411764705882353 0.030927835051546393
5.0 0.16911764705882354 0.21649484536082475 0.029411764705882353 0.041237113402061855
3.0 0.08946078431372549 0.3247422680412371 0.02696078431372549 0.03608247422680412
3.0 0.22058823529411764 0.12628865979381443 0.024509803921568627 0.020618556701030927
3.0 0.22426470588235295 0.1211340206185567 0.022058823529411766 0.015463917525773196
3.0 0.25735294117647056 0.08118556701030928 0.00980392156862745 0.007731958762886598
3.0 0.22303921568627452 0.11211340206185567 0.014705882352941176 0.01288659793814433
3.0 0.23039215686274508 0.11469072164948453 0.024509803921568627 0.01804123711340206
3.0 0.2916666666666667 0.05670103092783505 0.00980392156862745 0.005154639175257732
3.0 0.30392156862745096 0.04896907216494845 0.00980392156862745 0.005154639175257732
3.0 0.38235294117647056 0.041237113402061855 0.014705882352941176 0.005154639175257732
3.0 0.37745098039215685 0.08247422680412371 0.014705882352941176 0.010309278350515464
3.0 0.3946078431372549 0.055412371134020616 0.014705882352941176 0.007731958762886598
3.0 0.40931372549019607 0.041237113402061855 0.00980392156862745 0.005154639175257732
3.0 0.4068627450980392 0.030927835051546393 0.00980392156862745 0.005154639175257732
3.0 0.42034313725490197 0.024484536082474227 0.007352941176470588 0.002577319587628866
3.0 0.4227941176470588 0.02190721649484536 0.007352941176470588 0.002577319587628866
3.0 0.5110294117647058 0.06701030927835051 0.01715686274509804 0.005154639175257732
3.0 0.4963235294117647 0.05412371134020619 0.012254901960784314 0.005154639175257732
3.0 0.5147058823529411 0.05025773195876289 0.014705882352941176 0.002577319587628866
3.0 0.5134803921568627 0.04381443298969072 0.012254901960784314 0.005154639175257732
3.0 0.5073529411764706 0.028350515463917526 0.00980392156862745 0.005154639175257732
3.0 0.48161764705882354 0.015463917525773196 0.007352941176470588 0.0
3.0 0.5857843137254902 0.020618556701030927 0.00980392156862745 0.005154639175257732
3.0 0.5747549019607843 0.019329896907216496 0.007352941176470588 0.002577319587628866
3.0 0.5735294117647058 0.01675257731958763 0.014705882352941176 0.002577319587628866
3.0 0.5600490196078431 0.028350515463917526 0.012254901960784314 0.005154639175257732
3.0 0.48161764705882354 0.023195876288659795 0.007352941176470588 0.005154639175257732
5.0 0.49019607843137253 0.011597938144329897 0.00980392156862745 0.002577319587628866
5.0 0.36642156862745096 0.03608247422680412 0.022058823529411766 0.010309278350515464
5.0 0.3860294117647059 0.023195876288659795 0.012254901960784314 0.005154639175257732
5.0 0.47794117647058826 0.005154639175257732 0.004901960784313725 0.005154639175257732
5.0 0.4791666666666667 0.001288659793814433 0.007352941176470588 0.002577319587628866
5.0 0.47181372549019607 0.001288659793814433 0.007352941176470588 0.002577319587628866
3.0 0.33578431372549017 0.029639175257731958 0.004901960784313725 0.002577319587628866
3.0 0.36764705882352944 0.02190721649484536 0.004901960784313725 0.002577319587628866
3.0 0.375 0.019329896907216496 0.004901960784313725 0.002577319587628866
3.0 0.3799019607843137 0.01804123711340206 0.004901960784313725 0.005154639175257732
3.0 0.34558823529411764 0.027061855670103094 0.004901960784313725 0.002577319587628866
5.0 0.2977941176470588 0.2345360824742268 0.04656862745098039 0.07216494845360824
9.0 0.06862745098039216 0.48711340206185566 0.004901960784313725 0.010309278350515464
9.0 0.25735294117647056 0.22422680412371135 0.014705882352941176 0.020618556701030927
3.0 0.5367647058823529 0.024484536082474227 0.0196078431372549 0.002577319587628866
9.0 0.7303921568627451 0.6353092783505154 0.029411764705882353 0.059278350515463915
9.0 0.2193627450980392 0.8376288659793815 0.02696078431372549 0.030927835051546393
5.0 0.21691176470588236 0.5592783505154639 0.041666666666666664 0.14432989690721648
3.0 0.04779411764705882 0.7152061855670103 0.02696078431372549 0.04896907216494845
0.0 0.8394607843137255 0.875 0.01715686274509804 0.01804123711340206
