1.0 0.03286384976525822 0.44358974358974357 0.004694835680751174 0.02564102564102564
9.0 0.03990610328638498 0.5102564102564102 0.004694835680751174 0.015384615384615385
9.0 0.051643192488262914 0.4846153846153846 0.004694835680751174 0.015384615384615385
6.0 0.028169014084507043 0.5294871794871795 0.004694835680751174 0.03333333333333333
0.0 0.03169014084507042 0.5474358974358975 0.002347417840375587 0.023076923076923078
1.0 0.02112676056338028 0.49743589743589745 0.0 0.010256410256410256
1.0 0.015258215962441314 0.4948717948717949 0.002347417840375587 0.010256410256410256
1.0 0.008215962441314555 0.491025641025641 0.002347417840375587 0.007692307692307693
6.0 0.004694835680751174 0.47307692307692306 0.004694835680751174 0.023076923076923078
0.0 0.20892018779342722 0.8487179487179487 0.028169014084507043 0.03076923076923077
7.0 0.33568075117370894 0.8692307692307693 0.06572769953051644 0.07179487179487179
7.0 0.3908450704225352 0.9102564102564102 0.11971830985915492 0.07692307692307693
9.0 0.3274647887323944 0.8205128205128205 0.03990610328638498 0.046153846153846156
3.0 0.5 0.6653846153846154 0.07511737089201878 0.11538461538461539
1.0 0.3755868544600939 0.6576923076923077 0.028169014084507043 0.05384615384615385
6.0 0.3779342723004695 0.6666666666666666 0.04225352112676056 0.07179487179487179
9.0 0.09976525821596244 0.46794871794871795 0.01643192488262911 0.038461538461538464
2.0 0.07981220657276995 0.4756410256410256 0.009389671361502348 0.028205128205128206
9.0 0.13615023474178403 0.4551282051282051 0.023474178403755867 0.04358974358974359
3.0 0.5117370892018779 0.15256410256410258 0.06103286384976526 0.04871794871794872
7.0 0.45422535211267606 0.1294871794871795 0.035211267605633804 0.028205128205128206
7.0 0.4460093896713615 0.057692307692307696 0.023474178403755867 0.01282051282051282
8.0 0.49178403755868544 0.05 0.035211267605633804 0.017948717948717947
9.0 0.43309859154929575 0.041025641025641026 0.01643192488262911 0.005128205128205128
3.0 0.45892018779342725 0.03205128205128205 0.02112676056338028 0.007692307692307693
3.0 0.5011737089201878 0.03205128205128205 0.02112676056338028 0.007692307692307693
4.0 0.4988262910798122 0.023076923076923078 0.01643192488262911 0.005128205128205128
3.0 0.5176056338028169 0.021794871794871794 0.01643192488262911 0.007692307692307693
3.0 0.43427230046948356 0.02435897435897436 0.03286384976525822 0.007692307692307693
1.0 0.3955399061032864 0.03717948717948718 0.007042253521126761 0.002564102564102564
1.0 0.47769953051643194 0.03205128205128205 0.007042253521126761 0.002564102564102564
6.0 0.4788732394366197 0.03205128205128205 0.009389671361502348 0.002564102564102564
1.0 0.4765258215962441 0.019230769230769232 0.004694835680751174 0.002564102564102564
1.0 0.4835680751173709 0.017948717948717947 0.004694835680751174 0.0
9.0 0.4765258215962441 0.019230769230769232 0.004694835680751174 0.002564102564102564
9.0 0.4835680751173709 0.019230769230769232 0.004694835680751174 0.002564102564102564
9.0 0.4671361502347418 0.016666666666666666 0.004694835680751174 0.002564102564102564
9.0 0.1807511737089202 0.1576923076923077 0.009389671361502348 0.01282051282051282
3.0 0.17253521126760563 0.17564102564102563 0.02112676056338028 0.028205128205128206
2.0 0.3039906103286385 0.11282051282051282 0.025821596244131457 0.015384615384615385
0.0 0.25 0.1423076923076923 0.02112676056338028 0.023076923076923078
1.0 0.23826291079812206 0.15128205128205127 0.01643192488262911 0.015384615384615385
9.0 0.4518779342723005 0.016666666666666666 0.007042253521126761 0.002564102564102564
2.0 0.4612676056338028 0.011538461538461539 0.007042253521126761 0.002564102564102564
0.0 0.45774647887323944 0.011538461538461539 0.004694835680751174 0.002564102564102564
7.0 0.47417840375586856 0.011538461538461539 0.009389671361502348 0.002564102564102564
9.0 0.4835680751173709 0.011538461538461539 0.004694835680751174 0.002564102564102564
1.0 0.4823943661971831 0.010256410256410256 0.002347417840375587 0.0
3.0 0.5375586854460094 0.020512820512820513 0.014084507042253521 0.005128205128205128
4.0 0.5410798122065728 0.026923076923076925 0.01643192488262911 0.007692307692307693
7.0 0.534037558685446 0.016666666666666666 0.011737089201877934 0.002564102564102564
3.0 0.5316901408450704 0.014102564102564103 0.011737089201877934 0.002564102564102564
5.0 0.562206572769953 0.06025641025641026 0.03051643192488263 0.017948717948717947
3.0 0.6431924882629108 0.21153846153846154 0.06103286384976526 0.05384615384615385
1.0 0.6032863849765259 0.2423076923076923 0.018779342723004695 0.028205128205128206
9.0 0.6032863849765259 0.24743589743589745 0.023474178403755867 0.03333333333333333
7.0 0.6983568075117371 0.3423076923076923 0.04929577464788732 0.06923076923076923
9.0 0.7359154929577465 0.49615384615384617 0.03051643192488263 0.05897435897435897
4.0 0.710093896713615 0.7410256410256411 0.09154929577464789 0.11794871794871795
1.0 0.6068075117370892 0.8935897435897436 0.035211267605633804 0.023076923076923078
1.0 0.6044600938967136 0.9012820512820513 0.03051643192488263 0.017948717948717947
4.0 0.681924882629108 0.8910256410256411 0.08215962441314555 0.06923076923076923
1.0 0.573943661971831 0.9730769230769231 0.02112676056338028 0.01282051282051282
1.0 0.6032863849765259 0.9730769230769231 0.023474178403755867 0.01282051282051282
9.0 0.6044600938967136 0.9717948717948718 0.03051643192488263 0.020512820512820513
9.0 0.5727699530516432 0.9743589743589743 0.023474178403755867 0.015384615384615385
4.0 0.9354460093896714 0.6205128205128205 0.03051643192488263 0.08717948717948718
4.0 0.9248826291079812 0.55 0.028169014084507043 0.05897435897435897
3.0 0.92018779342723 0.5025641025641026 0.018779342723004695 0.06153846153846154
9.0 0.9647887323943662 0.5102564102564102 0.0 0.020512820512820513
9.0 0.9636150234741784 0.5038461538461538 0.002347417840375587 0.023076923076923078
9.0 0.9636150234741784 0.4948717948717949 0.002347417840375587 0.015384615384615385
5.0 0.863849765258216 0.4115384615384615 0.051643192488262914 0.1358974358974359
7.0 0.4753521126760563 0.0038461538461538464 0.007042253521126761 0.002564102564102564
0.0 0.2992957746478873 0.04358974358974359 0.007042253521126761 0.005128205128205128
