3.0 0.9801401869158879 0.625 0.016355140186915886 0.06067961165048544
3.0 0.9719626168224299 0.6298543689320388 0.018691588785046728 0.06553398058252427
3.0 0.9579439252336449 0.6456310679611651 0.028037383177570093 0.07766990291262135
3.0 0.9450934579439252 0.654126213592233 0.035046728971962614 0.08495145631067962
3.0 0.9018691588785047 0.6905339805825242 0.06074766355140187 0.10922330097087378
3.0 0.7932242990654206 0.8652912621359223 0.0911214953271028 0.08980582524271845
3.0 0.7453271028037384 0.8992718446601942 0.08878504672897196 0.07524271844660194
9.0 0.8925233644859814 0.7633495145631068 0.018691588785046728 0.021844660194174758
1.0 0.8948598130841121 0.7609223300970874 0.014018691588785047 0.021844660194174758
9.0 0.8773364485981309 0.7864077669902912 0.016355140186915886 0.024271844660194174
3.0 0.530373831775701 0.9781553398058253 0.0514018691588785 0.024271844660194174
3.0 0.24182242990654207 0.9162621359223301 0.08177570093457943 0.06553398058252427
3.0 0.07242990654205607 0.7694174757281553 0.04205607476635514 0.07281553398058252
4.0 0.04205607476635514 0.6808252427184466 0.037383177570093455 0.09466019417475728
4.0 0.02570093457943925 0.5946601941747572 0.018691588785046728 0.07281553398058252
3.0 0.02453271028037383 0.5303398058252428 0.011682242990654205 0.08009708737864078
3.0 0.038551401869158876 0.4016990291262136 0.02102803738317757 0.07524271844660194
3.0 0.056074766355140186 0.33859223300970875 0.028037383177570093 0.06553398058252427
3.0 0.09813084112149532 0.24271844660194175 0.037383177570093455 0.05825242718446602
9.0 0.08060747663551401 0.29975728155339804 0.011682242990654205 0.02669902912621359
1.0 0.08177570093457943 0.2949029126213592 0.009345794392523364 0.021844660194174758
3.0 0.12733644859813084 0.1941747572815534 0.030373831775700934 0.038834951456310676
3.0 0.15771028037383178 0.154126213592233 0.035046728971962614 0.03640776699029126
1.0 0.18808411214953272 0.125 0.011682242990654205 0.012135922330097087
2.0 0.18574766355140188 0.12742718446601942 0.011682242990654205 0.012135922330097087
9.0 0.11565420560747663 0.220873786407767 0.011682242990654205 0.019417475728155338
1.0 0.11799065420560748 0.21601941747572814 0.011682242990654205 0.019417475728155338
2.0 0.11682242990654206 0.22451456310679613 0.014018691588785047 0.021844660194174758
1.0 0.12032710280373832 0.21601941747572814 0.011682242990654205 0.019417475728155338
2.0 0.47546728971962615 0.9648058252427184 0.016355140186915886 0.012135922330097087
1.0 0.4766355140186916 0.9648058252427184 0.018691588785046728 0.007281553398058253
2.0 0.4976635514018692 0.9089805825242718 0.018691588785046728 0.01699029126213592
1.0 0.4976635514018692 0.904126213592233 0.018691588785046728 0.012135922330097087
3.0 0.3317757009345794 0.8762135922330098 0.11682242990654206 0.0970873786407767
3.0 0.2570093457943925 0.8604368932038835 0.07009345794392523 0.0703883495145631
3.0 0.10747663551401869 0.7597087378640777 0.06542056074766354 0.10679611650485436
3.0 0.2757009345794392 0.6674757281553398 0.1308411214953271 0.19902912621359223
3.0 0.5911214953271028 0.6881067961165048 0.09813084112149532 0.16262135922330098
3.0 0.5934579439252337 0.4575242718446602 0.11214953271028037 0.20145631067961164
3.0 0.3142523364485981 0.30218446601941745 0.09579439252336448 0.14805825242718446
3.0 0.3820093457943925 0.13349514563106796 0.07710280373831775 0.06796116504854369
3.0 0.3130841121495327 0.11771844660194175 0.07009345794392523 0.055825242718446605
3.0 0.4205607476635514 0.05703883495145631 0.04205607476635514 0.021844660194174758
3.0 0.24532710280373832 0.08373786407766991 0.04205607476635514 0.03155339805825243
3.0 0.4485981308411215 0.025485436893203883 0.03271028037383177 0.012135922330097087
9.0 0.5233644859813084 0.021844660194174758 0.009345794392523364 0.0048543689320388345
1.0 0.5233644859813084 0.019417475728155338 0.009345794392523364 0.0048543689320388345
2.0 0.6179906542056075 0.03762135922330097 0.02102803738317757 0.007281553398058253
3.0 0.677570093457944 0.03398058252427184 0.04672897196261682 0.019417475728155338
0.0 0.5467289719626168 0.04975728155339806 0.014018691588785047 0.007281553398058253
4.0 0.5630841121495327 0.09587378640776699 0.0514018691588785 0.03155339805825243
3.0 0.572429906542056 0.14684466019417475 0.07009345794392523 0.06067961165048544
2.0 0.6378504672897196 0.15048543689320387 0.0514018691588785 0.024271844660194174
0.0 0.8539719626168224 0.47451456310679613 0.011682242990654205 0.050970873786407765
2.0 0.7441588785046729 0.7851941747572816 0.053738317757009345 0.0412621359223301
2.0 0.7429906542056075 0.8021844660194175 0.0514018691588785 0.03640776699029126
