3.0 0.07720588235294118 0.19751381215469613 0.01715686274509804 0.03038674033149171
3.0 0.02696078431372549 0.3218232044198895 0.00980392156862745 0.024861878453038673
8.0 0.06862745098039216 0.24447513812154695 0.03431372549019608 0.07458563535911603
8.0 0.06004901960784314 0.22375690607734808 0.02696078431372549 0.049723756906077346
4.0 0.03676470588235294 0.4723756906077348 0.014705882352941176 0.049723756906077346
3.0 0.012254901960784314 0.5953038674033149 0.0196078431372549 0.06906077348066299
5.0 0.11642156862745098 0.3259668508287293 0.061274509803921566 0.11602209944751381
3.0 0.2193627450980392 0.13812154696132597 0.04656862745098039 0.04419889502762431
3.0 0.3112745098039216 0.08977900552486189 0.05392156862745098 0.03591160220994475
3.0 0.4730392156862745 0.006906077348066298 0.03431372549019608 0.008287292817679558
3.0 0.3762254901960784 0.019337016574585635 0.03676470588235294 0.016574585635359115
3.0 0.18504901960784315 0.4116022099447514 0.051470588235294115 0.09944751381215469
3.0 0.2426470588235294 0.3287292817679558 0.06372549019607843 0.08287292817679558
3.0 0.30269607843137253 0.23756906077348067 0.061274509803921566 0.06629834254143646
3.0 0.36151960784313725 0.18922651933701656 0.051470588235294115 0.04143646408839779
3.0 0.4252450980392157 0.143646408839779 0.051470588235294115 0.03867403314917127
3.0 0.44485294117647056 0.20165745856353592 0.061274509803921566 0.04419889502762431
3.0 0.2610294117647059 0.5165745856353591 0.0661764705882353 0.09392265193370165
3.0 0.16789215686274508 0.7430939226519337 0.061274509803921566 0.09392265193370165
3.0 0.7389705882352942 0.319060773480663 0.04656862745098039 0.08011049723756906
4.0 0.7818627450980392 0.3356353591160221 0.0392156862745098 0.0856353591160221
4.0 0.8137254901960784 0.356353591160221 0.03431372549019608 0.07734806629834254
3.0 0.8455882352941176 0.3798342541436464 0.029411764705882353 0.08011049723756906
3.0 0.8713235294117647 0.4005524861878453 0.02696078431372549 0.06629834254143646
3.0 0.8921568627450981 0.4143646408839779 0.0196078431372549 0.06077348066298342
3.0 0.9068627450980392 0.4212707182320442 0.0196078431372549 0.06906077348066299
3.0 0.9252450980392157 0.4350828729281768 0.01715686274509804 0.07458563535911603
4.0 0.8553921568627451 0.3383977900552486 0.03431372549019608 0.06353591160220995
4.0 0.8811274509803921 0.356353591160221 0.02696078431372549 0.06077348066298342
4.0 0.7806372549019608 0.287292817679558 0.056372549019607844 0.06629834254143646
3.0 0.4877450980392157 0.68646408839779 0.09313725490196079 0.09668508287292818
3.0 0.6188725490196079 0.7085635359116023 0.09068627450980392 0.1132596685082873
3.0 0.7218137254901961 0.7168508287292817 0.07598039215686274 0.09668508287292818
5.0 0.6936274509803921 0.8162983425414365 0.15196078431372548 0.19060773480662985
5.0 0.7867647058823529 0.8024861878453039 0.11764705882352941 0.17955801104972377
5.0 0.8186274509803921 0.7969613259668509 0.09313725490196079 0.15193370165745856
5.0 0.8872549019607843 0.7817679558011049 0.06862745098039216 0.1270718232044199
4.0 0.928921568627451 0.7099447513812155 0.029411764705882353 0.07734806629834254
3.0 0.9178921568627451 0.7085635359116023 0.031862745098039214 0.06353591160220995
3.0 0.8909313725490197 0.7154696132596685 0.03676470588235294 0.07734806629834254
3.0 0.8725490196078431 0.7237569060773481 0.0392156862745098 0.07734806629834254
4.0 0.8590686274509803 0.712707182320442 0.041666666666666664 0.08287292817679558
3.0 0.8357843137254902 0.7113259668508287 0.0392156862745098 0.06906077348066299
3.0 0.7732843137254902 0.7223756906077348 0.061274509803921566 0.10220994475138122
3.0 0.9522058823529411 0.6187845303867403 0.02696078431372549 0.055248618784530384
3.0 0.9583333333333334 0.5883977900552486 0.0196078431372549 0.04419889502762431
4.0 0.9607843137254902 0.56353591160221 0.0196078431372549 0.055248618784530384
3.0 0.9411764705882353 0.5566298342541437 0.029411764705882353 0.052486187845303865
3.0 0.8713235294117647 0.5925414364640884 0.051470588235294115 0.07458563535911603
4.0 0.8774509803921569 0.5483425414364641 0.049019607843137254 0.08011049723756906
4.0 0.9473039215686274 0.511049723756906 0.022058823529411766 0.03867403314917127
4.0 0.9485294117647058 0.48480662983425415 0.0196078431372549 0.024861878453038673
4.0 0.9656862745098039 0.5290055248618785 0.014705882352941176 0.03591160220994475
4.0 0.9693627450980392 0.5069060773480663 0.012254901960784314 0.03038674033149171
3.0 0.9669117647058824 0.48204419889502764 0.012254901960784314 0.03038674033149171
3.0 0.9644607843137255 0.4488950276243094 0.01715686274509804 0.03591160220994475
3.0 0.9644607843137255 0.4281767955801105 0.01715686274509804 0.027624309392265192
5.0 0.9350490196078431 0.3494475138121547 0.04656862745098039 0.08011049723756906
4.0 0.9791666666666666 0.3798342541436464 0.012254901960784314 0.04696132596685083
3.0 0.9901960784313726 0.468232044198895 0.004901960784313725 0.03591160220994475
3.0 0.9865196078431373 0.43232044198895025 0.007352941176470588 0.03038674033149171
3.0 0.9901960784313726 0.5207182320441989 0.004901960784313725 0.03038674033149171
4.0 0.9877450980392157 0.5649171270718232 0.00980392156862745 0.058011049723756904
4.0 0.9926470588235294 0.5704419889502762 0.00980392156862745 0.058011049723756904
3.0 0.9767156862745098 0.6422651933701657 0.01715686274509804 0.052486187845303865
4.0 0.9656862745098039 0.6919889502762431 0.024509803921568627 0.06353591160220995
3.0 0.9718137254901961 0.6878453038674033 0.01715686274509804 0.055248618784530384
3.0 0.9828431372549019 0.6367403314917127 0.00980392156862745 0.03591160220994475
5.0 0.43995098039215685 0.9723756906077348 0.12009803921568628 0.049723756906077346
5.0 0.9252450980392157 0.27486187845303867 0.041666666666666664 0.06353591160220995
5.0 0.9276960784313726 0.3011049723756906 0.041666666666666664 0.06077348066298342
5.0 0.9338235294117647 0.3328729281767956 0.0392156862745098 0.06906077348066299
5.0 0.9362745098039216 0.28591160220994477 0.03431372549019608 0.06353591160220995
3.0 0.4583333333333333 0.11464088397790055 0.0392156862745098 0.03038674033149171
3.0 0.39705882352941174 0.1270718232044199 0.04411764705882353 0.03867403314917127
3.0 0.6911764705882353 0.3011049723756906 0.058823529411764705 0.08839779005524862
3.0 0.7303921568627451 0.2638121546961326 0.05392156862745098 0.0856353591160221
3.0 0.8247549019607843 0.3149171270718232 0.03676470588235294 0.06629834254143646
3.0 0.9411764705882353 0.4102209944751381 0.0196078431372549 0.03038674033149171
3.0 0.9497549019607843 0.39226519337016574 0.01715686274509804 0.03314917127071823
3.0 0.9485294117647058 0.43232044198895025 0.014705882352941176 0.03038674033149171
3.0 0.9473039215686274 0.4544198895027624 0.01715686274509804 0.03038674033149171
3.0 0.9950980392156863 0.4488950276243094 0.004901960784313725 0.03038674033149171
3.0 0.03553921568627451 0.712707182320442 0.02696078431372549 0.06629834254143646
3.0 0.43137254901960786 0.008287292817679558 0.03431372549019608 0.011049723756906077
3.0 0.6409313725490197 0.5414364640883977 0.13480392156862744 0.09392265193370165
3.0 0.6507352941176471 0.47928176795580113 0.12009803921568628 0.08011049723756906
3.0 0.6605392156862745 0.1685082872928177 0.056372549019607844 0.049723756906077346
3.0 0.3958333333333333 0.08977900552486189 0.07598039215686274 0.03591160220994475
3.0 0.35661764705882354 0.10497237569060773 0.061274509803921566 0.03314917127071823
3.0 0.33088235294117646 0.12292817679558012 0.06862745098039216 0.03591160220994475
3.0 0.2549019607843137 0.19337016574585636 0.06372549019607843 0.06077348066298342
3.0 0.2708333333333333 0.17541436464088397 0.061274509803921566 0.058011049723756904
3.0 0.3014705882352941 0.1505524861878453 0.07352941176470588 0.052486187845303865
