0.0 0.04656862745098039 0.3698453608247423 0.0196078431372549 0.059278350515463915
0.0 0.09803921568627451 0.24742268041237114 0.024509803921568627 0.05154639175257732
3.0 0.21200980392156862 0.21262886597938144 0.1053921568627451 0.13144329896907217
3.0 0.2647058823529412 0.12886597938144329 0.09313725490196079 0.08247422680412371
3.0 0.16299019607843138 0.22164948453608246 0.10049019607843138 0.13402061855670103
3.0 0.23039215686274508 0.12371134020618557 0.0784313725490196 0.07216494845360824
3.0 0.2769607843137255 0.07731958762886598 0.06372549019607843 0.04639175257731959
3.0 0.24509803921568626 0.08118556701030928 0.05392156862745098 0.04381443298969072
3.0 0.3088235294117647 0.05025773195876289 0.049019607843137254 0.028350515463917526
3.0 0.32965686274509803 0.03221649484536082 0.04656862745098039 0.023195876288659795
4.0 0.27205882352941174 0.05798969072164949 0.049019607843137254 0.03350515463917526
3.0 0.5355392156862745 0.006443298969072165 0.041666666666666664 0.01288659793814433
3.0 0.5980392156862745 0.01675257731958763 0.049019607843137254 0.01804123711340206
3.0 0.5600490196078431 0.02190721649484536 0.051470588235294115 0.01804123711340206
3.0 0.5723039215686274 0.03994845360824742 0.07107843137254902 0.028350515463917526
8.0 0.696078431372549 0.0979381443298969 0.17647058823529413 0.14432989690721648
3.0 0.8125 0.26417525773195877 0.11519607843137254 0.16237113402061856
3.0 0.625 0.03350515463917526 0.04411764705882353 0.020618556701030927
8.0 0.6691176470588235 0.029639175257731958 0.06372549019607843 0.028350515463917526
3.0 0.8321078431372549 0.18041237113402062 0.07107843137254902 0.07731958762886598
3.0 0.8921568627450981 0.27448453608247425 0.0784313725490196 0.12628865979381443
3.0 0.9424019607843137 0.3956185567010309 0.04656862745098039 0.13144329896907217
3.0 0.9215686274509803 0.4484536082474227 0.05392156862745098 0.18556701030927836
3.0 0.9583333333333334 0.5850515463917526 0.05392156862745098 0.18041237113402062
3.0 0.9350490196078431 0.7422680412371134 0.09068627450980392 0.17525773195876287
0.0 0.5159313725490197 0.49742268041237114 0.0857843137254902 0.16494845360824742
0.0 0.24632352941176472 0.8157216494845361 0.061274509803921566 0.07474226804123711
0.0 0.20710784313725492 0.7925257731958762 0.056372549019607844 0.07989690721649484
0.0 0.19730392156862744 0.7306701030927835 0.056372549019607844 0.1056701030927835
3.0 0.1801470588235294 0.8427835051546392 0.17892156862745098 0.211340206185567
3.0 0.15318627450980393 0.40463917525773196 0.11519607843137254 0.26804123711340205
3.0 0.1053921568627451 0.3427835051546392 0.0784313725490196 0.18556701030927836
2.0 0.04534313725490196 0.4639175257731959 0.022058823529411766 0.04639175257731959
2.0 0.04411764705882353 0.6275773195876289 0.06372549019607843 0.19329896907216496
9.0 0.00980392156862745 0.604381443298969 0.00980392156862745 0.05412371134020619
9.0 0.00980392156862745 0.5850515463917526 0.014705882352941176 0.061855670103092786
