3.0 0.2757352941176471 0.8328729281767956 0.125 0.1132596685082873
3.0 0.12990196078431374 0.7044198895027625 0.07352941176470588 0.09392265193370165
3.0 0.5870098039215687 0.9337016574585635 0.125 0.06629834254143646
3.0 0.49142156862745096 0.669889502762431 0.18382352941176472 0.16298342541436464
3.0 0.5723039215686274 0.9834254143646409 0.09068627450980392 0.027624309392265192
3.0 0.9828431372549019 0.580110497237569 0.0196078431372549 0.0718232044198895
4.0 0.05392156862745098 0.6132596685082873 0.03431372549019608 0.07734806629834254
4.0 0.2977941176470588 0.7541436464088398 0.14950980392156862 0.15469613259668508
4.0 0.8615196078431373 0.6229281767955801 0.08088235294117647 0.15193370165745856
4.0 0.20955882352941177 0.21961325966850828 0.125 0.1464088397790055
0.0 0.7181372549019608 0.14502762430939226 0.024509803921568627 0.03038674033149171
0.0 0.6531862745098039 0.10082872928176796 0.022058823529411766 0.019337016574585635
0.0 0.3909313725490196 0.019337016574585635 0.01715686274509804 0.011049723756906077
0.0 0.9595588235294118 0.5290055248618785 0.007352941176470588 0.024861878453038673
3.0 0.9166666666666666 0.3259668508287293 0.04411764705882353 0.09392265193370165
