3.0 0.03403755868544601 0.3717948717948718 0.007042253521126761 0.020512820512820513
3.0 0.01995305164319249 0.3858974358974359 0.007042253521126761 0.017948717948717947
3.0 0.04929577464788732 0.32051282051282054 0.009389671361502348 0.020512820512820513
3.0 0.07746478873239436 0.2551282051282051 0.014084507042253521 0.023076923076923078
3.0 0.028169014084507043 0.37564102564102564 0.004694835680751174 0.017948717948717947
3.0 0.009389671361502348 0.3974358974358974 0.004694835680751174 0.015384615384615385
3.0 0.27582159624413144 0.3730769230769231 0.0539906103286385 0.1
3.0 0.5164319248826291 0.2076923076923077 0.051643192488262914 0.046153846153846156
3.0 0.49765258215962443 0.13076923076923078 0.03286384976525822 0.020512820512820513
3.0 0.38380281690140844 0.1294871794871795 0.035211267605633804 0.028205128205128206
3.0 0.3826291079812207 0.07948717948717948 0.028169014084507043 0.015384615384615385
3.0 0.5023474178403756 0.06923076923076923 0.023474178403755867 0.010256410256410256
3.0 0.42488262910798125 0.0641025641025641 0.023474178403755867 0.010256410256410256
3.0 0.4765258215962441 0.03076923076923077 0.014084507042253521 0.005128205128205128
3.0 0.49413145539906106 0.026923076923076925 0.011737089201877934 0.002564102564102564
3.0 0.49295774647887325 0.019230769230769232 0.014084507042253521 0.002564102564102564
4.0 0.4272300469483568 0.02435897435897436 0.014084507042253521 0.007692307692307693
8.0 0.39436619718309857 0.026923076923076925 0.023474178403755867 0.01282051282051282
3.0 0.6220657276995305 0.1346153846153846 0.051643192488262914 0.028205128205128206
3.0 0.4753521126760563 0.011538461538461539 0.007042253521126761 0.002564102564102564
3.0 0.4859154929577465 0.00641025641025641 0.009389671361502348 0.002564102564102564
3.0 0.4812206572769953 0.0038461538461538464 0.009389671361502348 0.002564102564102564
3.0 0.4823943661971831 0.001282051282051282 0.007042253521126761 0.002564102564102564
4.0 0.5950704225352113 0.04358974358974359 0.01643192488262911 0.010256410256410256
4.0 0.6185446009389671 0.046153846153846156 0.03051643192488263 0.010256410256410256
8.0 0.5868544600938967 0.18846153846153846 0.09859154929577464 0.1
4.0 0.9014084507042254 0.5038461538461538 0.023474178403755867 0.04871794871794872
4.0 0.8779342723004695 0.4 0.04225352112676056 0.06153846153846154
4.0 0.8532863849765259 0.3384615384615385 0.03990610328638498 0.05641025641025641
3.0 0.8415492957746479 0.30641025641025643 0.04460093896713615 0.04871794871794872
3.0 0.903755868544601 0.5576923076923077 0.028169014084507043 0.04871794871794872
3.0 0.7687793427230047 0.18974358974358974 0.04460093896713615 0.035897435897435895
3.0 0.7593896713615024 0.17435897435897435 0.04929577464788732 0.035897435897435895
3.0 0.7382629107981221 0.15384615384615385 0.04929577464788732 0.035897435897435895
4.0 0.7453051643192489 0.16153846153846155 0.04929577464788732 0.035897435897435895
4.0 0.7406103286384976 0.14487179487179488 0.03990610328638498 0.03333333333333333
3.0 0.7241784037558685 0.13333333333333333 0.03990610328638498 0.02564102564102564
3.0 0.6619718309859155 0.1 0.028169014084507043 0.015384615384615385
3.0 0.6866197183098591 0.09743589743589744 0.03990610328638498 0.020512820512820513
3.0 0.6842723004694836 0.09358974358974359 0.04460093896713615 0.023076923076923078
3.0 0.7077464788732394 0.09487179487179487 0.03990610328638498 0.020512820512820513
3.0 0.6666666666666666 0.08076923076923077 0.03755868544600939 0.017948717948717947
3.0 0.926056338028169 0.6461538461538462 0.03051643192488263 0.05128205128205128
3.0 0.8215962441314554 0.7794871794871795 0.051643192488262914 0.07692307692307693
4.0 0.9119718309859155 0.7461538461538462 0.035211267605633804 0.05641025641025641
9.0 0.8438967136150235 0.7730769230769231 0.02112676056338028 0.038461538461538464
0.0 0.8497652582159625 0.7756410256410257 0.014084507042253521 0.028205128205128206
1.0 0.8086854460093896 0.823076923076923 0.02112676056338028 0.03076923076923077
9.0 0.8051643192488263 0.8256410256410256 0.03286384976525822 0.035897435897435895
1.0 0.8321596244131455 0.46923076923076923 0.007042253521126761 0.02564102564102564
1.0 0.8051643192488263 0.37051282051282053 0.009389671361502348 0.023076923076923078
9.0 0.8309859154929577 0.48205128205128206 0.009389671361502348 0.02564102564102564
9.0 0.8051643192488263 0.38076923076923075 0.009389671361502348 0.023076923076923078
3.0 0.75 0.22435897435897437 0.03990610328638498 0.04358974358974359
3.0 0.5610328638497653 0.016666666666666666 0.009389671361502348 0.002564102564102564
3.0 0.5528169014084507 0.011538461538461539 0.011737089201877934 0.002564102564102564
3.0 0.5446009389671361 0.008974358974358974 0.009389671361502348 0.002564102564102564
3.0 0.5293427230046949 0.00641025641025641 0.007042253521126761 0.002564102564102564
3.0 0.5422535211267606 0.00641025641025641 0.009389671361502348 0.002564102564102564
3.0 0.5434272300469484 0.00641025641025641 0.007042253521126761 0.002564102564102564
0.0 0.5387323943661971 0.016666666666666666 0.002347417840375587 0.002564102564102564
0.0 0.5434272300469484 0.016666666666666666 0.002347417840375587 0.002564102564102564
1.0 0.5469483568075117 0.041025641025641026 0.004694835680751174 0.005128205128205128
1.0 0.5868544600938967 0.047435897435897434 0.004694835680751174 0.002564102564102564
1.0 0.6232394366197183 0.08333333333333333 0.007042253521126761 0.007692307692307693
9.0 0.5469483568075117 0.04487179487179487 0.004694835680751174 0.002564102564102564
9.0 0.5868544600938967 0.04871794871794872 0.004694835680751174 0.005128205128205128
9.0 0.6255868544600939 0.08717948717948718 0.007042253521126761 0.005128205128205128
1.0 0.18192488262910797 0.24743589743589745 0.007042253521126761 0.01282051282051282
1.0 0.20539906103286384 0.2282051282051282 0.011737089201877934 0.015384615384615385
9.0 0.20187793427230047 0.23846153846153847 0.009389671361502348 0.015384615384615385
2.0 0.1784037558685446 0.2564102564102564 0.009389671361502348 0.015384615384615385
1.0 0.33215962441314556 0.0641025641025641 0.007042253521126761 0.005128205128205128
9.0 0.33098591549295775 0.06666666666666667 0.009389671361502348 0.005128205128205128
9.0 0.7723004694835681 0.15 0.014084507042253521 0.01282051282051282
9.0 0.7828638497652582 0.1641025641025641 0.01643192488262911 0.015384615384615385
9.0 0.9025821596244131 0.5807692307692308 0.007042253521126761 0.03333333333333333
9.0 0.8955399061032864 0.5884615384615385 0.007042253521126761 0.028205128205128206
9.0 0.9131455399061033 0.41410256410256413 0.009389671361502348 0.023076923076923078
9.0 0.7382629107981221 0.12179487179487179 0.011737089201877934 0.01282051282051282
9.0 0.8755868544600939 0.3076923076923077 0.009389671361502348 0.015384615384615385
9.0 0.8262910798122066 0.21923076923076923 0.014084507042253521 0.017948717948717947
