3.0 0.9252450980392157 0.7693298969072165 0.08088235294117647 0.14175257731958762
5.0 0.8541666666666666 0.788659793814433 0.25735294117647056 0.3247422680412371
4.0 0.6495098039215687 0.9600515463917526 0.1568627450980392 0.06958762886597938
4.0 0.15073529411764705 0.8518041237113402 0.16911764705882354 0.16237113402061856
3.0 0.7107843137254902 0.740979381443299 0.2647058823529412 0.3015463917525773
2.0 0.5943627450980392 0.9239690721649485 0.09068627450980392 0.04381443298969072
0.0 0.4056372549019608 0.9690721649484536 0.061274509803921566 0.020618556701030927
4.0 0.9338235294117647 0.6585051546391752 0.09313725490196079 0.2036082474226804
4.0 0.11764705882352941 0.7925257731958762 0.16176470588235295 0.19845360824742267
4.0 0.07598039215686274 0.7074742268041238 0.12254901960784313 0.19845360824742267
3.0 0.9007352941176471 0.4845360824742268 0.08088235294117647 0.2422680412371134
3.0 0.7254901960784313 0.3595360824742268 0.24509803921568626 0.3170103092783505
3.0 0.7757352941176471 0.25257731958762886 0.16911764705882354 0.19072164948453607
3.0 0.30392156862745096 0.5889175257731959 0.23039215686274508 0.37371134020618557
4.0 0.03308823529411765 0.5412371134020618 0.056372549019607844 0.15463917525773196
4.0 0.08088235294117647 0.20618556701030927 0.058823529411764705 0.07731958762886598
3.0 0.07475490196078431 0.22938144329896906 0.0661764705882353 0.09278350515463918
3.0 0.2107843137254902 0.3015463917525773 0.1715686274509804 0.26288659793814434
3.0 0.19240196078431374 0.1791237113402062 0.12009803921568628 0.13659793814432988
3.0 0.5147058823529411 0.05154639175257732 0.11764705882352941 0.03608247422680412
3.0 0.4411764705882353 0.02577319587628866 0.09313725490196079 0.030927835051546393
3.0 0.19852941176470587 0.12757731958762886 0.09313725490196079 0.08505154639175258
3.0 0.1482843137254902 0.17268041237113402 0.07598039215686274 0.08762886597938144
4.0 0.3946078431372549 0.01675257731958763 0.0784313725490196 0.028350515463917526
0.0 0.10049019607843138 0.2603092783505155 0.029411764705882353 0.05670103092783505
0.0 0.09068627450980392 0.25644329896907214 0.024509803921568627 0.04896907216494845
0.0 0.07598039215686274 0.27448453608247425 0.024509803921568627 0.04896907216494845
0.0 0.1213235294117647 0.15335051546391754 0.022058823529411766 0.028350515463917526
0.0 0.12745098039215685 0.1481958762886598 0.024509803921568627 0.03350515463917526
