3.0 0.22916666666666666 0.47680412371134023 0.07598039215686274 0.23711340206185566
3.0 0.6078431372549019 0.7603092783505154 0.11764705882352941 0.17525773195876287
4.0 0.5906862745098039 0.8891752577319587 0.08823529411764706 0.08247422680412371
0.0 0.6678921568627451 0.9368556701030928 0.022058823529411766 0.01288659793814433
0.0 0.6556372549019608 0.9574742268041238 0.022058823529411766 0.01288659793814433
9.0 0.6973039215686274 0.913659793814433 0.031862745098039214 0.028350515463917526
0.0 0.8051470588235294 0.5180412371134021 0.01715686274509804 0.05670103092783505
9.0 0.8063725490196079 0.3904639175257732 0.029411764705882353 0.07989690721649484
0.0 0.7659313725490197 0.35695876288659795 0.02696078431372549 0.04381443298969072
3.0 0.6237745098039216 0.28865979381443296 0.10049019607843138 0.17010309278350516
0.0 0.7120098039215687 0.17525773195876287 0.02696078431372549 0.030927835051546393
0.0 0.741421568627451 0.19072164948453607 0.022058823529411766 0.030927835051546393
1.0 0.6727941176470589 0.13659793814432988 0.02696078431372549 0.02577319587628866
2.0 0.6715686274509803 0.14175257731958762 0.029411764705882353 0.03608247422680412
0.0 0.7144607843137255 0.14948453608247422 0.031862745098039214 0.030927835051546393
0.0 0.7267156862745098 0.14175257731958762 0.022058823529411766 0.020618556701030927
0.0 0.696078431372549 0.10695876288659793 0.024509803921568627 0.01804123711340206
9.0 0.6115196078431373 0.13144329896907217 0.07107843137254902 0.07216494845360824
0.0 0.6801470588235294 0.07603092783505154 0.022058823529411766 0.01804123711340206
0.0 0.6593137254901961 0.059278350515463915 0.0196078431372549 0.015463917525773196
0.0 0.5992647058823529 0.061855670103092786 0.01715686274509804 0.010309278350515464
9.0 0.5992647058823529 0.05283505154639175 0.051470588235294115 0.01804123711340206
1.0 0.5943627450980392 0.05025773195876289 0.01715686274509804 0.007731958762886598
0.0 0.6556372549019608 0.04768041237113402 0.01715686274509804 0.01288659793814433
0.0 0.5784313725490197 0.02577319587628866 0.0196078431372549 0.010309278350515464
9.0 0.5882352941176471 0.027061855670103094 0.014705882352941176 0.01288659793814433
0.0 0.571078431372549 0.03608247422680412 0.0196078431372549 0.010309278350515464
1.0 0.5649509803921569 0.030927835051546393 0.012254901960784314 0.005154639175257732
1.0 0.5171568627450981 0.02577319587628866 0.0196078431372549 0.005154639175257732
1.0 0.5367647058823529 0.02577319587628866 0.014705882352941176 0.005154639175257732
1.0 0.44485294117647056 0.029639175257731958 0.012254901960784314 0.007731958762886598
0.0 0.3762254901960784 0.05025773195876289 0.022058823529411766 0.01288659793814433
9.0 0.43137254901960786 0.02577319587628866 0.04411764705882353 0.010309278350515464
4.0 0.4007352941176471 0.06314432989690721 0.11519607843137254 0.03865979381443299
0.0 0.3137254901960784 0.0979381443298969 0.024509803921568627 0.020618556701030927
0.0 0.23897058823529413 0.14175257731958762 0.02696078431372549 0.030927835051546393
