0.0 0.056372549019607844 0.297680412371134 0.0196078431372549 0.04896907216494845
3.0 0.08088235294117647 0.2693298969072165 0.05392156862745098 0.09536082474226804
3.0 0.02696078431372549 0.654639175257732 0.04411764705882353 0.13917525773195877
3.0 0.02696078431372549 0.47164948453608246 0.03431372549019608 0.15463917525773196
9.0 0.10049019607843138 0.19201030927835053 0.024509803921568627 0.03350515463917526
9.0 0.06740196078431372 0.23711340206185566 0.022058823529411766 0.03608247422680412
9.0 0.03308823529411765 0.3002577319587629 0.01715686274509804 0.03350515463917526
9.0 0.15441176470588236 0.11984536082474227 0.024509803921568627 0.023195876288659795
9.0 0.18382352941176472 0.09407216494845361 0.014705882352941176 0.01288659793814433
3.0 0.17769607843137256 0.13015463917525774 0.051470588235294115 0.05412371134020619
4.0 0.1875 0.18943298969072164 0.11029411764705882 0.13659793814432988
9.0 0.3088235294117647 0.041237113402061855 0.0196078431372549 0.015463917525773196
0.0 0.30269607843137253 0.06056701030927835 0.022058823529411766 0.01804123711340206
2.0 0.29901960784313725 0.06443298969072164 0.024509803921568627 0.020618556701030927
3.0 0.25980392156862747 0.07474226804123711 0.06372549019607843 0.04639175257731959
3.0 0.27818627450980393 0.05670103092783505 0.051470588235294115 0.030927835051546393
2.0 0.5870098039215687 0.9832474226804123 0.10049019607843138 0.028350515463917526
3.0 0.6017156862745098 0.9110824742268041 0.17401960784313725 0.13659793814432988
3.0 0.6004901960784313 0.6494845360824743 0.20588235294117646 0.31958762886597936
3.0 0.553921568627451 0.27319587628865977 0.15196078431372548 0.18041237113402062
0.0 0.4019607843137255 0.2036082474226804 0.05392156862745098 0.07731958762886598
4.0 0.4117647058823529 0.1481958762886598 0.11274509803921569 0.10051546391752578
3.0 0.5257352941176471 0.12628865979381443 0.09558823529411764 0.07216494845360824
3.0 0.49754901960784315 0.06829896907216494 0.08333333333333333 0.04381443298969072
3.0 0.42892156862745096 0.037371134020618556 0.058823529411764705 0.023195876288659795
3.0 0.49142156862745096 0.03994845360824742 0.061274509803921566 0.023195876288659795
3.0 0.49264705882352944 0.020618556701030927 0.04411764705882353 0.015463917525773196
4.0 0.49019607843137253 0.00902061855670103 0.0392156862745098 0.01288659793814433
0.0 0.44730392156862747 0.003865979381443299 0.012254901960784314 0.007731958762886598
3.0 0.6029411764705882 0.01288659793814433 0.04411764705882353 0.015463917525773196
9.0 0.6433823529411765 0.029639175257731958 0.022058823529411766 0.01288659793814433
9.0 0.7205882352941176 0.10051546391752578 0.04411764705882353 0.03608247422680412
9.0 0.7536764705882353 0.13788659793814434 0.051470588235294115 0.04896907216494845
0.0 0.7095588235294118 0.055412371134020616 0.022058823529411766 0.01804123711340206
0.0 0.7279411764705882 0.07216494845360824 0.024509803921568627 0.020618556701030927
4.0 0.6727941176470589 0.06701030927835051 0.07598039215686274 0.05154639175257732
0.0 0.8186274509803921 0.3543814432989691 0.04411764705882353 0.10051546391752578
0.0 0.7965686274509803 0.3402061855670103 0.0392156862745098 0.0979381443298969
4.0 0.8088235294117647 0.23711340206185566 0.11274509803921569 0.15979381443298968
3.0 0.8811274509803921 0.43170103092783507 0.08088235294117647 0.20876288659793815
9.0 0.9080882352941176 0.6069587628865979 0.051470588235294115 0.08505154639175258
9.0 0.8566176470588235 0.6095360824742269 0.04656862745098039 0.11082474226804123
9.0 0.8578431372549019 0.7860824742268041 0.07352941176470588 0.07731958762886598
9.0 0.8529411764705882 0.8170103092783505 0.06862745098039216 0.06701030927835051
3.0 0.8186274509803921 0.8608247422680413 0.20098039215686275 0.18556701030927836
0.0 0.9767156862745098 0.634020618556701 0.01715686274509804 0.05154639175257732
0.0 0.9656862745098039 0.6404639175257731 0.0196078431372549 0.06443298969072164
9.0 0.9620098039215687 0.5025773195876289 0.007352941176470588 0.07216494845360824
9.0 0.9497549019607843 0.44329896907216493 0.01715686274509804 0.07216494845360824
9.0 0.8995098039215687 0.2912371134020619 0.024509803921568627 0.05670103092783505
1.0 0.9019607843137255 0.2654639175257732 0.024509803921568627 0.04639175257731959
