0.0 0.6214953271028038 0.9733009708737864 0.037383177570093455 0.014563106796116505
0.0 0.6214953271028038 0.9599514563106796 0.04205607476635514 0.01699029126213592
0.0 0.669392523364486 0.9199029126213593 0.04439252336448598 0.02912621359223301
0.0 0.5922897196261683 0.8652912621359223 0.053738317757009345 0.03640776699029126
0.0 0.633177570093458 0.8288834951456311 0.07009345794392523 0.050970873786407765
0.0 0.6588785046728972 0.6468446601941747 0.06542056074766354 0.07524271844660194
2.0 0.7663551401869159 0.5910194174757282 0.0514018691588785 0.16747572815533981
1.0 0.772196261682243 0.6007281553398058 0.053738317757009345 0.10922330097087378
9.0 0.5549065420560748 0.5436893203883495 0.10981308411214953 0.1796116504854369
1.0 0.5490654205607477 0.5485436893203883 0.09345794392523364 0.0970873786407767
0.0 0.7079439252336449 0.41262135922330095 0.06074766355140187 0.08737864077669903
9.0 0.6565420560747663 0.39805825242718446 0.07009345794392523 0.11650485436893204
1.0 0.6623831775700935 0.39684466019417475 0.04906542056074766 0.06067961165048544
1.0 0.5408878504672897 0.19053398058252427 0.030373831775700934 0.012135922330097087
0.0 0.5023364485981309 0.154126213592233 0.0514018691588785 0.03155339805825243
3.0 0.875 0.3871359223300971 0.11448598130841121 0.308252427184466
0.0 0.23948598130841123 0.4878640776699029 0.02102803738317757 0.03398058252427184
0.0 0.26869158878504673 0.4890776699029126 0.04672897196261682 0.08980582524271845
5.0 0.2371495327102804 0.6067961165048543 0.2780373831775701 0.6262135922330098
0.0 0.6366822429906542 0.03640776699029126 0.02102803738317757 0.009708737864077669
1.0 0.6425233644859814 0.044902912621359224 0.02336448598130841 0.012135922330097087
0.0 0.6682242990654206 0.038834951456310676 0.04205607476635514 0.024271844660194174
0.0 0.6401869158878505 0.03155339805825243 0.03271028037383177 0.019417475728155338
0.0 0.46261682242990654 0.012135922330097087 0.02336448598130841 0.009708737864077669
0.0 0.48014018691588783 0.009708737864077669 0.02570093457943925 0.009708737864077669
0.0 0.4252336448598131 0.04975728155339806 0.03271028037383177 0.01699029126213592
0.0 0.42757009345794394 0.044902912621359224 0.037383177570093455 0.01699029126213592
5.0 0.3574766355140187 0.0825242718446602 0.21495327102803738 0.13592233009708737
6.0 0.3726635514018692 0.02063106796116505 0.07710280373831775 0.03155339805825243
0.0 0.4088785046728972 0.970873786407767 0.03271028037383177 0.009708737864077669
