0.0 0.056372549019607844 0.2538659793814433 0.014705882352941176 0.028350515463917526
0.0 0.07965686274509803 0.23840206185567012 0.01715686274509804 0.028350515463917526
3.0 0.05269607843137255 0.2757731958762887 0.02696078431372549 0.05154639175257732
3.0 0.04656862745098039 0.30927835051546393 0.03431372549019608 0.08247422680412371
0.0 0.030637254901960783 0.3479381443298969 0.012254901960784314 0.03608247422680412
0.0 0.023284313725490197 0.37371134020618557 0.012254901960784314 0.03608247422680412
3.0 0.18382352941176472 0.09664948453608248 0.024509803921568627 0.023195876288659795
3.0 0.17647058823529413 0.1095360824742268 0.024509803921568627 0.023195876288659795
3.0 0.1948529411764706 0.09664948453608248 0.02696078431372549 0.023195876288659795
3.0 0.18504901960784315 0.10695876288659793 0.031862745098039214 0.028350515463917526
3.0 0.20465686274509803 0.09536082474226804 0.03676470588235294 0.030927835051546393
3.0 0.22181372549019607 0.09149484536082474 0.041666666666666664 0.03350515463917526
3.0 0.2536764705882353 0.07216494845360824 0.04656862745098039 0.030927835051546393
3.0 0.2867647058823529 0.05670103092783505 0.04411764705882353 0.02577319587628866
3.0 0.3125 0.045103092783505154 0.041666666666666664 0.023195876288659795
3.0 0.21691176470588236 0.10824742268041238 0.041666666666666664 0.03608247422680412
3.0 0.24632352941176472 0.09149484536082474 0.04656862745098039 0.03350515463917526
3.0 0.27205882352941174 0.07603092783505154 0.04411764705882353 0.028350515463917526
3.0 0.29534313725490197 0.10824742268041238 0.09068627450980392 0.05670103092783505
3.0 0.3272058823529412 0.08762886597938144 0.0857843137254902 0.04639175257731959
4.0 0.38357843137254904 0.09407216494845361 0.1053921568627451 0.05412371134020619
3.0 0.5024509803921569 0.12628865979381443 0.14215686274509803 0.05670103092783505
3.0 0.6507352941176471 0.20876288659793815 0.1642156862745098 0.11855670103092783
3.0 0.17279411764705882 0.2822164948453608 0.10049019607843138 0.11082474226804123
3.0 0.19852941176470587 0.35180412371134023 0.16666666666666666 0.17783505154639176
3.0 0.23039215686274508 0.41365979381443296 0.20098039215686275 0.2036082474226804
3.0 0.6409313725490197 0.6469072164948454 0.25735294117647056 0.25257731958762886
3.0 0.8235294117647058 0.44587628865979384 0.12745098039215685 0.18041237113402062
3.0 0.8125 0.34536082474226804 0.13480392156862744 0.17010309278350516
3.0 0.9093137254901961 0.4896907216494845 0.06372549019607843 0.18041237113402062
3.0 0.8198529411764706 0.7938144329896907 0.17892156862745098 0.20618556701030927
0.0 0.8149509803921569 0.8505154639175257 0.04656862745098039 0.05154639175257732
3.0 0.8627450980392157 0.8440721649484536 0.1323529411764706 0.14175257731958762
0.0 0.43504901960784315 0.9780927835051546 0.03676470588235294 0.028350515463917526
3.0 0.3553921568627451 0.06829896907216494 0.07352941176470588 0.03350515463917526
3.0 0.4178921568627451 0.05412371134020619 0.08088235294117647 0.02577319587628866
9.0 0.09803921568627451 0.8131443298969072 0.0392156862745098 0.05412371134020619
9.0 0.09436274509803921 0.7951030927835051 0.04656862745098039 0.059278350515463915
3.0 0.7696078431372549 0.07087628865979381 0.03431372549019608 0.023195876288659795
3.0 0.7732843137254902 0.07731958762886598 0.031862745098039214 0.02577319587628866
3.0 0.7953431372549019 0.09020618556701031 0.01715686274509804 0.015463917525773196
