5.0 0.025735294117647058 0.5151933701657458 0.012254901960784314 0.024861878453038673
5.0 0.06985294117647059 0.49171270718232046 0.022058823529411766 0.03867403314917127
4.0 0.3492647058823529 0.9571823204419889 0.056372549019607844 0.04696132596685083
4.0 0.3075980392156863 0.8480662983425414 0.061274509803921566 0.0718232044198895
3.0 0.4681372549019608 0.9240331491712708 0.058823529411764705 0.03038674033149171
8.0 0.5490196078431373 0.6588397790055248 0.21568627450980393 0.1408839779005525
3.0 0.5894607843137255 0.5580110497237569 0.10049019607843138 0.04419889502762431
4.0 0.4583333333333333 0.27900552486187846 0.049019607843137254 0.06077348066298342
3.0 0.40318627450980393 0.1712707182320442 0.03676470588235294 0.027624309392265192
3.0 0.40931372549019607 0.13121546961325967 0.029411764705882353 0.019337016574585635
3.0 0.5183823529411765 0.106353591160221 0.02696078431372549 0.013812154696132596
4.0 0.4534313725490196 0.08977900552486189 0.024509803921568627 0.013812154696132596
3.0 0.5968137254901961 0.06353591160220995 0.01715686274509804 0.011049723756906077
3.0 0.49754901960784315 0.08425414364640885 0.024509803921568627 0.013812154696132596
3.0 0.5379901960784313 0.055248618784530384 0.022058823529411766 0.011049723756906077
3.0 0.5502450980392157 0.034530386740331494 0.01715686274509804 0.008287292817679558
3.0 0.5588235294117647 0.04419889502762431 0.0196078431372549 0.0055248618784530384
3.0 0.5870098039215687 0.027624309392265192 0.012254901960784314 0.0055248618784530384
3.0 0.6200980392156863 0.023480662983425413 0.014705882352941176 0.008287292817679558
5.0 0.6384803921568627 0.023480662983425413 0.01715686274509804 0.008287292817679558
8.0 0.17034313725490197 0.2541436464088398 0.041666666666666664 0.049723756906077346
5.0 0.22058823529411764 0.21132596685082872 0.06862745098039216 0.06906077348066299
9.0 0.5159313725490197 0.47375690607734805 0.051470588235294115 0.03591160220994475
8.0 0.17892156862745098 0.7030386740331491 0.09803921568627451 0.1574585635359116
