3.0 0.11397058823529412 0.8286082474226805 0.0857843137254902 0.11082474226804123
3.0 0.11274509803921569 0.7023195876288659 0.09313725490196079 0.17783505154639176
3.0 0.18382352941176472 0.2667525773195876 0.10784313725490197 0.16237113402061856
3.0 0.0428921568627451 0.5193298969072165 0.02696078431372549 0.14175257731958762
4.0 0.07230392156862746 0.6237113402061856 0.0661764705882353 0.17525773195876287
4.0 0.8223039215686274 0.8234536082474226 0.10049019607843138 0.09536082474226804
4.0 0.8026960784313726 0.8737113402061856 0.09558823529411764 0.07731958762886598
4.0 0.9387254901960784 0.3337628865979381 0.03431372549019608 0.09536082474226804
4.0 0.9620098039215687 0.5554123711340206 0.01715686274509804 0.10051546391752578
4.0 0.9754901960784313 0.5605670103092784 0.0196078431372549 0.10051546391752578
4.0 0.11151960784313726 0.1958762886597938 0.07107843137254902 0.10309278350515463
4.0 0.45955882352941174 0.21391752577319587 0.15441176470588236 0.1134020618556701
3.0 0.25 0.11597938144329897 0.09803921568627451 0.08762886597938144
3.0 0.32598039215686275 0.08762886597938144 0.09313725490196079 0.07216494845360824
3.0 0.15931372549019607 0.8801546391752577 0.05392156862745098 0.04896907216494845
3.0 0.9105392156862745 0.7693298969072165 0.07598039215686274 0.10051546391752578
3.0 0.8737745098039216 0.8337628865979382 0.0857843137254902 0.09536082474226804
3.0 0.8602941176470589 0.49355670103092786 0.0392156862745098 0.17783505154639176
3.0 0.8014705882352942 0.4677835051546392 0.058823529411764705 0.20876288659793815
3.0 0.6825980392156863 0.2757731958762887 0.21323529411764705 0.14432989690721648
3.0 0.8995098039215687 0.5141752577319587 0.03431372549019608 0.18298969072164947
3.0 0.9264705882352942 0.5309278350515464 0.029411764705882353 0.14432989690721648
3.0 0.946078431372549 0.5399484536082474 0.024509803921568627 0.13659793814432988
3.0 0.9166666666666666 0.30927835051546393 0.049019607843137254 0.11855670103092783
3.0 0.9779411764705882 0.3801546391752577 0.024509803921568627 0.09020618556701031
3.0 0.9681372549019608 0.37242268041237114 0.024509803921568627 0.09020618556701031
3.0 0.8541666666666666 0.24484536082474226 0.07107843137254902 0.10824742268041238
3.0 0.8897058823529411 0.2770618556701031 0.058823529411764705 0.1211340206185567
3.0 0.7647058823529411 0.13144329896907217 0.08333333333333333 0.08247422680412371
3.0 0.6740196078431373 0.10051546391752578 0.1323529411764706 0.06701030927835051
3.0 0.9534313725490197 0.35180412371134023 0.03431372549019608 0.10051546391752578
3.0 0.9840686274509803 0.5631443298969072 0.01715686274509804 0.10051546391752578
3.0 0.991421568627451 0.5463917525773195 0.012254901960784314 0.10309278350515463
8.0 0.9828431372549019 0.3788659793814433 0.024509803921568627 0.10824742268041238
4.0 0.9338235294117647 0.28737113402061853 0.05392156862745098 0.08505154639175258
3.0 0.6825980392156863 0.20876288659793815 0.18872549019607843 0.1134020618556701
3.0 0.6801470588235294 0.15721649484536082 0.16911764705882354 0.10309278350515463
3.0 0.6691176470588235 0.07860824742268041 0.12745098039215685 0.059278350515463915
3.0 0.6715686274509803 0.06572164948453608 0.11274509803921569 0.05412371134020619
3.0 0.6666666666666666 0.05025773195876289 0.10784313725490197 0.04896907216494845
3.0 0.6617647058823529 0.03994845360824742 0.09803921568627451 0.04381443298969072
3.0 0.6580882352941176 0.029639175257731958 0.08088235294117647 0.03350515463917526
3.0 0.42401960784313725 0.00902061855670103 0.049019607843137254 0.01288659793814433
3.0 0.3174019607843137 0.03350515463917526 0.041666666666666664 0.020618556701030927
0.0 0.09068627450980392 0.20747422680412372 0.0196078431372549 0.028350515463917526
9.0 0.03553921568627451 0.3015463917525773 0.012254901960784314 0.030927835051546393
9.0 0.023284313725490197 0.33118556701030927 0.012254901960784314 0.03350515463917526
5.0 0.012254901960784314 0.422680412371134 0.024509803921568627 0.14432989690721648
1.0 0.049019607843137254 0.6507731958762887 0.014705882352941176 0.03350515463917526
1.0 0.38848039215686275 0.7963917525773195 0.041666666666666664 0.04639175257731959
1.0 0.36519607843137253 0.7384020618556701 0.04411764705882353 0.04381443298969072
1.0 0.33088235294117646 0.20618556701030927 0.029411764705882353 0.030927835051546393
9.0 0.3700980392156863 0.7448453608247423 0.08333333333333333 0.04639175257731959
9.0 0.38848039215686275 0.7976804123711341 0.07598039215686274 0.03865979381443299
9.0 0.05024509803921569 0.654639175257732 0.01715686274509804 0.04639175257731959
6.0 0.4227941176470588 0.11082474226804123 0.056372549019607844 0.04639175257731959
6.0 0.3088235294117647 0.25773195876288657 0.08823529411764706 0.10309278350515463
0.0 0.6568627450980392 0.3427835051546392 0.04411764705882353 0.05670103092783505
0.0 0.5453431372549019 0.3015463917525773 0.031862745098039214 0.061855670103092786
0.0 0.5723039215686274 0.25773195876288657 0.02696078431372549 0.061855670103092786
0.0 0.49264705882352944 0.4072164948453608 0.0392156862745098 0.061855670103092786
0.0 0.4889705882352941 0.35180412371134023 0.041666666666666664 0.06958762886597938
0.0 0.35661764705882354 0.30541237113402064 0.031862745098039214 0.05412371134020619
0.0 0.29044117647058826 0.4729381443298969 0.03676470588235294 0.03865979381443299
0.0 0.4730392156862745 0.7010309278350515 0.029411764705882353 0.05154639175257732
0.0 0.6188725490196079 0.6971649484536082 0.022058823529411766 0.04381443298969072
0.0 0.4571078431372549 0.6378865979381443 0.02696078431372549 0.06958762886597938
0.0 0.4522058823529412 0.5708762886597938 0.03676470588235294 0.059278350515463915
0.0 0.7022058823529411 0.5811855670103093 0.031862745098039214 0.06443298969072164
1.0 0.6678921568627451 0.6559278350515464 0.031862745098039214 0.059278350515463915
1.0 0.4387254901960784 0.33762886597938147 0.049019607843137254 0.061855670103092786
0.0 0.4963235294117647 0.8195876288659794 0.051470588235294115 0.030927835051546393
6.0 0.7291666666666666 0.6262886597938144 0.125 0.10309278350515463
0.0 0.7892156862745098 0.2538659793814433 0.03431372549019608 0.04896907216494845
0.0 0.8125 0.26804123711340205 0.02696078431372549 0.041237113402061855
0.0 0.7757352941176471 0.19845360824742267 0.02696078431372549 0.03608247422680412
0.0 0.9558823529411765 0.39948453608247425 0.00980392156862745 0.03608247422680412
0.0 0.7340686274509803 0.06314432989690721 0.01715686274509804 0.01288659793814433
2.0 0.8075980392156863 0.13788659793814434 0.02696078431372549 0.023195876288659795
2.0 0.758578431372549 0.06958762886597938 0.02696078431372549 0.020618556701030927
2.0 0.7524509803921569 0.06443298969072164 0.024509803921568627 0.020618556701030927
2.0 0.8909313725490197 0.22422680412371135 0.022058823529411766 0.02577319587628866
