3.0 0.007352941176470588 0.5631443298969072 0.014705882352941176 0.03865979381443299
3.0 0.023284313725490197 0.5605670103092784 0.007352941176470588 0.01804123711340206
4.0 0.19730392156862744 0.5592783505154639 0.061274509803921566 0.07216494845360824
3.0 0.5061274509803921 0.7461340206185567 0.14950980392156862 0.06443298969072164
3.0 0.3946078431372549 0.7912371134020618 0.09313725490196079 0.06701030927835051
3.0 0.5257352941176471 0.8801546391752577 0.056372549019607844 0.04381443298969072
3.0 0.5024509803921569 0.9471649484536082 0.058823529411764705 0.028350515463917526
3.0 0.46200980392156865 0.9858247422680413 0.051470588235294115 0.023195876288659795
3.0 0.758578431372549 0.8943298969072165 0.0661764705882353 0.061855670103092786
3.0 0.7426470588235294 0.8698453608247423 0.07352941176470588 0.06958762886597938
3.0 0.8002450980392157 0.8182989690721649 0.051470588235294115 0.059278350515463915
3.0 0.7291666666666666 0.7680412371134021 0.0661764705882353 0.07731958762886598
3.0 0.821078431372549 0.7396907216494846 0.049019607843137254 0.06701030927835051
3.0 0.8333333333333334 0.6945876288659794 0.04411764705882353 0.06443298969072164
3.0 0.8382352941176471 0.645618556701031 0.0392156862745098 0.06443298969072164
3.0 0.8590686274509803 0.5940721649484536 0.02696078431372549 0.059278350515463915
3.0 0.8112745098039216 0.2615979381443299 0.029411764705882353 0.03865979381443299
