3.0 0.08177570093457943 0.7766990291262136 0.07009345794392523 0.10194174757281553
3.0 0.09579439252336448 0.8143203883495146 0.04205607476635514 0.055825242718446605
5.0 0.07009345794392523 0.42354368932038833 0.03271028037383177 0.08980582524271845
0.0 0.08995327102803738 0.3737864077669903 0.011682242990654205 0.03398058252427184
0.0 0.09813084112149532 0.3628640776699029 0.014018691588785047 0.03640776699029126
0.0 0.0969626168224299 0.3580097087378641 0.011682242990654205 0.03640776699029126
3.0 0.13200934579439252 0.3422330097087379 0.06775700934579439 0.07766990291262135
1.0 0.12149532710280374 0.4199029126213592 0.014018691588785047 0.043689320388349516
5.0 0.44742990654205606 0.21359223300970873 0.0911214953271028 0.06310679611650485
3.0 0.32593457943925236 0.9429611650485437 0.1425233644859813 0.08009708737864078
3.0 0.3282710280373832 0.8932038834951457 0.1425233644859813 0.10194174757281553
0.0 0.7768691588785047 0.8944174757281553 0.04439252336448598 0.03640776699029126
0.0 0.8913551401869159 0.7742718446601942 0.030373831775700934 0.05339805825242718
0.0 0.883177570093458 0.7694174757281553 0.02336448598130841 0.038834951456310676
4.0 0.9123831775700935 0.6189320388349514 0.04439252336448598 0.1262135922330097
0.0 0.947429906542056 0.5388349514563107 0.007009345794392523 0.043689320388349516
0.0 0.9392523364485982 0.5691747572815534 0.009345794392523364 0.0412621359223301
1.0 0.9369158878504673 0.5679611650485437 0.004672897196261682 0.02912621359223301
9.0 0.9357476635514018 0.5788834951456311 0.011682242990654205 0.050970873786407765
9.0 0.9404205607476636 0.5485436893203883 0.007009345794392523 0.02912621359223301
0.0 0.9415887850467289 0.44538834951456313 0.009345794392523364 0.03640776699029126
0.0 0.9485981308411215 0.45995145631067963 0.004672897196261682 0.03640776699029126
0.0 0.9392523364485982 0.4053398058252427 0.009345794392523364 0.03398058252427184
0.0 0.9065420560747663 0.3762135922330097 0.014018691588785047 0.038834951456310676
6.0 0.9380841121495327 0.3871359223300971 0.016355140186915886 0.03640776699029126
9.0 0.9345794392523364 0.36529126213592233 0.009345794392523364 0.02669902912621359
0.0 0.9287383177570093 0.36771844660194175 0.011682242990654205 0.03155339805825243
0.0 0.9240654205607477 0.3628640776699029 0.011682242990654205 0.03640776699029126
6.0 0.9123831775700935 0.33980582524271846 0.016355140186915886 0.038834951456310676
0.0 0.9112149532710281 0.3422330097087379 0.014018691588785047 0.03398058252427184
0.0 0.919392523364486 0.32281553398058255 0.011682242990654205 0.02912621359223301
0.0 0.9100467289719626 0.2961165048543689 0.011682242990654205 0.024271844660194174
0.0 0.897196261682243 0.27184466019417475 0.014018691588785047 0.024271844660194174
0.0 0.9007009345794392 0.27548543689320387 0.007009345794392523 0.01699029126213592
1.0 0.8948598130841121 0.25970873786407767 0.009345794392523364 0.019417475728155338
3.0 0.9077102803738317 0.28398058252427183 0.02102803738317757 0.03398058252427184
4.0 0.9077102803738317 0.27427184466019416 0.02102803738317757 0.03398058252427184
0.0 0.9088785046728972 0.27184466019417475 0.009345794392523364 0.019417475728155338
0.0 0.9112149532710281 0.27427184466019416 0.009345794392523364 0.019417475728155338
0.0 0.9147196261682243 0.2815533980582524 0.011682242990654205 0.024271844660194174
9.0 0.9415887850467289 0.4563106796116505 0.009345794392523364 0.03398058252427184
0.0 0.8925233644859814 0.37014563106796117 0.014018691588785047 0.0412621359223301
0.0 0.8808411214953271 0.3592233009708738 0.014018691588785047 0.038834951456310676
0.0 0.8773364485981309 0.345873786407767 0.016355140186915886 0.03640776699029126
3.0 0.6518691588785047 0.8822815533980582 0.13551401869158877 0.10922330097087378
9.0 0.7126168224299065 0.7694174757281553 0.06074766355140187 0.07281553398058252
9.0 0.7523364485981309 0.7560679611650486 0.06074766355140187 0.07524271844660194
3.0 0.7593457943925234 0.6662621359223301 0.102803738317757 0.16747572815533981
4.0 0.37850467289719625 0.7742718446601942 0.14953271028037382 0.13106796116504854
3.0 0.633177570093458 0.712378640776699 0.14018691588785046 0.14320388349514562
3.0 0.7698598130841121 0.5303398058252428 0.07242990654205607 0.13349514563106796
1.0 0.7149532710280374 0.5424757281553398 0.03271028037383177 0.08980582524271845
9.0 0.7137850467289719 0.5521844660194175 0.035046728971962614 0.08495145631067962
0.0 0.7126168224299065 0.470873786407767 0.028037383177570093 0.0825242718446602
3.0 0.7920560747663551 0.4320388349514563 0.102803738317757 0.12135922330097088
3.0 0.7932242990654206 0.3859223300970874 0.10046728971962617 0.0970873786407767
0.0 0.8539719626168224 0.3640776699029126 0.016355140186915886 0.043689320388349516
0.0 0.8271028037383178 0.3483009708737864 0.02336448598130841 0.055825242718446605
1.0 0.8119158878504673 0.3580097087378641 0.02570093457943925 0.050970873786407765
2.0 0.8107476635514018 0.36529126213592233 0.04672897196261682 0.050970873786407765
0.0 0.4544392523364486 0.6662621359223301 0.053738317757009345 0.08980582524271845
1.0 0.5151869158878505 0.6723300970873787 0.030373831775700934 0.043689320388349516
0.0 0.5210280373831776 0.6347087378640777 0.03271028037383177 0.050970873786407765
0.0 0.5385514018691588 0.6237864077669902 0.053738317757009345 0.07766990291262135
0.0 0.5280373831775701 0.5885922330097088 0.03271028037383177 0.06553398058252427
6.0 0.5432242990654206 0.5315533980582524 0.04439252336448598 0.07281553398058252
5.0 0.41705607476635514 0.5813106796116505 0.14719626168224298 0.2111650485436893
0.0 0.5327102803738317 0.47572815533980584 0.04205607476635514 0.08737864077669903
1.0 0.49649532710280375 0.4987864077669903 0.035046728971962614 0.06553398058252427
0.0 0.45794392523364486 0.46480582524271846 0.03271028037383177 0.08009708737864078
3.0 0.633177570093458 0.32038834951456313 0.10747663551401869 0.10679611650485436
0.0 0.7009345794392523 0.32524271844660196 0.028037383177570093 0.06310679611650485
0.0 0.7231308411214953 0.3288834951456311 0.02570093457943925 0.06067961165048544
0.0 0.7441588785046729 0.3434466019417476 0.02570093457943925 0.06553398058252427
0.0 0.780373831775701 0.3143203883495146 0.028037383177570093 0.04611650485436893
0.0 0.7102803738317757 0.2487864077669903 0.03271028037383177 0.04611650485436893
3.0 0.7616822429906542 0.27427184466019416 0.056074766355140186 0.06310679611650485
3.0 0.7535046728971962 0.2354368932038835 0.08177570093457943 0.06310679611650485
0.0 0.7733644859813084 0.2196601941747573 0.02336448598130841 0.03155339805825243
9.0 0.7698598130841121 0.2196601941747573 0.02570093457943925 0.02669902912621359
9.0 0.7476635514018691 0.20388349514563106 0.02336448598130841 0.02912621359223301
3.0 0.5934579439252337 0.22451456310679613 0.09345794392523364 0.06067961165048544
3.0 0.6121495327102804 0.1966019417475728 0.0794392523364486 0.05339805825242718
3.0 0.6051401869158879 0.16140776699029127 0.056074766355140186 0.03640776699029126
4.0 0.6051401869158879 0.13228155339805825 0.0514018691588785 0.03155339805825243
3.0 0.4100467289719626 0.12257281553398058 0.06775700934579439 0.02669902912621359
4.0 0.6144859813084113 0.12135922330097088 0.037383177570093455 0.024271844660194174
3.0 0.6203271028037384 0.11771844660194175 0.04439252336448598 0.021844660194174758
0.0 0.7663551401869159 0.20145631067961164 0.018691588785046728 0.024271844660194174
3.0 0.7207943925233645 0.16868932038834952 0.0397196261682243 0.03155339805825243
6.0 0.7511682242990654 0.18446601941747573 0.02102803738317757 0.024271844660194174
1.0 0.75 0.1808252427184466 0.02336448598130841 0.02669902912621359
4.0 0.7172897196261683 0.154126213592233 0.04205607476635514 0.03640776699029126
3.0 0.7091121495327103 0.14320388349514562 0.035046728971962614 0.024271844660194174
3.0 0.7009345794392523 0.12742718446601942 0.03271028037383177 0.021844660194174758
3.0 0.6682242990654206 0.11771844660194175 0.03271028037383177 0.021844660194174758
3.0 0.6203271028037384 0.10800970873786407 0.035046728971962614 0.01699029126213592
3.0 0.6214953271028038 0.09951456310679611 0.028037383177570093 0.014563106796116505
3.0 0.625 0.0970873786407767 0.030373831775700934 0.014563106796116505
