0.0 0.18995098039215685 0.8711340206185567 0.1053921568627451 0.11855670103092783
0.0 0.9178921568627451 0.509020618556701 0.01715686274509804 0.1211340206185567
0.0 0.8517156862745098 0.2190721649484536 0.022058823529411766 0.03608247422680412
9.0 0.024509803921568627 0.3479381443298969 0.014705882352941176 0.05154639175257732
3.0 0.04656862745098039 0.37242268041237114 0.04411764705882353 0.10051546391752578
3.0 0.7328431372549019 0.6056701030927835 0.36764705882352944 0.3865979381443299
3.0 0.5796568627450981 0.2757731958762887 0.32107843137254904 0.16494845360824742
3.0 0.2977941176470588 0.21262886597938144 0.18872549019607843 0.12628865979381443
4.0 0.20588235294117646 0.20618556701030927 0.11274509803921569 0.1134020618556701
4.0 0.15808823529411764 0.20876288659793815 0.10049019607843138 0.11855670103092783
3.0 0.11397058823529412 0.2345360824742268 0.04656862745098039 0.061855670103092786
3.0 0.09191176470588236 0.23582474226804123 0.031862745098039214 0.04381443298969072
3.0 0.08455882352941177 0.23324742268041238 0.022058823529411766 0.03350515463917526
3.0 0.07352941176470588 0.23840206185567012 0.014705882352941176 0.028350515463917526
3.0 0.07965686274509803 0.23711340206185566 0.01715686274509804 0.02577319587628866
3.0 0.07107843137254902 0.23969072164948454 0.014705882352941176 0.02577319587628866
3.0 0.06372549019607843 0.22938144329896906 0.00980392156862745 0.015463917525773196
3.0 0.07352941176470588 0.22293814432989692 0.00980392156862745 0.01288659793814433
8.0 0.08946078431372549 0.20876288659793815 0.031862745098039214 0.041237113402061855
8.0 0.16053921568627452 0.16752577319587628 0.08088235294117647 0.08247422680412371
4.0 0.11519607843137254 0.20747422680412372 0.03431372549019608 0.04381443298969072
3.0 0.3174019607843137 0.1134020618556701 0.0857843137254902 0.04639175257731959
9.0 0.4362745098039216 0.09922680412371133 0.04411764705882353 0.028350515463917526
3.0 0.5232843137254902 0.14175257731958762 0.17401960784313725 0.05154639175257732
3.0 0.6605392156862745 0.23195876288659795 0.25245098039215685 0.13402061855670103
5.0 0.12745098039215685 0.17783505154639176 0.029411764705882353 0.03608247422680412
4.0 0.1323529411764706 0.17783505154639176 0.014705882352941176 0.020618556701030927
4.0 0.10416666666666667 0.19458762886597938 0.012254901960784314 0.01288659793814433
4.0 0.1090686274509804 0.19329896907216496 0.012254901960784314 0.015463917525773196
4.0 0.11519607843137254 0.18943298969072164 0.014705882352941176 0.01804123711340206
2.0 0.9877450980392157 0.4020618556701031 0.00980392156862745 0.03608247422680412
9.0 0.9362745098039216 0.34149484536082475 0.03431372549019608 0.06958762886597938
0.0 0.21323529411764705 0.13530927835051546 0.014705882352941176 0.01804123711340206
0.0 0.21691176470588236 0.1327319587628866 0.01715686274509804 0.01804123711340206
0.0 0.30514705882352944 0.09536082474226804 0.01715686274509804 0.015463917525773196
0.0 0.9019607843137255 0.27448453608247425 0.0196078431372549 0.04381443298969072
1.0 0.025735294117647058 0.3440721649484536 0.012254901960784314 0.03865979381443299
1.0 0.9350490196078431 0.33634020618556704 0.022058823529411766 0.05412371134020619
1.0 0.4338235294117647 0.09664948453608248 0.024509803921568627 0.023195876288659795
