3.0 0.3161764705882353 0.7845303867403315 0.049019607843137254 0.0718232044198895
3.0 0.35294117647058826 0.9088397790055248 0.05392156862745098 0.049723756906077346
3.0 0.49387254901960786 0.9861878453038674 0.07598039215686274 0.011049723756906077
3.0 0.4681372549019608 0.8715469613259669 0.09803921568627451 0.03591160220994475
3.0 0.46568627450980393 0.7928176795580111 0.10294117647058823 0.049723756906077346
3.0 0.45465686274509803 0.6339779005524862 0.1053921568627451 0.058011049723756904
3.0 0.16176470588235295 0.4544198895027624 0.0392156862745098 0.04696132596685083
3.0 0.10416666666666667 0.462707182320442 0.02696078431372549 0.03591160220994475
3.0 0.0821078431372549 0.4723756906077348 0.01715686274509804 0.022099447513812154
3.0 0.08700980392156862 0.4281767955801105 0.022058823529411766 0.03314917127071823
3.0 0.11274509803921569 0.4005524861878453 0.029411764705882353 0.04419889502762431
3.0 0.09436274509803921 0.39226519337016574 0.022058823529411766 0.03314917127071823
3.0 0.08946078431372549 0.319060773480663 0.02696078431372549 0.04143646408839779
3.0 0.29534313725490197 0.5911602209944752 0.041666666666666664 0.08287292817679558
3.0 0.25857843137254904 0.5842541436464088 0.031862745098039214 0.06906077348066299
3.0 0.6372549019607843 0.44613259668508287 0.07352941176470588 0.058011049723756904
3.0 0.43504901960784315 0.44060773480662985 0.11029411764705882 0.06353591160220995
3.0 0.3382352941176471 0.44337016574585636 0.08823529411764706 0.06353591160220995
3.0 0.17279411764705882 0.38535911602209943 0.041666666666666664 0.04696132596685083
3.0 0.25857843137254904 0.24585635359116023 0.051470588235294115 0.04419889502762431
3.0 0.38112745098039214 0.20441988950276244 0.0661764705882353 0.03314917127071823
3.0 0.3590686274509804 0.2969613259668508 0.07598039215686274 0.04696132596685083
3.0 0.44362745098039214 0.2265193370165746 0.06372549019607843 0.03314917127071823
3.0 0.5882352941176471 0.2154696132596685 0.07352941176470588 0.03314917127071823
3.0 0.678921568627451 0.28591160220994477 0.058823529411764705 0.04143646408839779
3.0 0.9044117647058824 0.6781767955801105 0.029411764705882353 0.06906077348066299
3.0 0.23161764705882354 0.6477900552486188 0.041666666666666664 0.0856353591160221
3.0 0.1801470588235294 0.6270718232044199 0.03676470588235294 0.08287292817679558
3.0 0.16053921568627452 0.6201657458563536 0.031862745098039214 0.08011049723756906
3.0 0.1409313725490196 0.6174033149171271 0.02696078431372549 0.08011049723756906
3.0 0.12254901960784313 0.6132596685082873 0.0196078431372549 0.055248618784530384
3.0 0.11029411764705882 0.5607734806629834 0.014705882352941176 0.049723756906077346
3.0 0.09681372549019608 0.5497237569060773 0.01715686274509804 0.06629834254143646
3.0 0.08455882352941177 0.5870165745856354 0.01715686274509804 0.052486187845303865
3.0 0.17401960784313725 0.8121546961325967 0.049019607843137254 0.049723756906077346
3.0 0.16911764705882354 0.7928176795580111 0.04411764705882353 0.04419889502762431
3.0 0.16299019607843138 0.7734806629834254 0.04656862745098039 0.049723756906077346
3.0 0.15441176470588236 0.7472375690607734 0.0392156862745098 0.04696132596685083
3.0 0.15318627450980393 0.7279005524861878 0.04656862745098039 0.04696132596685083
3.0 0.14338235294117646 0.6947513812154696 0.041666666666666664 0.052486187845303865
3.0 0.14338235294117646 0.6726519337016574 0.041666666666666664 0.052486187845303865
3.0 0.14338235294117646 0.7983425414364641 0.041666666666666664 0.055248618784530384
3.0 0.13480392156862744 0.7679558011049724 0.03431372549019608 0.049723756906077346
3.0 0.1213235294117647 0.7196132596685083 0.03676470588235294 0.052486187845303865
3.0 0.9742647058823529 0.430939226519337 0.007352941176470588 0.027624309392265192
3.0 0.9742647058823529 0.38535911602209943 0.007352941176470588 0.024861878453038673
3.0 0.9754901960784313 0.3715469613259669 0.004901960784313725 0.024861878453038673
3.0 0.7377450980392157 0.1298342541436464 0.024509803921568627 0.022099447513812154
3.0 0.1053921568627451 0.6174033149171271 0.0196078431372549 0.052486187845303865
3.0 0.1409313725490196 0.5621546961325967 0.022058823529411766 0.058011049723756904
3.0 0.15808823529411764 0.5649171270718232 0.022058823529411766 0.058011049723756904
3.0 0.1801470588235294 0.5662983425414365 0.02696078431372549 0.06077348066298342
3.0 0.4730392156862745 0.8466850828729282 0.10294117647058823 0.03591160220994475
3.0 0.4693627450980392 0.738950276243094 0.10049019607843138 0.04143646408839779
3.0 0.4583333333333333 0.7044198895027625 0.10294117647058823 0.049723756906077346
3.0 0.23039215686274508 0.3425414364640884 0.04411764705882353 0.03867403314917127
3.0 0.3394607843137255 0.4074585635359116 0.0857843137254902 0.04696132596685083
3.0 0.3480392156862745 0.3756906077348066 0.08823529411764706 0.04419889502762431
3.0 0.35171568627450983 0.34806629834254144 0.08088235294117647 0.055248618784530384
3.0 0.3602941176470588 0.27348066298342544 0.0784313725490196 0.03867403314917127
3.0 0.3602941176470588 0.255524861878453 0.06862745098039216 0.04143646408839779
3.0 0.3700980392156863 0.23480662983425415 0.07352941176470588 0.04419889502762431
3.0 0.44485294117647056 0.26657458563535913 0.08088235294117647 0.03591160220994475
3.0 0.44485294117647056 0.287292817679558 0.08088235294117647 0.03867403314917127
3.0 0.4424019607843137 0.31215469613259667 0.0857843137254902 0.03867403314917127
3.0 0.43995098039215685 0.3370165745856354 0.0857843137254902 0.03314917127071823
3.0 0.4375 0.40607734806629836 0.1053921568627451 0.03867403314917127
3.0 0.625 0.40331491712707185 0.10294117647058823 0.049723756906077346
3.0 0.8149509803921569 0.4185082872928177 0.04656862745098039 0.058011049723756904
3.0 0.7916666666666666 0.35359116022099446 0.049019607843137254 0.049723756906077346
3.0 0.7794117647058824 0.3052486187845304 0.049019607843137254 0.04143646408839779
3.0 0.6727941176470589 0.25828729281767954 0.0661764705882353 0.04143646408839779
3.0 0.6176470588235294 0.3687845303867403 0.0784313725490196 0.052486187845303865
3.0 0.6115196078431373 0.3397790055248619 0.09558823529411764 0.06077348066298342
3.0 0.6139705882352942 0.31353591160220995 0.07107843137254902 0.04696132596685083
3.0 0.6041666666666666 0.2900552486187845 0.07107843137254902 0.03867403314917127
3.0 0.5943627450980392 0.26933701657458564 0.0661764705882353 0.04143646408839779
3.0 0.5968137254901961 0.24861878453038674 0.07107843137254902 0.049723756906077346
3.0 0.5857843137254902 0.19337016574585636 0.07352941176470588 0.03867403314917127
3.0 0.5796568627450981 0.1781767955801105 0.0661764705882353 0.03038674033149171
3.0 0.3088235294117647 0.9005524861878453 0.04411764705882353 0.04419889502762431
3.0 0.4693627450980392 0.9060773480662984 0.09068627450980392 0.027624309392265192
3.0 0.10294117647058823 0.2610497237569061 0.024509803921568627 0.03591160220994475
3.0 0.4019607843137255 0.12430939226519337 0.05392156862745098 0.03314917127071823
3.0 0.9644607843137255 0.3687845303867403 0.007352941176470588 0.03038674033149171
3.0 0.9656862745098039 0.356353591160221 0.00980392156862745 0.022099447513812154
3.0 0.8762254901960784 0.281767955801105 0.022058823529411766 0.04419889502762431
3.0 0.8872549019607843 0.2914364640883978 0.0196078431372549 0.03591160220994475
3.0 0.8982843137254902 0.2900552486187845 0.022058823529411766 0.027624309392265192
3.0 0.9019607843137255 0.30248618784530384 0.024509803921568627 0.03591160220994475
3.0 0.9203431372549019 0.3149171270718232 0.01715686274509804 0.027624309392265192
3.0 0.8909313725490197 0.27486187845303867 0.022058823529411766 0.03038674033149171
3.0 0.8492647058823529 0.2223756906077348 0.02696078431372549 0.03038674033149171
3.0 0.8443627450980392 0.20718232044198895 0.02696078431372549 0.027624309392265192
3.0 0.7303921568627451 0.11878453038674033 0.014705882352941176 0.016574585635359115
3.0 0.7242647058823529 0.11187845303867404 0.022058823529411766 0.019337016574585635
3.0 0.6985294117647058 0.07734806629834254 0.024509803921568627 0.022099447513812154
3.0 0.8909313725490197 0.2541436464088398 0.01715686274509804 0.027624309392265192
3.0 0.9056372549019608 0.26657458563535913 0.022058823529411766 0.03038674033149171
3.0 0.8860294117647058 0.24033149171270718 0.022058823529411766 0.03314917127071823
3.0 0.9007352941176471 0.255524861878453 0.01715686274509804 0.024861878453038673
3.0 0.8799019607843137 0.23342541436464087 0.0196078431372549 0.024861878453038673
3.0 0.8970588235294118 0.2472375690607735 0.0196078431372549 0.03038674033149171
3.0 0.8737745098039216 0.22375690607734808 0.022058823529411766 0.027624309392265192
3.0 0.9203431372549019 0.26795580110497236 0.01715686274509804 0.027624309392265192
3.0 0.9142156862745098 0.2541436464088398 0.0196078431372549 0.027624309392265192
3.0 0.9252450980392157 0.2803867403314917 0.01715686274509804 0.03038674033149171
8.0 0.9362745098039216 0.48204419889502764 0.014705882352941176 0.0856353591160221
8.0 0.9044117647058824 0.45027624309392267 0.029411764705882353 0.13812154696132597
8.0 0.061274509803921566 0.3425414364640884 0.0392156862745098 0.06077348066298342
8.0 0.0428921568627451 0.4116022099447514 0.031862745098039214 0.055248618784530384
8.0 0.0392156862745098 0.5787292817679558 0.0196078431372549 0.07458563535911603
8.0 0.03799019607843137 0.43370165745856354 0.031862745098039214 0.049723756906077346
8.0 0.056372549019607844 0.35773480662983426 0.0392156862745098 0.058011049723756904
8.0 0.07475490196078431 0.28591160220994477 0.041666666666666664 0.058011049723756904
5.0 0.05024509803921569 0.31077348066298344 0.022058823529411766 0.04143646408839779
5.0 0.061274509803921566 0.2941988950276243 0.024509803921568627 0.04143646408839779
5.0 0.12990196078431374 0.2430939226519337 0.04411764705882353 0.049723756906077346
5.0 0.13848039215686275 0.2292817679558011 0.04656862745098039 0.055248618784530384
5.0 0.023284313725490197 0.5552486187845304 0.01715686274509804 0.09392265193370165
5.0 0.025735294117647058 0.56353591160221 0.01715686274509804 0.07734806629834254
5.0 0.03308823529411765 0.5676795580110497 0.01715686274509804 0.08011049723756906
5.0 0.04656862745098039 0.580110497237569 0.0196078431372549 0.08287292817679558
5.0 0.05269607843137255 0.5911602209944752 0.022058823529411766 0.08287292817679558
5.0 0.06372549019607843 0.5953038674033149 0.024509803921568627 0.09668508287292818
5.0 0.07475490196078431 0.6049723756906077 0.031862745098039214 0.11049723756906077
5.0 0.5992647058823529 0.7292817679558011 0.13970588235294118 0.07734806629834254
5.0 0.8137254901960784 0.7720994475138122 0.07352941176470588 0.08011049723756906
5.0 0.821078431372549 0.7430939226519337 0.06862745098039216 0.08287292817679558
5.0 0.8223039215686274 0.7182320441988951 0.07107843137254902 0.09392265193370165
5.0 0.8161764705882353 0.6906077348066298 0.08823529411764706 0.09944751381215469
5.0 0.8174019607843137 0.6629834254143646 0.0857843137254902 0.09944751381215469
5.0 0.8026960784313726 0.7983425414364641 0.07598039215686274 0.07734806629834254
5.0 0.6078431372549019 0.8314917127071824 0.1568627450980392 0.07734806629834254
5.0 0.6053921568627451 0.7720994475138122 0.15196078431372548 0.0856353591160221
5.0 0.6078431372549019 0.6160220994475138 0.13725490196078433 0.09944751381215469
5.0 0.7450980392156863 0.10220994475138122 0.03431372549019608 0.03867403314917127
3.0 0.7132352941176471 0.08425414364640885 0.0196078431372549 0.019337016574585635
3.0 0.7058823529411765 0.058011049723756904 0.024509803921568627 0.016574585635359115
4.0 0.2757352941176471 0.7707182320441989 0.051470588235294115 0.07734806629834254
4.0 0.22426470588235295 0.5718232044198895 0.03676470588235294 0.0718232044198895
4.0 0.4632352941176471 0.5897790055248618 0.11274509803921569 0.06353591160220995
4.0 0.7928921568627451 0.3301104972375691 0.051470588235294115 0.04696132596685083
4.0 0.44362745098039214 0.3660220994475138 0.08823529411764706 0.052486187845303865
4.0 0.13112745098039216 0.7472375690607734 0.03676470588235294 0.052486187845303865
4.0 0.22058823529411764 0.4157458563535912 0.058823529411764705 0.04696132596685083
4.0 0.21200980392156862 0.39226519337016574 0.051470588235294115 0.049723756906077346
4.0 0.22181372549019607 0.3674033149171271 0.056372549019607844 0.049723756906077346
4.0 0.23284313725490197 0.32320441988950277 0.04411764705882353 0.04419889502762431
4.0 0.25857843137254904 0.23066298342541436 0.056372549019607844 0.04143646408839779
4.0 0.13848039215686275 0.30939226519337015 0.031862745098039214 0.03867403314917127
4.0 0.14583333333333334 0.292817679558011 0.03676470588235294 0.04419889502762431
4.0 0.14950980392156862 0.27900552486187846 0.03431372549019608 0.03867403314917127
4.0 0.15808823529411764 0.26243093922651933 0.041666666666666664 0.049723756906077346
4.0 0.13480392156862744 0.3259668508287293 0.03431372549019608 0.04419889502762431
4.0 0.21323529411764705 0.44613259668508287 0.058823529411764705 0.058011049723756904
4.0 0.9852941176470589 0.5870165745856354 0.014705882352941176 0.058011049723756904
4.0 0.9950980392156863 0.5497237569060773 0.004901960784313725 0.03314917127071823
4.0 0.9411764705882353 0.7251381215469613 0.029411764705882353 0.052486187845303865
4.0 0.03308823529411765 0.3259668508287293 0.012254901960784314 0.022099447513812154
4.0 0.05024509803921569 0.4723756906077348 0.01715686274509804 0.03867403314917127
3.0 0.4522058823529412 0.13121546961325967 0.0661764705882353 0.019337016574585635
4.0 0.6188725490196079 0.12845303867403315 0.061274509803921566 0.03038674033149171
5.0 0.8137254901960784 0.5897790055248618 0.0784313725490196 0.08011049723756906
4.0 0.18504901960784315 0.835635359116022 0.04656862745098039 0.04143646408839779
4.0 0.1948529411764706 0.856353591160221 0.051470588235294115 0.04419889502762431
4.0 0.15196078431372548 0.8259668508287292 0.0392156862745098 0.049723756906077346
