3.0 0.32107843137254904 0.893646408839779 0.03431372549019608 0.03591160220994475
3.0 0.5649509803921569 0.8453038674033149 0.03676470588235294 0.049723756906077346
3.0 0.5747549019607843 0.600828729281768 0.03676470588235294 0.09116022099447514
3.0 0.4803921568627451 0.6602209944751382 0.03431372549019608 0.08287292817679558
3.0 0.5625 0.9820441988950276 0.02696078431372549 0.019337016574585635
8.0 0.4522058823529412 0.9848066298342542 0.031862745098039214 0.024861878453038673
9.0 0.5343137254901961 0.0013812154696132596 0.004901960784313725 0.0027624309392265192
9.0 0.5183823529411765 0.20994475138121546 0.012254901960784314 0.022099447513812154
1.0 0.5171568627450981 0.20718232044198895 0.00980392156862745 0.0055248618784530384
3.0 0.9950980392156863 0.4599447513812155 0.004901960784313725 0.024861878453038673
3.0 0.9803921568627451 0.5041436464088398 0.004901960784313725 0.024861878453038673
3.0 0.9816176470588235 0.5069060773480663 0.0024509803921568627 0.024861878453038673
3.0 0.9803921568627451 0.42265193370165743 0.004901960784313725 0.027624309392265192
3.0 0.9816176470588235 0.3812154696132597 0.007352941176470588 0.027624309392265192
0.0 0.9571078431372549 0.5524861878453039 0.0024509803921568627 0.011049723756906077
0.0 0.9546568627450981 0.5497237569060773 0.0024509803921568627 0.011049723756906077
0.0 0.9558823529411765 0.5511049723756906 0.0 0.008287292817679558
0.0 0.9571078431372549 0.56353591160221 0.0024509803921568627 0.0055248618784530384
0.0 0.9546568627450981 0.5649171270718232 0.0024509803921568627 0.008287292817679558
0.0 0.9583333333333334 0.5580110497237569 0.0 0.0055248618784530384
0.0 0.9595588235294118 0.5538674033149171 0.0024509803921568627 0.008287292817679558
0.0 0.9497549019607843 0.5939226519337016 0.0024509803921568627 0.0055248618784530384
0.0 0.9742647058823529 0.44751381215469616 0.0024509803921568627 0.0055248618784530384
0.0 0.9730392156862745 0.42679558011049723 0.0 0.008287292817679558
0.0 0.9718137254901961 0.42265193370165743 0.0024509803921568627 0.0055248618784530384
0.0 0.9754901960784313 0.4350828729281768 0.0 0.008287292817679558
0.0 0.9754901960784313 0.4005524861878453 0.0 0.011049723756906077
0.0 0.9754901960784313 0.430939226519337 0.0 0.0055248618784530384
0.0 0.9742647058823529 0.42955801104972374 0.0024509803921568627 0.008287292817679558
0.0 0.9742647058823529 0.43784530386740333 0.0024509803921568627 0.008287292817679558
0.0 0.9730392156862745 0.44613259668508287 0.0 0.008287292817679558
0.0 0.9705882352941176 0.46408839779005523 0.0 0.0055248618784530384
0.0 0.9571078431372549 0.5276243093922652 0.0024509803921568627 0.0055248618784530384
3.0 0.9595588235294118 0.26657458563535913 0.007352941176470588 0.019337016574585635
0.0 0.9620098039215687 0.2900552486187845 0.0024509803921568627 0.0055248618784530384
0.0 0.9693627450980392 0.32044198895027626 0.0024509803921568627 0.0055248618784530384
0.0 0.9669117647058824 0.31215469613259667 0.0024509803921568627 0.0055248618784530384
0.0 0.9669117647058824 0.31767955801104975 0.0024509803921568627 0.0055248618784530384
0.0 0.9522058823529411 0.2513812154696133 0.0024509803921568627 0.0055248618784530384
0.0 0.9497549019607843 0.2472375690607735 0.0024509803921568627 0.008287292817679558
0.0 0.9436274509803921 0.22375690607734808 0.004901960784313725 0.0055248618784530384
0.0 0.9436274509803921 0.22099447513812154 0.004901960784313725 0.0055248618784530384
0.0 0.9411764705882353 0.21685082872928177 0.004901960784313725 0.008287292817679558
0.0 0.9473039215686274 0.23480662983425415 0.0024509803921568627 0.0055248618784530384
0.0 0.9509803921568627 0.24447513812154695 0.004901960784313725 0.008287292817679558
0.0 0.9497549019607843 0.24171270718232044 0.0024509803921568627 0.008287292817679558
0.0 0.9485294117647058 0.23756906077348067 0.004901960784313725 0.0055248618784530384
