3.0 0.05269607843137255 0.24871134020618557 0.031862745098039214 0.059278350515463915
3.0 0.02696078431372549 0.3286082474226804 0.029411764705882353 0.07989690721649484
3.0 0.11151960784313726 0.15463917525773196 0.03676470588235294 0.041237113402061855
3.0 0.13480392156862744 0.13530927835051546 0.03431372549019608 0.03865979381443299
3.0 0.1568627450980392 0.1172680412371134 0.0392156862745098 0.03865979381443299
4.0 0.18627450980392157 0.09536082474226804 0.03431372549019608 0.030927835051546393
3.0 0.23897058823529413 0.06572164948453608 0.041666666666666664 0.028350515463917526
3.0 0.0625 0.23969072164948454 0.041666666666666664 0.07216494845360824
3.0 0.08333333333333333 0.22422680412371135 0.05392156862745098 0.08247422680412371
3.0 0.12254901960784313 0.18556701030927836 0.058823529411764705 0.07731958762886598
3.0 0.15931372549019607 0.15335051546391754 0.06862745098039216 0.07989690721649484
3.0 0.18872549019607843 0.1404639175257732 0.07352941176470588 0.07989690721649484
3.0 0.24142156862745098 0.10824742268041238 0.07598039215686274 0.06701030927835051
3.0 0.1213235294117647 0.24097938144329897 0.07107843137254902 0.11082474226804123
4.0 0.06004901960784314 0.297680412371134 0.056372549019607844 0.11597938144329897
4.0 0.16544117647058823 0.21005154639175258 0.0857843137254902 0.1211340206185567
4.0 0.2193627450980392 0.18685567010309279 0.11519607843137254 0.14690721649484537
4.0 0.5012254901960784 0.01288659793814433 0.11519607843137254 0.015463917525773196
5.0 0.4264705882352941 0.07603092783505154 0.11274509803921569 0.06958762886597938
0.0 0.5563725490196079 0.015463917525773196 0.014705882352941176 0.010309278350515464
0.0 0.5269607843137255 0.029639175257731958 0.0196078431372549 0.01288659793814433
0.0 0.5588235294117647 0.03221649484536082 0.0196078431372549 0.01288659793814433
5.0 0.5049019607843137 0.3427835051546392 0.23529411764705882 0.3402061855670103
0.0 0.7769607843137255 0.38917525773195877 0.0392156862745098 0.07216494845360824
5.0 0.8125 0.22164948453608246 0.13480392156862744 0.20618556701030927
0.0 0.8419117647058824 0.4652061855670103 0.022058823529411766 0.05412371134020619
0.0 0.8713235294117647 0.45103092783505155 0.01715686274509804 0.030927835051546393
9.0 0.8651960784313726 0.5631443298969072 0.0196078431372549 0.06443298969072164
6.0 0.8860294117647058 0.422680412371134 0.051470588235294115 0.17525773195876287
3.0 0.8553921568627451 0.7061855670103093 0.11274509803921569 0.22164948453608246
3.0 0.9387254901960784 0.7487113402061856 0.06372549019607843 0.13144329896907217
3.0 0.9693627450980392 0.45103092783505155 0.02696078431372549 0.1134020618556701
5.0 0.8100490196078431 0.875 0.14460784313725492 0.14175257731958762
3.0 0.9436274509803921 0.3479381443298969 0.049019607843137254 0.1134020618556701
9.0 0.8651960784313726 0.16237113402061856 0.024509803921568627 0.03608247422680412
2.0 0.8308823529411765 0.1172680412371134 0.0196078431372549 0.023195876288659795
6.0 0.8100490196078431 0.09922680412371133 0.031862745098039214 0.028350515463917526
3.0 0.05514705882352941 0.5657216494845361 0.041666666666666664 0.15206185567010308
4.0 0.012254901960784314 0.5360824742268041 0.024509803921568627 0.11855670103092783
5.0 0.07720588235294118 0.7177835051546392 0.09558823529411764 0.18814432989690721
5.0 0.0428921568627451 0.663659793814433 0.08088235294117647 0.22422680412371135
