3.0 0.8843457943925234 0.7645631067961165 0.15186915887850466 0.22815533980582525
0.0 0.40186915887850466 0.9781553398058253 0.06542056074766354 0.02912621359223301
9.0 0.0514018691588785 0.6128640776699029 0.02336448598130841 0.055825242718446605
9.0 0.0514018691588785 0.5995145631067961 0.02336448598130841 0.05339805825242718
2.0 0.0514018691588785 0.5813106796116505 0.02336448598130841 0.06067961165048544
3.0 0.14953271028037382 0.6759708737864077 0.16355140186915887 0.22572815533980584
3.0 0.1985981308411215 0.35072815533980584 0.19626168224299065 0.19174757281553398
9.0 0.2628504672897196 0.13713592233009708 0.035046728971962614 0.03155339805825243
9.0 0.2780373831775701 0.11893203883495146 0.04672897196261682 0.02912621359223301
9.0 0.308411214953271 0.09344660194174757 0.037383177570093455 0.021844660194174758
9.0 0.40186915887850466 0.061893203883495146 0.03271028037383177 0.012135922330097087
2.0 0.3422897196261682 0.0691747572815534 0.035046728971962614 0.01699029126213592
2.0 0.4310747663551402 0.05461165048543689 0.035046728971962614 0.012135922330097087
2.0 0.44509345794392524 0.04611650485436893 0.030373831775700934 0.009708737864077669
9.0 0.4369158878504673 0.04975728155339806 0.04205607476635514 0.012135922330097087
9.0 0.35630841121495327 0.061893203883495146 0.02570093457943925 0.012135922330097087
1.0 0.6752336448598131 0.20266990291262135 0.0514018691588785 0.06553398058252427
9.0 0.6822429906542056 0.22694174757281554 0.0514018691588785 0.06553398058252427
3.0 0.47079439252336447 0.18446601941747573 0.1425233644859813 0.08737864077669903
3.0 0.3492990654205608 0.154126213592233 0.11448598130841121 0.07524271844660194
3.0 0.48364485981308414 0.10194174757281553 0.08878504672897196 0.03398058252427184
3.0 0.4883177570093458 0.05218446601941747 0.04672897196261682 0.012135922330097087
3.0 0.4871495327102804 0.04004854368932039 0.035046728971962614 0.007281553398058253
4.0 0.49065420560747663 0.03519417475728155 0.028037383177570093 0.007281553398058253
1.0 0.45093457943925236 0.03155339805825243 0.009345794392523364 0.0048543689320388345
2.0 0.45093457943925236 0.03398058252427184 0.009345794392523364 0.0048543689320388345
1.0 0.5245327102803738 0.03398058252427184 0.011682242990654205 0.0048543689320388345
9.0 0.5245327102803738 0.03640776699029126 0.007009345794392523 0.0048543689320388345
9.0 0.5455607476635514 0.038834951456310676 0.007009345794392523 0.0048543689320388345
9.0 0.552570093457944 0.038834951456310676 0.011682242990654205 0.0048543689320388345
1.0 0.544392523364486 0.03640776699029126 0.009345794392523364 0.0048543689320388345
1.0 0.5537383177570093 0.038834951456310676 0.009345794392523364 0.0048543689320388345
3.0 0.9439252336448598 0.4211165048543689 0.04205607476635514 0.12864077669902912
9.0 0.9637850467289719 0.32524271844660196 0.011682242990654205 0.02912621359223301
9.0 0.9602803738317757 0.3191747572815534 0.014018691588785047 0.03155339805825243
2.0 0.9661214953271028 0.32402912621359226 0.007009345794392523 0.021844660194174758
3.0 0.9369158878504673 0.2766990291262136 0.02336448598130841 0.043689320388349516
3.0 0.9264018691588785 0.2609223300970874 0.02570093457943925 0.0412621359223301
4.0 0.905373831775701 0.24635922330097088 0.0397196261682243 0.055825242718446605
3.0 0.8714953271028038 0.18932038834951456 0.028037383177570093 0.03398058252427184
4.0 0.8481308411214953 0.1650485436893204 0.037383177570093455 0.038834951456310676
2.0 0.9065420560747663 0.22572815533980584 0.009345794392523364 0.014563106796116505
5.0 0.7488317757009346 0.09101941747572816 0.04439252336448598 0.03155339805825243
9.0 0.8142523364485982 0.12985436893203883 0.016355140186915886 0.01699029126213592
9.0 0.8072429906542056 0.125 0.02102803738317757 0.01699029126213592
4.0 0.758177570093458 0.09101941747572816 0.02570093457943925 0.01699029126213592
3.0 0.741822429906542 0.08131067961165049 0.02102803738317757 0.012135922330097087
4.0 0.735981308411215 0.07645631067961164 0.018691588785046728 0.012135922330097087
3.0 0.7219626168224299 0.0703883495145631 0.028037383177570093 0.014563106796116505
4.0 0.4696261682242991 0.02063106796116505 0.014018691588785047 0.0024271844660194173
0.0 0.4614485981308411 0.021844660194174758 0.007009345794392523 0.0048543689320388345
3.0 0.4929906542056075 0.02063106796116505 0.014018691588785047 0.0024271844660194173
3.0 0.5432242990654206 0.02063106796116505 0.011682242990654205 0.0024271844660194173
8.0 0.544392523364486 0.01820388349514563 0.018691588785046728 0.007281553398058253
5.0 0.6507009345794392 0.04004854368932039 0.02570093457943925 0.012135922330097087
4.0 0.6296728971962616 0.032766990291262135 0.016355140186915886 0.007281553398058253
3.0 0.6997663551401869 0.05825242718446602 0.016355140186915886 0.009708737864077669
3.0 0.6927570093457944 0.05461165048543689 0.016355140186915886 0.007281553398058253
3.0 0.6939252336448598 0.05339805825242718 0.014018691588785047 0.0048543689320388345
3.0 0.6764018691588785 0.04733009708737864 0.011682242990654205 0.007281553398058253
3.0 0.6074766355140186 0.025485436893203883 0.009345794392523364 0.0024271844660194173
3.0 0.602803738317757 0.024271844660194174 0.009345794392523364 0.0048543689320388345
3.0 0.5257009345794392 0.014563106796116505 0.014018691588785047 0.0
3.0 0.4976635514018692 0.01820388349514563 0.014018691588785047 0.0024271844660194173
3.0 0.4929906542056075 0.01820388349514563 0.014018691588785047 0.0024271844660194173
3.0 0.4953271028037383 0.01820388349514563 0.009345794392523364 0.0024271844660194173
3.0 0.4929906542056075 0.015776699029126214 0.009345794392523364 0.0024271844660194173
3.0 0.49182242990654207 0.013349514563106795 0.007009345794392523 0.0024271844660194173
3.0 0.6705607476635514 0.044902912621359224 0.014018691588785047 0.007281553398058253
3.0 0.6600467289719626 0.04004854368932039 0.011682242990654205 0.007281553398058253
3.0 0.6436915887850467 0.03398058252427184 0.011682242990654205 0.0048543689320388345
3.0 0.639018691588785 0.032766990291262135 0.011682242990654205 0.0024271844660194173
3.0 0.6366822429906542 0.032766990291262135 0.02102803738317757 0.007281553398058253
3.0 0.633177570093458 0.03033980582524272 0.018691588785046728 0.007281553398058253
3.0 0.6296728971962616 0.02912621359223301 0.016355140186915886 0.0048543689320388345
