2.0 0.318075117370892 0.7576923076923077 0.06807511737089202 0.04871794871794872
0.0 0.2147887323943662 0.49615384615384617 0.01643192488262911 0.06923076923076923
0.0 0.3931924882629108 0.4948717948717949 0.035211267605633804 0.05641025641025641
3.0 0.3744131455399061 0.10128205128205128 0.08685446009389672 0.03333333333333333
3.0 0.5223004694835681 0.1282051282051282 0.03990610328638498 0.03076923076923077
7.0 0.5011737089201878 0.2064102564102564 0.03990610328638498 0.05384615384615385
6.0 0.7206572769953051 0.40512820512820513 0.04225352112676056 0.09743589743589744
4.0 0.8098591549295775 0.5064102564102564 0.04225352112676056 0.12564102564102564
6.0 0.8086854460093896 0.7051282051282052 0.04460093896713615 0.09743589743589744
7.0 0.8028169014084507 0.7794871794871795 0.056338028169014086 0.08717948717948718
3.0 0.8967136150234741 0.6089743589743589 0.04225352112676056 0.07435897435897436
9.0 0.9014084507042254 0.49230769230769234 0.004694835680751174 0.035897435897435895
9.0 0.31103286384976525 0.22179487179487178 0.05868544600938967 0.03333333333333333
9.0 0.31690140845070425 0.2012820512820513 0.06103286384976526 0.03333333333333333
9.0 0.31103286384976525 0.25384615384615383 0.035211267605633804 0.041025641025641026
9.0 0.3274647887323944 0.2743589743589744 0.03990610328638498 0.046153846153846156
1.0 0.49295774647887325 0.47435897435897434 0.014084507042253521 0.05641025641025641
9.0 0.49413145539906106 0.4948717948717949 0.035211267605633804 0.07179487179487179
1.0 0.48826291079812206 0.9846153846153847 0.014084507042253521 0.010256410256410256
6.0 0.48708920187793425 0.9846153846153847 0.02112676056338028 0.015384615384615385
1.0 0.7077464788732394 0.9141025641025641 0.025821596244131457 0.023076923076923078
9.0 0.704225352112676 0.9166666666666666 0.028169014084507043 0.028205128205128206
7.0 0.7488262910798122 0.9192307692307692 0.07042253521126761 0.05384615384615385
9.0 0.8673708920187794 0.5525641025641026 0.02112676056338028 0.038461538461538464
9.0 0.8779342723004695 0.5346153846153846 0.018779342723004695 0.04358974358974359
9.0 0.8650234741784038 0.5025641025641026 0.01643192488262911 0.035897435897435895
9.0 0.8474178403755869 0.48205128205128206 0.018779342723004695 0.035897435897435895
9.0 0.886150234741784 0.3974358974358974 0.01643192488262911 0.03076923076923077
9.0 0.8849765258215962 0.3923076923076923 0.018779342723004695 0.03076923076923077
7.0 0.5762910798122066 0.052564102564102565 0.02112676056338028 0.01282051282051282
0.0 0.4706572769953052 0.07435897435897436 0.007042253521126761 0.010256410256410256
1.0 0.47300469483568075 0.047435897435897434 0.007042253521126761 0.007692307692307693
2.0 0.47300469483568075 0.05 0.007042253521126761 0.007692307692307693
7.0 0.5305164319248826 0.00641025641025641 0.009389671361502348 0.002564102564102564
4.0 0.5422535211267606 0.005128205128205128 0.014084507042253521 0.005128205128205128
3.0 0.4154929577464789 0.046153846153846156 0.06103286384976526 0.015384615384615385
6.0 0.5363849765258216 0.015384615384615385 0.007042253521126761 0.005128205128205128
