0.0 0.022058823529411766 0.31767955801104975 0.004901960784313725 0.016574585635359115
0.0 0.0196078431372549 0.3314917127071823 0.004901960784313725 0.016574585635359115
0.0 0.014705882352941176 0.3494475138121547 0.004901960784313725 0.013812154696132596
0.0 0.0196078431372549 0.3383977900552486 0.004901960784313725 0.013812154696132596
0.0 0.022058823529411766 0.3328729281767956 0.004901960784313725 0.013812154696132596
0.0 0.014705882352941176 0.3494475138121547 0.004901960784313725 0.013812154696132596
0.0 0.014705882352941176 0.35773480662983426 0.004901960784313725 0.019337016574585635
0.0 0.01715686274509804 0.35359116022099446 0.004901960784313725 0.016574585635359115
0.0 0.0196078431372549 0.3453038674033149 0.004901960784313725 0.016574585635359115
0.0 0.0196078431372549 0.35359116022099446 0.004901960784313725 0.016574585635359115
0.0 0.0196078431372549 0.34806629834254144 0.004901960784313725 0.016574585635359115
0.0 0.022058823529411766 0.3453038674033149 0.004901960784313725 0.016574585635359115
0.0 0.0196078431372549 0.35773480662983426 0.004901960784313725 0.019337016574585635
0.0 0.020833333333333332 0.35220994475138123 0.007352941176470588 0.019337016574585635
0.0 0.01715686274509804 0.3660220994475138 0.004901960784313725 0.019337016574585635
0.0 0.0196078431372549 0.36187845303867405 0.004901960784313725 0.016574585635359115
0.0 0.024509803921568627 0.356353591160221 0.004901960784313725 0.016574585635359115
0.0 0.014705882352941176 0.3812154696132597 0.004901960784313725 0.016574585635359115
0.0 0.015931372549019607 0.38950276243093923 0.0024509803921568627 0.016574585635359115
0.0 0.022058823529411766 0.3756906077348066 0.004901960784313725 0.022099447513812154
0.0 0.025735294117647058 0.3660220994475138 0.007352941176470588 0.024861878453038673
0.0 0.01715686274509804 0.39779005524861877 0.004901960784313725 0.022099447513812154
0.0 0.01838235294117647 0.393646408839779 0.0024509803921568627 0.008287292817679558
0.0 0.022058823529411766 0.393646408839779 0.004901960784313725 0.019337016574585635
0.0 0.022058823529411766 0.39779005524861877 0.004901960784313725 0.016574585635359115
0.0 0.022058823529411766 0.393646408839779 0.004901960784313725 0.013812154696132596
0.0 0.01715686274509804 0.40607734806629836 0.004901960784313725 0.016574585635359115
0.0 0.01715686274509804 0.4157458563535912 0.004901960784313725 0.019337016574585635
0.0 0.01838235294117647 0.4116022099447514 0.0024509803921568627 0.016574585635359115
0.0 0.0196078431372549 0.4074585635359116 0.004901960784313725 0.013812154696132596
0.0 0.0196078431372549 0.4281767955801105 0.004901960784313725 0.022099447513812154
0.0 0.025735294117647058 0.3812154696132597 0.007352941176470588 0.022099447513812154
0.0 0.028186274509803922 0.3743093922651934 0.007352941176470588 0.019337016574585635
0.0 0.029411764705882353 0.3770718232044199 0.004901960784313725 0.019337016574585635
0.0 0.02696078431372549 0.39640883977900554 0.004901960784313725 0.019337016574585635
0.0 0.024509803921568627 0.40331491712707185 0.004901960784313725 0.022099447513812154
0.0 0.03308823529411765 0.39502762430939226 0.007352941176470588 0.022099447513812154
0.0 0.03676470588235294 0.3867403314917127 0.004901960784313725 0.016574585635359115
0.0 0.029411764705882353 0.4102209944751381 0.004901960784313725 0.019337016574585635
0.0 0.029411764705882353 0.43370165745856354 0.004901960784313725 0.022099447513812154
0.0 0.031862745098039214 0.425414364640884 0.004901960784313725 0.022099447513812154
0.0 0.0392156862745098 0.4281767955801105 0.004901960784313725 0.022099447513812154
0.0 0.03676470588235294 0.4350828729281768 0.004901960784313725 0.019337016574585635
0.0 0.0428921568627451 0.430939226519337 0.007352941176470588 0.022099447513812154
0.0 0.049019607843137254 0.4558011049723757 0.004901960784313725 0.022099447513812154
0.0 0.029411764705882353 0.47099447513812154 0.004901960784313725 0.019337016574585635
0.0 0.031862745098039214 0.45027624309392267 0.004901960784313725 0.022099447513812154
0.0 0.03676470588235294 0.4585635359116022 0.004901960784313725 0.022099447513812154
0.0 0.03799019607843137 0.4544198895027624 0.0024509803921568627 0.024861878453038673
0.0 0.0392156862745098 0.4696132596685083 0.004901960784313725 0.022099447513812154
0.0 0.03553921568627451 0.4889502762430939 0.0024509803921568627 0.022099447513812154
1.0 0.03799019607843137 0.4972375690607735 0.0024509803921568627 0.011049723756906077
0.0 0.03676470588235294 0.5082872928176796 0.004901960784313725 0.016574585635359115
0.0 0.0392156862745098 0.48066298342541436 0.004901960784313725 0.022099447513812154
0.0 0.04044117647058824 0.4889502762430939 0.0024509803921568627 0.022099447513812154
0.0 0.041666666666666664 0.5027624309392266 0.004901960784313725 0.022099447513812154
0.0 0.04411764705882353 0.5580110497237569 0.004901960784313725 0.022099447513812154
0.0 0.041666666666666664 0.5759668508287292 0.004901960784313725 0.019337016574585635
1.0 0.04411764705882353 0.5842541436464088 0.004901960784313725 0.013812154696132596
0.0 0.051470588235294115 0.6256906077348067 0.00980392156862745 0.019337016574585635
0.0 0.04656862745098039 0.5276243093922652 0.004901960784313725 0.022099447513812154
0.0 0.051470588235294115 0.5524861878453039 0.004901960784313725 0.022099447513812154
0.0 0.051470588235294115 0.5566298342541437 0.004901960784313725 0.024861878453038673
0.0 0.06740196078431372 0.5828729281767956 0.007352941176470588 0.027624309392265192
0.0 0.0625 0.6685082872928176 0.007352941176470588 0.022099447513812154
0.0 0.06985294117647059 0.6795580110497238 0.007352941176470588 0.022099447513812154
0.0 0.07598039215686274 0.7002762430939227 0.00980392156862745 0.019337016574585635
3.0 0.006127450980392157 0.5814917127071824 0.007352941176470588 0.04143646408839779
4.0 0.025735294117647058 0.6477900552486188 0.02696078431372549 0.08011049723756906
3.0 0.028186274509803922 0.6823204419889503 0.02696078431372549 0.0718232044198895
0.0 0.0857843137254902 0.712707182320442 0.00980392156862745 0.016574585635359115
0.0 0.08823529411764706 0.7085635359116023 0.00980392156862745 0.019337016574585635
0.0 0.09926470588235294 0.7348066298342542 0.012254901960784314 0.022099447513812154
0.0 0.10784313725490197 0.7417127071823204 0.00980392156862745 0.019337016574585635
0.0 0.11274509803921569 0.7513812154696132 0.014705882352941176 0.027624309392265192
0.0 0.1090686274509804 0.7209944751381215 0.012254901960784314 0.027624309392265192
1.0 0.12990196078431374 0.7624309392265194 0.00980392156862745 0.016574585635359115
0.0 0.15808823529411764 0.7803867403314917 0.012254901960784314 0.019337016574585635
0.0 0.17034313725490197 0.7790055248618785 0.01715686274509804 0.027624309392265192
0.0 0.14338235294117646 0.7306629834254144 0.01715686274509804 0.03038674033149171
0.0 0.13848039215686275 0.7182320441988951 0.01715686274509804 0.027624309392265192
0.0 0.14950980392156862 0.6878453038674033 0.014705882352941176 0.027624309392265192
0.0 0.1715686274509804 0.7734806629834254 0.014705882352941176 0.022099447513812154
0.0 0.18259803921568626 0.7734806629834254 0.012254901960784314 0.016574585635359115
0.0 0.18382352941176472 0.7651933701657458 0.014705882352941176 0.027624309392265192
0.0 0.19607843137254902 0.7817679558011049 0.014705882352941176 0.022099447513812154
0.0 0.19240196078431374 0.7541436464088398 0.01715686274509804 0.03314917127071823
0.0 0.19362745098039216 0.7113259668508287 0.0196078431372549 0.03038674033149171
0.0 0.20098039215686275 0.7030386740331491 0.0196078431372549 0.03591160220994475
0.0 0.2181372549019608 0.7279005524861878 0.014705882352941176 0.03038674033149171
0.0 0.22549019607843138 0.7403314917127072 0.0196078431372549 0.03314917127071823
3.0 0.5625 0.9337016574585635 0.1053921568627451 0.0718232044198895
0.0 0.5759803921568627 0.9875690607734806 0.014705882352941176 0.008287292817679558
0.0 0.5784313725490197 0.9779005524861878 0.014705882352941176 0.011049723756906077
0.0 0.6286764705882353 0.9682320441988951 0.01715686274509804 0.013812154696132596
0.0 0.6311274509803921 0.9723756906077348 0.01715686274509804 0.011049723756906077
0.0 0.696078431372549 0.9571823204419889 0.0196078431372549 0.013812154696132596
0.0 0.6997549019607843 0.9585635359116023 0.012254901960784314 0.0055248618784530384
0.0 0.8578431372549019 0.8604972375690608 0.014705882352941176 0.013812154696132596
0.0 0.8627450980392157 0.8522099447513812 0.014705882352941176 0.019337016574585635
0.0 0.8774509803921569 0.8259668508287292 0.014705882352941176 0.022099447513812154
0.0 0.8651960784313726 0.8439226519337016 0.014705882352941176 0.019337016574585635
0.0 0.8590686274509803 0.8383977900552486 0.01715686274509804 0.019337016574585635
0.0 0.866421568627451 0.8259668508287292 0.01715686274509804 0.022099447513812154
0.0 0.8480392156862745 0.8591160220994475 0.0196078431372549 0.022099447513812154
0.0 0.8443627450980392 0.8660220994475138 0.01715686274509804 0.019337016574585635
0.0 0.8235294117647058 0.8798342541436464 0.0196078431372549 0.019337016574585635
0.0 0.8308823529411765 0.8784530386740331 0.014705882352941176 0.016574585635359115
0.0 0.8370098039215687 0.8770718232044199 0.012254901960784314 0.013812154696132596
0.0 0.7401960784313726 0.9129834254143646 0.014705882352941176 0.013812154696132596
0.0 0.7438725490196079 0.9060773480662984 0.01715686274509804 0.016574585635359115
0.0 0.8308823529411765 0.8287292817679558 0.0196078431372549 0.022099447513812154
0.0 0.8357843137254902 0.819060773480663 0.0196078431372549 0.024861878453038673
0.0 0.8774509803921569 0.7900552486187845 0.014705882352941176 0.022099447513812154
0.0 0.8014705882352942 0.8273480662983426 0.0196078431372549 0.024861878453038673
0.0 0.7953431372549019 0.824585635359116 0.01715686274509804 0.019337016574585635
0.0 0.8002450980392157 0.81353591160221 0.01715686274509804 0.024861878453038673
0.0 0.8075980392156863 0.8038674033149171 0.01715686274509804 0.027624309392265192
0.0 0.8480392156862745 0.7458563535911602 0.014705882352941176 0.027624309392265192
0.0 0.8137254901960784 0.7569060773480663 0.014705882352941176 0.022099447513812154
0.0 0.8382352941176471 0.7348066298342542 0.014705882352941176 0.022099447513812154
0.0 0.8688725490196079 0.6837016574585635 0.012254901960784314 0.03038674033149171
3.0 0.8137254901960784 0.6325966850828729 0.08333333333333333 0.14917127071823205
0.0 0.8982843137254902 0.5759668508287292 0.007352941176470588 0.024861878453038673
0.0 0.9044117647058824 0.585635359116022 0.00980392156862745 0.03314917127071823
0.0 0.9142156862745098 0.5041436464088398 0.004901960784313725 0.024861878453038673
0.0 0.9166666666666666 0.5138121546961326 0.004901960784313725 0.027624309392265192
0.0 0.9203431372549019 0.5234806629834254 0.007352941176470588 0.019337016574585635
0.0 0.9264705882352942 0.45027624309392267 0.004901960784313725 0.027624309392265192
0.0 0.9313725490196079 0.457182320441989 0.004901960784313725 0.024861878453038673
0.0 0.9252450980392157 0.4240331491712707 0.007352941176470588 0.03038674033149171
0.0 0.9301470588235294 0.4185082872928177 0.007352941176470588 0.024861878453038673
0.0 0.9338235294117647 0.4281767955801105 0.00980392156862745 0.027624309392265192
0.0 0.9375 0.34392265193370164 0.007352941176470588 0.024861878453038673
0.0 0.9313725490196079 0.26519337016574585 0.00980392156862745 0.022099447513812154
0.0 0.9252450980392157 0.25828729281767954 0.007352941176470588 0.019337016574585635
0.0 0.9276960784313726 0.2610497237569061 0.007352941176470588 0.019337016574585635
0.0 0.9252450980392157 0.2527624309392265 0.007352941176470588 0.019337016574585635
0.0 0.9313725490196079 0.2596685082872928 0.00980392156862745 0.022099447513812154
0.0 0.9264705882352942 0.24447513812154695 0.00980392156862745 0.019337016574585635
8.0 0.9007352941176471 0.1781767955801105 0.031862745098039214 0.04696132596685083
3.0 0.8774509803921569 0.18232044198895028 0.0392156862745098 0.055248618784530384
3.0 0.8921568627450981 0.2900552486187845 0.04411764705882353 0.08287292817679558
0.0 0.7267156862745098 0.13535911602209943 0.01715686274509804 0.022099447513812154
0.0 0.7181372549019608 0.16160220994475138 0.0196078431372549 0.03038674033149171
0.0 0.7022058823529411 0.12430939226519337 0.01715686274509804 0.022099447513812154
1.0 0.6936274509803921 0.1270718232044199 0.00980392156862745 0.011049723756906077
0.0 0.7169117647058824 0.13121546961325967 0.01715686274509804 0.024861878453038673
0.0 0.6323529411764706 0.18370165745856354 0.0196078431372549 0.024861878453038673
0.0 0.6360294117647058 0.20303867403314918 0.022058823529411766 0.03038674033149171
0.0 0.6078431372549019 0.17955801104972377 0.014705882352941176 0.027624309392265192
0.0 0.5208333333333334 0.2430939226519337 0.022058823529411766 0.027624309392265192
0.0 0.5024509803921569 0.2955801104972376 0.014705882352941176 0.04419889502762431
0.0 0.5232843137254902 0.29972375690607733 0.022058823529411766 0.04143646408839779
0.0 0.41299019607843135 0.3701657458563536 0.01715686274509804 0.049723756906077346
0.0 0.4227941176470588 0.39779005524861877 0.01715686274509804 0.049723756906077346
0.0 0.49387254901960786 0.4074585635359116 0.01715686274509804 0.04143646408839779
0.0 0.31495098039215685 0.5165745856353591 0.022058823529411766 0.04419889502762431
0.0 0.32965686274509803 0.5428176795580111 0.012254901960784314 0.03038674033149171
0.0 0.3137254901960784 0.6395027624309392 0.0196078431372549 0.04696132596685083
0.0 0.28799019607843135 0.6243093922651933 0.012254901960784314 0.03314917127071823
0.0 0.27818627450980393 0.6546961325966851 0.02696078431372549 0.03867403314917127
0.0 0.2757352941176471 0.611878453038674 0.022058823529411766 0.03591160220994475
0.0 0.2622549019607843 0.638121546961326 0.014705882352941176 0.03867403314917127
0.0 0.25 0.6325966850828729 0.0196078431372549 0.03867403314917127
0.0 0.20220588235294118 0.6298342541436464 0.012254901960784314 0.03314917127071823
