0.0 0.75 0.899171270718232 0.0196078431372549 0.013812154696132596
0.0 0.7843137254901961 0.8701657458563536 0.014705882352941176 0.016574585635359115
0.0 0.7107843137254902 0.9088397790055248 0.0196078431372549 0.016574585635359115
0.0 0.7892156862745098 0.8812154696132597 0.014705882352941176 0.016574585635359115
3.0 0.6433823529411765 0.9212707182320442 0.07598039215686274 0.04143646408839779
3.0 0.6311274509803921 0.9005524861878453 0.07107843137254902 0.03867403314917127
3.0 0.5196078431372549 0.9337016574585635 0.0784313725490196 0.027624309392265192
5.0 0.5232843137254902 0.9585635359116023 0.08088235294117647 0.022099447513812154
4.0 0.41421568627450983 0.9682320441988951 0.0784313725490196 0.03038674033149171
5.0 0.36764705882352944 0.9350828729281768 0.17647058823529413 0.08011049723756906
3.0 0.32965686274509803 0.9585635359116023 0.07107843137254902 0.03867403314917127
3.0 0.24142156862745098 0.9185082872928176 0.0661764705882353 0.04696132596685083
3.0 0.19730392156862744 0.9033149171270718 0.04656862745098039 0.03867403314917127
8.0 0.8909313725490197 0.27486187845303867 0.056372549019607844 0.10220994475138122
