3.0 0.5073529411764706 0.9129834254143646 0.0392156862745098 0.04143646408839779
3.0 0.5857843137254902 0.8922651933701657 0.04411764705882353 0.04419889502762431
3.0 0.4424019607843137 0.8687845303867403 0.04656862745098039 0.052486187845303865
3.0 0.27818627450980393 0.3729281767955801 0.03676470588235294 0.055248618784530384
3.0 0.5367647058823529 0.3756906077348066 0.04411764705882353 0.06077348066298342
3.0 0.44485294117647056 0.13121546961325967 0.02696078431372549 0.019337016574585635
3.0 0.5183823529411765 0.18093922651933703 0.031862745098039214 0.03038674033149171
3.0 0.2769607843137255 0.11740331491712708 0.03431372549019608 0.019337016574585635
3.0 0.4019607843137255 0.08977900552486189 0.0196078431372549 0.013812154696132596
3.0 0.4362745098039216 0.08425414364640885 0.0196078431372549 0.013812154696132596
3.0 0.4534313725490196 0.10911602209944751 0.0196078431372549 0.013812154696132596
3.0 0.5416666666666666 0.12016574585635359 0.024509803921568627 0.019337016574585635
3.0 0.571078431372549 0.08839779005524862 0.0196078431372549 0.016574585635359115
3.0 0.47181372549019607 0.05662983425414365 0.012254901960784314 0.008287292817679558
3.0 0.4485294117647059 0.05662983425414365 0.014705882352941176 0.008287292817679558
3.0 0.41911764705882354 0.06629834254143646 0.014705882352941176 0.011049723756906077
3.0 0.5049019607843137 0.0649171270718232 0.014705882352941176 0.008287292817679558
3.0 0.5134803921568627 0.03038674033149171 0.012254901960784314 0.0055248618784530384
3.0 0.48161764705882354 0.04005524861878453 0.012254901960784314 0.008287292817679558
3.0 0.5343137254901961 0.03591160220994475 0.00980392156862745 0.0055248618784530384
3.0 0.5355392156862745 0.05110497237569061 0.012254901960784314 0.008287292817679558
3.0 0.45955882352941174 0.04419889502762431 0.012254901960784314 0.0055248618784530384
3.0 0.4644607843137255 0.03038674033149171 0.01715686274509804 0.0055248618784530384
3.0 0.49019607843137253 0.019337016574585635 0.00980392156862745 0.0055248618784530384
3.0 0.4963235294117647 0.006906077348066298 0.007352941176470588 0.0027624309392265192
3.0 0.49264705882352944 0.009668508287292817 0.00980392156862745 0.0027624309392265192
3.0 0.4950980392156863 0.0 0.00980392156862745 0.0
4.0 0.5355392156862745 0.023480662983425413 0.012254901960784314 0.008287292817679558
4.0 0.5343137254901961 0.011049723756906077 0.00980392156862745 0.0055248618784530384
4.0 0.48651960784313725 0.03038674033149171 0.012254901960784314 0.0055248618784530384
4.0 0.4644607843137255 0.0787292817679558 0.01715686274509804 0.013812154696132596
4.0 0.5404411764705882 0.08011049723756906 0.022058823529411766 0.016574585635359115
3.0 0.8688725490196079 0.8397790055248618 0.04656862745098039 0.049723756906077346
3.0 0.9031862745098039 0.8093922651933702 0.031862745098039214 0.04419889502762431
3.0 0.5588235294117647 0.03729281767955801 0.014705882352941176 0.008287292817679558
3.0 0.5526960784313726 0.015193370165745856 0.012254901960784314 0.008287292817679558
4.0 0.5808823529411765 0.13812154696132597 0.029411764705882353 0.027624309392265192
4.0 0.5526960784313726 0.024861878453038673 0.012254901960784314 0.0055248618784530384
5.0 0.3786764705882353 0.12845303867403315 0.03676470588235294 0.03591160220994475
5.0 0.4730392156862745 0.013812154696132596 0.014705882352941176 0.0055248618784530384
8.0 0.4791666666666667 0.004143646408839779 0.01715686274509804 0.008287292817679558
8.0 0.6029411764705882 0.3080110497237569 0.058823529411764705 0.1574585635359116
4.0 0.9387254901960784 0.3314917127071823 0.0196078431372549 0.03314917127071823
