3.0 0.12254901960784313 0.8182989690721649 0.1323529411764706 0.15206185567010308
3.0 0.13357843137254902 0.7925257731958762 0.13480392156862744 0.15206185567010308
3.0 0.7904411764705882 0.1404639175257732 0.03676470588235294 0.028350515463917526
3.0 0.9215686274509803 0.2422680412371134 0.014705882352941176 0.020618556701030927
3.0 0.9227941176470589 0.23840206185567012 0.012254901960784314 0.01804123711340206
3.0 0.9203431372549019 0.22938144329896906 0.012254901960784314 0.015463917525773196
3.0 0.9166666666666666 0.22551546391752578 0.00980392156862745 0.01288659793814433
3.0 0.9142156862745098 0.22036082474226804 0.00980392156862745 0.01288659793814433
3.0 0.9080882352941176 0.20876288659793815 0.007352941176470588 0.010309278350515464
3.0 0.9007352941176471 0.20103092783505155 0.007352941176470588 0.010309278350515464
3.0 0.9068627450980392 0.20231958762886598 0.004901960784313725 0.007731958762886598
0.0 0.4681372549019608 0.06958762886597938 0.00980392156862745 0.010309278350515464
0.0 0.4338235294117647 0.07345360824742268 0.00980392156862745 0.007731958762886598
0.0 0.43995098039215685 0.07216494845360824 0.012254901960784314 0.010309278350515464
0.0 0.44607843137254904 0.16108247422680413 0.029411764705882353 0.03865979381443299
0.0 0.5269607843137255 0.2036082474226804 0.024509803921568627 0.04639175257731959
0.0 0.571078431372549 0.211340206185567 0.03431372549019608 0.05154639175257732
0.0 0.5330882352941176 0.18685567010309279 0.01715686274509804 0.03350515463917526
0.0 0.5428921568627451 0.18685567010309279 0.01715686274509804 0.03350515463917526
8.0 0.7352941176470589 0.08118556701030928 0.024509803921568627 0.01804123711340206
0.0 0.17279411764705882 0.6391752577319587 0.031862745098039214 0.08247422680412371
0.0 0.8786764705882353 0.4368556701030928 0.01715686274509804 0.06443298969072164
0.0 0.9154411764705882 0.4677835051546392 0.012254901960784314 0.059278350515463915
0.0 0.9007352941176471 0.4536082474226804 0.012254901960784314 0.06701030927835051
0.0 0.9044117647058824 0.4484536082474227 0.014705882352941176 0.061855670103092786
0.0 0.8615196078431373 0.4072164948453608 0.01715686274509804 0.05670103092783505
0.0 0.866421568627451 0.40463917525773196 0.012254901960784314 0.04639175257731959
0.0 0.5735294117647058 0.30670103092783507 0.029411764705882353 0.061855670103092786
0.0 0.5968137254901961 0.30670103092783507 0.03676470588235294 0.06701030927835051
1.0 0.09313725490196079 0.7126288659793815 0.0196078431372549 0.03350515463917526
