3.0 0.08215962441314555 0.22435897435897437 0.046948356807511735 0.07435897435897436
3.0 0.04107981220657277 0.31025641025641026 0.03051643192488263 0.07179487179487179
3.0 0.02464788732394366 0.3487179487179487 0.025821596244131457 0.07692307692307693
3.0 0.01056338028169014 0.40512820512820513 0.01643192488262911 0.06666666666666667
3.0 0.39436619718309857 0.08461538461538462 0.107981220657277 0.07179487179487179
4.0 0.4448356807511737 0.03717948717948718 0.07276995305164319 0.038461538461538464
3.0 0.6607981220657277 0.07307692307692308 0.1056338028169014 0.06923076923076923
3.0 0.6948356807511737 0.18974358974358974 0.107981220657277 0.13846153846153847
5.0 0.545774647887324 0.7025641025641025 0.3685446009389671 0.15897435897435896
9.0 0.7476525821596244 0.308974358974359 0.05868544600938967 0.1
7.0 0.8345070422535211 0.5153846153846153 0.0539906103286385 0.1076923076923077
9.0 0.7852112676056338 0.6615384615384615 0.06807511737089202 0.10256410256410256
9.0 0.7359154929577465 0.4128205128205128 0.06807511737089202 0.1076923076923077
9.0 0.7288732394366197 0.3346153846153846 0.07276995305164319 0.10512820512820513
9.0 0.8086854460093896 0.4423076923076923 0.04929577464788732 0.0641025641025641
9.0 0.8356807511737089 0.41794871794871796 0.04225352112676056 0.05128205128205128
9.0 0.82981220657277 0.38333333333333336 0.03990610328638498 0.04871794871794872
9.0 0.8192488262910798 0.3435897435897436 0.051643192488262914 0.05641025641025641
6.0 0.818075117370892 0.3038461538461538 0.06807511737089202 0.07948717948717948
9.0 0.6995305164319249 0.8371794871794872 0.09389671361502347 0.06923076923076923
4.0 0.5187793427230047 0.8615384615384616 0.24413145539906103 0.08717948717948718
6.0 0.19014084507042253 0.8615384615384616 0.056338028169014086 0.05641025641025641
9.0 0.9014084507042254 0.7038461538461539 0.028169014084507043 0.04358974358974359
2.0 0.926056338028169 0.6243589743589744 0.02112676056338028 0.038461538461538464
9.0 0.9284037558685446 0.5987179487179487 0.02112676056338028 0.04358974358974359
2.0 0.9354460093896714 0.47307692307692306 0.011737089201877934 0.028205128205128206
2.0 0.8215962441314554 0.11153846153846154 0.014084507042253521 0.017948717948717947
