3.0 0.41911764705882354 0.04005524861878453 0.07352941176470588 0.03591160220994475
3.0 0.29044117647058826 0.2596685082872928 0.07598039215686274 0.1270718232044199
3.0 0.2965686274509804 0.10773480662983426 0.058823529411764705 0.06077348066298342
4.0 0.3480392156862745 0.1132596685082873 0.06862745098039216 0.0718232044198895
8.0 0.1948529411764706 0.3770718232044199 0.0661764705882353 0.19613259668508287
8.0 0.2536764705882353 0.6919889502762431 0.10049019607843138 0.23480662983425415
3.0 0.5833333333333334 0.012430939226519336 0.06862745098039216 0.024861878453038673
5.0 0.37745098039215685 0.015193370165745856 0.03431372549019608 0.013812154696132596
0.0 0.19607843137254902 0.20165745856353592 0.0196078431372549 0.022099447513812154
0.0 0.6568627450980392 0.06077348066298342 0.00980392156862745 0.011049723756906077
0.0 0.6654411764705882 0.06767955801104972 0.012254901960784314 0.013812154696132596
0.0 0.6703431372549019 0.06767955801104972 0.012254901960784314 0.013812154696132596
0.0 0.6237745098039216 0.9696132596685083 0.01715686274509804 0.011049723756906077
0.0 0.6409313725490197 0.9585635359116023 0.012254901960784314 0.0055248618784530384
0.0 0.6299019607843137 0.9585635359116023 0.014705882352941176 0.011049723756906077
0.0 0.5845588235294118 0.9571823204419889 0.01715686274509804 0.008287292817679558
0.0 0.5980392156862745 0.9488950276243094 0.0196078431372549 0.008287292817679558
0.0 0.6017156862745098 0.9585635359116023 0.022058823529411766 0.011049723756906077
