1.0 0.780373831775701 0.42354368932038833 0.0514018691588785 0.10922330097087378
2.0 0.7698598130841121 0.4344660194174757 0.09579439252336448 0.13106796116504854
4.0 0.48014018691588783 0.8240291262135923 0.3341121495327103 0.1820388349514563
3.0 0.2885514018691589 0.8361650485436893 0.25 0.220873786407767
4.0 0.1542056074766355 0.7803398058252428 0.14018691588785046 0.20145631067961164
3.0 0.08878504672897196 0.7111650485436893 0.10747663551401869 0.21359223300970873
0.0 0.08294392523364486 0.7524271844660194 0.02102803738317757 0.038834951456310676
8.0 0.9707943925233645 0.44781553398058255 0.04906542056074766 0.2354368932038835
3.0 0.8878504672897196 0.8252427184466019 0.0794392523364486 0.09223300970873786
4.0 0.42757009345794394 0.019417475728155338 0.102803738317757 0.024271844660194174
6.0 0.02219626168224299 0.6395631067961165 0.02102803738317757 0.06553398058252427
