3.0 0.44607843137254904 0.9536082474226805 0.10784313725490197 0.05670103092783505
3.0 0.3909313725490196 0.8634020618556701 0.13970588235294118 0.10824742268041238
3.0 0.13357843137254902 0.8079896907216495 0.08088235294117647 0.11597938144329897
3.0 0.1715686274509804 0.8853092783505154 0.058823529411764705 0.059278350515463915
3.0 0.08946078431372549 0.7371134020618557 0.07598039215686274 0.12886597938144329
3.0 0.18872549019607843 0.7641752577319587 0.11764705882352941 0.17783505154639176
3.0 0.01838235294117647 0.5502577319587629 0.022058823529411766 0.05412371134020619
3.0 0.04656862745098039 0.5515463917525774 0.03431372549019608 0.06701030927835051
3.0 0.058823529411764705 0.5077319587628866 0.03431372549019608 0.061855670103092786
3.0 0.0784313725490196 0.4652061855670103 0.0392156862745098 0.06443298969072164
3.0 0.08823529411764706 0.39948453608247425 0.05392156862745098 0.08247422680412371
3.0 0.03553921568627451 0.6275773195876289 0.031862745098039214 0.059278350515463915
3.0 0.5514705882352942 0.7242268041237113 0.27450980392156865 0.12371134020618557
3.0 0.38357843137254904 0.46262886597938147 0.21323529411764705 0.14175257731958762
3.0 0.2867647058823529 0.3337628865979381 0.08823529411764706 0.13659793814432988
3.0 0.2818627450980392 0.25644329896907214 0.11274509803921569 0.1056701030927835
3.0 0.31495098039215685 0.15850515463917525 0.0661764705882353 0.059278350515463915
3.0 0.31495098039215685 0.12628865979381443 0.0661764705882353 0.041237113402061855
3.0 0.3284313725490196 0.1018041237113402 0.06372549019607843 0.03865979381443299
3.0 0.33578431372549017 0.08376288659793814 0.058823529411764705 0.03350515463917526
3.0 0.3590686274509804 0.06572164948453608 0.061274509803921566 0.023195876288659795
3.0 0.36519607843137253 0.04639175257731959 0.03431372549019608 0.020618556701030927
3.0 0.40931372549019607 0.03994845360824742 0.03431372549019608 0.01288659793814433
3.0 0.3713235294117647 0.037371134020618556 0.031862745098039214 0.01288659793814433
3.0 0.3713235294117647 0.03350515463917526 0.02696078431372549 0.010309278350515464
3.0 0.3786764705882353 0.02577319587628866 0.022058823529411766 0.010309278350515464
3.0 0.3786764705882353 0.02190721649484536 0.022058823529411766 0.007731958762886598
3.0 0.4007352941176471 0.01675257731958763 0.041666666666666664 0.01288659793814433
3.0 0.3627450980392157 0.02190721649484536 0.03431372549019608 0.01288659793814433
4.0 0.3909313725490196 0.01288659793814433 0.03676470588235294 0.010309278350515464
3.0 0.10294117647058823 0.34536082474226804 0.04411764705882353 0.061855670103092786
3.0 0.11764705882352941 0.28994845360824745 0.058823529411764705 0.06958762886597938
3.0 0.13112745098039216 0.2603092783505155 0.051470588235294115 0.05670103092783505
3.0 0.13970588235294118 0.24097938144329897 0.058823529411764705 0.059278350515463915
3.0 0.14950980392156862 0.22036082474226804 0.05392156862745098 0.04896907216494845
3.0 0.1642156862745098 0.20103092783505155 0.06372549019607843 0.05670103092783505
3.0 0.17892156862745098 0.17783505154639176 0.058823529411764705 0.05154639175257732
3.0 0.1875 0.163659793814433 0.056372549019607844 0.04381443298969072
3.0 0.20220588235294118 0.14432989690721648 0.061274509803921566 0.04639175257731959
4.0 0.20833333333333334 0.13015463917525774 0.049019607843137254 0.03865979381443299
3.0 0.21568627450980393 0.1211340206185567 0.049019607843137254 0.03608247422680412
3.0 0.23039215686274508 0.10824742268041238 0.05392156862745098 0.03608247422680412
3.0 0.24142156862745098 0.09664948453608248 0.051470588235294115 0.03350515463917526
4.0 0.2536764705882353 0.08376288659793814 0.061274509803921566 0.03865979381443299
3.0 0.25980392156862747 0.07603092783505154 0.049019607843137254 0.028350515463917526
3.0 0.2696078431372549 0.06829896907216494 0.04411764705882353 0.023195876288659795
3.0 0.2757352941176471 0.06314432989690721 0.041666666666666664 0.023195876288659795
3.0 0.28431372549019607 0.05798969072164949 0.03431372549019608 0.01804123711340206
3.0 0.2818627450980392 0.05670103092783505 0.04411764705882353 0.020618556701030927
3.0 0.2916666666666667 0.05154639175257732 0.0392156862745098 0.020618556701030927
3.0 0.2916666666666667 0.04896907216494845 0.0392156862745098 0.020618556701030927
3.0 0.2867647058823529 0.04896907216494845 0.0392156862745098 0.020618556701030927
3.0 0.3002450980392157 0.03994845360824742 0.03676470588235294 0.01804123711340206
3.0 0.2426470588235294 0.06701030927835051 0.0392156862745098 0.02577319587628866
3.0 0.3137254901960784 0.03350515463917526 0.03431372549019608 0.015463917525773196
3.0 0.3137254901960784 0.03221649484536082 0.029411764705882353 0.01288659793814433
4.0 0.6948529411764706 0.08505154639175258 0.061274509803921566 0.03608247422680412
9.0 0.8774509803921569 0.3801546391752577 0.029411764705882353 0.04381443298969072
9.0 0.8958333333333334 0.375 0.022058823529411766 0.03350515463917526
9.0 0.9068627450980392 0.40463917525773196 0.0196078431372549 0.030927835051546393
9.0 0.8333333333333334 0.20103092783505155 0.0196078431372549 0.02577319587628866
9.0 0.8112745098039216 0.17268041237113402 0.014705882352941176 0.020618556701030927
0.0 0.7022058823529411 0.06572164948453608 0.01715686274509804 0.01288659793814433
3.0 0.6458333333333334 0.045103092783505154 0.04656862745098039 0.023195876288659795
3.0 0.9276960784313726 0.6984536082474226 0.056372549019607844 0.09278350515463918
