3.0 0.011737089201877934 0.3858974358974359 0.009389671361502348 0.038461538461538464
3.0 0.004694835680751174 0.45256410256410257 0.004694835680751174 0.028205128205128206
3.0 0.20774647887323944 0.12307692307692308 0.04460093896713615 0.041025641025641026
9.0 0.20892018779342722 0.1064102564102564 0.014084507042253521 0.01282051282051282
1.0 0.21009389671361503 0.10384615384615385 0.011737089201877934 0.01282051282051282
5.0 0.04107981220657277 0.28076923076923077 0.025821596244131457 0.04871794871794872
5.0 0.22652582159624413 0.08333333333333333 0.11032863849765258 0.07435897435897436
2.0 0.7488262910798122 0.3 0.046948356807511735 0.041025641025641026
3.0 0.7640845070422535 0.5038461538461538 0.11502347417840375 0.11538461538461539
3.0 0.778169014084507 0.5961538461538461 0.10093896713615023 0.11025641025641025
3.0 0.8063380281690141 0.7833333333333333 0.09624413145539906 0.1
4.0 0.8086854460093896 0.8282051282051283 0.11032863849765258 0.1076923076923077
3.0 0.8004694835680751 0.8641025641025641 0.09389671361502347 0.08717948717948718
7.0 0.795774647887324 0.8948717948717949 0.06572769953051644 0.05641025641025641
3.0 0.9788732394366197 0.4782051282051282 0.009389671361502348 0.038461538461538464
