2.0 0.004901960784313725 0.5695876288659794 0.004901960784313725 0.015463917525773196
4.0 0.058823529411764705 0.6146907216494846 0.024509803921568627 0.04896907216494845
3.0 0.20833333333333334 0.7680412371134021 0.07352941176470588 0.10309278350515463
9.0 0.2181372549019608 0.5657216494845361 0.0196078431372549 0.04381443298969072
9.0 0.09191176470588236 0.5567010309278351 0.007352941176470588 0.03608247422680412
9.0 0.0857843137254902 0.5605670103092784 0.00980392156862745 0.03350515463917526
2.0 0.09803921568627451 0.5554123711340206 0.004901960784313725 0.028350515463917526
9.0 0.12009803921568628 0.5605670103092784 0.00980392156862745 0.03350515463917526
9.0 0.2193627450980392 0.4652061855670103 0.01715686274509804 0.03350515463917526
9.0 0.22916666666666666 0.4587628865979381 0.01715686274509804 0.041237113402061855
2.0 0.23897058823529413 0.4884020618556701 0.031862745098039214 0.03350515463917526
0.0 0.6801470588235294 0.5347938144329897 0.022058823529411766 0.04896907216494845
4.0 0.46568627450980393 0.7680412371134021 0.10784313725490197 0.13402061855670103
4.0 0.21568627450980393 0.9162371134020618 0.05392156862745098 0.04381443298969072
4.0 0.9583333333333334 0.6443298969072165 0.029411764705882353 0.07731958762886598
4.0 0.8848039215686274 0.6108247422680413 0.05392156862745098 0.10309278350515463
3.0 0.9473039215686274 0.5605670103092784 0.02696078431372549 0.06958762886597938
3.0 0.9877450980392157 0.5567010309278351 0.014705882352941176 0.05154639175257732
4.0 0.9767156862745098 0.4381443298969072 0.012254901960784314 0.04639175257731959
4.0 0.9767156862745098 0.4213917525773196 0.01715686274509804 0.059278350515463915
3.0 0.9852941176470589 0.4368556701030928 0.00980392156862745 0.03865979381443299
9.0 0.9852941176470589 0.4175257731958763 0.004901960784313725 0.015463917525773196
2.0 0.9803921568627451 0.41365979381443296 0.004901960784313725 0.01288659793814433
2.0 0.9767156862745098 0.4020618556701031 0.0024509803921568627 0.015463917525773196
9.0 0.9620098039215687 0.3865979381443299 0.0024509803921568627 0.015463917525773196
