5.0 0.29906542056074764 0.8555825242718447 0.2336448598130841 0.23058252427184467
0.0 0.4100467289719626 0.904126213592233 0.02570093457943925 0.021844660194174758
0.0 0.40420560747663553 0.8847087378640777 0.04205607476635514 0.03640776699029126
3.0 0.8329439252336449 0.7839805825242718 0.1378504672897196 0.16990291262135923
0.0 0.8049065420560748 0.7924757281553398 0.04439252336448598 0.06067961165048544
0.0 0.8703271028037384 0.5558252427184466 0.02102803738317757 0.08737864077669903
0.0 0.5537383177570093 0.7111650485436893 0.0514018691588785 0.08737864077669903
0.0 0.5338785046728972 0.6759708737864077 0.05841121495327103 0.09466019417475728
1.0 0.8095794392523364 0.5849514563106796 0.016355140186915886 0.043689320388349516
0.0 0.8049065420560748 0.5606796116504854 0.02102803738317757 0.06310679611650485
0.0 0.8037383177570093 0.5327669902912622 0.018691588785046728 0.08495145631067962
0.0 0.5852803738317757 0.5230582524271845 0.035046728971962614 0.12864077669902912
5.0 0.8411214953271028 0.4308252427184466 0.08411214953271028 0.1529126213592233
4.0 0.7733644859813084 0.3434466019417476 0.09813084112149532 0.14805825242718446
5.0 0.4649532710280374 0.6432038834951457 0.21962616822429906 0.30097087378640774
6.0 0.4287383177570093 0.40048543689320387 0.1425233644859813 0.19902912621359223
1.0 0.514018691588785 0.38228155339805825 0.018691588785046728 0.0412621359223301
0.0 0.5116822429906542 0.34951456310679613 0.02336448598130841 0.0970873786407767
0.0 0.5280373831775701 0.32402912621359226 0.03271028037383177 0.08980582524271845
0.0 0.572429906542056 0.3058252427184466 0.037383177570093455 0.08737864077669903
1.0 0.5514018691588785 0.3058252427184466 0.028037383177570093 0.05825242718446602
2.0 0.5514018691588785 0.32645631067961167 0.028037383177570093 0.055825242718446605
3.0 0.5829439252336449 0.21844660194174756 0.10981308411214953 0.0825242718446602
0.0 0.38317757009345793 0.20631067961165048 0.028037383177570093 0.04854368932038835
0.0 0.441588785046729 0.20388349514563106 0.02336448598130841 0.04854368932038835
1.0 0.433411214953271 0.20145631067961164 0.030373831775700934 0.02912621359223301
0.0 0.6764018691588785 0.17597087378640777 0.035046728971962614 0.0412621359223301
5.0 0.6203271028037384 0.14805825242718446 0.0911214953271028 0.05825242718446602
0.0 0.5677570093457944 0.13592233009708737 0.028037383177570093 0.02912621359223301
3.0 0.5058411214953271 0.1395631067961165 0.08177570093457943 0.0412621359223301
4.0 0.3177570093457944 0.17718446601941748 0.1588785046728972 0.09223300970873786
5.0 0.3574766355140187 0.11650485436893204 0.11214953271028037 0.04854368932038835
3.0 0.316588785046729 0.11165048543689321 0.04906542056074766 0.03398058252427184
0.0 0.5420560747663551 0.09344660194174757 0.014018691588785047 0.01699029126213592
0.0 0.5373831775700935 0.08980582524271845 0.018691588785046728 0.014563106796116505
3.0 0.49065420560747663 0.0691747572815534 0.037383177570093455 0.012135922330097087
3.0 0.44509345794392524 0.06432038834951456 0.030373831775700934 0.012135922330097087
3.0 0.48598130841121495 0.05703883495145631 0.03271028037383177 0.007281553398058253
3.0 0.39369158878504673 0.07645631067961164 0.035046728971962614 0.01699029126213592
2.0 0.42406542056074764 0.07766990291262135 0.011682242990654205 0.009708737864077669
1.0 0.4252336448598131 0.07524271844660194 0.014018691588785047 0.009708737864077669
0.0 0.4135514018691589 0.0691747572815534 0.014018691588785047 0.012135922330097087
0.0 0.3282710280373832 0.08859223300970874 0.016355140186915886 0.012135922330097087
0.0 0.3177570093457944 0.09101941747572816 0.014018691588785047 0.012135922330097087
0.0 0.3072429906542056 0.10558252427184465 0.016355140186915886 0.012135922330097087
0.0 0.47313084112149534 0.04733009708737864 0.011682242990654205 0.007281553398058253
0.0 0.48130841121495327 0.04854368932038835 0.009345794392523364 0.0048543689320388345
4.0 0.3469626168224299 0.06553398058252427 0.02570093457943925 0.014563106796116505
4.0 0.3469626168224299 0.061893203883495146 0.02102803738317757 0.012135922330097087
4.0 0.34579439252336447 0.055825242718446605 0.03271028037383177 0.014563106796116505
4.0 0.36098130841121495 0.05339805825242718 0.016355140186915886 0.009708737864077669
4.0 0.3352803738317757 0.05703883495145631 0.030373831775700934 0.012135922330097087
3.0 0.3189252336448598 0.061893203883495146 0.030373831775700934 0.012135922330097087
3.0 0.2908878504672897 0.07402912621359223 0.030373831775700934 0.01699029126213592
3.0 0.40186915887850466 0.038834951456310676 0.02336448598130841 0.009708737864077669
0.0 0.4567757009345794 0.03762135922330097 0.007009345794392523 0.0024271844660194173
0.0 0.40654205607476634 0.04975728155339806 0.009345794392523364 0.007281553398058253
9.0 0.411214953271028 0.04854368932038835 0.009345794392523364 0.0048543689320388345
1.0 0.41238317757009346 0.04733009708737864 0.007009345794392523 0.0024271844660194173
0.0 0.3983644859813084 0.05218446601941747 0.007009345794392523 0.007281553398058253
0.0 0.44042056074766356 0.03155339805825243 0.007009345794392523 0.0048543689320388345
0.0 0.4427570093457944 0.032766990291262135 0.002336448598130841 0.0024271844660194173
0.0 0.927570093457944 0.7730582524271845 0.02336448598130841 0.03640776699029126
0.0 0.9334112149532711 0.7621359223300971 0.02570093457943925 0.043689320388349516
