3.0 0.7683823529411765 0.1172680412371134 0.07107843137254902 0.04896907216494845
3.0 0.5404411764705882 0.08118556701030928 0.10049019607843138 0.03865979381443299
3.0 0.6237745098039216 0.41365979381443296 0.07598039215686274 0.16752577319587628
3.0 0.2977941176470588 0.5554123711340206 0.07598039215686274 0.16752577319587628
3.0 0.5833333333333334 0.8814432989690721 0.06372549019607843 0.061855670103092786
3.0 0.12254901960784313 0.8092783505154639 0.05392156862745098 0.07216494845360824
3.0 0.07475490196078431 0.711340206185567 0.041666666666666664 0.07731958762886598
4.0 0.5196078431372549 0.9858247422680413 0.05392156862745098 0.01804123711340206
4.0 0.2610294117647059 0.10309278350515463 0.07107843137254902 0.04639175257731959
6.0 0.47671568627450983 0.9523195876288659 0.02696078431372549 0.023195876288659795
6.0 0.5649509803921569 0.9458762886597938 0.041666666666666664 0.02577319587628866
6.0 0.553921568627451 0.9729381443298969 0.03431372549019608 0.01804123711340206
0.0 0.19852941176470587 0.8930412371134021 0.0196078431372549 0.01804123711340206
0.0 0.21200980392156862 0.9007731958762887 0.01715686274509804 0.01288659793814433
0.0 0.32230392156862747 0.9458762886597938 0.012254901960784314 0.010309278350515464
3.0 0.8700980392156863 0.18041237113402062 0.049019607843137254 0.05154639175257732
0.0 0.8406862745098039 0.11984536082474227 0.014705882352941176 0.01288659793814433
0.0 0.8566176470588235 0.1404639175257732 0.012254901960784314 0.01288659793814433
0.0 0.8602941176470589 0.1404639175257732 0.00980392156862745 0.01288659793814433
0.0 0.8566176470588235 0.13659793814432988 0.012254901960784314 0.010309278350515464
0.0 0.8553921568627451 0.13402061855670103 0.00980392156862745 0.010309278350515464
9.0 0.39705882352941174 0.9484536082474226 0.0196078431372549 0.015463917525773196
9.0 0.43014705882352944 0.9716494845360825 0.012254901960784314 0.010309278350515464
9.0 0.4252450980392157 0.9110824742268041 0.01715686274509804 0.01804123711340206
9.0 0.38480392156862747 0.8698453608247423 0.024509803921568627 0.028350515463917526
9.0 0.39215686274509803 0.7615979381443299 0.029411764705882353 0.04896907216494845
9.0 0.38357843137254904 0.32087628865979384 0.02696078431372549 0.059278350515463915
9.0 0.4338235294117647 0.4729381443298969 0.029411764705882353 0.06443298969072164
9.0 0.31004901960784315 0.2268041237113402 0.03676470588235294 0.05154639175257732
9.0 0.25857843137254904 0.20103092783505155 0.031862745098039214 0.041237113402061855
4.0 0.05024509803921569 0.740979381443299 0.031862745098039214 0.05412371134020619
3.0 0.023284313725490197 0.6610824742268041 0.01715686274509804 0.04896907216494845
3.0 0.031862745098039214 0.6739690721649485 0.029411764705882353 0.06443298969072164
3.0 0.041666666666666664 0.6842783505154639 0.029411764705882353 0.06443298969072164
3.0 0.05759803921568627 0.6958762886597938 0.03676470588235294 0.07731958762886598
5.0 0.6127450980392157 0.7448453608247423 0.12254901960784313 0.211340206185567
9.0 0.37254901960784315 0.07603092783505154 0.0392156862745098 0.01804123711340206
9.0 0.38480392156862747 0.04252577319587629 0.0196078431372549 0.01288659793814433
9.0 0.6764705882352942 0.1018041237113402 0.04411764705882353 0.023195876288659795
9.0 0.9375 0.26804123711340205 0.012254901960784314 0.020618556701030927
9.0 0.9473039215686274 0.26804123711340205 0.012254901960784314 0.020618556701030927
3.0 0.9497549019607843 0.25644329896907214 0.01715686274509804 0.028350515463917526
2.0 0.8125 0.12757731958762886 0.01715686274509804 0.01288659793814433
1.0 0.8161764705882353 0.12757731958762886 0.014705882352941176 0.01288659793814433
1.0 0.9375 0.2693298969072165 0.007352941176470588 0.01288659793814433
1.0 0.3762254901960784 0.07603092783505154 0.01715686274509804 0.01288659793814433
1.0 0.36642156862745096 0.07731958762886598 0.012254901960784314 0.010309278350515464
1.0 0.6764705882352942 0.09922680412371133 0.014705882352941176 0.01288659793814433
1.0 0.3860294117647059 0.041237113402061855 0.012254901960784314 0.010309278350515464
1.0 0.38235294117647056 0.31829896907216493 0.024509803921568627 0.03350515463917526
1.0 0.43504901960784315 0.47809278350515466 0.02696078431372549 0.04381443298969072
1.0 0.39215686274509803 0.7654639175257731 0.024509803921568627 0.02577319587628866
1.0 0.42769607843137253 0.913659793814433 0.012254901960784314 0.01288659793814433
1.0 0.3860294117647059 0.8762886597938144 0.01715686274509804 0.010309278350515464
1.0 0.39705882352941174 0.9497422680412371 0.014705882352941176 0.007731958762886598
0.0 0.5049019607843137 0.9716494845360825 0.00980392156862745 0.005154639175257732
1.0 0.4803921568627451 0.9497422680412371 0.00980392156862745 0.007731958762886598
9.0 0.22303921568627452 0.1095360824742268 0.024509803921568627 0.01804123711340206
1.0 0.22303921568627452 0.10695876288659793 0.014705882352941176 0.01288659793814433
1.0 0.9509803921568627 0.2706185567010309 0.004901960784313725 0.010309278350515464
9.0 0.4252450980392157 0.019329896907216496 0.022058823529411766 0.01288659793814433
1.0 0.42401960784313725 0.01804123711340206 0.0196078431372549 0.010309278350515464
