4.0 0.003676470588235294 0.43646408839779005 0.007352941176470588 0.016574585635359115
3.0 0.0024509803921568627 0.537292817679558 0.004901960784313725 0.013812154696132596
4.0 0.004901960784313725 0.5621546961325967 0.004901960784313725 0.013812154696132596
3.0 0.007352941176470588 0.6077348066298343 0.004901960784313725 0.03314917127071823
3.0 0.00857843137254902 0.606353591160221 0.007352941176470588 0.03038674033149171
4.0 0.01715686274509804 0.6215469613259669 0.00980392156862745 0.04419889502762431
3.0 0.022058823529411766 0.6284530386740331 0.00980392156862745 0.04143646408839779
3.0 0.02696078431372549 0.6353591160220995 0.00980392156862745 0.03867403314917127
5.0 0.08088235294117647 0.7651933701657458 0.04411764705882353 0.06629834254143646
5.0 0.1482843137254902 0.8383977900552486 0.0857843137254902 0.09116022099447514
9.0 0.0428921568627451 0.6657458563535912 0.007352941176470588 0.011049723756906077
9.0 0.04779411764705882 0.675414364640884 0.007352941176470588 0.019337016574585635
9.0 0.05269607843137255 0.6823204419889503 0.007352941176470588 0.011049723756906077
4.0 0.06004901960784314 0.6988950276243094 0.022058823529411766 0.04419889502762431
4.0 0.08823529411764706 0.7361878453038674 0.024509803921568627 0.04143646408839779
4.0 0.10416666666666667 0.755524861878453 0.031862745098039214 0.052486187845303865
3.0 0.07352941176470588 0.7154696132596685 0.024509803921568627 0.04419889502762431
4.0 0.12377450980392157 0.7748618784530387 0.03676470588235294 0.052486187845303865
4.0 0.14583333333333334 0.7983425414364641 0.041666666666666664 0.055248618784530384
3.0 0.25980392156862747 0.9226519337016574 0.049019607843137254 0.03314917127071823
4.0 0.2647058823529412 0.9116022099447514 0.05392156862745098 0.03867403314917127
4.0 0.2659313725490196 0.8977900552486188 0.056372549019607844 0.04419889502762431
5.0 0.5318627450980392 0.988950276243094 0.06372549019607843 0.016574585635359115
3.0 0.5600490196078431 0.9709944751381215 0.056372549019607844 0.019337016574585635
3.0 0.9007352941176471 0.787292817679558 0.02696078431372549 0.03867403314917127
3.0 0.8933823529411765 0.761049723756906 0.02696078431372549 0.04143646408839779
5.0 0.9522058823529411 0.6671270718232044 0.01715686274509804 0.03591160220994475
4.0 0.9950980392156863 0.4903314917127072 0.004901960784313725 0.019337016574585635
9.0 0.9865196078431373 0.47928176795580113 0.0024509803921568627 0.008287292817679558
1.0 0.9877450980392157 0.48066298342541436 0.0 0.0055248618784530384
4.0 0.9754901960784313 0.5428176795580111 0.00980392156862745 0.024861878453038673
4.0 0.9865196078431373 0.4088397790055249 0.007352941176470588 0.027624309392265192
9.0 0.9681372549019608 0.35359116022099446 0.004901960784313725 0.011049723756906077
1.0 0.9669117647058824 0.35359116022099446 0.0024509803921568627 0.011049723756906077
3.0 0.9803921568627451 0.42679558011049723 0.00980392156862745 0.024861878453038673
3.0 0.9730392156862745 0.4530386740331492 0.00980392156862745 0.027624309392265192
3.0 0.9166666666666666 0.44751381215469616 0.0196078431372549 0.03314917127071823
4.0 0.9436274509803921 0.36049723756906077 0.0196078431372549 0.03591160220994475
4.0 0.8296568627450981 0.7458563535911602 0.04656862745098039 0.049723756906077346
3.0 0.4730392156862745 0.680939226519337 0.10784313725490197 0.04696132596685083
3.0 0.4387254901960784 0.8342541436464088 0.08333333333333333 0.03867403314917127
3.0 0.1801470588235294 0.7154696132596685 0.04656862745098039 0.049723756906077346
3.0 0.49387254901960786 0.7569060773480663 0.08088235294117647 0.03314917127071823
3.0 0.8112745098039216 0.5953038674033149 0.05392156862745098 0.04696132596685083
4.0 0.5674019607843137 0.6146408839779005 0.1053921568627451 0.052486187845303865
5.0 0.32230392156862747 0.7527624309392266 0.18382352941176472 0.09668508287292818
5.0 0.6446078431372549 0.26243093922651933 0.08333333333333333 0.049723756906077346
4.0 0.18872549019607843 0.35497237569060774 0.05392156862745098 0.052486187845303865
8.0 0.1409313725490196 0.31353591160220995 0.09558823529411764 0.10773480662983426
4.0 0.11519607843137254 0.606353591160221 0.029411764705882353 0.03591160220994475
3.0 0.07720588235294118 0.606353591160221 0.012254901960784314 0.024861878453038673
3.0 0.029411764705882353 0.5538674033149171 0.00980392156862745 0.019337016574585635
4.0 0.05269607843137255 0.5704419889502762 0.01715686274509804 0.03038674033149171
8.0 0.06985294117647059 0.6353591160220995 0.051470588235294115 0.07734806629834254
3.0 0.01838235294117647 0.5732044198895028 0.007352941176470588 0.019337016574585635
4.0 0.04779411764705882 0.4281767955801105 0.012254901960784314 0.027624309392265192
