3.0 0.0880281690140845 0.20897435897435898 0.03051643192488263 0.04871794871794872
3.0 0.03403755868544601 0.30128205128205127 0.01643192488262911 0.04358974358974359
3.0 0.09624413145539906 0.27692307692307694 0.03755868544600939 0.08205128205128205
4.0 0.03873239436619718 0.4 0.02112676056338028 0.07179487179487179
2.0 0.33568075117370894 0.07051282051282051 0.018779342723004695 0.01282051282051282
6.0 0.3145539906103286 0.0782051282051282 0.023474178403755867 0.017948717948717947
6.0 0.25 0.12179487179487179 0.04460093896713615 0.03333333333333333
3.0 0.4495305164319249 0.3717948717948718 0.19953051643192488 0.18974358974358974
3.0 0.3086854460093897 0.6717948717948717 0.13380281690140844 0.2205128205128205
3.0 0.4119718309859155 0.7923076923076923 0.1572769953051643 0.15384615384615385
3.0 0.6960093896713615 0.8897435897435897 0.11971830985915492 0.07692307692307693
4.0 0.7488262910798122 0.9282051282051282 0.056338028169014086 0.041025641025641026
3.0 0.9741784037558685 0.4551282051282051 0.014084507042253521 0.07948717948717948
3.0 0.9636150234741784 0.2923076923076923 0.011737089201877934 0.03076923076923077
