9.0 0.11764705882352941 0.2513812154696133 0.00980392156862745 0.011049723756906077
1.0 0.12009803921568628 0.25 0.004901960784313725 0.008287292817679558
4.0 0.3284313725490196 0.14502762430939226 0.06372549019607843 0.03591160220994475
4.0 0.36151960784313725 0.18232044198895028 0.07107843137254902 0.03314917127071823
3.0 0.4791666666666667 0.17955801104972377 0.056372549019607844 0.022099447513812154
3.0 0.39705882352941174 0.20718232044198895 0.0784313725490196 0.027624309392265192
3.0 0.29044117647058826 0.23066298342541436 0.061274509803921566 0.04143646408839779
0.0 0.14950980392156862 0.6367403314917127 0.004901960784313725 0.008287292817679558
3.0 0.01715686274509804 0.6546961325966851 0.00980392156862745 0.022099447513812154
3.0 0.05024509803921569 0.7030386740331491 0.012254901960784314 0.019337016574585635
3.0 0.03676470588235294 0.664364640883978 0.014705882352941176 0.024861878453038673
3.0 0.13725490196078433 0.7983425414364641 0.024509803921568627 0.027624309392265192
3.0 0.25735294117647056 0.8867403314917127 0.0392156862745098 0.027624309392265192
3.0 0.3737745098039216 0.9116022099447514 0.056372549019607844 0.027624309392265192
5.0 0.10416666666666667 0.7803867403314917 0.04656862745098039 0.058011049723756904
4.0 0.16053921568627452 0.7983425414364641 0.03676470588235294 0.03867403314917127
4.0 0.27818627450980393 0.9116022099447514 0.04656862745098039 0.03314917127071823
0.0 0.2193627450980392 0.9185082872928176 0.007352941176470588 0.008287292817679558
0.0 0.2708333333333333 0.9378453038674033 0.0024509803921568627 0.0027624309392265192
0.0 0.26838235294117646 0.9350828729281768 0.007352941176470588 0.0027624309392265192
0.0 0.27450980392156865 0.93646408839779 0.004901960784313725 0.0055248618784530384
0.0 0.2610294117647059 0.9281767955801105 0.007352941176470588 0.0055248618784530384
5.0 0.6446078431372549 0.11464088397790055 0.10784313725490197 0.058011049723756904
8.0 0.7475490196078431 0.20994475138121546 0.07352941176470588 0.055248618784530384
4.0 0.7340686274509803 0.27071823204419887 0.061274509803921566 0.049723756906077346
4.0 0.6311274509803921 0.23342541436464087 0.0661764705882353 0.03038674033149171
5.0 0.6102941176470589 0.19337016574585636 0.12745098039215685 0.06077348066298342
3.0 0.6605392156862745 0.1712707182320442 0.061274509803921566 0.03867403314917127
3.0 0.7242647058823529 0.23342541436464087 0.061274509803921566 0.04696132596685083
3.0 0.5134803921568627 0.21685082872928177 0.08088235294117647 0.03038674033149171
4.0 0.5906862745098039 0.9834254143646409 0.03431372549019608 0.016574585635359115
8.0 0.7071078431372549 0.9350828729281768 0.056372549019607844 0.04696132596685083
4.0 0.7230392156862745 0.8922651933701657 0.0392156862745098 0.03867403314917127
5.0 0.8259803921568627 0.7928176795580111 0.058823529411764705 0.08287292817679558
3.0 0.8051470588235294 0.888121546961326 0.031862745098039214 0.024861878453038673
3.0 0.875 0.8439226519337016 0.024509803921568627 0.03038674033149171
3.0 0.7536764705882353 0.925414364640884 0.02696078431372549 0.022099447513812154
3.0 0.8223039215686274 0.8895027624309392 0.031862745098039214 0.027624309392265192
3.0 0.9044117647058824 0.2527624309392265 0.0196078431372549 0.03591160220994475
3.0 0.9227941176470589 0.24585635359116023 0.01715686274509804 0.03314917127071823
4.0 0.9325980392156863 0.26243093922651933 0.01715686274509804 0.03314917127071823
4.0 0.9362745098039216 0.2969613259668508 0.0196078431372549 0.04696132596685083
4.0 0.9301470588235294 0.23895027624309392 0.01715686274509804 0.03591160220994475
4.0 0.9080882352941176 0.212707182320442 0.022058823529411766 0.03867403314917127
8.0 0.9264705882352942 0.27486187845303867 0.029411764705882353 0.06353591160220995
8.0 0.9178921568627451 0.21823204419889503 0.02696078431372549 0.049723756906077346
5.0 0.9154411764705882 0.18922651933701656 0.012254901960784314 0.019337016574585635
