3.0 0.19975490196078433 0.22099447513812154 0.061274509803921566 0.06077348066298342
3.0 0.22058823529411764 0.6077348066298343 0.06372549019607843 0.13259668508287292
3.0 0.26838235294117646 0.7569060773480663 0.08088235294117647 0.12154696132596685
3.0 0.34068627450980393 0.8977900552486188 0.09803921568627451 0.09392265193370165
3.0 0.3333333333333333 0.6892265193370166 0.08823529411764706 0.1408839779005525
3.0 0.5612745098039216 0.1270718232044199 0.11274509803921569 0.03867403314917127
4.0 0.3897058823529412 0.029005524861878452 0.0392156862745098 0.024861878453038673
0.0 0.09681372549019608 0.7997237569060773 0.012254901960784314 0.019337016574585635
0.0 0.08700980392156862 0.8080110497237569 0.012254901960784314 0.019337016574585635
0.0 0.11274509803921569 0.7113259668508287 0.014705882352941176 0.03038674033149171
0.0 0.10049019607843138 0.5 0.004901960784313725 0.03314917127071823
0.0 0.10294117647058823 0.48756906077348067 0.004901960784313725 0.03591160220994475
0.0 0.13112745098039216 0.31215469613259667 0.012254901960784314 0.027624309392265192
0.0 0.11151960784313726 0.3301104972375691 0.012254901960784314 0.03038674033149171
0.0 0.0428921568627451 0.3370165745856354 0.0024509803921568627 0.016574585635359115
0.0 0.32965686274509803 0.10082872928176796 0.01715686274509804 0.019337016574585635
0.0 0.22916666666666666 0.08287292817679558 0.012254901960784314 0.011049723756906077
0.0 0.38848039215686275 0.05662983425414365 0.012254901960784314 0.013812154696132596
0.0 0.5379901960784313 0.04419889502762431 0.012254901960784314 0.011049723756906077
0.0 0.04411764705882353 0.3314917127071823 0.004901960784313725 0.016574585635359115
0.0 0.10294117647058823 0.2638121546961326 0.00980392156862745 0.019337016574585635
0.0 0.1053921568627451 0.3342541436464088 0.00980392156862745 0.027624309392265192
0.0 0.6397058823529411 0.09668508287292818 0.014705882352941176 0.016574585635359115
0.0 0.8382352941176471 0.19751381215469613 0.00980392156862745 0.019337016574585635
0.0 0.8394607843137255 0.19751381215469613 0.012254901960784314 0.019337016574585635
4.0 0.8566176470588235 0.24171270718232044 0.051470588235294115 0.058011049723756904
0.0 0.8921568627450981 0.7541436464088398 0.014705882352941176 0.027624309392265192
0.0 0.8737745098039216 0.8411602209944752 0.01715686274509804 0.024861878453038673
0.0 0.9044117647058824 0.7458563535911602 0.014705882352941176 0.03314917127071823
0.0 0.8970588235294118 0.75 0.00980392156862745 0.019337016574585635
3.0 0.4950980392156863 0.988950276243094 0.05392156862745098 0.016574585635359115
3.0 0.3872549019607843 0.9696132596685083 0.06862745098039216 0.04419889502762431
0.0 0.11151960784313726 0.7071823204419889 0.007352941176470588 0.016574585635359115
