3.0 0.19975490196078433 0.8439226519337016 0.061274509803921566 0.08011049723756906
3.0 0.15931372549019607 0.8093922651933702 0.058823529411764705 0.08839779005524862
3.0 0.20710784313725492 0.4986187845303867 0.03676470588235294 0.10220994475138122
3.0 0.13725490196078433 0.42265193370165743 0.029411764705882353 0.08287292817679558
3.0 0.5257352941176471 0.32734806629834257 0.061274509803921566 0.10773480662983426
4.0 0.36887254901960786 0.19751381215469613 0.061274509803921566 0.08011049723756906
3.0 0.44730392156862747 0.11464088397790055 0.04656862745098039 0.04696132596685083
3.0 0.3125 0.13259668508287292 0.04656862745098039 0.04419889502762431
3.0 0.22303921568627452 0.17541436464088397 0.0392156862745098 0.04696132596685083
3.0 0.43014705882352944 0.034530386740331494 0.031862745098039214 0.019337016574585635
3.0 0.32230392156862747 0.03867403314917127 0.02696078431372549 0.016574585635359115
3.0 0.35294117647058826 0.03314917127071823 0.029411764705882353 0.016574585635359115
4.0 0.39338235294117646 0.013812154696132596 0.02696078431372549 0.016574585635359115
5.0 0.32107843137254904 0.0649171270718232 0.06372549019607843 0.052486187845303865
5.0 0.0661764705882353 0.31353591160220995 0.029411764705882353 0.06906077348066299
5.0 0.03799019607843137 0.7223756906077348 0.03676470588235294 0.09116022099447514
5.0 0.15073529411764705 0.1505524861878453 0.04656862745098039 0.058011049723756904
5.0 0.08700980392156862 0.22375690607734808 0.031862745098039214 0.04419889502762431
5.0 0.07352941176470588 0.25 0.029411764705882353 0.04696132596685083
3.0 0.09558823529411764 0.22790055248618785 0.014705882352941176 0.024861878453038673
3.0 0.08455882352941177 0.2430939226519337 0.022058823529411766 0.03314917127071823
0.0 0.7156862745098039 0.05939226519337017 0.00980392156862745 0.008287292817679558
0.0 0.7181372549019608 0.07596685082872928 0.014705882352941176 0.013812154696132596
0.0 0.6825980392156863 0.06767955801104972 0.007352941176470588 0.008287292817679558
0.0 0.6727941176470589 0.062154696132596686 0.012254901960784314 0.008287292817679558
0.0 0.6041666666666666 0.016574585635359115 0.012254901960784314 0.0055248618784530384
0.0 0.5906862745098039 0.009668508287292817 0.00980392156862745 0.008287292817679558
0.0 0.6225490196078431 0.12016574585635359 0.014705882352941176 0.013812154696132596
0.0 0.6102941176470589 0.12845303867403315 0.00980392156862745 0.013812154696132596
0.0 0.6544117647058824 0.15883977900552487 0.0196078431372549 0.019337016574585635
0.0 0.7732843137254902 0.143646408839779 0.012254901960784314 0.016574585635359115
0.0 0.8125 0.35773480662983426 0.012254901960784314 0.024861878453038673
0.0 0.9044117647058824 0.44751381215469616 0.004901960784313725 0.027624309392265192
0.0 0.8504901960784313 0.425414364640884 0.00980392156862745 0.027624309392265192
0.0 0.8259803921568627 0.4599447513812155 0.00980392156862745 0.024861878453038673
0.0 0.8088235294117647 0.38950276243093923 0.00980392156862745 0.03314917127071823
0.0 0.8100490196078431 0.43646408839779005 0.012254901960784314 0.03314917127071823
0.0 0.8137254901960784 0.4723756906077348 0.004901960784313725 0.027624309392265192
0.0 0.8198529411764706 0.5248618784530387 0.007352941176470588 0.03867403314917127
0.0 0.8198529411764706 0.5870165745856354 0.012254901960784314 0.03591160220994475
0.0 0.8553921568627451 0.6201657458563536 0.00980392156862745 0.024861878453038673
0.0 0.8186274509803921 0.6837016574585635 0.00980392156862745 0.019337016574585635
0.0 0.7377450980392157 0.7196132596685083 0.0196078431372549 0.04143646408839779
0.0 0.9080882352941176 0.6919889502762431 0.012254901960784314 0.03038674033149171
0.0 0.9019607843137255 0.5483425414364641 0.004901960784313725 0.024861878453038673
0.0 0.8860294117647058 0.7969613259668509 0.012254901960784314 0.019337016574585635
0.0 0.8504901960784313 0.8342541436464088 0.00980392156862745 0.016574585635359115
0.0 0.8443627450980392 0.8370165745856354 0.012254901960784314 0.016574585635359115
0.0 0.7659313725490197 0.9129834254143646 0.01715686274509804 0.019337016574585635
0.0 0.7561274509803921 0.9060773480662984 0.01715686274509804 0.016574585635359115
3.0 0.19730392156862744 0.09392265193370165 0.022058823529411766 0.022099447513812154
0.0 0.7781862745098039 0.9033149171270718 0.012254901960784314 0.011049723756906077
0.0 0.7046568627450981 0.7099447513812155 0.022058823529411766 0.03314917127071823
0.0 0.7242647058823529 0.7002762430939227 0.012254901960784314 0.03038674033149171
0.0 0.7205882352941176 0.7279005524861878 0.0196078431372549 0.03038674033149171
0.0 0.8125 0.7058011049723757 0.012254901960784314 0.024861878453038673
0.0 0.8333333333333334 0.6740331491712708 0.014705882352941176 0.03314917127071823
0.0 0.8480392156862745 0.643646408839779 0.00980392156862745 0.022099447513812154
0.0 0.8382352941176471 0.6367403314917127 0.00980392156862745 0.019337016574585635
0.0 0.821078431372549 0.6422651933701657 0.00980392156862745 0.019337016574585635
0.0 0.8492647058823529 0.6160220994475138 0.007352941176470588 0.022099447513812154
0.0 0.7254901960784313 0.6270718232044199 0.014705882352941176 0.027624309392265192
0.0 0.7107843137254902 0.6270718232044199 0.014705882352941176 0.03314917127071823
0.0 0.8884803921568627 0.569060773480663 0.007352941176470588 0.027624309392265192
0.0 0.6433823529411765 0.15331491712707182 0.01715686274509804 0.019337016574585635
0.0 0.6311274509803921 0.13950276243093923 0.01715686274509804 0.019337016574585635
0.0 0.6188725490196079 0.022099447513812154 0.007352941176470588 0.0055248618784530384
0.0 0.6629901960784313 0.04419889502762431 0.01715686274509804 0.011049723756906077
0.0 0.8247549019607843 0.5345303867403315 0.007352941176470588 0.013812154696132596
