3.0 0.3274647887323944 0.9294871794871795 0.04929577464788732 0.023076923076923078
3.0 0.45892018779342725 0.9282051282051282 0.04929577464788732 0.010256410256410256
4.0 0.48708920187793425 0.9243589743589744 0.04460093896713615 0.01282051282051282
3.0 0.2711267605633803 0.9179487179487179 0.03990610328638498 0.02564102564102564
3.0 0.25938967136150237 0.9141025641025641 0.035211267605633804 0.023076923076923078
3.0 0.25 0.9115384615384615 0.035211267605633804 0.023076923076923078
3.0 0.23943661971830985 0.9102564102564102 0.03286384976525822 0.02564102564102564
3.0 0.3415492957746479 0.9282051282051282 0.04460093896713615 0.020512820512820513
3.0 0.5117370892018779 0.9166666666666666 0.051643192488262914 0.01282051282051282
3.0 0.562206572769953 0.9064102564102564 0.04460093896713615 0.01282051282051282
3.0 0.5387323943661971 0.9128205128205128 0.035211267605633804 0.010256410256410256
3.0 0.5809859154929577 0.8974358974358975 0.03990610328638498 0.015384615384615385
3.0 0.8967136150234741 0.7666666666666667 0.014084507042253521 0.020512820512820513
3.0 0.9330985915492958 0.6858974358974359 0.007042253521126761 0.01282051282051282
3.0 0.7359154929577465 0.7807692307692308 0.025821596244131457 0.017948717948717947
3.0 0.7464788732394366 0.7705128205128206 0.028169014084507043 0.023076923076923078
3.0 0.7570422535211268 0.7628205128205128 0.02112676056338028 0.017948717948717947
3.0 0.7652582159624414 0.7525641025641026 0.023474178403755867 0.017948717948717947
3.0 0.7793427230046949 0.7410256410256411 0.023474178403755867 0.020512820512820513
3.0 0.892018779342723 0.6371794871794871 0.004694835680751174 0.01282051282051282
4.0 0.8814553990610329 0.6423076923076924 0.007042253521126761 0.01282051282051282
3.0 0.09624413145539906 0.7974358974358975 0.023474178403755867 0.03076923076923077
3.0 0.11267605633802817 0.8307692307692308 0.018779342723004695 0.02564102564102564
5.0 0.11854460093896714 0.8358974358974359 0.02112676056338028 0.02564102564102564
