0.0 0.13848039215686275 0.8505154639175257 0.02696078431372549 0.03608247422680412
4.0 0.20833333333333334 0.8814432989690721 0.06372549019607843 0.061855670103092786
5.0 0.2622549019607843 0.8930412371134021 0.10294117647058823 0.09020618556701031
5.0 0.15318627450980393 0.7164948453608248 0.041666666666666664 0.061855670103092786
3.0 0.10661764705882353 0.7048969072164949 0.02696078431372549 0.04381443298969072
4.0 0.07965686274509803 0.7938144329896907 0.056372549019607844 0.08762886597938144
3.0 0.05759803921568627 0.7255154639175257 0.031862745098039214 0.059278350515463915
3.0 0.0661764705882353 0.6881443298969072 0.0196078431372549 0.041237113402061855
5.0 0.04411764705882353 0.6507731958762887 0.0392156862745098 0.11082474226804123
3.0 0.049019607843137254 0.6095360824742269 0.00980392156862745 0.023195876288659795
3.0 0.04411764705882353 0.5811855670103093 0.004901960784313725 0.023195876288659795
3.0 0.07230392156862746 0.5927835051546392 0.007352941176470588 0.020618556701030927
3.0 0.07965686274509803 0.5798969072164949 0.007352941176470588 0.015463917525773196
3.0 0.08946078431372549 0.5773195876288659 0.007352941176470588 0.015463917525773196
3.0 0.06985294117647059 0.5747422680412371 0.007352941176470588 0.015463917525773196
3.0 0.06740196078431372 0.5579896907216495 0.007352941176470588 0.01288659793814433
3.0 0.0661764705882353 0.5412371134020618 0.004901960784313725 0.010309278350515464
3.0 0.0625 0.5244845360824743 0.0024509803921568627 0.007731958762886598
3.0 0.07107843137254902 0.5283505154639175 0.004901960784313725 0.010309278350515464
3.0 0.0661764705882353 0.5038659793814433 0.004901960784313725 0.007731958762886598
3.0 0.05269607843137255 0.49871134020618557 0.0024509803921568627 0.007731958762886598
3.0 0.06495098039215687 0.4948453608247423 0.0024509803921568627 0.005154639175257732
3.0 0.06495098039215687 0.48711340206185566 0.0024509803921568627 0.005154639175257732
3.0 0.061274509803921566 0.4845360824742268 0.0 0.005154639175257732
3.0 0.06372549019607843 0.47809278350515466 0.0 0.002577319587628866
3.0 0.06004901960784314 0.4729381443298969 0.0024509803921568627 0.002577319587628866
3.0 0.05392156862745098 0.4845360824742268 0.0 0.005154639175257732
3.0 0.05392156862745098 0.4793814432989691 0.0 0.005154639175257732
3.0 0.05269607843137255 0.4793814432989691 0.0024509803921568627 0.005154639175257732
3.0 0.051470588235294115 0.4845360824742268 0.0 0.005154639175257732
3.0 0.049019607843137254 0.48711340206185566 0.0 0.005154639175257732
3.0 0.05024509803921569 0.4793814432989691 0.0024509803921568627 0.005154639175257732
5.0 0.0625 0.4639175257731959 0.0024509803921568627 0.010309278350515464
3.0 0.061274509803921566 0.46262886597938147 0.0 0.002577319587628866
3.0 0.06004901960784314 0.46262886597938147 0.0024509803921568627 0.002577319587628866
