5.0 0.6200980392156863 0.8105670103092784 0.06372549019607843 0.11082474226804123
5.0 0.16911764705882354 0.759020618556701 0.0392156862745098 0.059278350515463915
8.0 0.6029411764705882 0.09922680412371133 0.04411764705882353 0.04896907216494845
3.0 0.633578431372549 0.03479381443298969 0.01715686274509804 0.01288659793814433
3.0 0.6666666666666666 0.08505154639175258 0.024509803921568627 0.020618556701030927
4.0 0.7928921568627451 0.7319587628865979 0.041666666666666664 0.03608247422680412
4.0 0.7316176470588235 0.7783505154639175 0.04656862745098039 0.03608247422680412
3.0 0.7267156862745098 0.6945876288659794 0.041666666666666664 0.059278350515463915
3.0 0.7401960784313726 0.5889175257731959 0.058823529411764705 0.03350515463917526
3.0 0.6813725490196079 0.8827319587628866 0.029411764705882353 0.028350515463917526
3.0 0.6666666666666666 0.9085051546391752 0.024509803921568627 0.023195876288659795
4.0 0.6605392156862745 0.8930412371134021 0.022058823529411766 0.023195876288659795
4.0 0.6274509803921569 0.9471649484536082 0.029411764705882353 0.01288659793814433
4.0 0.7512254901960784 0.9149484536082474 0.031862745098039214 0.020618556701030927
3.0 0.7830882352941176 0.8595360824742269 0.02696078431372549 0.028350515463917526
3.0 0.6593137254901961 0.9639175257731959 0.029411764705882353 0.015463917525773196
3.0 0.6262254901960784 0.9755154639175257 0.02696078431372549 0.01288659793814433
3.0 0.6715686274509803 0.9523195876288659 0.029411764705882353 0.01288659793814433
3.0 0.6482843137254902 0.9768041237113402 0.02696078431372549 0.010309278350515464
5.0 0.6041666666666666 0.9806701030927835 0.031862745098039214 0.01804123711340206
3.0 0.7990196078431373 0.8904639175257731 0.024509803921568627 0.01804123711340206
3.0 0.8247549019607843 0.8286082474226805 0.02696078431372549 0.023195876288659795
8.0 0.47671568627450983 0.9948453608247423 0.01715686274509804 0.005154639175257732
3.0 0.8762254901960784 0.6365979381443299 0.022058823529411766 0.030927835051546393
4.0 0.8848039215686274 0.5966494845360825 0.0196078431372549 0.028350515463917526
9.0 0.8700980392156863 0.615979381443299 0.00980392156862745 0.015463917525773196
9.0 0.7022058823529411 0.211340206185567 0.012254901960784314 0.020618556701030927
6.0 0.7022058823529411 0.3402061855670103 0.022058823529411766 0.05154639175257732
3.0 0.8443627450980392 0.25 0.031862745098039214 0.03608247422680412
3.0 0.883578431372549 0.2925257731958763 0.022058823529411766 0.028350515463917526
0.0 0.6286764705882353 0.10695876288659793 0.007352941176470588 0.007731958762886598
0.0 0.6372549019607843 0.11082474226804123 0.004901960784313725 0.005154639175257732
3.0 0.12990196078431374 0.6597938144329897 0.0196078431372549 0.05154639175257732
3.0 0.19117647058823528 0.8067010309278351 0.024509803921568627 0.03608247422680412
0.0 0.3247549019607843 0.08505154639175258 0.007352941176470588 0.005154639175257732
0.0 0.3321078431372549 0.07989690721649484 0.007352941176470588 0.005154639175257732
0.0 0.4411764705882353 0.029639175257731958 0.004901960784313725 0.002577319587628866
0.0 0.4571078431372549 0.01675257731958763 0.0024509803921568627 0.002577319587628866
0.0 0.4644607843137255 0.006443298969072165 0.0024509803921568627 0.002577319587628866
0.0 0.47181372549019607 0.006443298969072165 0.0024509803921568627 0.002577319587628866
3.0 0.9546568627450981 0.5128865979381443 0.007352941176470588 0.03608247422680412
3.0 0.9534313725490197 0.3595360824742268 0.00980392156862745 0.01804123711340206
