3.0 0.6887254901960784 0.09944751381215469 0.17647058823529413 0.11602209944751381
0.0 0.8296568627450981 0.6740331491712708 0.031862745098039214 0.06077348066298342
0.0 0.08946078431372549 0.6077348066298343 0.01715686274509804 0.03314917127071823
0.0 0.08946078431372549 0.643646408839779 0.01715686274509804 0.027624309392265192
0.0 0.09558823529411764 0.6767955801104972 0.0196078431372549 0.03314917127071823
0.0 0.6813725490196079 0.324585635359116 0.05392156862745098 0.08011049723756906
0.0 0.633578431372549 0.27348066298342544 0.03676470588235294 0.06077348066298342
0.0 0.6078431372549019 0.27209944751381215 0.049019607843137254 0.07458563535911603
0.0 0.36151960784313725 0.9475138121546961 0.041666666666666664 0.022099447513812154
0.0 0.5698529411764706 0.9903314917127072 0.02696078431372549 0.008287292817679558
