5.0 0.051470588235294115 0.7099447513812155 0.08333333333333333 0.16574585635359115
5.0 0.031862745098039214 0.6616022099447514 0.049019607843137254 0.10773480662983426
5.0 0.020833333333333332 0.6256906077348067 0.03676470588235294 0.09668508287292818
5.0 0.015931372549019607 0.5883977900552486 0.031862745098039214 0.08839779005524862
8.0 0.011029411764705883 0.5566298342541437 0.022058823529411766 0.06906077348066299
8.0 0.11029411764705882 0.292817679558011 0.10784313725490197 0.2154696132596685
8.0 0.14215686274509803 0.255524861878453 0.12745098039215685 0.20718232044198895
8.0 0.26838235294117646 0.14917127071823205 0.18872549019607843 0.18232044198895028
8.0 0.31862745098039214 0.11878453038674033 0.19607843137254902 0.16022099447513813
8.0 0.5367647058823529 0.04558011049723757 0.17647058823529413 0.06906077348066299
4.0 0.06740196078431372 0.4585635359116022 0.031862745098039214 0.12154696132596685
4.0 0.5159313725490197 0.9530386740331491 0.12990196078431374 0.06077348066298342
4.0 0.47671568627450983 0.9709944751381215 0.11519607843137254 0.052486187845303865
4.0 0.41421568627450983 0.9737569060773481 0.10784313725490197 0.04696132596685083
4.0 0.5796568627450981 0.9337016574585635 0.14460784313725492 0.08287292817679558
4.0 0.6997549019607843 0.8632596685082873 0.12009803921568628 0.1132596685082873
4.0 0.8566176470588235 0.7044198895027625 0.07598039215686274 0.1270718232044199
4.0 0.8786764705882353 0.6588397790055248 0.07107843137254902 0.1408839779005525
4.0 0.5490196078431373 0.4986187845303867 0.16666666666666666 0.212707182320442
4.0 0.6262254901960784 0.4654696132596685 0.15441176470588236 0.19613259668508287
4.0 0.6727941176470589 0.4143646408839779 0.14460784313725492 0.20441988950276244
4.0 0.7230392156862745 0.3812154696132597 0.12254901960784313 0.1712707182320442
4.0 0.7647058823529411 0.35359116022099446 0.11274509803921569 0.17679558011049723
3.0 0.24387254901960784 0.5165745856353591 0.09558823529411764 0.15469613259668508
3.0 0.2757352941176471 0.6657458563535912 0.12990196078431374 0.19337016574585636
3.0 0.16789215686274508 0.5925414364640884 0.0661764705882353 0.1298342541436464
3.0 0.11519607843137254 0.6450276243093923 0.05392156862745098 0.1132596685082873
3.0 0.17524509803921567 0.7486187845303868 0.10049019607843138 0.15469613259668508
3.0 0.4840686274509804 0.8839779005524862 0.13970588235294118 0.07734806629834254
3.0 0.32598039215686275 0.9171270718232044 0.12254901960784313 0.09392265193370165
3.0 0.07107843137254902 0.7486187845303868 0.058823529411764705 0.10497237569060773
3.0 0.4485294117647059 0.15193370165745856 0.1323529411764706 0.08839779005524862
3.0 0.6593137254901961 0.08287292817679558 0.08333333333333333 0.055248618784530384
3.0 0.11274509803921569 0.7886740331491713 0.07352941176470588 0.10773480662983426
3.0 0.13602941176470587 0.8287292817679558 0.08088235294117647 0.09944751381215469
3.0 0.09313725490196079 0.8121546961325967 0.05392156862745098 0.0718232044198895
3.0 0.12745098039215685 0.8494475138121547 0.05392156862745098 0.058011049723756904
3.0 0.9080882352941176 0.755524861878453 0.056372549019607844 0.09668508287292818
3.0 0.8651960784313726 0.8204419889502762 0.0784313725490196 0.10497237569060773
3.0 0.8357843137254902 0.850828729281768 0.09313725490196079 0.11049723756906077
3.0 0.803921568627451 0.8853591160220995 0.09803921568627451 0.09668508287292818
3.0 0.7732843137254902 0.9129834254143646 0.08088235294117647 0.06353591160220995
3.0 0.8553921568627451 0.8604972375690608 0.04411764705882353 0.04696132596685083
3.0 0.8799019607843137 0.8342541436464088 0.058823529411764705 0.0718232044198895
5.0 0.758578431372549 0.15607734806629833 0.13970588235294118 0.13535911602209943
5.0 0.8860294117647058 0.2803867403314917 0.07598039215686274 0.1408839779005525
3.0 0.9840686274509803 0.580110497237569 0.01715686274509804 0.0718232044198895
4.0 0.9742647058823529 0.5207182320441989 0.01715686274509804 0.08011049723756906
4.0 0.9607843137254902 0.5207182320441989 0.024509803921568627 0.0856353591160221
5.0 0.4105392156862745 0.016574585635359115 0.09068627450980392 0.03314917127071823
5.0 0.4730392156862745 0.012430939226519336 0.10294117647058823 0.024861878453038673
0.0 0.9534313725490197 0.44751381215469616 0.00980392156862745 0.03314917127071823
5.0 0.00857843137254902 0.511049723756906 0.01715686274509804 0.09392265193370165
5.0 0.006127450980392157 0.48342541436464087 0.012254901960784314 0.08839779005524862
5.0 0.012254901960784314 0.43646408839779005 0.024509803921568627 0.09944751381215469
