3.0 0.7941176470588235 0.6713917525773195 0.14705882352941177 0.17268041237113402
3.0 0.8737745098039216 0.7577319587628866 0.1053921568627451 0.13917525773195877
3.0 0.9779411764705882 0.604381443298969 0.024509803921568627 0.07474226804123711
3.0 0.9620098039215687 0.5103092783505154 0.01715686274509804 0.07731958762886598
3.0 0.9044117647058824 0.47036082474226804 0.0392156862745098 0.07989690721649484
3.0 0.11029411764705882 0.4677835051546392 0.029411764705882353 0.07989690721649484
3.0 0.06740196078431372 0.3788659793814433 0.02696078431372549 0.05154639175257732
3.0 0.028186274509803922 0.4948453608247423 0.01715686274509804 0.061855670103092786
3.0 0.6384803921568627 0.20489690721649484 0.056372549019607844 0.05412371134020619
3.0 0.7120098039215687 0.23067010309278352 0.051470588235294115 0.059278350515463915
3.0 0.7622549019607843 0.24484536082474226 0.05392156862745098 0.061855670103092786
3.0 0.41544117647058826 0.19845360824742267 0.07107843137254902 0.05154639175257732
3.0 0.27941176470588236 0.2036082474226804 0.0392156862745098 0.04639175257731959
3.0 0.8112745098039216 0.26804123711340205 0.049019607843137254 0.061855670103092786
3.0 0.5036764705882353 0.19329896907216496 0.056372549019607844 0.05670103092783505
3.0 0.05024509803921569 0.3402061855670103 0.01715686274509804 0.03608247422680412
3.0 0.058823529411764705 0.3582474226804124 0.0196078431372549 0.041237113402061855
3.0 0.04656862745098039 0.31829896907216493 0.014705882352941176 0.028350515463917526
3.0 0.04044117647058824 0.3079896907216495 0.012254901960784314 0.023195876288659795
4.0 0.022058823529411766 0.4484536082474227 0.014705882352941176 0.061855670103092786
3.0 0.015931372549019607 0.43041237113402064 0.012254901960784314 0.041237113402061855
3.0 0.01838235294117647 0.4020618556701031 0.012254901960784314 0.041237113402061855
3.0 0.00980392156862745 0.3956185567010309 0.00980392156862745 0.03865979381443299
3.0 0.05024509803921569 0.3286082474226804 0.01715686274509804 0.03350515463917526
3.0 0.04534313725490196 0.30927835051546393 0.012254901960784314 0.02577319587628866
3.0 0.12867647058823528 0.375 0.056372549019607844 0.07474226804123711
3.0 0.1053921568627451 0.35180412371134023 0.0392156862745098 0.059278350515463915
3.0 0.36764705882352944 0.34149484536082475 0.18627450980392157 0.11597938144329897
3.0 0.29044117647058826 0.327319587628866 0.13970588235294118 0.10309278350515463
3.0 0.27328431372549017 0.30412371134020616 0.12990196078431374 0.10309278350515463
3.0 0.22916666666666666 0.28994845360824745 0.1053921568627451 0.08505154639175258
3.0 0.18627450980392157 0.27963917525773196 0.08333333333333333 0.07989690721649484
3.0 0.1556372549019608 0.2667525773195876 0.061274509803921566 0.06958762886597938
3.0 0.07107843137254902 0.31056701030927836 0.029411764705882353 0.04381443298969072
3.0 0.8578431372549019 0.3788659793814433 0.06862745098039216 0.07216494845360824
3.0 0.8995098039215687 0.37371134020618557 0.0392156862745098 0.061855670103092786
3.0 0.9338235294117647 0.3556701030927835 0.024509803921568627 0.04639175257731959
3.0 0.9411764705882353 0.3440721649484536 0.0196078431372549 0.03865979381443299
3.0 0.9522058823529411 0.3389175257731959 0.01715686274509804 0.03350515463917526
3.0 0.9571078431372549 0.33762886597938147 0.01715686274509804 0.03608247422680412
3.0 0.9607843137254902 0.3337628865979381 0.014705882352941176 0.03350515463917526
3.0 0.9632352941176471 0.43170103092783507 0.0196078431372549 0.04896907216494845
3.0 0.9571078431372549 0.39948453608247425 0.01715686274509804 0.041237113402061855
3.0 0.9889705882352942 0.422680412371134 0.012254901960784314 0.03608247422680412
5.0 0.9767156862745098 0.4329896907216495 0.02696078431372549 0.09278350515463918
8.0 0.9803921568627451 0.36855670103092786 0.0196078431372549 0.061855670103092786
0.0 0.7830882352941176 0.3646907216494845 0.031862745098039214 0.06443298969072164
0.0 0.33578431372549017 0.23711340206185566 0.029411764705882353 0.041237113402061855
0.0 0.3088235294117647 0.23969072164948454 0.024509803921568627 0.041237113402061855
0.0 0.09436274509803921 0.6778350515463918 0.02696078431372549 0.061855670103092786
1.0 0.061274509803921566 0.625 0.014705882352941176 0.04381443298969072
9.0 0.0661764705882353 0.6391752577319587 0.024509803921568627 0.061855670103092786
3.0 0.33088235294117646 0.20618556701030927 0.058823529411764705 0.05154639175257732
3.0 0.03799019607843137 0.28994845360824745 0.007352941176470588 0.01804123711340206
3.0 0.03553921568627451 0.28994845360824745 0.007352941176470588 0.01288659793814433
3.0 0.03676470588235294 0.2822164948453608 0.004901960784313725 0.01288659793814433
3.0 0.04044117647058824 0.2770618556701031 0.007352941176470588 0.01288659793814433
3.0 0.041666666666666664 0.2770618556701031 0.00980392156862745 0.01288659793814433
3.0 0.04411764705882353 0.2770618556701031 0.00980392156862745 0.01804123711340206
3.0 0.04534313725490196 0.27835051546391754 0.012254901960784314 0.020618556701030927
3.0 0.04534313725490196 0.2809278350515464 0.012254901960784314 0.020618556701030927
3.0 0.04779411764705882 0.28350515463917525 0.012254901960784314 0.020618556701030927
3.0 0.04779411764705882 0.28350515463917525 0.012254901960784314 0.020618556701030927
3.0 0.05024509803921569 0.2860824742268041 0.012254901960784314 0.020618556701030927
3.0 0.041666666666666664 0.3002577319587629 0.00980392156862745 0.01804123711340206
3.0 0.07965686274509803 0.22938144329896906 0.012254901960784314 0.015463917525773196
3.0 0.07598039215686274 0.2345360824742268 0.00980392156862745 0.015463917525773196
3.0 0.0784313725490196 0.2345360824742268 0.00980392156862745 0.015463917525773196
3.0 0.09313725490196079 0.23195876288659795 0.0196078431372549 0.02577319587628866
3.0 0.09803921568627451 0.23324742268041238 0.024509803921568627 0.028350515463917526
3.0 0.11519607843137254 0.22422680412371135 0.029411764705882353 0.030927835051546393
3.0 0.051470588235294115 0.28994845360824745 0.014705882352941176 0.023195876288659795
3.0 0.051470588235294115 0.2925257731958763 0.014705882352941176 0.028350515463917526
3.0 0.056372549019607844 0.2963917525773196 0.0196078431372549 0.030927835051546393
3.0 0.0625 0.3015463917525773 0.022058823529411766 0.030927835051546393
3.0 0.06740196078431372 0.3079896907216495 0.022058823529411766 0.03350515463917526
0.0 0.13357843137254902 0.23582474226804123 0.012254901960784314 0.023195876288659795
0.0 0.12867647058823528 0.23840206185567012 0.012254901960784314 0.01804123711340206
3.0 0.1568627450980392 0.27963917525773196 0.058823529411764705 0.059278350515463915
0.0 0.27450980392156865 0.16881443298969073 0.0196078431372549 0.028350515463917526
0.0 0.2867647058823529 0.18041237113402062 0.0196078431372549 0.030927835051546393
0.0 0.21568627450980393 0.23067010309278352 0.0196078431372549 0.03350515463917526
2.0 0.36151960784313725 0.1791237113402062 0.041666666666666664 0.028350515463917526
9.0 0.3235294117647059 0.18685567010309279 0.0392156862745098 0.028350515463917526
3.0 0.571078431372549 0.1958762886597938 0.05392156862745098 0.041237113402061855
2.0 0.48161764705882354 0.3324742268041237 0.031862745098039214 0.041237113402061855
6.0 0.4497549019607843 0.35051546391752575 0.07107843137254902 0.05670103092783505
3.0 0.8394607843137255 0.27319587628865977 0.031862745098039214 0.04639175257731959
3.0 0.9669117647058824 0.32989690721649484 0.012254901960784314 0.02577319587628866
3.0 0.9644607843137255 0.3337628865979381 0.012254901960784314 0.028350515463917526
3.0 0.9779411764705882 0.34664948453608246 0.00980392156862745 0.023195876288659795
