4.0 0.06495098039215687 0.27900552486187846 0.03676470588235294 0.06629834254143646
4.0 0.09191176470588236 0.287292817679558 0.051470588235294115 0.08839779005524862
4.0 0.13357843137254902 0.3011049723756906 0.07598039215686274 0.12154696132596685
4.0 0.2867647058823529 0.5593922651933702 0.17647058823529413 0.22375690607734808
4.0 0.5502450980392157 0.7292817679558011 0.23284313725490197 0.17679558011049723
3.0 0.6703431372549019 0.669889502762431 0.2034313725490196 0.17403314917127072
3.0 0.38235294117647056 0.4930939226519337 0.19607843137254902 0.1850828729281768
3.0 0.19975490196078433 0.36464088397790057 0.1053921568627451 0.13812154696132597
3.0 0.1482843137254902 0.4212707182320442 0.0661764705882353 0.11878453038674033
3.0 0.08946078431372549 0.36464088397790057 0.04656862745098039 0.09392265193370165
0.0 0.6127450980392157 0.9682320441988951 0.024509803921568627 0.019337016574585635
0.0 0.7303921568627451 0.9005524861878453 0.029411764705882353 0.03314917127071823
0.0 0.9791666666666666 0.35220994475138123 0.007352941176470588 0.019337016574585635
0.0 0.5833333333333334 0.40193370165745856 0.04411764705882353 0.07458563535911603
0.0 0.022058823529411766 0.44337016574585636 0.004901960784313725 0.03038674033149171
0.0 0.0196078431372549 0.4488950276243094 0.004901960784313725 0.024861878453038673
0.0 0.18259803921568626 0.24585635359116023 0.01715686274509804 0.03867403314917127
0.0 0.12622549019607843 0.2361878453038674 0.01715686274509804 0.03591160220994475
0.0 0.12009803921568628 0.23895027624309392 0.014705882352941176 0.03038674033149171
0.0 0.09558823529411764 0.23066298342541436 0.00980392156862745 0.019337016574585635
0.0 0.06862745098039216 0.23342541436464087 0.00980392156862745 0.019337016574585635
