3.0 0.625 0.9563106796116505 0.2967289719626168 0.0825242718446602
3.0 0.7172897196261683 0.8652912621359223 0.3411214953271028 0.2111650485436893
3.0 0.7768691588785047 0.7803398058252428 0.3060747663551402 0.26941747572815533
3.0 0.860981308411215 0.5266990291262136 0.12383177570093458 0.1941747572815534
3.0 0.8785046728971962 0.42961165048543687 0.11214953271028037 0.1650485436893204
3.0 0.8586448598130841 0.35558252427184467 0.11448598130841121 0.1383495145631068
3.0 0.8586448598130841 0.3337378640776699 0.1378504672897196 0.1529126213592233
3.0 0.8586448598130841 0.30097087378640774 0.1191588785046729 0.1262135922330097
3.0 0.8563084112149533 0.27305825242718446 0.09579439252336448 0.10436893203883495
3.0 0.830607476635514 0.23058252427184467 0.10046728971962617 0.10194174757281553
3.0 0.8364485981308412 0.22694174757281554 0.102803738317757 0.09951456310679611
3.0 0.8294392523364486 0.2111650485436893 0.102803738317757 0.0970873786407767
3.0 0.8235981308411215 0.1966019417475728 0.08177570093457943 0.07281553398058252
3.0 0.8200934579439252 0.18325242718446602 0.0794392523364486 0.0703883495145631
3.0 0.8212616822429907 0.1783980582524272 0.06775700934579439 0.06067961165048544
3.0 0.8119158878504673 0.16990291262135923 0.07710280373831775 0.06310679611650485
3.0 0.8072429906542056 0.16262135922330098 0.07710280373831775 0.06310679611650485
3.0 0.8119158878504673 0.1638349514563107 0.06775700934579439 0.055825242718446605
3.0 0.8119158878504673 0.16019417475728157 0.05841121495327103 0.04854368932038835
3.0 0.8095794392523364 0.1553398058252427 0.05841121495327103 0.04854368932038835
3.0 0.802570093457944 0.14805825242718446 0.05841121495327103 0.043689320388349516
3.0 0.7990654205607477 0.14441747572815533 0.06074766355140187 0.04611650485436893
3.0 0.8037383177570093 0.14441747572815533 0.0514018691588785 0.0412621359223301
3.0 0.7978971962616822 0.1383495145631068 0.053738317757009345 0.038834951456310676
3.0 0.7885514018691588 0.13106796116504854 0.053738317757009345 0.038834951456310676
3.0 0.7920560747663551 0.13228155339805825 0.0514018691588785 0.03640776699029126
3.0 0.7920560747663551 0.13106796116504854 0.04672897196261682 0.03398058252427184
3.0 0.7908878504672897 0.12864077669902912 0.04906542056074766 0.03398058252427184
3.0 0.7838785046728972 0.12257281553398058 0.04906542056074766 0.03155339805825243
3.0 0.7955607476635514 0.12985436893203883 0.0397196261682243 0.03155339805825243
3.0 0.6787383177570093 0.0691747572815534 0.04439252336448598 0.021844660194174758
3.0 0.602803738317757 0.07160194174757281 0.08878504672897196 0.02669902912621359
2.0 0.5490654205607477 0.06432038834951456 0.037383177570093455 0.012135922330097087
2.0 0.5070093457943925 0.06310679611650485 0.037383177570093455 0.009708737864077669
3.0 0.5093457943925234 0.07402912621359223 0.11682242990654206 0.01699029126213592
9.0 0.5035046728971962 0.08737864077669903 0.05841121495327103 0.014563106796116505
9.0 0.4696261682242991 0.09101941747572816 0.06074766355140187 0.01699029126213592
0.0 0.4672897196261682 0.09344660194174757 0.02336448598130841 0.02669902912621359
9.0 0.4567757009345794 0.11893203883495146 0.08644859813084112 0.02912621359223301
9.0 0.4661214953271028 0.12985436893203883 0.0397196261682243 0.02669902912621359
9.0 0.4030373831775701 0.16262135922330098 0.09579439252336448 0.04854368932038835
9.0 0.23130841121495327 0.29854368932038833 0.04672897196261682 0.06796116504854369
2.0 0.24532710280373832 0.30097087378640774 0.04205607476635514 0.06796116504854369
0.0 0.26635514018691586 0.33980582524271846 0.07476635514018691 0.15048543689320387
9.0 0.054906542056074766 0.7111650485436893 0.035046728971962614 0.07281553398058252
9.0 0.05023364485981308 0.7050970873786407 0.030373831775700934 0.06553398058252427
3.0 0.5642523364485982 0.13106796116504854 0.1191588785046729 0.05825242718446602
4.0 0.5817757009345794 0.09466019417475728 0.09345794392523364 0.043689320388349516
4.0 0.955607476635514 0.28398058252427183 0.014018691588785047 0.024271844660194174
4.0 0.9485981308411215 0.27305825242718446 0.009345794392523364 0.01699029126213592
1.0 0.9415887850467289 0.25606796116504854 0.004672897196261682 0.007281553398058253
2.0 0.9415887850467289 0.25606796116504854 0.004672897196261682 0.007281553398058253
3.0 0.8878504672897196 0.18446601941747573 0.009345794392523364 0.009708737864077669
3.0 0.8656542056074766 0.1638349514563107 0.011682242990654205 0.012135922330097087
3.0 0.8563084112149533 0.154126213592233 0.007009345794392523 0.007281553398058253
3.0 0.8773364485981309 0.17475728155339806 0.007009345794392523 0.009708737864077669
4.0 0.8282710280373832 0.12985436893203883 0.007009345794392523 0.007281553398058253
4.0 0.8212616822429907 0.12378640776699029 0.007009345794392523 0.0048543689320388345
3.0 0.8165887850467289 0.12014563106796117 0.002336448598130841 0.0024271844660194173
3.0 0.8200934579439252 0.12378640776699029 0.004672897196261682 0.0048543689320388345
3.0 0.8995327102803738 0.2099514563106796 0.018691588785046728 0.02669902912621359
