0.0 0.9509345794392523 0.6953883495145631 0.009345794392523364 0.01699029126213592
0.0 0.9579439252336449 0.6929611650485437 0.004672897196261682 0.012135922330097087
0.0 0.9649532710280374 0.6686893203883495 0.004672897196261682 0.012135922330097087
0.0 0.9637850467289719 0.6686893203883495 0.002336448598130841 0.012135922330097087
0.0 0.9649532710280374 0.6674757281553398 0.004672897196261682 0.014563106796116505
0.0 0.9649532710280374 0.662621359223301 0.004672897196261682 0.014563106796116505
9.0 0.9602803738317757 0.6565533980582524 0.004672897196261682 0.012135922330097087
3.0 0.9532710280373832 0.6553398058252428 0.009345794392523364 0.019417475728155338
3.0 0.9637850467289719 0.6043689320388349 0.007009345794392523 0.014563106796116505
5.0 0.48014018691588783 0.683252427184466 0.0397196261682243 0.021844660194174758
4.0 0.5642523364485982 0.720873786407767 0.02102803738317757 0.019417475728155338
5.0 0.5992990654205608 0.6868932038834952 0.05841121495327103 0.02912621359223301
0.0 0.6004672897196262 0.8737864077669902 0.009345794392523364 0.009708737864077669
1.0 0.5478971962616822 0.9259708737864077 0.016355140186915886 0.007281553398058253
0.0 0.5350467289719626 0.9381067961165048 0.009345794392523364 0.012135922330097087
0.0 0.42990654205607476 0.8859223300970874 0.014018691588785047 0.014563106796116505
0.0 0.3189252336448598 0.8155339805825242 0.011682242990654205 0.019417475728155338
1.0 0.3130841121495327 0.8422330097087378 0.009345794392523364 0.009708737864077669
1.0 0.3411214953271028 0.8495145631067961 0.009345794392523364 0.009708737864077669
0.0 0.6939252336448598 0.9223300970873787 0.02336448598130841 0.019417475728155338
4.0 0.5584112149532711 0.9842233009708737 0.07009345794392523 0.021844660194174758
4.0 0.5735981308411215 0.9696601941747572 0.053738317757009345 0.021844660194174758
3.0 0.7301401869158879 0.9259708737864077 0.06775700934579439 0.04611650485436893
3.0 0.5876168224299065 0.9563106796116505 0.05841121495327103 0.024271844660194174
3.0 0.6016355140186916 0.941747572815534 0.06775700934579439 0.02912621359223301
3.0 0.7733644859813084 0.8762135922330098 0.04205607476635514 0.03398058252427184
3.0 0.7313084112149533 0.8956310679611651 0.0514018691588785 0.03398058252427184
3.0 0.6063084112149533 0.9296116504854369 0.053738317757009345 0.024271844660194174
3.0 0.6156542056074766 0.9138349514563107 0.04906542056074766 0.02669902912621359
3.0 0.625 0.9004854368932039 0.04439252336448598 0.024271844660194174
3.0 0.7371495327102804 0.8810679611650486 0.04439252336448598 0.03398058252427184
4.0 0.7464953271028038 0.8616504854368932 0.04439252336448598 0.038834951456310676
3.0 0.7429906542056075 0.8543689320388349 0.04205607476635514 0.03398058252427184
3.0 0.6600467289719626 0.8519417475728155 0.0397196261682243 0.024271844660194174
9.0 0.6542056074766355 0.8446601941747572 0.018691588785046728 0.014563106796116505
9.0 0.6635514018691588 0.8276699029126213 0.014018691588785047 0.014563106796116505
3.0 0.6787383177570093 0.816747572815534 0.035046728971962614 0.02669902912621359
3.0 0.7488317757009346 0.8410194174757282 0.035046728971962614 0.02669902912621359
3.0 0.7511682242990654 0.8313106796116505 0.035046728971962614 0.03155339805825243
3.0 0.7511682242990654 0.8216019417475728 0.035046728971962614 0.03155339805825243
3.0 0.7558411214953271 0.8046116504854369 0.030373831775700934 0.02669902912621359
5.0 0.758177570093458 0.7900485436893204 0.0397196261682243 0.03640776699029126
4.0 0.7605140186915887 0.7730582524271845 0.02570093457943925 0.03155339805825243
3.0 0.7605140186915887 0.7669902912621359 0.02570093457943925 0.024271844660194174
3.0 0.764018691588785 0.7572815533980582 0.02336448598130841 0.024271844660194174
5.0 0.6915887850467289 0.787621359223301 0.04205607476635514 0.03640776699029126
3.0 0.6985981308411215 0.7694174757281553 0.028037383177570093 0.019417475728155338
4.0 0.7628504672897196 0.7451456310679612 0.02570093457943925 0.02912621359223301
3.0 0.7663551401869159 0.7342233009708737 0.018691588785046728 0.01699029126213592
3.0 0.764018691588785 0.7305825242718447 0.018691588785046728 0.019417475728155338
3.0 0.7675233644859814 0.7233009708737864 0.016355140186915886 0.019417475728155338
3.0 0.7675233644859814 0.7160194174757282 0.016355140186915886 0.019417475728155338
3.0 0.7464953271028038 0.720873786407767 0.016355140186915886 0.019417475728155338
3.0 0.7429906542056075 0.7305825242718447 0.018691588785046728 0.019417475728155338
4.0 0.7114485981308412 0.7378640776699029 0.02570093457943925 0.02912621359223301
3.0 0.705607476635514 0.7293689320388349 0.04205607476635514 0.02669902912621359
3.0 0.7780373831775701 0.6978155339805825 0.028037383177570093 0.021844660194174758
3.0 0.6985981308411215 0.7160194174757282 0.018691588785046728 0.019417475728155338
3.0 0.7207943925233645 0.7050970873786407 0.016355140186915886 0.01699029126213592
4.0 0.735981308411215 0.7026699029126213 0.018691588785046728 0.021844660194174758
5.0 0.772196261682243 0.6881067961165048 0.016355140186915886 0.02669902912621359
0.0 0.4719626168224299 0.9259708737864077 0.009345794392523364 0.012135922330097087
0.0 0.4591121495327103 0.9223300970873787 0.011682242990654205 0.009708737864077669
6.0 0.4567757009345794 0.9283980582524272 0.02570093457943925 0.012135922330097087
0.0 0.3703271028037383 0.9174757281553398 0.02570093457943925 0.019417475728155338
0.0 0.3352803738317757 0.9186893203883495 0.02102803738317757 0.01699029126213592
0.0 0.3119158878504673 0.9016990291262136 0.016355140186915886 0.01699029126213592
0.0 0.3014018691588785 0.8980582524271845 0.018691588785046728 0.019417475728155338
0.0 0.26869158878504673 0.8798543689320388 0.014018691588785047 0.01699029126213592
0.0 0.08411214953271028 0.662621359223301 0.004672897196261682 0.014563106796116505
0.0 0.07710280373831775 0.6711165048543689 0.004672897196261682 0.012135922330097087
0.0 0.07476635514018691 0.6686893203883495 0.004672897196261682 0.012135922330097087
4.0 0.06542056074766354 0.6516990291262136 0.014018691588785047 0.021844660194174758
1.0 0.056074766355140186 0.6456310679611651 0.004672897196261682 0.014563106796116505
3.0 0.06074766355140187 0.6529126213592233 0.014018691588785047 0.024271844660194174
3.0 0.04672897196261682 0.6407766990291263 0.009345794392523364 0.014563106796116505
0.0 0.09345794392523364 0.7451456310679612 0.009345794392523364 0.019417475728155338
0.0 0.04205607476635514 0.662621359223301 0.004672897196261682 0.014563106796116505
0.0 0.0794392523364486 0.7305825242718447 0.009345794392523364 0.019417475728155338
0.0 0.08411214953271028 0.7354368932038835 0.009345794392523364 0.019417475728155338
0.0 0.0852803738317757 0.7366504854368932 0.007009345794392523 0.01699029126213592
0.0 0.08644859813084112 0.7378640776699029 0.009345794392523364 0.019417475728155338
3.0 0.014018691588785047 0.6140776699029126 0.004672897196261682 0.009708737864077669
5.0 0.015186915887850467 0.6189320388349514 0.007009345794392523 0.019417475728155338
4.0 0.017523364485981307 0.6286407766990292 0.007009345794392523 0.019417475728155338
4.0 0.02336448598130841 0.6419902912621359 0.009345794392523364 0.02669902912621359
5.0 0.01985981308411215 0.6310679611650486 0.007009345794392523 0.019417475728155338
5.0 0.02219626168224299 0.6310679611650486 0.007009345794392523 0.019417475728155338
4.0 0.01985981308411215 0.6189320388349514 0.007009345794392523 0.019417475728155338
4.0 0.02570093457943925 0.6371359223300971 0.009345794392523364 0.021844660194174758
5.0 0.028037383177570093 0.6359223300970874 0.014018691588785047 0.03398058252427184
3.0 0.03271028037383177 0.6419902912621359 0.009345794392523364 0.01699029126213592
5.0 0.03387850467289719 0.6371359223300971 0.011682242990654205 0.03155339805825243
5.0 0.037383177570093455 0.6371359223300971 0.014018691588785047 0.03155339805825243
5.0 0.04205607476635514 0.6492718446601942 0.014018691588785047 0.02669902912621359
5.0 0.04439252336448598 0.6432038834951457 0.009345794392523364 0.019417475728155338
0.0 0.14953271028037382 0.6783980582524272 0.004672897196261682 0.01699029126213592
0.0 0.13551401869158877 0.6686893203883495 0.004672897196261682 0.012135922330097087
0.0 0.15186915887850466 0.6966019417475728 0.004672897196261682 0.014563106796116505
0.0 0.15070093457943926 0.6978155339805825 0.007009345794392523 0.012135922330097087
3.0 0.102803738317757 0.6638349514563107 0.009345794392523364 0.01699029126213592
3.0 0.08995327102803738 0.6553398058252428 0.011682242990654205 0.024271844660194174
3.0 0.09579439252336448 0.6492718446601942 0.009345794392523364 0.01699029126213592
0.0 0.10747663551401869 0.6638349514563107 0.004672897196261682 0.012135922330097087
0.0 0.10630841121495327 0.6638349514563107 0.002336448598130841 0.012135922330097087
3.0 0.11799065420560748 0.6699029126213593 0.016355140186915886 0.019417475728155338
4.0 0.13200934579439252 0.662621359223301 0.016355140186915886 0.019417475728155338
3.0 0.125 0.6553398058252428 0.011682242990654205 0.014563106796116505
3.0 0.11682242990654206 0.6529126213592233 0.009345794392523364 0.014563106796116505
5.0 0.11448598130841121 0.6456310679611651 0.014018691588785047 0.019417475728155338
3.0 0.11565420560747663 0.6614077669902912 0.016355140186915886 0.021844660194174758
3.0 0.10981308411214953 0.6589805825242718 0.014018691588785047 0.01699029126213592
4.0 0.10397196261682243 0.6492718446601942 0.011682242990654205 0.01699029126213592
3.0 0.09462616822429906 0.6395631067961165 0.011682242990654205 0.01699029126213592
3.0 0.0969626168224299 0.6432038834951457 0.011682242990654205 0.014563106796116505
