3.0 0.2340686274509804 0.07731958762886598 0.051470588235294115 0.041237113402061855
0.0 0.21691176470588236 0.09020618556701031 0.01715686274509804 0.015463917525773196
0.0 0.25245098039215685 0.06829896907216494 0.0196078431372549 0.01804123711340206
3.0 0.20098039215686275 0.10824742268041238 0.05392156862745098 0.05154639175257732
4.0 0.16911764705882354 0.14690721649484537 0.06862745098039216 0.07216494845360824
3.0 0.1213235294117647 0.21391752577319587 0.07107843137254902 0.0979381443298969
3.0 0.07475490196078431 0.30670103092783507 0.061274509803921566 0.12371134020618557
3.0 0.14215686274509803 0.2345360824742268 0.08823529411764706 0.12886597938144329
3.0 0.13848039215686275 0.4162371134020619 0.09558823529411764 0.2860824742268041
3.0 0.03676470588235294 0.4420103092783505 0.029411764705882353 0.12628865979381443
3.0 0.029411764705882353 0.5940721649484536 0.049019607843137254 0.17783505154639176
0.0 0.09436274509803921 0.8234536082474226 0.02696078431372549 0.03350515463917526
3.0 0.06862745098039216 0.7577319587628866 0.09313725490196079 0.18041237113402062
3.0 0.48651960784313725 0.9806701030927835 0.12990196078431374 0.028350515463917526
3.0 0.33088235294117646 0.9201030927835051 0.1715686274509804 0.13402061855670103
3.0 0.2708333333333333 0.7345360824742269 0.17892156862745098 0.26804123711340205
3.0 0.4362745098039216 0.7487113402061856 0.18137254901960784 0.2551546391752577
0.0 0.8737745098039216 0.8505154639175257 0.03676470588235294 0.041237113402061855
9.0 0.8174019607843137 0.8878865979381443 0.061274509803921566 0.06443298969072164
4.0 0.8100490196078431 0.8260309278350515 0.2034313725490196 0.18298969072164947
0.0 0.7242647058823529 0.7963917525773195 0.056372549019607844 0.08247422680412371
3.0 0.8357843137254902 0.7577319587628866 0.1715686274509804 0.17010309278350516
3.0 0.8370098039215687 0.6726804123711341 0.1642156862745098 0.18041237113402062
3.0 0.8419117647058824 0.5451030927835051 0.14950980392156862 0.17268041237113402
4.0 0.8174019607843137 0.40335051546391754 0.17892156862745098 0.17268041237113402
4.0 0.7512254901960784 0.23711340206185566 0.18382352941176472 0.15463917525773196
3.0 0.7855392156862745 0.31443298969072164 0.18872549019607843 0.17010309278350516
3.0 0.7389705882352942 0.18427835051546393 0.17892156862745098 0.1211340206185567
3.0 0.6066176470588235 0.04252577319587629 0.125 0.03865979381443299
4.0 0.6299019607843137 0.05412371134020619 0.12254901960784313 0.05154639175257732
0.0 0.5232843137254902 0.023195876288659795 0.01715686274509804 0.010309278350515464
1.0 0.6605392156862745 0.06958762886597938 0.02696078431372549 0.020618556701030927
0.0 0.6850490196078431 0.07474226804123711 0.022058823529411766 0.020618556701030927
3.0 0.3897058823529412 0.03608247422680412 0.05392156862745098 0.02577319587628866
3.0 0.4056372549019608 0.01804123711340206 0.04656862745098039 0.020618556701030927
0.0 0.6004901960784313 0.20489690721649484 0.04411764705882353 0.07474226804123711
0.0 0.6433823529411765 0.27963917525773196 0.051470588235294115 0.09536082474226804
0.0 0.5281862745098039 0.19716494845360824 0.041666666666666664 0.06958762886597938
3.0 0.43504901960784315 0.34664948453608246 0.16911764705882354 0.2603092783505155
3.0 0.30637254901960786 0.1958762886597938 0.12745098039215685 0.14948453608247422
4.0 0.26715686274509803 0.39948453608247425 0.14215686274509803 0.29381443298969073
