5.0 0.5698529411764706 0.824585635359116 0.09068627450980392 0.13535911602209943
3.0 0.5857843137254902 0.7265193370165746 0.058823529411764705 0.09392265193370165
4.0 0.5894607843137255 0.6284530386740331 0.061274509803921566 0.11878453038674033
3.0 0.5919117647058824 0.5414364640883977 0.056372549019607844 0.09392265193370165
3.0 0.5943627450980392 0.43232044198895025 0.056372549019607844 0.11878453038674033
3.0 0.3958333333333333 0.212707182320442 0.04656862745098039 0.055248618784530384
3.0 0.42892156862745096 0.0856353591160221 0.049019607843137254 0.016574585635359115
3.0 0.5882352941176471 0.07044198895027624 0.0392156862745098 0.019337016574585635
3.0 0.5600490196078431 0.06077348066298342 0.01715686274509804 0.011049723756906077
3.0 0.6973039215686274 0.10773480662983426 0.056372549019607844 0.03314917127071823
3.0 0.7438725490196079 0.12845303867403315 0.041666666666666664 0.03038674033149171
3.0 0.7818627450980392 0.14917127071823205 0.0392156862745098 0.03314917127071823
3.0 0.8137254901960784 0.16988950276243095 0.029411764705882353 0.03038674033149171
3.0 0.8774509803921569 0.22099447513812154 0.0196078431372549 0.027624309392265192
5.0 0.8504901960784313 0.19337016574585636 0.0392156862745098 0.04419889502762431
5.0 0.8946078431372549 0.23342541436464087 0.024509803921568627 0.03591160220994475
3.0 0.9105392156862745 0.25 0.012254901960784314 0.019337016574585635
4.0 0.9301470588235294 0.26657458563535913 0.012254901960784314 0.024861878453038673
3.0 0.9509803921568627 0.3328729281767956 0.014705882352941176 0.04143646408839779
3.0 0.9019607843137255 0.23204419889502761 0.014705882352941176 0.022099447513812154
8.0 0.8860294117647058 0.2085635359116022 0.022058823529411766 0.03038674033149171
3.0 0.5600490196078431 0.049723756906077346 0.02696078431372549 0.016574585635359115
3.0 0.553921568627451 0.04143646408839779 0.0196078431372549 0.011049723756906077
3.0 0.5502450980392157 0.031767955801104975 0.01715686274509804 0.008287292817679558
4.0 0.5502450980392157 0.026243093922651933 0.01715686274509804 0.008287292817679558
