3.0 0.5922897196261683 0.933252427184466 0.1191588785046729 0.0703883495145631
3.0 0.5876168224299065 0.42718446601941745 0.12850467289719625 0.20388349514563106
3.0 0.5210280373831776 0.21237864077669902 0.09345794392523364 0.08009708737864078
3.0 0.7698598130841121 0.2354368932038835 0.08177570093457943 0.08737864077669903
3.0 0.7231308411214953 0.16868932038834952 0.06775700934579439 0.055825242718446605
3.0 0.6892523364485982 0.13228155339805825 0.06074766355140187 0.0412621359223301
3.0 0.655373831775701 0.10436893203883495 0.04906542056074766 0.02912621359223301
3.0 0.7348130841121495 0.0970873786407767 0.04906542056074766 0.02912621359223301
3.0 0.5373831775700935 0.03155339805825243 0.018691588785046728 0.0048543689320388345
3.0 0.5 0.015776699029126214 0.009345794392523364 0.0024271844660194173
3.0 0.4591121495327103 0.015776699029126214 0.011682242990654205 0.0024271844660194173
3.0 0.4357476635514019 0.01820388349514563 0.011682242990654205 0.0024271844660194173
3.0 0.7464953271028038 0.0825242718446602 0.030373831775700934 0.019417475728155338
3.0 0.7768691588785047 0.10315533980582524 0.030373831775700934 0.021844660194174758
3.0 0.8282710280373832 0.14441747572815533 0.030373831775700934 0.02669902912621359
3.0 0.8820093457943925 0.1929611650485437 0.016355140186915886 0.021844660194174758
3.0 0.9077102803738317 0.22815533980582525 0.02102803738317757 0.02912621359223301
3.0 0.9205607476635514 0.24635922330097088 0.018691588785046728 0.02669902912621359
3.0 0.919392523364486 0.2342233009708738 0.016355140186915886 0.021844660194174758
3.0 0.9287383177570093 0.24757281553398058 0.011682242990654205 0.019417475728155338
3.0 0.0455607476635514 0.7050970873786407 0.016355140186915886 0.03640776699029126
3.0 0.0514018691588785 0.7075242718446602 0.018691588785046728 0.0412621359223301
4.0 0.038551401869158876 0.654126213592233 0.04439252336448598 0.10436893203883495
4.0 0.4287383177570093 0.6468446601941747 0.13317757009345793 0.22572815533980584
4.0 0.4287383177570093 0.40048543689320387 0.1191588785046729 0.21844660194174756
4.0 0.9088785046728972 0.220873786407767 0.018691588785046728 0.024271844660194174
5.0 0.42289719626168226 0.055825242718446605 0.037383177570093455 0.019417475728155338
5.0 0.33761682242990654 0.07524271844660194 0.0630841121495327 0.02912621359223301
5.0 0.4380841121495327 0.021844660194174758 0.02102803738317757 0.009708737864077669
5.0 0.5210280373831776 0.023058252427184466 0.02336448598130841 0.007281553398058253
5.0 0.5128504672897196 0.02063106796116505 0.016355140186915886 0.0024271844660194173
4.0 0.5630841121495327 0.00849514563106796 0.014018691588785047 0.0024271844660194173
4.0 0.5607476635514018 0.012135922330097087 0.014018691588785047 0.0048543689320388345
4.0 0.5922897196261683 0.015776699029126214 0.016355140186915886 0.0024271844660194173
4.0 0.4369158878504673 0.009708737864077669 0.004672897196261682 0.0
4.0 0.45794392523364486 0.00849514563106796 0.009345794392523364 0.0024271844660194173
5.0 0.3282710280373832 0.044902912621359224 0.030373831775700934 0.012135922330097087
5.0 0.29906542056074764 0.05218446601941747 0.02336448598130841 0.012135922330097087
0.0 0.286214953271028 0.07645631067961164 0.011682242990654205 0.007281553398058253
0.0 0.919392523364486 0.28398058252427183 0.011682242990654205 0.02912621359223301
0.0 0.8796728971962616 0.20266990291262135 0.011682242990654205 0.01699029126213592
0.0 0.8633177570093458 0.17597087378640777 0.011682242990654205 0.012135922330097087
0.0 0.7324766355140186 0.0703883495145631 0.007009345794392523 0.0048543689320388345
0.0 0.7254672897196262 0.06674757281553398 0.007009345794392523 0.007281553398058253
0.0 0.7231308411214953 0.06553398058252427 0.007009345794392523 0.0048543689320388345
0.0 0.7102803738317757 0.05825242718446602 0.004672897196261682 0.0048543689320388345
0.0 0.6997663551401869 0.05339805825242718 0.007009345794392523 0.0048543689320388345
0.0 0.7032710280373832 0.05461165048543689 0.004672897196261682 0.0024271844660194173
0.0 0.705607476635514 0.05461165048543689 0.004672897196261682 0.0024271844660194173
3.0 0.4252336448598131 0.009708737864077669 0.009345794392523364 0.0
3.0 0.4883177570093458 0.0048543689320388345 0.004672897196261682 0.0
3.0 0.4719626168224299 0.0048543689320388345 0.009345794392523364 0.0
4.0 0.49883177570093457 0.0048543689320388345 0.011682242990654205 0.0
3.0 0.508177570093458 0.006067961165048544 0.011682242990654205 0.0024271844660194173
3.0 0.5151869158878505 0.006067961165048544 0.011682242990654205 0.0024271844660194173
3.0 0.5292056074766355 0.006067961165048544 0.011682242990654205 0.0024271844660194173
3.0 0.5455607476635514 0.00849514563106796 0.011682242990654205 0.0024271844660194173
3.0 0.5771028037383178 0.013349514563106795 0.018691588785046728 0.0024271844660194173
3.0 0.5817757009345794 0.013349514563106795 0.014018691588785047 0.0024271844660194173
3.0 0.5292056074766355 0.007281553398058253 0.016355140186915886 0.0
3.0 0.5478971962616822 0.00849514563106796 0.011682242990654205 0.0024271844660194173
3.0 0.552570093457944 0.010922330097087379 0.016355140186915886 0.0024271844660194173
3.0 0.5677570093457944 0.013349514563106795 0.018691588785046728 0.0024271844660194173
3.0 0.5887850467289719 0.019417475728155338 0.014018691588785047 0.0048543689320388345
3.0 0.6133177570093458 0.021844660194174758 0.016355140186915886 0.0048543689320388345
3.0 0.6098130841121495 0.02063106796116505 0.014018691588785047 0.0024271844660194173
3.0 0.6086448598130841 0.019417475728155338 0.016355140186915886 0.0048543689320388345
3.0 0.6004672897196262 0.01820388349514563 0.018691588785046728 0.0024271844660194173
3.0 0.5315420560747663 0.006067961165048544 0.011682242990654205 0.0024271844660194173
3.0 0.6296728971962616 0.024271844660194174 0.011682242990654205 0.0048543689320388345
3.0 0.6600467289719626 0.03398058252427184 0.016355140186915886 0.0048543689320388345
3.0 0.6343457943925234 0.027912621359223302 0.016355140186915886 0.007281553398058253
3.0 0.6378504672897196 0.02912621359223301 0.018691588785046728 0.0048543689320388345
3.0 0.6448598130841121 0.03033980582524272 0.02336448598130841 0.007281553398058253
3.0 0.6460280373831776 0.032766990291262135 0.02102803738317757 0.007281553398058253
3.0 0.6542056074766355 0.03519417475728155 0.02336448598130841 0.007281553398058253
3.0 0.6647196261682243 0.04004854368932039 0.02102803738317757 0.007281553398058253
3.0 0.6740654205607477 0.043689320388349516 0.02570093457943925 0.009708737864077669
3.0 0.6320093457943925 0.03155339805825243 0.016355140186915886 0.0048543689320388345
3.0 0.6460280373831776 0.038834951456310676 0.030373831775700934 0.009708737864077669
3.0 0.6542056074766355 0.04247572815533981 0.028037383177570093 0.012135922330097087
3.0 0.6728971962616822 0.04975728155339806 0.03271028037383177 0.012135922330097087
3.0 0.6880841121495327 0.05703883495145631 0.035046728971962614 0.01699029126213592
3.0 0.6997663551401869 0.06310679611650485 0.035046728971962614 0.014563106796116505
3.0 0.6915887850467289 0.05218446601941747 0.02336448598130841 0.012135922330097087
3.0 0.7021028037383178 0.055825242718446605 0.030373831775700934 0.014563106796116505
3.0 0.719626168224299 0.06553398058252427 0.028037383177570093 0.014563106796116505
3.0 0.7348130841121495 0.07524271844660194 0.02570093457943925 0.014563106796116505
3.0 0.741822429906542 0.07888349514563107 0.030373831775700934 0.01699029126213592
3.0 0.727803738317757 0.08009708737864078 0.035046728971962614 0.019417475728155338
3.0 0.7464953271028038 0.09223300970873786 0.0397196261682243 0.024271844660194174
3.0 0.758177570093458 0.10072815533980582 0.0397196261682243 0.02669902912621359
3.0 0.8072429906542056 0.1262135922330097 0.030373831775700934 0.024271844660194174
3.0 0.8691588785046729 0.1783980582524272 0.018691588785046728 0.021844660194174758
3.0 0.9415887850467289 0.2657766990291262 0.014018691588785047 0.021844660194174758
3.0 0.7593457943925234 0.12378640776699029 0.0514018691588785 0.03398058252427184
1.0 0.9649532710280374 0.3470873786407767 0.004672897196261682 0.019417475728155338
1.0 0.9742990654205608 0.36650485436893204 0.004672897196261682 0.014563106796116505
1.0 0.9766355140186916 0.36893203883495146 0.004672897196261682 0.014563106796116505
1.0 0.977803738317757 0.3737864077669903 0.002336448598130841 0.014563106796116505
1.0 0.9824766355140186 0.3762135922330097 0.007009345794392523 0.019417475728155338
1.0 0.9801401869158879 0.36529126213592233 0.002336448598130841 0.012135922330097087
0.0 0.8855140186915887 0.19174757281553398 0.004672897196261682 0.009708737864077669
2.0 0.8983644859813084 0.20752427184466019 0.007009345794392523 0.012135922330097087
3.0 0.42757009345794394 0.04611650485436893 0.028037383177570093 0.009708737864077669
