0.0 0.7897196261682243 0.13349514563106796 0.009345794392523364 0.009708737864077669
0.0 0.7897196261682243 0.12864077669902912 0.009345794392523364 0.009708737864077669
3.0 0.6507009345794392 0.9526699029126213 0.12383177570093458 0.055825242718446605
3.0 0.7523364485981309 0.8446601941747572 0.1308411214953271 0.10194174757281553
3.0 0.8235981308411215 0.8070388349514563 0.10046728971962617 0.10436893203883495
2.0 0.9719626168224299 0.5655339805825242 0.004672897196261682 0.024271844660194174
2.0 0.9731308411214953 0.5631067961165048 0.002336448598130841 0.024271844660194174
2.0 0.977803738317757 0.5424757281553398 0.002336448598130841 0.021844660194174758
2.0 0.9766355140186916 0.5606796116504854 0.004672897196261682 0.024271844660194174
2.0 0.9801401869158879 0.558252427184466 0.002336448598130841 0.019417475728155338
2.0 0.9824766355140186 0.5570388349514563 0.002336448598130841 0.01699029126213592
2.0 0.9836448598130841 0.5546116504854369 0.004672897196261682 0.01699029126213592
2.0 0.9824766355140186 0.5934466019417476 0.007009345794392523 0.021844660194174758
3.0 0.860981308411215 0.7305825242718447 0.08177570093457943 0.10679611650485436
3.0 0.8796728971962616 0.4393203883495146 0.053738317757009345 0.08737864077669903
3.0 0.9439252336448598 0.5728155339805825 0.028037383177570093 0.07281553398058252
3.0 0.9240654205607477 0.6298543689320388 0.0397196261682243 0.07524271844660194
3.0 0.9088785046728972 0.6565533980582524 0.056074766355140186 0.10436893203883495
3.0 0.8866822429906542 0.691747572815534 0.07242990654205607 0.11165048543689321
9.0 0.947429906542056 0.4878640776699029 0.007009345794392523 0.024271844660194174
1.0 0.9485981308411215 0.4817961165048544 0.004672897196261682 0.02669902912621359
3.0 0.9707943925233645 0.4538834951456311 0.011682242990654205 0.03398058252427184
3.0 0.9707943925233645 0.4381067961165049 0.011682242990654205 0.03155339805825243
3.0 0.9742990654205608 0.4211165048543689 0.014018691588785047 0.03640776699029126
3.0 0.9754672897196262 0.4077669902912621 0.011682242990654205 0.03398058252427184
3.0 0.9602803738317757 0.35072815533980584 0.014018691588785047 0.03155339805825243
3.0 0.969626168224299 0.36893203883495146 0.009345794392523364 0.02912621359223301
3.0 0.947429906542056 0.3313106796116505 0.016355140186915886 0.03640776699029126
3.0 0.9380841121495327 0.316747572815534 0.016355140186915886 0.03155339805825243
3.0 0.9299065420560748 0.30218446601941745 0.018691588785046728 0.03640776699029126
3.0 0.9170560747663551 0.28519417475728154 0.02102803738317757 0.03640776699029126
3.0 0.8901869158878505 0.2524271844660194 0.028037383177570093 0.038834951456310676
3.0 0.8796728971962616 0.23786407766990292 0.02570093457943925 0.03398058252427184
3.0 0.8633177570093458 0.220873786407767 0.030373831775700934 0.03398058252427184
3.0 0.7978971962616822 0.4016990291262136 0.0911214953271028 0.10436893203883495
3.0 0.7675233644859814 0.42597087378640774 0.11448598130841121 0.11407766990291263
3.0 0.8457943925233645 0.3470873786407767 0.06542056074766354 0.07766990291262135
3.0 0.8773364485981309 0.3325242718446602 0.04906542056074766 0.07281553398058252
3.0 0.9158878504672897 0.3859223300970874 0.03271028037383177 0.05825242718446602
3.0 0.9158878504672897 0.36893203883495146 0.03271028037383177 0.05339805825242718
3.0 0.9217289719626168 0.3616504854368932 0.030373831775700934 0.05825242718446602
3.0 0.9252336448598131 0.3567961165048544 0.028037383177570093 0.04854368932038835
3.0 0.9287383177570093 0.35072815533980584 0.030373831775700934 0.055825242718446605
3.0 0.9299065420560748 0.34101941747572817 0.02336448598130841 0.0412621359223301
3.0 0.9310747663551402 0.33737864077669905 0.02570093457943925 0.043689320388349516
3.0 0.9345794392523364 0.3337378640776699 0.02336448598130841 0.04611650485436893
3.0 0.8855140186915887 0.3155339805825243 0.04205607476635514 0.06310679611650485
3.0 0.8925233644859814 0.3143203883495146 0.037383177570093455 0.055825242718446605
3.0 0.8983644859813084 0.3094660194174757 0.0397196261682243 0.055825242718446605
3.0 0.9018691588785047 0.30461165048543687 0.03271028037383177 0.04611650485436893
3.0 0.9042056074766355 0.2973300970873786 0.03271028037383177 0.04611650485436893
3.0 0.9088785046728972 0.2961165048543689 0.03271028037383177 0.05339805825242718
3.0 0.9135514018691588 0.2961165048543689 0.028037383177570093 0.043689320388349516
3.0 0.6004672897196262 0.18446601941747573 0.1261682242990654 0.05825242718446602
0.0 0.6308411214953271 0.10800970873786407 0.014018691588785047 0.01699029126213592
3.0 0.6460280373831776 0.18446601941747573 0.10981308411214953 0.05825242718446602
3.0 0.6752336448598131 0.1796116504854369 0.102803738317757 0.05825242718446602
3.0 0.7067757009345794 0.1808252427184466 0.0911214953271028 0.055825242718446605
3.0 0.7476635514018691 0.1808252427184466 0.07009345794392523 0.050970873786407765
3.0 0.7558411214953271 0.17718446601941748 0.06775700934579439 0.05339805825242718
3.0 0.7698598130841121 0.1783980582524272 0.06775700934579439 0.050970873786407765
3.0 0.780373831775701 0.1796116504854369 0.0514018691588785 0.043689320388349516
3.0 0.802570093457944 0.18689320388349515 0.04906542056074766 0.043689320388349516
3.0 0.8095794392523364 0.18810679611650485 0.053738317757009345 0.04611650485436893
3.0 0.8200934579439252 0.19053398058252427 0.04672897196261682 0.0412621359223301
3.0 0.6261682242990654 0.712378640776699 0.18691588785046728 0.1383495145631068
4.0 0.6962616822429907 0.662621359223301 0.1588785046728972 0.1553398058252427
3.0 0.2605140186915888 0.7317961165048543 0.13317757009345793 0.11893203883495146
3.0 0.1810747663551402 0.7463592233009708 0.10514018691588785 0.11893203883495146
3.0 0.14369158878504673 0.7572815533980582 0.07710280373831775 0.0970873786407767
3.0 0.037383177570093455 0.6407766990291263 0.02336448598130841 0.05825242718446602
3.0 0.030373831775700934 0.6407766990291263 0.02336448598130841 0.05825242718446602
3.0 0.04205607476635514 0.6347087378640777 0.02336448598130841 0.06067961165048544
4.0 0.04672897196261682 0.616504854368932 0.028037383177570093 0.07766990291262135
3.0 0.0514018691588785 0.6031553398058253 0.02336448598130841 0.06553398058252427
3.0 0.06074766355140187 0.5922330097087378 0.028037383177570093 0.07281553398058252
3.0 0.0689252336448598 0.5728155339805825 0.02570093457943925 0.06310679611650485
3.0 0.0794392523364486 0.558252427184466 0.03271028037383177 0.06796116504854369
2.0 0.2651869158878505 0.33616504854368934 0.04906542056074766 0.04611650485436893
1.0 0.2628504672897196 0.3288834951456311 0.030373831775700934 0.050970873786407765
2.0 0.13317757009345793 0.38349514563106796 0.02336448598130841 0.038834951456310676
1.0 0.13317757009345793 0.3762135922330097 0.014018691588785047 0.03398058252427184
2.0 0.07476635514018691 0.5012135922330098 0.004672897196261682 0.02669902912621359
0.0 0.23130841121495327 0.17475728155339806 0.018691588785046728 0.024271844660194174
2.0 0.05023364485981308 0.3883495145631068 0.007009345794392523 0.019417475728155338
1.0 0.05023364485981308 0.38106796116504854 0.007009345794392523 0.019417475728155338
3.0 0.1530373831775701 0.20388349514563106 0.0397196261682243 0.043689320388349516
4.0 0.205607476635514 0.18325242718446602 0.06074766355140187 0.055825242718446605
3.0 0.2570093457943925 0.1553398058252427 0.06074766355140187 0.043689320388349516
3.0 0.2383177570093458 0.15898058252427186 0.0514018691588785 0.0412621359223301
3.0 0.22546728971962618 0.16140776699029127 0.04906542056074766 0.0412621359223301
3.0 0.19976635514018692 0.17475728155339806 0.04906542056074766 0.043689320388349516
3.0 0.18925233644859812 0.17597087378640777 0.03271028037383177 0.03155339805825243
3.0 0.18457943925233644 0.17597087378640777 0.03271028037383177 0.03155339805825243
3.0 0.15654205607476634 0.19053398058252427 0.037383177570093455 0.03640776699029126
3.0 0.14719626168224298 0.1953883495145631 0.03271028037383177 0.03640776699029126
3.0 0.14018691588785046 0.19902912621359223 0.03271028037383177 0.03398058252427184
3.0 0.1378504672897196 0.19781553398058252 0.028037383177570093 0.03155339805825243
3.0 0.13434579439252337 0.19902912621359223 0.02570093457943925 0.02912621359223301
4.0 0.12733644859813084 0.20266990291262135 0.02570093457943925 0.03155339805825243
3.0 0.12266355140186916 0.20631067961165048 0.02570093457943925 0.03398058252427184
3.0 0.11682242990654206 0.2111650485436893 0.02336448598130841 0.02912621359223301
3.0 0.11214953271028037 0.2111650485436893 0.02336448598130841 0.02912621359223301
3.0 0.11214953271028037 0.2111650485436893 0.018691588785046728 0.024271844660194174
3.0 0.10397196261682243 0.2196601941747573 0.02102803738317757 0.02669902912621359
3.0 0.10046728971962617 0.220873786407767 0.018691588785046728 0.024271844660194174
3.0 0.09579439252336448 0.22451456310679613 0.018691588785046728 0.021844660194174758
3.0 0.08644859813084112 0.2342233009708738 0.014018691588785047 0.021844660194174758
3.0 0.07710280373831775 0.24271844660194175 0.014018691588785047 0.019417475728155338
3.0 0.0630841121495327 0.25849514563106796 0.014018691588785047 0.021844660194174758
3.0 0.06074766355140187 0.2657766990291262 0.009345794392523364 0.01699029126213592
2.0 0.08995327102803738 0.24150485436893204 0.007009345794392523 0.012135922330097087
1.0 0.09228971962616822 0.23907766990291263 0.007009345794392523 0.012135922330097087
3.0 0.13901869158878505 0.2524271844660194 0.04439252336448598 0.05339805825242718
3.0 0.1261682242990654 0.25606796116504854 0.037383177570093455 0.04611650485436893
3.0 0.10046728971962617 0.29975728155339804 0.037383177570093455 0.055825242718446605
3.0 0.09345794392523364 0.29854368932038833 0.03271028037383177 0.05339805825242718
3.0 0.08878504672897196 0.2961165048543689 0.03271028037383177 0.04854368932038835
3.0 0.08644859813084112 0.2924757281553398 0.028037383177570093 0.04611650485436893
3.0 0.08294392523364486 0.28883495145631066 0.030373831775700934 0.04854368932038835
3.0 0.07710280373831775 0.2924757281553398 0.02336448598130841 0.0412621359223301
3.0 0.07476635514018691 0.2924757281553398 0.02336448598130841 0.0412621359223301
3.0 0.07242990654205607 0.2912621359223301 0.02336448598130841 0.038834951456310676
3.0 0.0689252336448598 0.2924757281553398 0.016355140186915886 0.03155339805825243
3.0 0.06425233644859812 0.2949029126213592 0.02102803738317757 0.03640776699029126
3.0 0.06074766355140187 0.2912621359223301 0.018691588785046728 0.03398058252427184
4.0 0.06658878504672897 0.28883495145631066 0.02102803738317757 0.038834951456310676
3.0 0.05957943925233645 0.2912621359223301 0.016355140186915886 0.02912621359223301
3.0 0.05841121495327103 0.2912621359223301 0.018691588785046728 0.03398058252427184
3.0 0.0514018691588785 0.2912621359223301 0.014018691588785047 0.024271844660194174
3.0 0.056074766355140186 0.2924757281553398 0.014018691588785047 0.02669902912621359
3.0 0.053738317757009345 0.29004854368932037 0.014018691588785047 0.02669902912621359
3.0 0.05023364485981308 0.2912621359223301 0.011682242990654205 0.019417475728155338
4.0 0.04906542056074766 0.29004854368932037 0.014018691588785047 0.02669902912621359
3.0 0.0455607476635514 0.2949029126213592 0.011682242990654205 0.021844660194174758
3.0 0.028037383177570093 0.3628640776699029 0.014018691588785047 0.03155339805825243
3.0 0.028037383177570093 0.35436893203883496 0.014018691588785047 0.02912621359223301
3.0 0.028037383177570093 0.35072815533980584 0.014018691588785047 0.03155339805825243
3.0 0.026869158878504672 0.34951456310679613 0.011682242990654205 0.02912621359223301
3.0 0.026869158878504672 0.3446601941747573 0.011682242990654205 0.02912621359223301
3.0 0.02570093457943925 0.3434466019417476 0.009345794392523364 0.02669902912621359
3.0 0.02453271028037383 0.3422330097087379 0.011682242990654205 0.02912621359223301
3.0 0.02570093457943925 0.33859223300970875 0.009345794392523364 0.02669902912621359
3.0 0.11214953271028037 0.25970873786407767 0.03271028037383177 0.043689320388349516
3.0 0.10981308411214953 0.25849514563106796 0.03271028037383177 0.04611650485436893
3.0 0.10397196261682243 0.25849514563106796 0.030373831775700934 0.0412621359223301
3.0 0.09813084112149532 0.2621359223300971 0.028037383177570093 0.038834951456310676
3.0 0.09228971962616822 0.2633495145631068 0.02570093457943925 0.03640776699029126
3.0 0.08878504672897196 0.2633495145631068 0.02336448598130841 0.03640776699029126
3.0 0.08761682242990654 0.2609223300970874 0.02570093457943925 0.03640776699029126
3.0 0.08411214953271028 0.2645631067961165 0.02336448598130841 0.03398058252427184
3.0 0.08060747663551401 0.2633495145631068 0.02102803738317757 0.03155339805825243
3.0 0.08060747663551401 0.2621359223300971 0.02102803738317757 0.03398058252427184
3.0 0.07359813084112149 0.2682038834951456 0.016355140186915886 0.02669902912621359
3.0 0.07242990654205607 0.2682038834951456 0.018691588785046728 0.03155339805825243
3.0 0.07009345794392523 0.2669902912621359 0.018691588785046728 0.02912621359223301
3.0 0.07009345794392523 0.2657766990291262 0.018691588785046728 0.02669902912621359
3.0 0.0689252336448598 0.2657766990291262 0.016355140186915886 0.02669902912621359
3.0 0.06074766355140187 0.27063106796116504 0.014018691588785047 0.021844660194174758
3.0 0.06425233644859812 0.2682038834951456 0.016355140186915886 0.02669902912621359
3.0 0.06425233644859812 0.26941747572815533 0.02102803738317757 0.03398058252427184
