3.0 0.05024509803921569 0.28314917127071826 0.031862745098039214 0.07458563535911603
3.0 0.028186274509803922 0.30248618784530384 0.022058823529411766 0.058011049723756904
3.0 0.049019607843137254 0.25 0.029411764705882353 0.058011049723756904
3.0 0.07598039215686274 0.19751381215469613 0.024509803921568627 0.03591160220994475
4.0 0.004901960784313725 0.5165745856353591 0.00980392156862745 0.09944751381215469
4.0 0.013480392156862746 0.42265193370165743 0.022058823529411766 0.09392265193370165
0.0 0.04411764705882353 0.5759668508287292 0.014705882352941176 0.052486187845303865
0.0 0.05269607843137255 0.505524861878453 0.007352941176470588 0.03867403314917127
0.0 0.27205882352941174 0.7113259668508287 0.04411764705882353 0.06906077348066299
0.0 0.17034313725490197 0.580110497237569 0.022058823529411766 0.06077348066298342
0.0 0.1948529411764706 0.5552486187845304 0.02696078431372549 0.07734806629834254
0.0 0.25980392156862747 0.5552486187845304 0.03431372549019608 0.07734806629834254
0.0 0.3174019607843137 0.5980662983425414 0.02696078431372549 0.07458563535911603
0.0 0.28799019607843135 0.49171270718232046 0.03676470588235294 0.09392265193370165
0.0 0.21691176470588236 0.5207182320441989 0.022058823529411766 0.06906077348066299
0.0 0.20220588235294118 0.4088397790055249 0.02696078431372549 0.06629834254143646
0.0 0.8186274509803921 0.5290055248618785 0.0196078431372549 0.06353591160220995
0.0 0.8651960784313726 0.4930939226519337 0.0196078431372549 0.08011049723756906
0.0 0.7794117647058824 0.4903314917127072 0.024509803921568627 0.10220994475138122
0.0 0.7291666666666666 0.38950276243093923 0.03676470588235294 0.09392265193370165
0.0 0.75 0.3453038674033149 0.029411764705882353 0.07734806629834254
0.0 0.8737745098039216 0.457182320441989 0.012254901960784314 0.058011049723756904
0.0 0.8455882352941176 0.40607734806629836 0.0196078431372549 0.06629834254143646
0.0 0.8075980392156863 0.4585635359116022 0.022058823529411766 0.07734806629834254
0.0 0.7928921568627451 0.42265193370165743 0.022058823529411766 0.06629834254143646
0.0 0.8186274509803921 0.4350828729281768 0.014705882352941176 0.06353591160220995
0.0 0.8272058823529411 0.4350828729281768 0.01715686274509804 0.06353591160220995
0.0 0.7965686274509803 0.3660220994475138 0.0392156862745098 0.06906077348066299
0.0 0.7487745098039216 0.2941988950276243 0.031862745098039214 0.06353591160220995
0.0 0.7867647058823529 0.2955801104972376 0.03431372549019608 0.0718232044198895
0.0 0.8198529411764706 0.4005524861878453 0.02696078431372549 0.055248618784530384
0.0 0.821078431372549 0.3825966850828729 0.0196078431372549 0.052486187845303865
0.0 0.17279411764705882 0.7693370165745856 0.02696078431372549 0.04696132596685083
0.0 0.22058823529411764 0.8011049723756906 0.029411764705882353 0.04419889502762431
0.0 0.27205882352941174 0.8314917127071824 0.05392156862745098 0.06077348066298342
0.0 0.25980392156862747 0.8052486187845304 0.029411764705882353 0.03591160220994475
0.0 0.3161764705882353 0.8287292817679558 0.03431372549019608 0.04419889502762431
0.0 0.28799019607843135 0.8107734806629834 0.041666666666666664 0.052486187845303865
0.0 0.43995098039215685 0.8259668508287292 0.031862745098039214 0.04419889502762431
0.0 0.41544117647058826 0.10082872928176796 0.02696078431372549 0.03591160220994475
0.0 0.49754901960784315 0.06629834254143646 0.024509803921568627 0.016574585635359115
0.0 0.5294117647058824 0.0649171270718232 0.029411764705882353 0.024861878453038673
0.0 0.6531862745098039 0.0787292817679558 0.03676470588235294 0.03591160220994475
0.0 0.6654411764705882 0.08011049723756906 0.022058823529411766 0.027624309392265192
0.0 0.866421568627451 0.18093922651933703 0.01715686274509804 0.024861878453038673
0.0 0.9301470588235294 0.20718232044198895 0.007352941176470588 0.016574585635359115
0.0 0.6176470588235294 0.03038674033149171 0.024509803921568627 0.016574585635359115
0.0 0.030637254901960783 0.6270718232044199 0.01715686274509804 0.04419889502762431
