3.0 0.20305164319248825 0.9012820512820513 0.07276995305164319 0.05897435897435897
4.0 0.04812206572769953 0.6717948717948717 0.025821596244131457 0.06153846153846154
5.0 0.01995305164319249 0.6474358974358975 0.01643192488262911 0.05384615384615385
3.0 0.11502347417840375 0.382051282051282 0.028169014084507043 0.041025641025641026
3.0 0.1619718309859155 0.24615384615384617 0.03755868544600939 0.041025641025641026
3.0 0.2323943661971831 0.1794871794871795 0.04225352112676056 0.035897435897435895
9.0 0.4847417840375587 0.30256410256410254 0.025821596244131457 0.02564102564102564
1.0 0.4835680751173709 0.2923076923076923 0.014084507042253521 0.03076923076923077
4.0 0.6854460093896714 0.16923076923076924 0.051643192488262914 0.035897435897435895
3.0 0.5856807511737089 0.1282051282051282 0.03990610328638498 0.020512820512820513
4.0 0.6232394366197183 0.12435897435897436 0.03990610328638498 0.023076923076923078
3.0 0.6490610328638498 0.12564102564102564 0.035211267605633804 0.020512820512820513
9.0 0.5551643192488263 0.12307692307692308 0.02112676056338028 0.010256410256410256
9.0 0.5821596244131455 0.11538461538461539 0.023474178403755867 0.010256410256410256
3.0 0.7359154929577465 0.13333333333333333 0.025821596244131457 0.020512820512820513
9.0 0.7523474178403756 0.14358974358974358 0.011737089201877934 0.010256410256410256
1.0 0.7523474178403756 0.14102564102564102 0.007042253521126761 0.010256410256410256
9.0 0.7359154929577465 0.12307692307692308 0.011737089201877934 0.010256410256410256
9.0 0.7523474178403756 0.12692307692307692 0.011737089201877934 0.007692307692307693
3.0 0.7734741784037559 0.13974358974358975 0.02112676056338028 0.017948717948717947
3.0 0.7828638497652582 0.14102564102564102 0.01643192488262911 0.015384615384615385
3.0 0.75 0.4987179487179487 0.04460093896713615 0.05897435897435897
3.0 0.29577464788732394 0.14743589743589744 0.03286384976525822 0.023076923076923078
3.0 0.2112676056338028 0.18846153846153846 0.023474178403755867 0.028205128205128206
3.0 0.16784037558685447 0.22435897435897437 0.025821596244131457 0.028205128205128206
3.0 0.14906103286384975 0.22948717948717948 0.025821596244131457 0.028205128205128206
9.0 0.06572769953051644 0.2987179487179487 0.004694835680751174 0.007692307692307693
1.0 0.06690140845070422 0.2935897435897436 0.002347417840375587 0.007692307692307693
3.0 0.04342723004694836 0.3 0.007042253521126761 0.015384615384615385
