5.0 0.5117370892018779 0.5294871794871795 0.16901408450704225 0.32564102564102565
3.0 0.6631455399061033 0.4641025641025641 0.04929577464788732 0.07179487179487179
4.0 0.744131455399061 0.4512820512820513 0.03755868544600939 0.07179487179487179
3.0 0.9237089201877934 0.5423076923076923 0.02112676056338028 0.038461538461538464
3.0 0.8744131455399061 0.49615384615384617 0.035211267605633804 0.04871794871794872
3.0 0.8720657276995305 0.5435897435897435 0.035211267605633804 0.05641025641025641
3.0 0.863849765258216 0.6192307692307693 0.046948356807511735 0.05897435897435897
3.0 0.8368544600938967 0.7461538461538462 0.06807511737089202 0.07692307692307693
3.0 0.8133802816901409 0.7974358974358975 0.07276995305164319 0.06666666666666667
3.0 0.8039906103286385 0.8205128205128205 0.07746478873239436 0.06666666666666667
3.0 0.7922535211267606 0.8551282051282051 0.09154929577464789 0.07948717948717948
3.0 0.778169014084507 0.8769230769230769 0.09154929577464789 0.07179487179487179
4.0 0.8943661971830986 0.7961538461538461 0.04225352112676056 0.05897435897435897
3.0 0.8908450704225352 0.7871794871794872 0.04460093896713615 0.06153846153846154
3.0 0.897887323943662 0.764102564102564 0.04460093896713615 0.06666666666666667
3.0 0.9084507042253521 0.7371794871794872 0.03755868544600939 0.05897435897435897
3.0 0.9166666666666666 0.7025641025641025 0.03051643192488263 0.05641025641025641
3.0 0.9166666666666666 0.6858974358974359 0.03051643192488263 0.05897435897435897
3.0 0.9119718309859155 0.6666666666666666 0.035211267605633804 0.06153846153846154
3.0 0.9154929577464789 0.6384615384615384 0.03286384976525822 0.05128205128205128
4.0 0.931924882629108 0.48333333333333334 0.014084507042253521 0.038461538461538464
0.0 0.852112676056338 0.676923076923077 0.014084507042253521 0.035897435897435895
0.0 0.9330985915492958 0.6115384615384616 0.007042253521126761 0.028205128205128206
0.0 0.6208920187793427 0.20256410256410257 0.01643192488262911 0.02564102564102564
0.0 0.9014084507042254 0.6192307692307693 0.009389671361502348 0.028205128205128206
9.0 0.9248826291079812 0.6064102564102564 0.009389671361502348 0.023076923076923078
9.0 0.9342723004694836 0.5935897435897436 0.009389671361502348 0.023076923076923078
0.0 0.937793427230047 0.6102564102564103 0.007042253521126761 0.02564102564102564
6.0 0.9096244131455399 0.6089743589743589 0.01643192488262911 0.038461538461538464
3.0 0.8990610328638498 0.8153846153846154 0.03286384976525822 0.041025641025641026
1.0 0.642018779342723 0.10512820512820513 0.007042253521126761 0.005128205128205128
1.0 0.6866197183098591 0.12435897435897436 0.007042253521126761 0.007692307692307693
1.0 0.7112676056338029 0.13846153846153847 0.009389671361502348 0.010256410256410256
0.0 0.6619718309859155 0.052564102564102565 0.004694835680751174 0.002564102564102564
3.0 0.6772300469483568 0.07435897435897436 0.01643192488262911 0.010256410256410256
3.0 0.7359154929577465 0.14487179487179488 0.02112676056338028 0.017948717948717947
4.0 0.7711267605633803 0.17692307692307693 0.035211267605633804 0.03076923076923077
