3.0 0.09313725490196079 0.6671270718232044 0.03431372549019608 0.09668508287292818
3.0 0.14460784313725492 0.7196132596685083 0.04411764705882353 0.09668508287292818
3.0 0.18382352941176472 0.7292817679558011 0.058823529411764705 0.11049723756906077
3.0 0.23161764705882354 0.7430939226519337 0.0857843137254902 0.13812154696132597
3.0 0.3247549019607843 0.7582872928176796 0.09558823529411764 0.1298342541436464
3.0 0.4105392156862745 0.7886740331491713 0.10049019607843138 0.11878453038674033
3.0 0.5134803921568627 0.7928176795580111 0.07598039215686274 0.09944751381215469
4.0 0.5968137254901961 0.7955801104972375 0.07107843137254902 0.09944751381215469
4.0 0.6544117647058824 0.787292817679558 0.06372549019607843 0.09944751381215469
4.0 0.9068627450980392 0.6837016574585635 0.049019607843137254 0.09116022099447514
4.0 0.9509803921568627 0.6298342541436464 0.024509803921568627 0.0718232044198895
4.0 0.9571078431372549 0.6325966850828729 0.022058823529411766 0.06629834254143646
4.0 0.023284313725490197 0.47651933701657456 0.012254901960784314 0.03038674033149171
3.0 0.125 0.4447513812154696 0.049019607843137254 0.055248618784530384
3.0 0.6776960784313726 0.42679558011049723 0.13970588235294118 0.07458563535911603
3.0 0.8125 0.43232044198895025 0.07598039215686274 0.06906077348066299
4.0 0.9669117647058824 0.4585635359116022 0.01715686274509804 0.03314917127071823
3.0 0.9436274509803921 0.4516574585635359 0.024509803921568627 0.04696132596685083
3.0 0.9362745098039216 0.643646408839779 0.0196078431372549 0.06629834254143646
3.0 0.9865196078431373 0.4558011049723757 0.012254901960784314 0.055248618784530384
3.0 0.9926470588235294 0.44060773480662985 0.00980392156862745 0.052486187845303865
3.0 0.9901960784313726 0.5925414364640884 0.00980392156862745 0.052486187845303865
4.0 0.05024509803921569 0.6298342541436464 0.02696078431372549 0.09392265193370165
5.0 0.06985294117647059 0.6519337016574586 0.041666666666666664 0.12154696132596685
5.0 0.4227941176470588 0.4143646408839779 0.22303921568627452 0.09392265193370165
5.0 0.9754901960784313 0.6325966850828729 0.024509803921568627 0.049723756906077346
9.0 0.9730392156862745 0.6588397790055248 0.00980392156862745 0.03038674033149171
3.0 0.8848039215686274 0.44613259668508287 0.049019607843137254 0.06353591160220995
3.0 0.8884803921568627 0.6823204419889503 0.04656862745098039 0.09944751381215469
3.0 0.8590686274509803 0.6975138121546961 0.051470588235294115 0.10773480662983426
4.0 0.8235294117647058 0.7209944751381215 0.049019607843137254 0.09944751381215469
3.0 0.7806372549019608 0.7348066298342542 0.07598039215686274 0.13812154696132597
3.0 0.7230392156862745 0.7569060773480663 0.0784313725490196 0.11602209944751381
3.0 0.22916666666666666 0.4350828729281768 0.10049019607843138 0.06906077348066299
0.0 0.9473039215686274 0.7527624309392266 0.007352941176470588 0.013812154696132596
0.0 0.9522058823529411 0.7417127071823204 0.007352941176470588 0.013812154696132596
0.0 0.9571078431372549 0.7279005524861878 0.007352941176470588 0.013812154696132596
