8.0 0.0196078431372549 0.3397790055248619 0.014705882352941176 0.027624309392265192
3.0 0.029411764705882353 0.3218232044198895 0.004901960784313725 0.008287292817679558
3.0 0.03676470588235294 0.31215469613259667 0.004901960784313725 0.011049723756906077
3.0 0.03676470588235294 0.31215469613259667 0.004901960784313725 0.011049723756906077
4.0 0.03676470588235294 0.31629834254143646 0.00980392156862745 0.019337016574585635
5.0 0.0392156862745098 0.31215469613259667 0.00980392156862745 0.022099447513812154
5.0 0.04411764705882353 0.3080110497237569 0.00980392156862745 0.019337016574585635
5.0 0.04411764705882353 0.3011049723756906 0.00980392156862745 0.016574585635359115
4.0 0.06495098039215687 0.27624309392265195 0.007352941176470588 0.011049723756906077
3.0 0.05269607843137255 0.2941988950276243 0.007352941176470588 0.013812154696132596
4.0 0.06004901960784314 0.281767955801105 0.007352941176470588 0.011049723756906077
8.0 0.06862745098039216 0.26657458563535913 0.0196078431372549 0.03038674033149171
8.0 0.11642156862745098 0.2154696132596685 0.031862745098039214 0.03867403314917127
8.0 0.11274509803921569 0.23342541436464087 0.024509803921568627 0.03038674033149171
4.0 0.1323529411764706 0.20718232044198895 0.014705882352941176 0.016574585635359115
5.0 0.15441176470588236 0.18646408839779005 0.0196078431372549 0.019337016574585635
3.0 0.1642156862745098 0.18093922651933703 0.014705882352941176 0.013812154696132596
3.0 0.08823529411764706 0.2513812154696133 0.00980392156862745 0.011049723756906077
3.0 0.07107843137254902 0.27209944751381215 0.00980392156862745 0.013812154696132596
3.0 0.06004901960784314 0.2900552486187845 0.007352941176470588 0.011049723756906077
4.0 0.0625 0.2845303867403315 0.007352941176470588 0.011049723756906077
4.0 0.07720588235294118 0.26243093922651933 0.007352941176470588 0.011049723756906077
3.0 0.0821078431372549 0.26243093922651933 0.007352941176470588 0.011049723756906077
4.0 0.09313725490196079 0.2430939226519337 0.00980392156862745 0.011049723756906077
4.0 0.18137254901960784 0.1671270718232044 0.014705882352941176 0.013812154696132596
3.0 0.18137254901960784 0.1643646408839779 0.014705882352941176 0.013812154696132596
3.0 0.19730392156862744 0.1574585635359116 0.01715686274509804 0.011049723756906077
4.0 0.23529411764705882 0.13259668508287292 0.0196078431372549 0.011049723756906077
3.0 0.2806372549019608 0.11187845303867404 0.01715686274509804 0.013812154696132596
3.0 0.2928921568627451 0.10497237569060773 0.01715686274509804 0.011049723756906077
3.0 0.29534313725490197 0.11602209944751381 0.01715686274509804 0.011049723756906077
3.0 0.2769607843137255 0.106353591160221 0.0196078431372549 0.013812154696132596
3.0 0.29411764705882354 0.0925414364640884 0.00980392156862745 0.008287292817679558
3.0 0.3075980392156863 0.08287292817679558 0.007352941176470588 0.0055248618784530384
3.0 0.3284313725490196 0.09530386740331492 0.024509803921568627 0.013812154696132596
0.0 0.22426470588235295 0.20441988950276244 0.007352941176470588 0.011049723756906077
0.0 0.22916666666666666 0.2058011049723757 0.007352941176470588 0.008287292817679558
1.0 0.26838235294117646 0.5041436464088398 0.0024509803921568627 0.008287292817679558
1.0 0.2426470588235294 0.32734806629834257 0.004901960784313725 0.008287292817679558
1.0 0.2977941176470588 0.5386740331491713 0.007352941176470588 0.011049723756906077
1.0 0.24019607843137256 0.1919889502762431 0.004901960784313725 0.008287292817679558
2.0 0.23897058823529413 0.19337016574585636 0.007352941176470588 0.011049723756906077
2.0 0.2426470588235294 0.32734806629834257 0.00980392156862745 0.013812154696132596
2.0 0.26838235294117646 0.5082872928176796 0.007352941176470588 0.016574585635359115
2.0 0.29901960784313725 0.5455801104972375 0.00980392156862745 0.019337016574585635
0.0 0.23529411764705882 0.3867403314917127 0.004901960784313725 0.016574585635359115
8.0 0.2818627450980392 0.058011049723756904 0.014705882352941176 0.011049723756906077
3.0 0.28308823529411764 0.062154696132596686 0.012254901960784314 0.008287292817679558
3.0 0.3112745098039216 0.03591160220994475 0.004901960784313725 0.0055248618784530384
4.0 0.31495098039215685 0.03867403314917127 0.007352941176470588 0.0055248618784530384
4.0 0.32598039215686275 0.03867403314917127 0.004901960784313725 0.0055248618784530384
4.0 0.33088235294117646 0.04281767955801105 0.00980392156862745 0.008287292817679558
3.0 0.31985294117647056 0.04143646408839779 0.007352941176470588 0.0055248618784530384
3.0 0.33455882352941174 0.03729281767955801 0.007352941176470588 0.0027624309392265192
4.0 0.33088235294117646 0.049723756906077346 0.014705882352941176 0.0055248618784530384
3.0 0.3075980392156863 0.058011049723756904 0.012254901960784314 0.0055248618784530384
3.0 0.29411764705882354 0.062154696132596686 0.014705882352941176 0.008287292817679558
3.0 0.36642156862745096 0.04696132596685083 0.012254901960784314 0.0055248618784530384
3.0 0.3762254901960784 0.052486187845303865 0.012254901960784314 0.0055248618784530384
3.0 0.3860294117647059 0.06353591160220995 0.012254901960784314 0.0055248618784530384
5.0 0.33700980392156865 0.055248618784530384 0.01715686274509804 0.011049723756906077
3.0 0.33578431372549017 0.06353591160220995 0.00980392156862745 0.0055248618784530384
3.0 0.3394607843137255 0.06767955801104972 0.012254901960784314 0.008287292817679558
5.0 0.35294117647058826 0.06353591160220995 0.0196078431372549 0.011049723756906077
3.0 0.34558823529411764 0.07596685082872928 0.014705882352941176 0.008287292817679558
3.0 0.36151960784313725 0.07044198895027624 0.012254901960784314 0.008287292817679558
3.0 0.3553921568627451 0.06906077348066299 0.00980392156862745 0.0055248618784530384
3.0 0.34558823529411764 0.07320441988950276 0.00980392156862745 0.008287292817679558
3.0 0.40808823529411764 0.0649171270718232 0.022058823529411766 0.008287292817679558
3.0 0.41911764705882354 0.08287292817679558 0.0196078431372549 0.011049723756906077
3.0 0.4424019607843137 0.09530386740331492 0.022058823529411766 0.008287292817679558
3.0 0.5159313725490197 0.13397790055248618 0.022058823529411766 0.013812154696132596
8.0 0.3799019607843137 0.10497237569060773 0.0392156862745098 0.03314917127071823
8.0 0.3247549019607843 0.12154696132596685 0.031862745098039214 0.027624309392265192
8.0 0.34681372549019607 0.11878453038674033 0.03676470588235294 0.03314917127071823
3.0 0.33578431372549017 0.11049723756906077 0.0196078431372549 0.016574585635359115
8.0 0.35171568627450983 0.10359116022099447 0.022058823529411766 0.019337016574585635
1.0 0.36887254901960786 0.07596685082872928 0.0024509803921568627 0.0027624309392265192
9.0 0.36764705882352944 0.07734806629834254 0.00980392156862745 0.0055248618784530384
4.0 0.3700980392156863 0.12154696132596685 0.014705882352941176 0.016574585635359115
4.0 0.3860294117647059 0.1671270718232044 0.022058823529411766 0.019337016574585635
8.0 0.36642156862745096 0.13950276243093923 0.02696078431372549 0.024861878453038673
3.0 0.3737745098039216 0.1270718232044199 0.012254901960784314 0.011049723756906077
3.0 0.3553921568627451 0.13397790055248618 0.014705882352941176 0.013812154696132596
3.0 0.3382352941176471 0.14226519337016574 0.0196078431372549 0.013812154696132596
3.0 0.34558823529411764 0.15193370165745856 0.014705882352941176 0.011049723756906077
3.0 0.35294117647058826 0.15883977900552487 0.014705882352941176 0.013812154696132596
3.0 0.3627450980392157 0.17403314917127072 0.0196078431372549 0.016574585635359115
3.0 0.4007352941176471 0.18370165745856354 0.022058823529411766 0.019337016574585635
3.0 0.41421568627450983 0.20718232044198895 0.024509803921568627 0.022099447513812154
3.0 0.5477941176470589 0.09944751381215469 0.031862745098039214 0.011049723756906077
3.0 0.5612745098039216 0.4185082872928177 0.03431372549019608 0.03591160220994475
3.0 0.5453431372549019 0.47099447513812154 0.031862745098039214 0.03591160220994475
3.0 0.8259803921568627 0.824585635359116 0.03431372549019608 0.04143646408839779
3.0 0.6446078431372549 0.09116022099447514 0.0196078431372549 0.011049723756906077
3.0 0.6544117647058824 0.0925414364640884 0.0196078431372549 0.013812154696132596
4.0 0.7732843137254902 0.2803867403314917 0.022058823529411766 0.019337016574585635
3.0 0.7683823529411765 0.27071823204419887 0.022058823529411766 0.016574585635359115
3.0 0.7965686274509803 0.31629834254143646 0.024509803921568627 0.024861878453038673
3.0 0.8370098039215687 0.3701657458563536 0.022058823529411766 0.022099447513812154
0.0 0.7867647058823529 0.3743093922651934 0.004901960784313725 0.019337016574585635
0.0 0.7916666666666666 0.3756906077348066 0.004901960784313725 0.016574585635359115
0.0 0.991421568627451 0.5718232044198895 0.0024509803921568627 0.011049723756906077
