4.0 0.3227699530516432 0.6628205128205128 0.11971830985915492 0.09487179487179487
4.0 0.2828638497652582 0.6089743589743589 0.10093896713615023 0.08974358974358974
4.0 0.22183098591549297 0.48846153846153845 0.06807511737089202 0.07435897435897436
3.0 0.5223004694835681 0.9782051282051282 0.06807511737089202 0.023076923076923078
5.0 0.3532863849765258 0.9641025641025641 0.15258215962441316 0.05641025641025641
0.0 0.21948356807511737 0.8935897435897436 0.02112676056338028 0.023076923076923078
9.0 0.13497652582159625 0.8128205128205128 0.02112676056338028 0.02564102564102564
3.0 0.12323943661971831 0.7858974358974359 0.035211267605633804 0.05384615384615385
9.0 0.09976525821596244 0.7051282051282052 0.01643192488262911 0.03076923076923077
9.0 0.0880281690140845 0.6987179487179487 0.01643192488262911 0.028205128205128206
9.0 0.1056338028169014 0.7461538461538462 0.018779342723004695 0.03076923076923077
9.0 0.10915492957746478 0.7538461538461538 0.01643192488262911 0.020512820512820513
9.0 0.11267605633802817 0.7615384615384615 0.018779342723004695 0.03076923076923077
3.0 0.07746478873239436 0.5871794871794872 0.028169014084507043 0.05128205128205128
3.0 0.0903755868544601 0.558974358974359 0.03051643192488263 0.05641025641025641
4.0 0.06807511737089202 0.532051282051282 0.023474178403755867 0.0641025641025641
5.0 0.06924882629107981 0.4423076923076923 0.01643192488262911 0.06923076923076923
5.0 0.9448356807511737 0.6346153846153846 0.0539906103286385 0.1358974358974359
4.0 0.7910798122065728 0.35 0.051643192488262914 0.06923076923076923
