3.0 0.29411764705882354 0.6082474226804123 0.15196078431372548 0.12886597938144329
3.0 0.7487745098039216 0.5077319587628866 0.12009803921568628 0.1134020618556701
3.0 0.7377450980392157 0.37757731958762886 0.12254901960784313 0.09020618556701031
3.0 0.9031862745098039 0.4884020618556701 0.04656862745098039 0.059278350515463915
3.0 0.9522058823529411 0.44072164948453607 0.02696078431372549 0.041237113402061855
3.0 0.9791666666666666 0.47809278350515466 0.012254901960784314 0.03350515463917526
3.0 0.030637254901960783 0.5902061855670103 0.031862745098039214 0.07731958762886598
3.0 0.030637254901960783 0.6765463917525774 0.031862745098039214 0.07474226804123711
3.0 0.04656862745098039 0.40335051546391754 0.0196078431372549 0.05412371134020619
3.0 0.11151960784313726 0.2963917525773196 0.031862745098039214 0.05670103092783505
3.0 0.15318627450980393 0.23711340206185566 0.04656862745098039 0.04639175257731959
3.0 0.09436274509803921 0.2654639175257732 0.022058823529411766 0.030927835051546393
3.0 0.08823529411764706 0.25128865979381443 0.014705882352941176 0.023195876288659795
3.0 0.07965686274509803 0.2422680412371134 0.012254901960784314 0.020618556701030927
3.0 0.07965686274509803 0.211340206185567 0.007352941176470588 0.010309278350515464
