0.0 0.8100490196078431 0.888121546961326 0.01715686274509804 0.019337016574585635
8.0 0.9522058823529411 0.7182320441988951 0.0661764705882353 0.14917127071823205
8.0 0.8811274509803921 0.8218232044198895 0.09558823529411764 0.12430939226519337
0.0 0.5392156862745098 0.9682320441988951 0.014705882352941176 0.008287292817679558
0.0 0.4889705882352941 0.9447513812154696 0.01715686274509804 0.016574585635359115
4.0 0.22549019607843138 0.914364640883978 0.04411764705882353 0.04419889502762431
1.0 0.12622549019607843 0.8453038674033149 0.007352941176470588 0.011049723756906077
0.0 0.12254901960784313 0.8370165745856354 0.00980392156862745 0.016574585635359115
0.0 0.10416666666666667 0.8066298342541437 0.012254901960784314 0.022099447513812154
0.0 0.08088235294117647 0.7486187845303868 0.014705882352941176 0.027624309392265192
3.0 0.10784313725490197 0.7209944751381215 0.03431372549019608 0.07734806629834254
3.0 0.10661764705882353 0.6312154696132597 0.02696078431372549 0.06906077348066299
8.0 0.20588235294117646 0.6781767955801105 0.08333333333333333 0.1850828729281768
4.0 0.2536764705882353 0.6270718232044199 0.056372549019607844 0.1270718232044199
4.0 0.2916666666666667 0.5248618784530387 0.049019607843137254 0.11602209944751381
4.0 0.28431372549019607 0.393646408839779 0.04411764705882353 0.10220994475138122
4.0 0.29044117647058826 0.26795580110497236 0.056372549019607844 0.09392265193370165
3.0 0.25612745098039214 0.17265193370165746 0.051470588235294115 0.052486187845303865
0.0 0.2193627450980392 0.08425414364640885 0.007352941176470588 0.008287292817679558
5.0 0.21446078431372548 0.10082872928176796 0.04656862745098039 0.04696132596685083
5.0 0.22181372549019607 0.11602209944751381 0.04656862745098039 0.049723756906077346
3.0 0.23774509803921567 0.12845303867403315 0.05392156862745098 0.04143646408839779
8.0 0.09191176470588236 0.20165745856353592 0.041666666666666664 0.0718232044198895
3.0 0.11274509803921569 0.18370165745856354 0.014705882352941176 0.024861878453038673
3.0 0.10784313725490197 0.25 0.0196078431372549 0.03591160220994475
0.0 0.09191176470588236 0.17541436464088397 0.0024509803921568627 0.0027624309392265192
0.0 0.08333333333333333 0.19613259668508287 0.004901960784313725 0.011049723756906077
0.0 0.0821078431372549 0.20441988950276244 0.007352941176470588 0.011049723756906077
0.0 0.08088235294117647 0.20718232044198895 0.004901960784313725 0.011049723756906077
0.0 0.07475490196078431 0.2223756906077348 0.007352941176470588 0.013812154696132596
0.0 0.0784313725490196 0.21823204419889503 0.004901960784313725 0.011049723756906077
0.0 0.0784313725490196 0.21685082872928177 0.004901960784313725 0.013812154696132596
0.0 0.0821078431372549 0.21408839779005526 0.007352941176470588 0.013812154696132596
0.0 0.07475490196078431 0.2223756906077348 0.007352941176470588 0.013812154696132596
0.0 0.07230392156862746 0.23066298342541436 0.007352941176470588 0.013812154696132596
0.0 0.06985294117647059 0.23895027624309392 0.007352941176470588 0.013812154696132596
0.0 0.05392156862745098 0.32734806629834257 0.004901960784313725 0.013812154696132596
0.0 0.049019607843137254 0.3660220994475138 0.004901960784313725 0.019337016574585635
0.0 0.049019607843137254 0.43784530386740333 0.004901960784313725 0.019337016574585635
0.0 0.0428921568627451 0.47928176795580113 0.0024509803921568627 0.024861878453038673
