3.0 0.2622549019607843 0.7983425414364641 0.27450980392156865 0.27071823204419887
3.0 0.7132352941176471 0.6795580110497238 0.25 0.34806629834254144
3.0 0.15931372549019607 0.5538674033149171 0.1568627450980392 0.2513812154696133
3.0 0.11397058823529412 0.4419889502762431 0.09558823529411764 0.1712707182320442
3.0 0.10784313725490197 0.36187845303867405 0.10784313725490197 0.17679558011049723
4.0 0.10416666666666667 0.30386740331491713 0.11029411764705882 0.18232044198895028
3.0 0.10661764705882353 0.2638121546961326 0.1053921568627451 0.15193370165745856
4.0 0.3492647058823529 0.15469613259668508 0.20833333333333334 0.1878453038674033
3.0 0.11519607843137254 0.2223756906077348 0.10294117647058823 0.13535911602209943
9.0 0.03553921568627451 0.4516574585635359 0.022058823529411766 0.06906077348066299
9.0 0.03676470588235294 0.39779005524861877 0.024509803921568627 0.06629834254143646
