4.0 0.0196078431372549 0.38144329896907214 0.024509803921568627 0.05670103092783505
3.0 0.07475490196078431 0.34664948453608246 0.051470588235294115 0.07989690721649484
5.0 0.22058823529411764 0.2706185567010309 0.1715686274509804 0.14948453608247422
5.0 0.04656862745098039 0.47809278350515466 0.04411764705882353 0.07989690721649484
3.0 0.023284313725490197 0.6494845360824743 0.02696078431372549 0.05670103092783505
3.0 0.22549019607843138 0.8685567010309279 0.12254901960784313 0.10824742268041238
3.0 0.07965686274509803 0.7448453608247423 0.056372549019607844 0.10824742268041238
3.0 0.061274509803921566 0.7306701030927835 0.049019607843137254 0.10051546391752578
9.0 0.013480392156862746 0.422680412371134 0.007352941176470588 0.020618556701030927
1.0 0.012254901960784314 0.422680412371134 0.004901960784313725 0.015463917525773196
1.0 0.014705882352941176 0.4213917525773196 0.004901960784313725 0.01804123711340206
9.0 0.0784313725490196 0.39690721649484534 0.024509803921568627 0.03608247422680412
1.0 0.07598039215686274 0.3956185567010309 0.00980392156862745 0.023195876288659795
3.0 0.26348039215686275 0.3853092783505155 0.15931372549019607 0.1056701030927835
3.0 0.0428921568627451 0.5644329896907216 0.031862745098039214 0.061855670103092786
3.0 0.16544117647058823 0.7036082474226805 0.11519607843137254 0.1134020618556701
3.0 0.3443627450980392 0.645618556701031 0.22303921568627452 0.12628865979381443
9.0 0.0857843137254902 0.6572164948453608 0.024509803921568627 0.030927835051546393
1.0 0.08333333333333333 0.6520618556701031 0.014705882352941176 0.02577319587628866
6.0 0.08700980392156862 0.7280927835051546 0.04656862745098039 0.08505154639175258
6.0 0.33700980392156865 0.8492268041237113 0.11519607843137254 0.06443298969072164
6.0 0.48161764705882354 0.8865979381443299 0.10049019607843138 0.03608247422680412
6.0 0.6188725490196079 0.8041237113402062 0.13970588235294118 0.06701030927835051
2.0 0.6654411764705882 0.055412371134020616 0.022058823529411766 0.01804123711340206
1.0 0.6629901960784313 0.05283505154639175 0.01715686274509804 0.01288659793814433
1.0 0.7536764705882353 0.20489690721649484 0.02696078431372549 0.028350515463917526
9.0 0.7524509803921569 0.20876288659793815 0.03431372549019608 0.05670103092783505
4.0 0.7034313725490197 0.07216494845360824 0.06372549019607843 0.05154639175257732
1.0 0.8774509803921569 0.20876288659793815 0.014705882352941176 0.020618556701030927
3.0 0.9117647058823529 0.30412371134020616 0.058823529411764705 0.0979381443298969
3.0 0.7892156862745098 0.4329896907216495 0.12745098039215685 0.10824742268041238
3.0 0.8504901960784313 0.615979381443299 0.09803921568627451 0.10824742268041238
3.0 0.9865196078431373 0.4110824742268041 0.01715686274509804 0.04896907216494845
4.0 0.9926470588235294 0.5360824742268041 0.00980392156862745 0.03608247422680412
4.0 0.9767156862745098 0.45103092783505155 0.022058823529411766 0.04639175257731959
3.0 0.9644607843137255 0.6198453608247423 0.031862745098039214 0.059278350515463915
3.0 0.9105392156862745 0.7164948453608248 0.0661764705882353 0.1134020618556701
4.0 0.7022058823529411 0.9329896907216495 0.08088235294117647 0.061855670103092786
3.0 0.7487745098039216 0.9368556701030928 0.041666666666666664 0.028350515463917526
0.0 0.9607843137254902 0.6945876288659794 0.00980392156862745 0.01804123711340206
0.0 0.9350490196078431 0.7487113402061856 0.012254901960784314 0.01804123711340206
0.0 0.9350490196078431 0.7242268041237113 0.012254901960784314 0.020618556701030927
1.0 0.8296568627450981 0.8427835051546392 0.022058823529411766 0.020618556701030927
2.0 0.7438725490196079 0.8930412371134021 0.03676470588235294 0.03350515463917526
9.0 0.8308823529411765 0.8402061855670103 0.029411764705882353 0.03608247422680412
9.0 0.7205882352941176 0.854381443298969 0.06862745098039216 0.04381443298969072
9.0 0.5355392156862745 0.979381443298969 0.02696078431372549 0.015463917525773196
9.0 0.4742647058823529 0.9780927835051546 0.022058823529411766 0.01288659793814433
9.0 0.38112745098039214 0.970360824742268 0.04656862745098039 0.01804123711340206
9.0 0.42401960784313725 0.9742268041237113 0.029411764705882353 0.015463917525773196
9.0 0.4534313725490196 0.9806701030927835 0.014705882352941176 0.01288659793814433
0.0 0.46568627450980393 0.9922680412371134 0.014705882352941176 0.005154639175257732
1.0 0.571078431372549 0.9832474226804123 0.0196078431372549 0.007731958762886598
0.0 0.3946078431372549 0.9600515463917526 0.0196078431372549 0.007731958762886598
1.0 0.7205882352941176 0.8595360824742269 0.029411764705882353 0.023195876288659795
1.0 0.7487745098039216 0.8904639175257731 0.02696078431372549 0.01804123711340206
0.0 0.8860294117647058 0.7358247422680413 0.01715686274509804 0.023195876288659795
0.0 0.7316176470588235 0.8814432989690721 0.022058823529411766 0.015463917525773196
0.0 0.6985294117647058 0.9085051546391752 0.0196078431372549 0.01288659793814433
0.0 0.6715686274509803 0.9304123711340206 0.024509803921568627 0.015463917525773196
