5.0 0.22303921568627452 0.2809278350515464 0.13725490196078433 0.20103092783505155
5.0 0.32107843137254904 0.11984536082474227 0.09803921568627451 0.059278350515463915
0.0 0.0784313725490196 0.7306701030927835 0.014705882352941176 0.028350515463917526
1.0 0.12745098039215685 0.7744845360824743 0.0196078431372549 0.028350515463917526
1.0 0.12867647058823528 0.7719072164948454 0.01715686274509804 0.028350515463917526
1.0 0.16789215686274508 0.8118556701030928 0.022058823529411766 0.030927835051546393
9.0 0.1323529411764706 0.7822164948453608 0.03431372549019608 0.05412371134020619
9.0 0.1715686274509804 0.8170103092783505 0.03431372549019608 0.04639175257731959
0.0 0.9877450980392157 0.5721649484536082 0.004901960784313725 0.020618556701030927
5.0 0.9497549019607843 0.3440721649484536 0.01715686274509804 0.04381443298969072
5.0 0.9754901960784313 0.4587628865979381 0.00980392156862745 0.05154639175257732
5.0 0.3639705882352941 0.07603092783505154 0.061274509803921566 0.023195876288659795
5.0 0.31985294117647056 0.08505154639175258 0.03676470588235294 0.020618556701030927
5.0 0.44607843137254904 0.04381443298969072 0.04411764705882353 0.010309278350515464
5.0 0.44607843137254904 0.041237113402061855 0.0392156862745098 0.010309278350515464
3.0 0.22058823529411764 0.1404639175257732 0.029411764705882353 0.023195876288659795
3.0 0.22426470588235295 0.13015463917525774 0.031862745098039214 0.023195876288659795
3.0 0.25980392156862747 0.125 0.04411764705882353 0.028350515463917526
3.0 0.23897058823529413 0.14175257731958762 0.03676470588235294 0.02577319587628866
3.0 0.28308823529411764 0.10695876288659793 0.041666666666666664 0.023195876288659795
4.0 0.30637254901960786 0.09407216494845361 0.03431372549019608 0.01804123711340206
4.0 0.14705882352941177 0.19458762886597938 0.03431372549019608 0.03350515463917526
4.0 0.1017156862745098 0.2551546391752577 0.02696078431372549 0.041237113402061855
3.0 0.06862745098039216 0.28737113402061853 0.0196078431372549 0.028350515463917526
3.0 0.007352941176470588 0.4484536082474227 0.00980392156862745 0.030927835051546393
3.0 0.0024509803921568627 0.4742268041237113 0.004901960784313725 0.02577319587628866
4.0 0.10416666666666667 0.34149484536082475 0.04656862745098039 0.06443298969072164
4.0 0.06004901960784314 0.38402061855670105 0.031862745098039214 0.05670103092783505
3.0 0.5551470588235294 0.05025773195876289 0.01715686274509804 0.007731958762886598
3.0 0.36519607843137253 0.04768041237113402 0.0196078431372549 0.007731958762886598
3.0 0.45955882352941174 0.028350515463917526 0.022058823529411766 0.005154639175257732
3.0 0.46568627450980393 0.027061855670103094 0.0196078431372549 0.002577319587628866
3.0 0.42769607843137253 0.028350515463917526 0.022058823529411766 0.005154639175257732
3.0 0.5122549019607843 0.01675257731958763 0.014705882352941176 0.002577319587628866
3.0 0.5012254901960784 0.019329896907216496 0.01715686274509804 0.002577319587628866
5.0 0.3443627450980392 0.07603092783505154 0.03676470588235294 0.01804123711340206
3.0 0.34681372549019607 0.07087628865979381 0.01715686274509804 0.01288659793814433
3.0 0.3088235294117647 0.10438144329896908 0.03431372549019608 0.01804123711340206
5.0 0.31985294117647056 0.09536082474226804 0.031862745098039214 0.015463917525773196
5.0 0.2916666666666667 0.11211340206185567 0.03431372549019608 0.023195876288659795
4.0 0.5257352941176471 0.05025773195876289 0.01715686274509804 0.007731958762886598
8.0 0.5196078431372549 0.06314432989690721 0.049019607843137254 0.023195876288659795
0.0 0.5024509803921569 0.05670103092783505 0.004901960784313725 0.005154639175257732
5.0 0.6274509803921569 0.01675257731958763 0.00980392156862745 0.002577319587628866
5.0 0.6311274509803921 0.019329896907216496 0.007352941176470588 0.002577319587628866
5.0 0.6629901960784313 0.028350515463917526 0.007352941176470588 0.005154639175257732
0.0 0.7450980392156863 0.08505154639175258 0.004901960784313725 0.005154639175257732
0.0 0.7218137254901961 0.08247422680412371 0.007352941176470588 0.010309278350515464
0.0 0.7683823529411765 0.10824742268041238 0.007352941176470588 0.010309278350515464
0.0 0.7732843137254902 0.1056701030927835 0.007352941176470588 0.010309278350515464
0.0 0.7267156862745098 0.07345360824742268 0.007352941176470588 0.007731958762886598
0.0 0.7389705882352942 0.07860824742268041 0.007352941176470588 0.007731958762886598
0.0 0.7328431372549019 0.07603092783505154 0.004901960784313725 0.007731958762886598
0.0 0.7144607843137255 0.07087628865979381 0.007352941176470588 0.007731958762886598
0.0 0.6776960784313726 0.055412371134020616 0.007352941176470588 0.007731958762886598
5.0 0.6862745098039216 0.8788659793814433 0.06862745098039216 0.06701030927835051
5.0 0.9093137254901961 0.2615979381443299 0.05392156862745098 0.08505154639175258
5.0 0.07352941176470588 0.7461340206185567 0.0392156862745098 0.06958762886597938
5.0 0.9166666666666666 0.25773195876288657 0.0196078431372549 0.03608247422680412
5.0 0.9473039215686274 0.26804123711340205 0.012254901960784314 0.020618556701030927
3.0 0.9571078431372549 0.27963917525773196 0.007352941176470588 0.01288659793814433
4.0 0.8995098039215687 0.21520618556701032 0.014705882352941176 0.01804123711340206
4.0 0.8946078431372549 0.20103092783505155 0.014705882352941176 0.015463917525773196
9.0 0.04411764705882353 0.3440721649484536 0.00980392156862745 0.01804123711340206
0.0 0.43995098039215685 0.029639175257731958 0.0024509803921568627 0.002577319587628866
0.0 0.5968137254901961 0.027061855670103094 0.0024509803921568627 0.002577319587628866
0.0 0.7463235294117647 0.8286082474226805 0.03676470588235294 0.03865979381443299
0.0 0.7218137254901961 0.8195876288659794 0.022058823529411766 0.030927835051546393
