3.0 0.1443661971830986 0.7333333333333333 0.0539906103286385 0.06153846153846154
7.0 0.1467136150234742 0.8076923076923077 0.0539906103286385 0.06153846153846154
0.0 0.5070422535211268 0.9641025641025641 0.018779342723004695 0.010256410256410256
7.0 0.4823943661971831 0.958974358974359 0.04460093896713615 0.02564102564102564
3.0 0.4084507042253521 0.8871794871794871 0.10328638497652583 0.041025641025641026
3.0 0.4096244131455399 0.8705128205128205 0.11971830985915492 0.04358974358974359
4.0 0.7511737089201878 0.7602564102564102 0.07981220657276995 0.06923076923076923
7.0 0.7593896713615024 0.867948717948718 0.09624413145539906 0.07435897435897436
7.0 0.8427230046948356 0.7717948717948718 0.07981220657276995 0.09230769230769231
7.0 0.8474178403755869 0.7551282051282051 0.07511737089201878 0.08461538461538462
7.0 0.8931924882629108 0.6961538461538461 0.03051643192488263 0.06923076923076923
7.0 0.7394366197183099 0.7512820512820513 0.056338028169014086 0.05128205128205128
4.0 0.7664319248826291 0.7230769230769231 0.09154929577464789 0.07179487179487179
4.0 0.7969483568075117 0.65 0.05868544600938967 0.0641025641025641
3.0 0.778169014084507 0.65 0.06338028169014084 0.0641025641025641
3.0 0.8415492957746479 0.6025641025641025 0.04460093896713615 0.05128205128205128
3.0 0.8450704225352113 0.5666666666666667 0.04225352112676056 0.046153846153846156
3.0 0.8474178403755869 0.5525641025641026 0.04225352112676056 0.04871794871794872
4.0 0.8427230046948356 0.5307692307692308 0.04225352112676056 0.046153846153846156
7.0 0.7758215962441315 0.532051282051282 0.01643192488262911 0.04871794871794872
6.0 0.6690140845070423 0.5602564102564103 0.046948356807511735 0.04358974358974359
9.0 0.8321596244131455 0.6679487179487179 0.025821596244131457 0.03333333333333333
7.0 0.8380281690140845 0.6487179487179487 0.03286384976525822 0.05128205128205128
7.0 0.8967136150234741 0.47692307692307695 0.009389671361502348 0.03076923076923077
0.0 0.8708920187793427 0.4794871794871795 0.004694835680751174 0.03076923076923077
1.0 0.5199530516431925 0.7064102564102565 0.02112676056338028 0.028205128205128206
0.0 0.4894366197183099 0.6871794871794872 0.011737089201877934 0.041025641025641026
2.0 0.5211267605633803 0.6820512820512821 0.051643192488262914 0.02564102564102564
1.0 0.6009389671361502 0.5679487179487179 0.023474178403755867 0.023076923076923078
6.0 0.6279342723004695 0.5333333333333333 0.035211267605633804 0.02564102564102564
6.0 0.5974178403755869 0.4846153846153846 0.06807511737089202 0.05128205128205128
0.0 0.5927230046948356 0.3871794871794872 0.01643192488262911 0.03076923076923077
6.0 0.6126760563380281 0.39871794871794874 0.04225352112676056 0.038461538461538464
6.0 0.7793427230046949 0.46794871794871795 0.018779342723004695 0.04358974358974359
0.0 0.784037558685446 0.46282051282051284 0.009389671361502348 0.03333333333333333
0.0 0.7711267605633803 0.4666666666666667 0.01643192488262911 0.041025641025641026
0.0 0.7711267605633803 0.4 0.011737089201877934 0.035897435897435895
7.0 0.7875586854460094 0.40512820512820513 0.02112676056338028 0.041025641025641026
7.0 0.7230046948356808 0.33076923076923076 0.023474178403755867 0.035897435897435895
3.0 0.8204225352112676 0.4025641025641026 0.03990610328638498 0.041025641025641026
3.0 0.7946009389671361 0.37948717948717947 0.04460093896713615 0.041025641025641026
4.0 0.8204225352112676 0.37948717948717947 0.03051643192488263 0.035897435897435895
3.0 0.8004694835680751 0.36538461538461536 0.028169014084507043 0.028205128205128206
3.0 0.8145539906103286 0.3641025641025641 0.03286384976525822 0.03076923076923077
4.0 0.8075117370892019 0.35 0.046948356807511735 0.04871794871794872
1.0 0.6631455399061033 0.3038461538461538 0.007042253521126761 0.017948717948717947
9.0 0.6690140845070423 0.3076923076923077 0.018779342723004695 0.015384615384615385
9.0 0.6525821596244131 0.30256410256410254 0.018779342723004695 0.015384615384615385
9.0 0.6854460093896714 0.2423076923076923 0.018779342723004695 0.017948717948717947
9.0 0.6643192488262911 0.22948717948717948 0.018779342723004695 0.01282051282051282
9.0 0.647887323943662 0.24871794871794872 0.018779342723004695 0.015384615384615385
9.0 0.6924882629107981 0.22692307692307692 0.009389671361502348 0.01282051282051282
1.0 0.6924882629107981 0.22692307692307692 0.009389671361502348 0.01282051282051282
0.0 0.710093896713615 0.24487179487179486 0.011737089201877934 0.017948717948717947
0.0 0.704225352112676 0.24358974358974358 0.009389671361502348 0.015384615384615385
2.0 0.7030516431924883 0.2423076923076923 0.007042253521126761 0.01282051282051282
9.0 0.7241784037558685 0.2512820512820513 0.011737089201877934 0.015384615384615385
1.0 0.7230046948356808 0.24615384615384617 0.009389671361502348 0.010256410256410256
0.0 0.7206572769953051 0.23974358974358975 0.009389671361502348 0.017948717948717947
0.0 0.6772300469483568 0.1935897435897436 0.007042253521126761 0.01282051282051282
1.0 0.6924882629107981 0.21025641025641026 0.009389671361502348 0.015384615384615385
9.0 0.6924882629107981 0.21025641025641026 0.009389671361502348 0.010256410256410256
4.0 0.6866197183098591 0.18974358974358974 0.02112676056338028 0.020512820512820513
7.0 0.6971830985915493 0.19230769230769232 0.014084507042253521 0.015384615384615385
7.0 0.7065727699530516 0.191025641025641 0.014084507042253521 0.01282051282051282
6.0 0.7147887323943662 0.19615384615384615 0.011737089201877934 0.01282051282051282
1.0 0.7147887323943662 0.19487179487179487 0.007042253521126761 0.010256410256410256
3.0 0.7582159624413145 0.2833333333333333 0.04225352112676056 0.03333333333333333
3.0 0.7582159624413145 0.2653846153846154 0.03755868544600939 0.028205128205128206
3.0 0.7981220657276995 0.30512820512820515 0.03286384976525822 0.03076923076923077
3.0 0.7946009389671361 0.29615384615384616 0.035211267605633804 0.03333333333333333
4.0 0.7934272300469484 0.28717948717948716 0.028169014084507043 0.03076923076923077
0.0 0.8086854460093896 0.2987179487179487 0.011737089201877934 0.023076923076923078
4.0 0.7863849765258216 0.2794871794871795 0.028169014084507043 0.03076923076923077
3.0 0.789906103286385 0.2782051282051282 0.03051643192488263 0.028205128205128206
3.0 0.7863849765258216 0.26794871794871794 0.03755868544600939 0.03333333333333333
3.0 0.7652582159624414 0.2641025641025641 0.03286384976525822 0.02564102564102564
7.0 0.7523474178403756 0.24743589743589745 0.03051643192488263 0.028205128205128206
7.0 0.8039906103286385 0.2602564102564103 0.02112676056338028 0.023076923076923078
7.0 0.7769953051643192 0.24487179487179486 0.018779342723004695 0.017948717948717947
3.0 0.7734741784037559 0.23717948717948717 0.03051643192488263 0.023076923076923078
3.0 0.7711267605633803 0.2358974358974359 0.03051643192488263 0.02564102564102564
3.0 0.7476525821596244 0.2282051282051282 0.01643192488262911 0.020512820512820513
3.0 0.7417840375586855 0.22179487179487178 0.03286384976525822 0.023076923076923078
3.0 0.7464788732394366 0.22435897435897437 0.03755868544600939 0.028205128205128206
7.0 0.7394366197183099 0.2153846153846154 0.018779342723004695 0.015384615384615385
3.0 0.8380281690140845 0.29102564102564105 0.014084507042253521 0.023076923076923078
3.0 0.8039906103286385 0.22692307692307692 0.011737089201877934 0.01282051282051282
0.0 0.6913145539906104 0.17435897435897435 0.007042253521126761 0.005128205128205128
0.0 0.6936619718309859 0.17435897435897435 0.007042253521126761 0.010256410256410256
0.0 0.6983568075117371 0.17692307692307693 0.007042253521126761 0.010256410256410256
0.0 0.7077464788732394 0.18205128205128204 0.007042253521126761 0.010256410256410256
0.0 0.7112676056338029 0.18205128205128204 0.004694835680751174 0.010256410256410256
7.0 0.681924882629108 0.1641025641025641 0.011737089201877934 0.010256410256410256
1.0 0.7030516431924883 0.17051282051282052 0.007042253521126761 0.007692307692307693
6.0 0.704225352112676 0.1717948717948718 0.014084507042253521 0.010256410256410256
9.0 0.8227699530516432 0.24871794871794872 0.007042253521126761 0.010256410256410256
1.0 0.8215962441314554 0.24487179487179486 0.004694835680751174 0.007692307692307693
5.0 0.8039906103286385 0.19615384615384615 0.02112676056338028 0.023076923076923078
5.0 0.795774647887324 0.1794871794871795 0.018779342723004695 0.020512820512820513
8.0 0.8227699530516432 0.2 0.011737089201877934 0.015384615384615385
3.0 0.8380281690140845 0.22564102564102564 0.009389671361502348 0.010256410256410256
3.0 0.8438967136150235 0.23461538461538461 0.011737089201877934 0.01282051282051282
3.0 0.8380281690140845 0.23461538461538461 0.009389671361502348 0.01282051282051282
7.0 0.8603286384976526 0.25256410256410255 0.007042253521126761 0.01282051282051282
5.0 0.8556338028169014 0.2602564102564103 0.01643192488262911 0.028205128205128206
3.0 0.8673708920187794 0.28974358974358977 0.011737089201877934 0.020512820512820513
3.0 0.8661971830985915 0.2833333333333333 0.009389671361502348 0.017948717948717947
3.0 0.8779342723004695 0.29743589743589743 0.009389671361502348 0.015384615384615385
4.0 0.8967136150234741 0.32051282051282054 0.009389671361502348 0.020512820512820513
0.0 0.8755868544600939 0.32051282051282054 0.004694835680751174 0.010256410256410256
9.0 0.8755868544600939 0.3230769230769231 0.004694835680751174 0.010256410256410256
3.0 0.8990610328638498 0.367948717948718 0.009389671361502348 0.023076923076923078
5.0 0.9190140845070423 0.3641025641025641 0.01643192488262911 0.041025641025641026
5.0 0.9272300469483568 0.3717948717948718 0.009389671361502348 0.02564102564102564
5.0 0.9401408450704225 0.4166666666666667 0.01643192488262911 0.05384615384615385
3.0 0.9413145539906104 0.4012820512820513 0.009389671361502348 0.023076923076923078
8.0 0.9284037558685446 0.46153846153846156 0.011737089201877934 0.046153846153846156
3.0 0.9424882629107981 0.4794871794871795 0.007042253521126761 0.03076923076923077
5.0 0.9577464788732394 0.48717948717948717 0.004694835680751174 0.02564102564102564
1.0 0.9565727699530516 0.44743589743589746 0.002347417840375587 0.007692307692307693
1.0 0.9565727699530516 0.44487179487179485 0.002347417840375587 0.01282051282051282
9.0 0.9565727699530516 0.44743589743589746 0.002347417840375587 0.01282051282051282
9.0 0.965962441314554 0.4641025641025641 0.002347417840375587 0.010256410256410256
0.0 0.9765258215962441 0.4935897435897436 0.0 0.01282051282051282
3.0 0.9612676056338029 0.5269230769230769 0.007042253521126761 0.023076923076923078
7.0 0.9800469483568075 0.49615384615384617 0.002347417840375587 0.017948717948717947
1.0 0.9882629107981221 0.5051282051282051 0.0 0.005128205128205128
9.0 0.9882629107981221 0.5064102564102564 0.0 0.01282051282051282
0.0 0.9859154929577465 0.5358974358974359 0.0 0.015384615384615385
1.0 0.9870892018779343 0.5397435897435897 0.002347417840375587 0.01282051282051282
3.0 0.9882629107981221 0.5423076923076923 0.004694835680751174 0.023076923076923078
7.0 0.9906103286384976 0.5461538461538461 0.004694835680751174 0.020512820512820513
1.0 0.9917840375586855 0.5166666666666667 0.002347417840375587 0.007692307692307693
9.0 0.9917840375586855 0.517948717948718 0.002347417840375587 0.010256410256410256
6.0 0.9917840375586855 0.5115384615384615 0.002347417840375587 0.01282051282051282
9.0 0.9953051643192489 0.5102564102564102 0.0 0.010256410256410256
9.0 0.9953051643192489 0.5025641025641026 0.0 0.005128205128205128
7.0 0.9906103286384976 0.5884615384615385 0.004694835680751174 0.023076923076923078
5.0 0.9753521126760564 0.6333333333333333 0.025821596244131457 0.07692307692307693
7.0 0.8603286384976526 0.8435897435897436 0.035211267605633804 0.046153846153846156
0.0 0.8075117370892019 0.8910256410256411 0.014084507042253521 0.017948717948717947
1.0 0.795774647887324 0.9051282051282051 0.014084507042253521 0.015384615384615385
7.0 0.8227699530516432 0.8756410256410256 0.03051643192488263 0.03333333333333333
7.0 0.8227699530516432 0.8461538461538461 0.07276995305164319 0.07179487179487179
6.0 0.846244131455399 0.8166666666666667 0.035211267605633804 0.038461538461538464
0.0 0.8626760563380281 0.8038461538461539 0.01643192488262911 0.028205128205128206
6.0 0.8685446009389671 0.7987179487179488 0.03286384976525822 0.04871794871794872
1.0 0.92018779342723 0.6397435897435897 0.009389671361502348 0.023076923076923078
9.0 0.9190140845070423 0.6461538461538462 0.007042253521126761 0.02564102564102564
9.0 0.9014084507042254 0.4794871794871795 0.004694835680751174 0.020512820512820513
1.0 0.9025821596244131 0.4756410256410256 0.002347417840375587 0.01282051282051282
0.0 0.8896713615023474 0.4371794871794872 0.004694835680751174 0.023076923076923078
7.0 0.886150234741784 0.42948717948717946 0.011737089201877934 0.03333333333333333
9.0 0.8603286384976526 0.35384615384615387 0.007042253521126761 0.015384615384615385
9.0 0.8274647887323944 0.33205128205128204 0.01643192488262911 0.023076923076923078
9.0 0.9154929577464789 0.3423076923076923 0.004694835680751174 0.007692307692307693
1.0 0.9143192488262911 0.3384615384615385 0.002347417840375587 0.010256410256410256
9.0 0.9765258215962441 0.4807692307692308 0.0 0.007692307692307693
6.0 0.971830985915493 0.46923076923076923 0.004694835680751174 0.020512820512820513
0.0 0.8826291079812206 0.4512820512820513 0.004694835680751174 0.02564102564102564
2.0 0.8838028169014085 0.45256410256410257 0.011737089201877934 0.017948717948717947
3.0 0.823943661971831 0.24487179487179486 0.009389671361502348 0.01282051282051282
6.0 0.9612676056338029 0.4346153846153846 0.002347417840375587 0.01282051282051282
6.0 0.9589201877934272 0.4256410256410256 0.002347417840375587 0.015384615384615385
0.0 0.9565727699530516 0.4256410256410256 0.002347417840375587 0.010256410256410256
0.0 0.9565727699530516 0.4205128205128205 0.002347417840375587 0.010256410256410256
5.0 0.9553990610328639 0.41410256410256413 0.004694835680751174 0.017948717948717947
7.0 0.9389671361502347 0.3782051282051282 0.004694835680751174 0.01282051282051282
3.0 0.9295774647887324 0.34102564102564104 0.009389671361502348 0.015384615384615385
3.0 0.9272300469483568 0.3371794871794872 0.009389671361502348 0.01282051282051282
4.0 0.9272300469483568 0.3333333333333333 0.009389671361502348 0.015384615384615385
4.0 0.9248826291079812 0.33205128205128204 0.009389671361502348 0.01282051282051282
4.0 0.9213615023474179 0.32564102564102565 0.011737089201877934 0.020512820512820513
5.0 0.92018779342723 0.3192307692307692 0.014084507042253521 0.023076923076923078
4.0 0.9154929577464789 0.3153846153846154 0.009389671361502348 0.015384615384615385
4.0 0.9143192488262911 0.31153846153846154 0.007042253521126761 0.01282051282051282
3.0 0.9131455399061033 0.31025641025641026 0.009389671361502348 0.015384615384615385
4.0 0.9096244131455399 0.30256410256410254 0.007042253521126761 0.015384615384615385
3.0 0.9025821596244131 0.2923076923076923 0.011737089201877934 0.015384615384615385
3.0 0.9107981220657277 0.2987179487179487 0.009389671361502348 0.01282051282051282
5.0 0.9014084507042254 0.28717948717948716 0.014084507042253521 0.020512820512820513
3.0 0.8990610328638498 0.28717948717948716 0.009389671361502348 0.015384615384615385
3.0 0.8967136150234741 0.28076923076923077 0.009389671361502348 0.01282051282051282
3.0 0.892018779342723 0.27564102564102566 0.009389671361502348 0.01282051282051282
3.0 0.8873239436619719 0.2692307692307692 0.009389671361502348 0.015384615384615385
3.0 0.8873239436619719 0.26794871794871794 0.009389671361502348 0.01282051282051282
3.0 0.8826291079812206 0.2602564102564103 0.009389671361502348 0.01282051282051282
4.0 0.8779342723004695 0.2551282051282051 0.009389671361502348 0.01282051282051282
3.0 0.8755868544600939 0.2512820512820513 0.009389671361502348 0.010256410256410256
4.0 0.8755868544600939 0.25 0.009389671361502348 0.01282051282051282
4.0 0.8967136150234741 0.2782051282051282 0.009389671361502348 0.01282051282051282
3.0 0.8943661971830986 0.27307692307692305 0.009389671361502348 0.01282051282051282
4.0 0.8908450704225352 0.26794871794871794 0.007042253521126761 0.007692307692307693
3.0 0.8896713615023474 0.26794871794871794 0.009389671361502348 0.01282051282051282
3.0 0.8873239436619719 0.26282051282051283 0.009389671361502348 0.01282051282051282
7.0 0.8826291079812206 0.25769230769230766 0.004694835680751174 0.007692307692307693
