5.0 0.015931372549019607 0.6229281767955801 0.01715686274509804 0.06353591160220995
5.0 0.6311274509803921 0.11878453038674033 0.07598039215686274 0.03867403314917127
5.0 0.7181372549019608 0.11187845303867404 0.029411764705882353 0.024861878453038673
3.0 0.00857843137254902 0.6049723756906077 0.007352941176470588 0.03314917127071823
3.0 0.00980392156862745 0.5082872928176796 0.004901960784313725 0.027624309392265192
3.0 0.0661764705882353 0.281767955801105 0.00980392156862745 0.016574585635359115
3.0 0.15196078431372548 0.17541436464088397 0.014705882352941176 0.019337016574585635
3.0 0.04534313725490196 0.3687845303867403 0.012254901960784314 0.03038674033149171
3.0 0.15441176470588236 0.16298342541436464 0.00980392156862745 0.011049723756906077
3.0 0.2340686274509804 0.1671270718232044 0.01715686274509804 0.019337016574585635
3.0 0.1875 0.5566298342541437 0.041666666666666664 0.04696132596685083
3.0 0.25245098039215685 0.4889502762430939 0.04411764705882353 0.03867403314917127
3.0 0.14215686274509803 0.6160220994475138 0.03431372549019608 0.055248618784530384
3.0 0.4105392156862745 0.8660220994475138 0.056372549019607844 0.052486187845303865
3.0 0.3553921568627451 0.5911602209944752 0.07352941176470588 0.08287292817679558
3.0 0.9325980392156863 0.7265193370165746 0.022058823529411766 0.04419889502762431
3.0 0.3235294117647059 0.10082872928176796 0.00980392156862745 0.008287292817679558
3.0 0.34558823529411764 0.09392265193370165 0.014705882352941176 0.011049723756906077
3.0 0.3112745098039216 0.052486187845303865 0.00980392156862745 0.0055248618784530384
3.0 0.3713235294117647 0.026243093922651933 0.007352941176470588 0.0027624309392265192
3.0 0.3627450980392157 0.026243093922651933 0.004901960784313725 0.0027624309392265192
4.0 0.2340686274509804 0.8770718232044199 0.0661764705882353 0.06906077348066299
4.0 0.011029411764705883 0.5455801104972375 0.007352941176470588 0.04143646408839779
4.0 0.0196078431372549 0.393646408839779 0.004901960784313725 0.019337016574585635
4.0 0.09926470588235294 0.22790055248618785 0.012254901960784314 0.019337016574585635
4.0 0.17279411764705882 0.143646408839779 0.012254901960784314 0.011049723756906077
4.0 0.17892156862745098 0.1408839779005525 0.00980392156862745 0.011049723756906077
5.0 0.26838235294117646 0.07320441988950276 0.01715686274509804 0.013812154696132596
5.0 0.2855392156862745 0.0649171270718232 0.01715686274509804 0.013812154696132596
5.0 0.3431372549019608 0.034530386740331494 0.014705882352941176 0.008287292817679558
4.0 0.32965686274509803 0.04143646408839779 0.007352941176470588 0.0055248618784530384
4.0 0.3272058823529412 0.1298342541436464 0.022058823529411766 0.022099447513812154
3.0 0.9534313725490197 0.30939226519337015 0.00980392156862745 0.016574585635359115
3.0 0.9620098039215687 0.3218232044198895 0.007352941176470588 0.013812154696132596
3.0 0.9693627450980392 0.3328729281767956 0.007352941176470588 0.013812154696132596
3.0 0.9681372549019608 0.324585635359116 0.004901960784313725 0.013812154696132596
0.0 0.8725490196078431 0.21132596685082872 0.004901960784313725 0.013812154696132596
4.0 0.34068627450980393 0.4240331491712707 0.06372549019607843 0.06353591160220995
8.0 0.3713235294117647 0.04419889502762431 0.02696078431372549 0.016574585635359115
3.0 0.5171568627450981 0.06353591160220995 0.014705882352941176 0.0055248618784530384
3.0 0.9007352941176471 0.26657458563535913 0.012254901960784314 0.019337016574585635
3.0 0.9093137254901961 0.2569060773480663 0.00980392156862745 0.016574585635359115
0.0 0.9019607843137255 0.2361878453038674 0.004901960784313725 0.008287292817679558
3.0 0.7732843137254902 0.17403314917127072 0.02696078431372549 0.022099447513812154
8.0 0.9301470588235294 0.6049723756906077 0.061274509803921566 0.12154696132596685
8.0 0.7818627450980392 0.15607734806629833 0.04411764705882353 0.04143646408839779
8.0 0.8394607843137255 0.18370165745856354 0.04656862745098039 0.04696132596685083
8.0 0.7610294117647058 0.13397790055248618 0.031862745098039214 0.024861878453038673
8.0 0.7977941176470589 0.15469613259668508 0.051470588235294115 0.04419889502762431
5.0 0.40441176470588236 0.03038674033149171 0.00980392156862745 0.0055248618784530384
3.0 0.39828431372549017 0.034530386740331494 0.007352941176470588 0.0027624309392265192
3.0 0.4485294117647059 0.031767955801104975 0.004901960784313725 0.0027624309392265192
3.0 0.39215686274509803 0.017955801104972375 0.004901960784313725 0.0027624309392265192
3.0 0.4019607843137255 0.015193370165745856 0.004901960784313725 0.0027624309392265192
