3.0 0.8960280373831776 0.29854368932038833 0.0911214953271028 0.16990291262135923
4.0 0.625 0.8992718446601942 0.3060747663551402 0.12864077669902912
3.0 0.5 0.9611650485436893 0.3037383177570093 0.02912621359223301
0.0 0.9380841121495327 0.46480582524271846 0.016355140186915886 0.08495145631067962
0.0 0.7593457943925234 0.7694174757281553 0.06542056074766354 0.08737864077669903
0.0 0.7838785046728972 0.7936893203883495 0.053738317757009345 0.06796116504854369
0.0 0.3002336448598131 0.32160194174757284 0.08177570093457943 0.13349514563106796
0.0 0.08060747663551401 0.4344660194174757 0.02102803738317757 0.07766990291262135
0.0 0.8469626168224299 0.2936893203883495 0.04439252336448598 0.09223300970873786
0.0 0.8399532710280374 0.3070388349514563 0.0397196261682243 0.07524271844660194
0.0 0.8049065420560748 0.23058252427184467 0.04439252336448598 0.06796116504854369
0.0 0.8200934579439252 0.3470873786407767 0.04205607476635514 0.11165048543689321
0.0 0.8469626168224299 0.38470873786407767 0.02102803738317757 0.050970873786407765
0.0 0.9766355140186916 0.4720873786407767 0.009345794392523364 0.055825242718446605
0.0 0.9824766355140186 0.49514563106796117 0.007009345794392523 0.043689320388349516
1.0 0.9824766355140186 0.4842233009708738 0.002336448598130841 0.021844660194174758
2.0 0.9579439252336449 0.6601941747572816 0.028037383177570093 0.05825242718446602
2.0 0.9404205607476636 0.7305825242718447 0.030373831775700934 0.04854368932038835
1.0 0.2336448598130841 0.8264563106796117 0.056074766355140186 0.06067961165048544
1.0 0.3341121495327103 0.8640776699029126 0.06074766355140187 0.04854368932038835
2.0 0.22897196261682243 0.9065533980582524 0.07476635514018691 0.050970873786407765
3.0 0.9182242990654206 0.779126213592233 0.06542056074766354 0.10194174757281553
4.0 0.6997663551401869 0.9356796116504854 0.17990654205607476 0.10436893203883495
0.0 0.9813084112149533 0.46601941747572817 0.004672897196261682 0.05339805825242718
