3.0 0.00857843137254902 0.5870165745856354 0.007352941176470588 0.024861878453038673
3.0 0.00980392156862745 0.4972375690607735 0.004901960784313725 0.022099447513812154
3.0 0.03431372549019608 0.40331491712707185 0.00980392156862745 0.027624309392265192
3.0 0.04534313725490196 0.3784530386740331 0.012254901960784314 0.027624309392265192
3.0 0.058823529411764705 0.3494475138121547 0.00980392156862745 0.024861878453038673
9.0 0.06862745098039216 0.3301104972375691 0.004901960784313725 0.013812154696132596
1.0 0.06985294117647059 0.32734806629834257 0.0024509803921568627 0.008287292817679558
0.0 0.020833333333333332 0.3687845303867403 0.0024509803921568627 0.008287292817679558
0.0 0.023284313725490197 0.36464088397790057 0.0024509803921568627 0.011049723756906077
0.0 0.025735294117647058 0.3660220994475138 0.0024509803921568627 0.008287292817679558
0.0 0.02696078431372549 0.36049723756906077 0.004901960784313725 0.008287292817679558
0.0 0.020833333333333332 0.3756906077348066 0.0024509803921568627 0.011049723756906077
3.0 0.6470588235294118 0.5870165745856354 0.049019607843137254 0.09668508287292818
3.0 0.6115196078431373 0.26933701657458564 0.03676470588235294 0.058011049723756904
3.0 0.6274509803921569 0.2154696132596685 0.029411764705882353 0.03867403314917127
3.0 0.5759803921568627 0.14917127071823205 0.029411764705882353 0.022099447513812154
3.0 0.5575980392156863 0.1132596685082873 0.02696078431372549 0.016574585635359115
8.0 0.7794117647058824 0.19889502762430938 0.10294117647058823 0.09392265193370165
3.0 0.4877450980392157 0.052486187845303865 0.014705882352941176 0.0055248618784530384
3.0 0.47549019607843135 0.04143646408839779 0.014705882352941176 0.0055248618784530384
3.0 0.5330882352941176 0.029005524861878452 0.01715686274509804 0.008287292817679558
8.0 0.9497549019607843 0.3370165745856354 0.031862745098039214 0.06077348066298342
8.0 0.9166666666666666 0.31077348066298344 0.0392156862745098 0.058011049723756904
