5.0 0.09191176470588236 0.1919889502762431 0.01715686274509804 0.024861878453038673
8.0 0.07352941176470588 0.21685082872928177 0.014705882352941176 0.024861878453038673
3.0 0.056372549019607844 0.24171270718232044 0.00980392156862745 0.013812154696132596
4.0 0.03799019607843137 0.31353591160220995 0.012254901960784314 0.024861878453038673
3.0 0.05024509803921569 0.34392265193370164 0.012254901960784314 0.03038674033149171
3.0 0.9227941176470589 0.19475138121546962 0.007352941176470588 0.008287292817679558
3.0 0.9264705882352942 0.20303867403314918 0.004901960784313725 0.008287292817679558
3.0 0.9448529411764706 0.2265193370165746 0.007352941176470588 0.011049723756906077
9.0 0.9375 0.2265193370165746 0.0024509803921568627 0.0055248618784530384
3.0 0.9767156862745098 0.39088397790055246 0.007352941176470588 0.024861878453038673
3.0 0.9852941176470589 0.5704419889502762 0.004901960784313725 0.024861878453038673
3.0 0.9681372549019608 0.6740331491712708 0.00980392156862745 0.03314917127071823
3.0 0.9105392156862745 0.787292817679558 0.031862745098039214 0.049723756906077346
9.0 0.9485294117647058 0.7016574585635359 0.004901960784313725 0.011049723756906077
1.0 0.9485294117647058 0.7002762430939227 0.004901960784313725 0.008287292817679558
0.0 0.9068627450980392 0.7265193370165746 0.004901960784313725 0.011049723756906077
3.0 0.8088235294117647 0.7403314917127072 0.058823529411764705 0.0718232044198895
3.0 0.24019607843137256 0.611878453038674 0.058823529411764705 0.058011049723756904
1.0 0.6580882352941176 0.8480662983425414 0.012254901960784314 0.011049723756906077
1.0 0.6495098039215687 0.8494475138121547 0.014705882352941176 0.013812154696132596
9.0 0.6495098039215687 0.8522099447513812 0.03431372549019608 0.019337016574585635
4.0 0.2107843137254902 0.5041436464088398 0.0392156862745098 0.058011049723756904
3.0 0.18995098039215685 0.4419889502762431 0.03676470588235294 0.049723756906077346
