0.0 0.13480392156862744 0.5695876288659794 0.00980392156862745 0.03608247422680412
4.0 0.2512254901960784 0.8891752577319587 0.0661764705882353 0.06701030927835051
0.0 0.4215686274509804 0.9523195876288659 0.024509803921568627 0.023195876288659795
3.0 0.23651960784313725 0.8079896907216495 0.0661764705882353 0.07989690721649484
0.0 0.4791666666666667 0.8067010309278351 0.012254901960784314 0.020618556701030927
9.0 0.6090686274509803 0.6868556701030928 0.041666666666666664 0.07989690721649484
9.0 0.6727941176470589 0.5721649484536082 0.03676470588235294 0.061855670103092786
9.0 0.7071078431372549 0.23582474226804123 0.012254901960784314 0.01804123711340206
9.0 0.6862745098039216 0.18041237113402062 0.00980392156862745 0.015463917525773196
9.0 0.37254901960784315 0.22938144329896906 0.014705882352941176 0.020618556701030927
9.0 0.39705882352941174 0.15850515463917525 0.00980392156862745 0.01804123711340206
9.0 0.6078431372549019 0.06443298969072164 0.004901960784313725 0.005154639175257732
9.0 0.6286764705882353 0.08376288659793814 0.007352941176470588 0.002577319587628866
9.0 0.6629901960784313 0.14304123711340205 0.012254901960784314 0.01288659793814433
3.0 0.34681372549019607 0.061855670103092786 0.02696078431372549 0.010309278350515464
3.0 0.36642156862745096 0.05412371134020619 0.02696078431372549 0.010309278350515464
3.0 0.3799019607843137 0.05412371134020619 0.029411764705882353 0.010309278350515464
0.0 0.3799019607843137 0.05670103092783505 0.004901960784313725 0.005154639175257732
0.0 0.32965686274509803 0.10438144329896908 0.007352941176470588 0.007731958762886598
0.0 0.3235294117647059 0.11211340206185567 0.004901960784313725 0.002577319587628866
0.0 0.30514705882352944 0.1134020618556701 0.0024509803921568627 0.005154639175257732
0.0 0.37254901960784315 0.09278350515463918 0.004901960784313725 0.005154639175257732
3.0 0.34681372549019607 0.08634020618556701 0.02696078431372549 0.01288659793814433
0.0 0.34558823529411764 0.11211340206185567 0.004901960784313725 0.007731958762886598
0.0 0.3272058823529412 0.12628865979381443 0.007352941176470588 0.010309278350515464
3.0 0.25857843137254904 0.3956185567010309 0.041666666666666664 0.07474226804123711
3.0 0.5968137254901961 0.2860824742268041 0.04656862745098039 0.04639175257731959
3.0 0.2867647058823529 0.31443298969072164 0.05392156862745098 0.07731958762886598
3.0 0.31004901960784315 0.2693298969072165 0.041666666666666664 0.04896907216494845
3.0 0.3284313725490196 0.22938144329896906 0.0392156862745098 0.041237113402061855
3.0 0.35171568627450983 0.18814432989690721 0.031862745098039214 0.030927835051546393
3.0 0.37745098039215685 0.14690721649484537 0.029411764705882353 0.020618556701030927
3.0 0.38848039215686275 0.13015463917525774 0.02696078431372549 0.023195876288659795
3.0 0.39950980392156865 0.11597938144329897 0.0196078431372549 0.015463917525773196
3.0 0.4117647058823529 0.09922680412371133 0.0196078431372549 0.01288659793814433
3.0 0.42892156862745096 0.08376288659793814 0.0196078431372549 0.01288659793814433
3.0 0.4056372549019608 0.04768041237113402 0.02696078431372549 0.007731958762886598
3.0 0.4840686274509804 0.04252577319587629 0.022058823529411766 0.002577319587628866
3.0 0.5465686274509803 0.001288659793814433 0.004901960784313725 0.002577319587628866
3.0 0.5477941176470589 0.002577319587628866 0.0024509803921568627 0.0
3.0 0.5330882352941176 0.006443298969072165 0.0024509803921568627 0.002577319587628866
3.0 0.5441176470588235 0.00902061855670103 0.004901960784313725 0.002577319587628866
3.0 0.5428921568627451 0.010309278350515464 0.0024509803921568627 0.0
3.0 0.5575980392156863 0.019329896907216496 0.007352941176470588 0.002577319587628866
4.0 0.5294117647058824 0.03479381443298969 0.00980392156862745 0.002577319587628866
3.0 0.46568627450980393 0.04639175257731959 0.029411764705882353 0.005154639175257732
3.0 0.5379901960784313 0.04252577319587629 0.031862745098039214 0.007731958762886598
3.0 0.5159313725490197 0.04896907216494845 0.01715686274509804 0.005154639175257732
3.0 0.508578431372549 0.05412371134020619 0.012254901960784314 0.005154639175257732
3.0 0.5526960784313726 0.055412371134020616 0.012254901960784314 0.007731958762886598
3.0 0.553921568627451 0.06443298969072164 0.014705882352941176 0.005154639175257732
3.0 0.5588235294117647 0.08376288659793814 0.0196078431372549 0.007731958762886598
3.0 0.5318627450980392 0.08118556701030928 0.014705882352941176 0.007731958762886598
5.0 0.44730392156862747 0.04252577319587629 0.02696078431372549 0.007731958762886598
0.0 0.5147058823529411 0.041237113402061855 0.004901960784313725 0.005154639175257732
3.0 0.43504901960784315 0.07216494845360824 0.01715686274509804 0.010309278350515464
0.0 0.43137254901960786 0.09922680412371133 0.004901960784313725 0.007731958762886598
3.0 0.5674019607843137 0.1134020618556701 0.02696078431372549 0.015463917525773196
3.0 0.5441176470588235 0.15206185567010308 0.024509803921568627 0.020618556701030927
3.0 0.5870098039215687 0.14175257731958762 0.02696078431372549 0.020618556701030927
3.0 0.7426470588235294 0.25902061855670105 0.029411764705882353 0.03350515463917526
3.0 0.7561274509803921 0.2912371134020619 0.02696078431372549 0.03608247422680412
3.0 0.7683823529411765 0.33118556701030927 0.02696078431372549 0.04381443298969072
3.0 0.7034313725490197 0.18041237113402062 0.024509803921568627 0.02577319587628866
3.0 0.6911764705882353 0.15850515463917525 0.0196078431372549 0.01804123711340206
3.0 0.6458333333333334 0.09278350515463918 0.01715686274509804 0.010309278350515464
3.0 0.6409313725490197 0.08505154639175258 0.01715686274509804 0.010309278350515464
4.0 0.6580882352941176 0.1095360824742268 0.01715686274509804 0.01288659793814433
3.0 0.5857843137254902 0.08247422680412371 0.0196078431372549 0.010309278350515464
3.0 0.5772058823529411 0.061855670103092786 0.012254901960784314 0.005154639175257732
3.0 0.5759803921568627 0.05670103092783505 0.00980392156862745 0.005154639175257732
3.0 0.571078431372549 0.04768041237113402 0.029411764705882353 0.007731958762886598
3.0 0.5808823529411765 0.04768041237113402 0.029411764705882353 0.007731958762886598
3.0 0.6409313725490197 0.05798969072164949 0.01715686274509804 0.007731958762886598
3.0 0.6274509803921569 0.06056701030927835 0.0196078431372549 0.007731958762886598
3.0 0.5808823529411765 0.007731958762886598 0.004901960784313725 0.0
3.0 0.5857843137254902 0.011597938144329897 0.00980392156862745 0.002577319587628866
3.0 0.5821078431372549 0.00902061855670103 0.007352941176470588 0.002577319587628866
3.0 0.5796568627450981 0.006443298969072165 0.007352941176470588 0.002577319587628866
3.0 0.5857843137254902 0.011597938144329897 0.00980392156862745 0.002577319587628866
3.0 0.5735294117647058 0.011597938144329897 0.004901960784313725 0.002577319587628866
3.0 0.5882352941176471 0.014175257731958763 0.00980392156862745 0.002577319587628866
3.0 0.5919117647058824 0.015463917525773196 0.012254901960784314 0.005154639175257732
3.0 0.5931372549019608 0.01675257731958763 0.00980392156862745 0.002577319587628866
3.0 0.5955882352941176 0.019329896907216496 0.00980392156862745 0.002577319587628866
3.0 0.6004901960784313 0.020618556701030927 0.00980392156862745 0.005154639175257732
3.0 0.6004901960784313 0.02190721649484536 0.00980392156862745 0.002577319587628866
3.0 0.6017156862745098 0.023195876288659795 0.012254901960784314 0.005154639175257732
3.0 0.6053921568627451 0.02577319587628866 0.014705882352941176 0.005154639175257732
3.0 0.6078431372549019 0.027061855670103094 0.014705882352941176 0.002577319587628866
3.0 0.6078431372549019 0.028350515463917526 0.014705882352941176 0.005154639175257732
3.0 0.6090686274509803 0.029639175257731958 0.012254901960784314 0.002577319587628866
3.0 0.6115196078431373 0.030927835051546393 0.012254901960784314 0.005154639175257732
3.0 0.6188725490196079 0.03479381443298969 0.01715686274509804 0.002577319587628866
3.0 0.6225490196078431 0.03608247422680412 0.014705882352941176 0.005154639175257732
3.0 0.625 0.03865979381443299 0.014705882352941176 0.005154639175257732
3.0 0.6262254901960784 0.03994845360824742 0.012254901960784314 0.002577319587628866
3.0 0.6262254901960784 0.041237113402061855 0.012254901960784314 0.005154639175257732
3.0 0.6286764705882353 0.04381443298969072 0.012254901960784314 0.005154639175257732
3.0 0.6384803921568627 0.04896907216494845 0.01715686274509804 0.005154639175257732
3.0 0.6397058823529411 0.05283505154639175 0.0196078431372549 0.007731958762886598
3.0 0.6482843137254902 0.055412371134020616 0.022058823529411766 0.007731958762886598
3.0 0.6482843137254902 0.05670103092783505 0.01715686274509804 0.005154639175257732
3.0 0.6642156862745098 0.061855670103092786 0.00980392156862745 0.005154639175257732
0.0 0.5894607843137255 0.010309278350515464 0.0024509803921568627 0.0
0.0 0.6139705882352942 0.024484536082474227 0.0024509803921568627 0.002577319587628866
4.0 0.6225490196078431 0.030927835051546393 0.004901960784313725 0.005154639175257732
0.0 0.6470588235294118 0.04768041237113402 0.004901960784313725 0.002577319587628866
0.0 0.6433823529411765 0.045103092783505154 0.0024509803921568627 0.002577319587628866
0.0 0.6384803921568627 0.045103092783505154 0.0024509803921568627 0.002577319587628866
9.0 0.6911764705882353 0.9548969072164949 0.029411764705882353 0.023195876288659795
3.0 0.7254901960784313 0.9407216494845361 0.058823529411764705 0.04639175257731959
3.0 0.7536764705882353 0.8853092783505154 0.0661764705882353 0.06443298969072164
9.0 0.7230392156862745 0.8814432989690721 0.024509803921568627 0.02577319587628866
0.0 0.8480392156862745 0.4484536082474227 0.004901960784313725 0.030927835051546393
0.0 0.8419117647058824 0.44458762886597936 0.007352941176470588 0.028350515463917526
3.0 0.821078431372549 0.4110824742268041 0.014705882352941176 0.03865979381443299
3.0 0.7622549019607843 0.1018041237113402 0.00980392156862745 0.007731958762886598
4.0 0.7892156862745098 0.11597938144329897 0.00980392156862745 0.010309278350515464
3.0 0.678921568627451 0.06572164948453608 0.00980392156862745 0.007731958762886598
3.0 0.7120098039215687 0.08118556701030928 0.012254901960784314 0.007731958762886598
3.0 0.696078431372549 0.07989690721649484 0.014705882352941176 0.010309278350515464
3.0 0.7034313725490197 0.07989690721649484 0.014705882352941176 0.010309278350515464
3.0 0.8100490196078431 0.17268041237113402 0.022058823529411766 0.020618556701030927
0.0 0.9080882352941176 0.5412371134020618 0.0024509803921568627 0.020618556701030927
3.0 0.9497549019607843 0.5992268041237113 0.01715686274509804 0.04896907216494845
3.0 0.9068627450980392 0.7654639175257731 0.04411764705882353 0.07216494845360824
3.0 0.8848039215686274 0.8208762886597938 0.04411764705882353 0.059278350515463915
1.0 0.6053921568627451 0.06314432989690721 0.004901960784313725 0.002577319587628866
3.0 0.5857843137254902 0.024484536082474227 0.004901960784313725 0.002577319587628866
3.0 0.5894607843137255 0.029639175257731958 0.007352941176470588 0.002577319587628866
3.0 0.5882352941176471 0.027061855670103094 0.004901960784313725 0.002577319587628866
1.0 0.6274509803921569 0.08118556701030928 0.004901960784313725 0.002577319587628866
1.0 0.6629901960784313 0.14175257731958762 0.007352941176470588 0.005154639175257732
1.0 0.6838235294117647 0.17783505154639176 0.004901960784313725 0.010309278350515464
1.0 0.7058823529411765 0.23324742268041238 0.00980392156862745 0.01288659793814433
1.0 0.39950980392156865 0.15335051546391754 0.00980392156862745 0.007731958762886598
1.0 0.3700980392156863 0.2268041237113402 0.00980392156862745 0.010309278350515464
1.0 0.6764705882352942 0.5618556701030928 0.024509803921568627 0.03608247422680412
1.0 0.6176470588235294 0.6713917525773195 0.029411764705882353 0.03350515463917526
1.0 0.7230392156862745 0.8775773195876289 0.014705882352941176 0.01288659793814433
1.0 0.6948529411764706 0.9497422680412371 0.012254901960784314 0.007731958762886598
