3.0 0.4636150234741784 0.9871794871794872 0.06807511737089202 0.020512820512820513
3.0 0.7676056338028169 0.6948717948717948 0.06103286384976526 0.08717948717948718
3.0 0.892018779342723 0.5294871794871795 0.03286384976525822 0.04871794871794872
3.0 0.3615023474178404 0.36025641025641025 0.06572769953051644 0.09487179487179487
3.0 0.02699530516431925 0.367948717948718 0.007042253521126761 0.017948717948717947
3.0 0.3368544600938967 0.2230769230769231 0.04929577464788732 0.05128205128205128
3.0 0.23591549295774647 0.18205128205128204 0.03051643192488263 0.035897435897435895
3.0 0.3591549295774648 0.11923076923076924 0.03286384976525822 0.023076923076923078
3.0 0.42018779342723006 0.11923076923076924 0.03755868544600939 0.023076923076923078
3.0 0.289906103286385 0.09743589743589744 0.02112676056338028 0.015384615384615385
3.0 0.29577464788732394 0.07564102564102564 0.018779342723004695 0.01282051282051282
3.0 0.3227699530516432 0.05897435897435897 0.01643192488262911 0.010256410256410256
3.0 0.352112676056338 0.05897435897435897 0.014084507042253521 0.010256410256410256
3.0 0.3744131455399061 0.052564102564102565 0.02112676056338028 0.007692307692307693
3.0 0.3755868544600939 0.03974358974358974 0.014084507042253521 0.007692307692307693
3.0 0.357981220657277 0.03333333333333333 0.011737089201877934 0.005128205128205128
4.0 0.323943661971831 0.041025641025641026 0.014084507042253521 0.010256410256410256
8.0 0.29460093896713613 0.05641025641025641 0.02112676056338028 0.015384615384615385
3.0 0.3744131455399061 0.02435897435897436 0.011737089201877934 0.007692307692307693
3.0 0.3685446009389671 0.023076923076923078 0.009389671361502348 0.005128205128205128
3.0 0.3720657276995305 0.019230769230769232 0.011737089201877934 0.002564102564102564
4.0 0.36384976525821594 0.020512820512820513 0.009389671361502348 0.005128205128205128
4.0 0.4612676056338028 0.03076923076923077 0.011737089201877934 0.005128205128205128
4.0 0.8039906103286385 0.3525641025641026 0.0539906103286385 0.0641025641025641
4.0 0.7089201877934272 0.2064102564102564 0.06572769953051644 0.04871794871794872
4.0 0.5892018779342723 0.07948717948717948 0.04225352112676056 0.015384615384615385
4.0 0.755868544600939 0.258974358974359 0.07511737089201878 0.06666666666666667
4.0 0.903755868544601 0.6538461538461539 0.03286384976525822 0.05641025641025641
4.0 0.5856807511737089 0.08846153846153847 0.04460093896713615 0.017948717948717947
4.0 0.4847417840375587 0.026923076923076925 0.025821596244131457 0.007692307692307693
3.0 0.8251173708920188 0.4115384615384615 0.04929577464788732 0.05384615384615385
3.0 0.5727699530516432 0.13333333333333333 0.03755868544600939 0.02564102564102564
3.0 0.6936619718309859 0.18333333333333332 0.06807511737089202 0.04358974358974359
3.0 0.6068075117370892 0.1064102564102564 0.06338028169014084 0.023076923076923078
3.0 0.5715962441314554 0.07307692307692308 0.04460093896713615 0.01282051282051282
3.0 0.5070422535211268 0.06153846153846154 0.023474178403755867 0.010256410256410256
3.0 0.5387323943661971 0.05128205128205128 0.03990610328638498 0.010256410256410256
3.0 0.5363849765258216 0.05384615384615385 0.03990610328638498 0.010256410256410256
3.0 0.568075117370892 0.04871794871794872 0.03755868544600939 0.010256410256410256
3.0 0.5211267605633803 0.04487179487179487 0.03755868544600939 0.007692307692307693
3.0 0.43779342723004694 0.014102564102564103 0.007042253521126761 0.002564102564102564
3.0 0.43309859154929575 0.011538461538461539 0.011737089201877934 0.002564102564102564
3.0 0.4272300469483568 0.008974358974358974 0.009389671361502348 0.002564102564102564
3.0 0.42488262910798125 0.008974358974358974 0.009389671361502348 0.002564102564102564
3.0 0.426056338028169 0.007692307692307693 0.007042253521126761 0.005128205128205128
9.0 0.6314553990610329 0.0782051282051282 0.018779342723004695 0.007692307692307693
9.0 0.6443661971830986 0.08717948717948718 0.02112676056338028 0.010256410256410256
1.0 0.48708920187793425 0.07435897435897436 0.007042253521126761 0.005128205128205128
2.0 0.4859154929577465 0.07564102564102564 0.009389671361502348 0.002564102564102564
1.0 0.09741784037558686 0.7961538461538461 0.011737089201877934 0.017948717948717947
1.0 0.15023474178403756 0.8038461538461539 0.018779342723004695 0.028205128205128206
1.0 0.2136150234741784 0.8871794871794871 0.018779342723004695 0.020512820512820513
1.0 0.789906103286385 0.7410256410256411 0.01643192488262911 0.02564102564102564
1.0 0.7230046948356808 0.4217948717948718 0.018779342723004695 0.038461538461538464
1.0 0.6807511737089202 0.32051282051282054 0.014084507042253521 0.02564102564102564
1.0 0.1643192488262911 0.20897435897435898 0.004694835680751174 0.007692307692307693
1.0 0.14906103286384975 0.22564102564102564 0.007042253521126761 0.010256410256410256
1.0 0.25 0.08717948717948718 0.007042253521126761 0.005128205128205128
9.0 0.1607981220657277 0.2153846153846154 0.007042253521126761 0.010256410256410256
2.0 0.1467136150234742 0.23076923076923078 0.007042253521126761 0.010256410256410256
9.0 0.15492957746478872 0.8115384615384615 0.014084507042253521 0.023076923076923078
9.0 0.22183098591549297 0.8948717948717949 0.01643192488262911 0.015384615384615385
9.0 0.10211267605633803 0.8025641025641026 0.02112676056338028 0.03076923076923077
9.0 0.7852112676056338 0.7525641025641026 0.03051643192488263 0.04358974358974359
9.0 0.721830985915493 0.43333333333333335 0.01643192488262911 0.041025641025641026
9.0 0.681924882629108 0.3294871794871795 0.01643192488262911 0.03333333333333333
9.0 0.8004694835680751 0.6666666666666666 0.018779342723004695 0.05128205128205128
3.0 0.8251173708920188 0.6538461538461539 0.01643192488262911 0.041025641025641026
1.0 0.8990610328638498 0.8064102564102564 0.009389671361502348 0.01282051282051282
1.0 0.931924882629108 0.7692307692307693 0.009389671361502348 0.015384615384615385
9.0 0.8967136150234741 0.8102564102564103 0.018779342723004695 0.02564102564102564
9.0 0.9143192488262911 0.791025641025641 0.01643192488262911 0.023076923076923078
9.0 0.9307511737089202 0.7717948717948718 0.011737089201877934 0.020512820512820513
1.0 0.9178403755868545 0.7858974358974359 0.009389671361502348 0.01282051282051282
1.0 0.9190140845070423 0.7846153846153846 0.007042253521126761 0.010256410256410256
9.0 0.2476525821596244 0.08974358974358974 0.007042253521126761 0.005128205128205128
0.0 0.4225352112676056 0.021794871794871794 0.004694835680751174 0.002564102564102564
0.0 0.4166666666666667 0.021794871794871794 0.002347417840375587 0.002564102564102564
0.0 0.4225352112676056 0.019230769230769232 0.004694835680751174 0.002564102564102564
3.0 0.02112676056338028 0.3769230769230769 0.004694835680751174 0.015384615384615385
3.0 0.014084507042253521 0.3858974358974359 0.004694835680751174 0.01282051282051282
3.0 0.03755868544600939 0.3282051282051282 0.009389671361502348 0.020512820512820513
3.0 0.04342723004694836 0.3141025641025641 0.011737089201877934 0.017948717948717947
9.0 0.818075117370892 0.43974358974358974 0.011737089201877934 0.03333333333333333
9.0 0.82981220657277 0.44743589743589746 0.007042253521126761 0.028205128205128206
3.0 0.4119718309859155 0.011538461538461539 0.007042253521126761 0.002564102564102564
8.0 0.4424882629107981 0.24743589743589745 0.11502347417840375 0.1358974358974359
0.0 0.9847417840375586 0.5846153846153846 0.002347417840375587 0.015384615384615385
9.0 0.596244131455399 0.06282051282051282 0.009389671361502348 0.007692307692307693
