4.0 0.011029411764705883 0.5618556701030928 0.007352941176470588 0.03608247422680412
3.0 0.013480392156862746 0.5592783505154639 0.007352941176470588 0.030927835051546393
5.0 0.0196078431372549 0.6520618556701031 0.014705882352941176 0.041237113402061855
3.0 0.028186274509803922 0.6597938144329897 0.012254901960784314 0.03608247422680412
3.0 0.031862745098039214 0.6623711340206185 0.014705882352941176 0.041237113402061855
3.0 0.031862745098039214 0.654639175257732 0.014705882352941176 0.04639175257731959
3.0 0.0784313725490196 0.8041237113402062 0.014705882352941176 0.020618556701030927
3.0 0.14338235294117646 0.8711340206185567 0.031862745098039214 0.030927835051546393
3.0 0.17401960784313725 0.8724226804123711 0.029411764705882353 0.028350515463917526
3.0 0.23161764705882354 0.9304123711340206 0.031862745098039214 0.020618556701030927
3.0 0.13602941176470587 0.7847938144329897 0.031862745098039214 0.03865979381443299
3.0 0.15808823529411764 0.8170103092783505 0.03676470588235294 0.03608247422680412
3.0 0.1715686274509804 0.8466494845360825 0.029411764705882353 0.028350515463917526
3.0 0.20220588235294118 0.8595360824742269 0.03676470588235294 0.03350515463917526
3.0 0.27818627450980393 0.8788659793814433 0.04656862745098039 0.030927835051546393
3.0 0.4387254901960784 0.9755154639175257 0.0392156862745098 0.01288659793814433
3.0 0.3541666666666667 0.8427835051546392 0.051470588235294115 0.04639175257731959
5.0 0.48284313725490197 0.9329896907216495 0.12745098039215685 0.030927835051546393
5.0 0.7291666666666666 0.8492268041237113 0.16911764705882354 0.10051546391752578
3.0 0.6225490196078431 0.19716494845360824 0.07352941176470588 0.03350515463917526
3.0 0.6544117647058824 0.2770618556701031 0.06862745098039216 0.059278350515463915
3.0 0.8602941176470589 0.12757731958762886 0.0196078431372549 0.01804123711340206
5.0 0.9154411764705882 0.211340206185567 0.01715686274509804 0.02577319587628866
5.0 0.9301470588235294 0.23840206185567012 0.01715686274509804 0.023195876288659795
4.0 0.9375 0.25257731958762886 0.012254901960784314 0.020618556701030927
4.0 0.946078431372549 0.2706185567010309 0.014705882352941176 0.02577319587628866
3.0 0.9509803921568627 0.2847938144329897 0.014705882352941176 0.023195876288659795
3.0 0.9571078431372549 0.3002577319587629 0.012254901960784314 0.023195876288659795
3.0 0.9436274509803921 0.297680412371134 0.014705882352941176 0.03350515463917526
3.0 0.9767156862745098 0.3543814432989691 0.007352941176470588 0.01804123711340206
3.0 0.9865196078431373 0.39948453608247425 0.007352941176470588 0.020618556701030927
3.0 0.9889705882352942 0.41365979381443296 0.007352941176470588 0.023195876288659795
3.0 0.991421568627451 0.43170103092783507 0.007352941176470588 0.01804123711340206
3.0 0.9938725490196079 0.44587628865979384 0.007352941176470588 0.020618556701030927
3.0 0.8982843137254902 0.6817010309278351 0.022058823529411766 0.05412371134020619
3.0 0.9154411764705882 0.6365979381443299 0.01715686274509804 0.05154639175257732
3.0 0.9669117647058824 0.6095360824742269 0.012254901960784314 0.028350515463917526
3.0 0.9852941176470589 0.5773195876288659 0.00980392156862745 0.02577319587628866
9.0 0.17279411764705882 0.8930412371134021 0.01715686274509804 0.01288659793814433
9.0 0.5575980392156863 0.9407216494845361 0.022058823529411766 0.005154639175257732
9.0 0.7120098039215687 0.8865979381443299 0.022058823529411766 0.015463917525773196
9.0 0.9178921568627451 0.6597938144329897 0.007352941176470588 0.015463917525773196
