3.0 0.3713235294117647 0.9074585635359116 0.10049019607843138 0.04143646408839779
3.0 0.8480392156862745 0.7665745856353591 0.06372549019607843 0.06906077348066299
3.0 0.9632352941176471 0.6767955801104972 0.0196078431372549 0.04419889502762431
3.0 0.13602941176470587 0.8024861878453039 0.041666666666666664 0.04696132596685083
3.0 0.05514705882352941 0.6519337016574586 0.02696078431372549 0.04419889502762431
3.0 0.19852941176470587 0.6533149171270718 0.08333333333333333 0.06906077348066299
3.0 0.17401960784313725 0.7154696132596685 0.06862745098039216 0.06077348066298342
3.0 0.0428921568627451 0.6022099447513812 0.022058823529411766 0.04419889502762431
3.0 0.11274509803921569 0.6284530386740331 0.04411764705882353 0.058011049723756904
3.0 0.0196078431372549 0.6298342541436464 0.014705882352941176 0.03867403314917127
3.0 0.47181372549019607 0.04834254143646409 0.1053921568627451 0.019337016574585635
4.0 0.46078431372549017 0.011049723756906077 0.0784313725490196 0.016574585635359115
4.0 0.45588235294117646 0.029005524861878452 0.09313725490196079 0.019337016574585635
4.0 0.6678921568627451 0.8674033149171271 0.11029411764705882 0.06077348066298342
4.0 0.051470588235294115 0.7223756906077348 0.024509803921568627 0.04143646408839779
4.0 0.9546568627450981 0.6602209944751382 0.02696078431372549 0.049723756906077346
4.0 0.0661764705882353 0.611878453038674 0.029411764705882353 0.04696132596685083
4.0 0.020833333333333332 0.5953038674033149 0.01715686274509804 0.03591160220994475
8.0 0.09926470588235294 0.6906077348066298 0.056372549019607844 0.0718232044198895
8.0 0.8333333333333334 0.8107734806629834 0.14705882352941177 0.1408839779005525
0.0 0.4963235294117647 0.2223756906077348 0.022058823529411766 0.019337016574585635
0.0 0.23774509803921567 0.5662983425414365 0.024509803921568627 0.022099447513812154
0.0 0.0428921568627451 0.5179558011049724 0.0024509803921568627 0.008287292817679558
0.0 0.6102941176470589 0.9461325966850829 0.014705882352941176 0.008287292817679558
0.0 0.5563725490196079 0.9585635359116023 0.00980392156862745 0.0055248618784530384
0.0 0.5428921568627451 0.9558011049723757 0.01715686274509804 0.011049723756906077
0.0 0.5024509803921569 0.9668508287292817 0.00980392156862745 0.0055248618784530384
0.0 0.19852941176470587 0.8825966850828729 0.014705882352941176 0.013812154696132596
0.0 0.6433823529411765 0.9461325966850829 0.01715686274509804 0.013812154696132596
0.0 0.5808823529411765 0.9599447513812155 0.014705882352941176 0.008287292817679558
0.0 0.5882352941176471 0.9640883977900553 0.0196078431372549 0.011049723756906077
