3.0 0.07230392156862746 0.2654639175257732 0.012254901960784314 0.015463917525773196
0.0 0.08455882352941177 0.2667525773195876 0.022058823529411766 0.028350515463917526
3.0 0.09191176470588236 0.27963917525773196 0.031862745098039214 0.03865979381443299
3.0 0.09068627450980392 0.2770618556701031 0.024509803921568627 0.028350515463917526
3.0 0.08700980392156862 0.27835051546391754 0.022058823529411766 0.030927835051546393
3.0 0.0857843137254902 0.2757731958762887 0.0196078431372549 0.030927835051546393
3.0 0.11397058823529412 0.25128865979381443 0.031862745098039214 0.03350515463917526
3.0 0.10784313725490197 0.25644329896907214 0.024509803921568627 0.028350515463917526
3.0 0.1017156862745098 0.25257731958762886 0.022058823529411766 0.02577319587628866
3.0 0.09558823529411764 0.24871134020618557 0.0196078431372549 0.023195876288659795
3.0 0.08333333333333333 0.25128865979381443 0.014705882352941176 0.01804123711340206
3.0 0.08946078431372549 0.23711340206185566 0.012254901960784314 0.015463917525773196
3.0 0.13480392156862744 0.211340206185567 0.0196078431372549 0.020618556701030927
3.0 0.13725490196078433 0.20618556701030927 0.0196078431372549 0.020618556701030927
3.0 0.14460784313725492 0.20876288659793815 0.024509803921568627 0.02577319587628866
3.0 0.15808823529411764 0.20489690721649484 0.031862745098039214 0.028350515463917526
3.0 0.16544117647058823 0.2036082474226804 0.031862745098039214 0.030927835051546393
8.0 0.20588235294117646 0.19974226804123713 0.0784313725490196 0.06443298969072164
3.0 0.2916666666666667 0.15077319587628865 0.03431372549019608 0.023195876288659795
3.0 0.33578431372549017 0.15077319587628865 0.04411764705882353 0.028350515463917526
3.0 0.4105392156862745 0.15077319587628865 0.051470588235294115 0.028350515463917526
3.0 0.48161764705882354 0.14432989690721648 0.04656862745098039 0.020618556701030927
7.0 0.5600490196078431 0.16752577319587628 0.051470588235294115 0.030927835051546393
0.0 0.5245098039215687 0.19716494845360824 0.014705882352941176 0.028350515463917526
0.0 0.5453431372549019 0.19716494845360824 0.01715686274509804 0.028350515463917526
3.0 0.09558823529411764 0.8286082474226805 0.03431372549019608 0.03865979381443299
3.0 0.11397058823529412 0.8105670103092784 0.12009803921568628 0.14690721649484537
0.0 0.05514705882352941 0.7577319587628866 0.022058823529411766 0.041237113402061855
0.0 0.0625 0.7654639175257731 0.02696078431372549 0.04639175257731959
3.0 0.21200980392156862 0.8440721649484536 0.1642156862745098 0.14175257731958762
4.0 0.3860294117647059 0.8414948453608248 0.2181372549019608 0.1211340206185567
4.0 0.5857843137254902 0.8247422680412371 0.15196078431372548 0.12886597938144329
3.0 0.7928921568627451 0.6829896907216495 0.125 0.13917525773195877
0.0 0.8455882352941176 0.5025773195876289 0.00980392156862745 0.061855670103092786
0.0 0.8553921568627451 0.5154639175257731 0.00980392156862745 0.061855670103092786
0.0 0.7830882352941176 0.31958762886597936 0.022058823529411766 0.04639175257731959
3.0 0.006127450980392157 0.4652061855670103 0.012254901960784314 0.03350515463917526
4.0 0.013480392156862746 0.44329896907216493 0.012254901960784314 0.030927835051546393
4.0 0.023284313725490197 0.422680412371134 0.012254901960784314 0.02577319587628866
3.0 0.04779411764705882 0.3711340206185567 0.022058823529411766 0.03608247422680412
3.0 0.06372549019607843 0.34536082474226804 0.024509803921568627 0.03608247422680412
3.0 0.049019607843137254 0.3324742268041237 0.014705882352941176 0.02577319587628866
0.0 0.12867647058823528 0.7822164948453608 0.01715686274509804 0.028350515463917526
3.0 0.9338235294117647 0.4420103092783505 0.03431372549019608 0.06958762886597938
9.0 0.8541666666666666 0.3853092783505155 0.02696078431372549 0.05412371134020619
3.0 0.8774509803921569 0.3595360824742268 0.05392156862745098 0.07474226804123711
3.0 0.7193627450980392 0.23582474226804123 0.125 0.09536082474226804
1.0 0.8504901960784313 0.3801546391752577 0.014705882352941176 0.04381443298969072
9.0 0.8602941176470589 0.3853092783505155 0.0196078431372549 0.04381443298969072
1.0 0.8590686274509803 0.3801546391752577 0.01715686274509804 0.04381443298969072
