0.0 0.18137254901960784 0.10497237569060773 0.014705882352941176 0.016574585635359115
0.0 0.18627450980392157 0.10220994475138122 0.014705882352941176 0.016574585635359115
0.0 0.19607843137254902 0.09116022099447514 0.00980392156862745 0.011049723756906077
0.0 0.19607843137254902 0.09668508287292818 0.014705882352941176 0.016574585635359115
0.0 0.2034313725490196 0.0925414364640884 0.00980392156862745 0.013812154696132596
0.0 0.21200980392156862 0.08425414364640885 0.01715686274509804 0.019337016574585635
0.0 0.21568627450980393 0.08011049723756906 0.00980392156862745 0.011049723756906077
0.0 0.21446078431372548 0.09530386740331492 0.012254901960784314 0.013812154696132596
0.0 0.1801470588235294 0.18370165745856354 0.01715686274509804 0.024861878453038673
0.0 0.17769607843137256 0.17403314917127072 0.012254901960784314 0.016574585635359115
0.0 0.1875 0.16574585635359115 0.01715686274509804 0.022099447513812154
0.0 0.18627450980392157 0.17541436464088397 0.00980392156862745 0.013812154696132596
0.0 0.1875 0.16574585635359115 0.01715686274509804 0.022099447513812154
0.0 0.19362745098039216 0.1685082872928177 0.014705882352941176 0.022099447513812154
0.0 0.23161764705882354 0.16574585635359115 0.01715686274509804 0.022099447513812154
0.0 0.16544117647058823 0.26795580110497236 0.01715686274509804 0.03314917127071823
0.0 0.20710784313725492 0.36187845303867405 0.012254901960784314 0.03867403314917127
0.0 0.3247549019607843 0.6795580110497238 0.022058823529411766 0.03867403314917127
0.0 0.32965686274509803 0.7016574585635359 0.01715686274509804 0.03314917127071823
0.0 0.2916666666666667 0.7955801104972375 0.0196078431372549 0.022099447513812154
0.0 0.25 0.7790055248618785 0.0196078431372549 0.027624309392265192
1.0 0.24142156862745098 0.7790055248618785 0.012254901960784314 0.016574585635359115
0.0 0.24387254901960784 0.7997237569060773 0.01715686274509804 0.019337016574585635
0.0 0.23039215686274508 0.8149171270718232 0.014705882352941176 0.016574585635359115
0.0 0.30637254901960786 0.8480662983425414 0.024509803921568627 0.022099447513812154
0.0 0.20220588235294118 0.819060773480663 0.01715686274509804 0.019337016574585635
0.0 0.06740196078431372 0.7596685082872928 0.012254901960784314 0.016574585635359115
0.0 0.05269607843137255 0.7582872928176796 0.012254901960784314 0.019337016574585635
3.0 0.11151960784313726 0.8314917127071824 0.056372549019607844 0.0718232044198895
3.0 0.21200980392156862 0.9033149171270718 0.09558823529411764 0.07734806629834254
3.0 0.16666666666666666 0.856353591160221 0.08333333333333333 0.08839779005524862
0.0 0.9424019607843137 0.7776243093922652 0.007352941176470588 0.013812154696132596
4.0 0.9754901960784313 0.6726519337016574 0.014705882352941176 0.04696132596685083
3.0 0.9803921568627451 0.6312154696132597 0.024509803921568627 0.06353591160220995
0.0 0.9227941176470589 0.537292817679558 0.007352941176470588 0.03591160220994475
0.0 0.9227941176470589 0.505524861878453 0.0024509803921568627 0.022099447513812154
1.0 0.9240196078431373 0.5207182320441989 0.004901960784313725 0.03038674033149171
0.0 0.928921568627451 0.5 0.004901960784313725 0.022099447513812154
0.0 0.9375 0.5262430939226519 0.0024509803921568627 0.019337016574585635
0.0 0.9411764705882353 0.5207182320441989 0.004901960784313725 0.019337016574585635
0.0 0.946078431372549 0.5220994475138122 0.004901960784313725 0.022099447513812154
0.0 0.9154411764705882 0.4558011049723757 0.007352941176470588 0.027624309392265192
0.0 0.8308823529411765 0.2569060773480663 0.014705882352941176 0.027624309392265192
0.0 0.8615196078431373 0.319060773480663 0.012254901960784314 0.03591160220994475
0.0 0.8995098039215687 0.40607734806629836 0.00980392156862745 0.027624309392265192
0.0 0.9215686274509803 0.42265193370165743 0.004901960784313725 0.022099447513812154
0.0 0.9191176470588235 0.44613259668508287 0.004901960784313725 0.019337016574585635
1.0 0.9240196078431373 0.4654696132596685 0.004901960784313725 0.013812154696132596
0.0 0.9399509803921569 0.4558011049723757 0.007352941176470588 0.022099447513812154
0.0 0.9424019607843137 0.5 0.007352941176470588 0.022099447513812154
0.0 0.946078431372549 0.47928176795580113 0.004901960784313725 0.019337016574585635
0.0 0.9497549019607843 0.47513812154696133 0.007352941176470588 0.022099447513812154
0.0 0.9485294117647058 0.5027624309392266 0.004901960784313725 0.022099447513812154
3.0 0.44730392156862747 0.47099447513812154 0.12009803921568628 0.20165745856353592
3.0 0.6151960784313726 0.49171270718232046 0.11274509803921569 0.19889502762430938
