0.0 0.6482843137254902 0.9447513812154696 0.01715686274509804 0.011049723756906077
0.0 0.6421568627450981 0.8798342541436464 0.00980392156862745 0.013812154696132596
0.0 0.6433823529411765 0.8743093922651933 0.012254901960784314 0.013812154696132596
0.0 0.7034313725490197 0.8411602209944752 0.0196078431372549 0.019337016574585635
0.0 0.7144607843137255 0.8397790055248618 0.01715686274509804 0.022099447513812154
0.0 0.7046568627450981 0.856353591160221 0.01715686274509804 0.016574585635359115
0.0 0.7610294117647058 0.7914364640883977 0.01715686274509804 0.024861878453038673
0.0 0.8051470588235294 0.7693370165745856 0.01715686274509804 0.019337016574585635
0.0 0.8174019607843137 0.7859116022099447 0.01715686274509804 0.024861878453038673
0.0 0.7867647058823529 0.8328729281767956 0.014705882352941176 0.019337016574585635
0.0 0.8112745098039216 0.8480662983425414 0.014705882352941176 0.016574585635359115
0.0 0.8762254901960784 0.5897790055248618 0.007352941176470588 0.019337016574585635
0.0 0.9473039215686274 0.4447513812154696 0.0024509803921568627 0.016574585635359115
0.0 0.9338235294117647 0.3867403314917127 0.004901960784313725 0.016574585635359115
3.0 0.4338235294117647 0.7803867403314917 0.10294117647058823 0.08011049723756906
3.0 0.30269607843137253 0.638121546961326 0.09068627450980392 0.11049723756906077
3.0 0.30514705882352944 0.4185082872928177 0.0857843137254902 0.09668508287292818
5.0 0.1715686274509804 0.6464088397790055 0.12254901960784313 0.19889502762430938
3.0 0.14460784313725492 0.6160220994475138 0.04411764705882353 0.08839779005524862
3.0 0.04044117647058824 0.7306629834254144 0.022058823529411766 0.052486187845303865
3.0 0.049019607843137254 0.7320441988950276 0.024509803921568627 0.055248618784530384
5.0 0.03553921568627451 0.6781767955801105 0.031862745098039214 0.0856353591160221
5.0 0.03799019607843137 0.6229281767955801 0.03676470588235294 0.1464088397790055
5.0 0.04411764705882353 0.6049723756906077 0.03431372549019608 0.143646408839779
4.0 0.04656862745098039 0.5662983425414365 0.014705882352941176 0.0718232044198895
3.0 0.05514705882352941 0.5718232044198895 0.012254901960784314 0.06077348066298342
3.0 0.06495098039215687 0.5538674033149171 0.01715686274509804 0.06906077348066299
3.0 0.00980392156862745 0.574585635359116 0.00980392156862745 0.03867403314917127
3.0 0.1323529411764706 0.4696132596685083 0.0392156862745098 0.07734806629834254
3.0 0.09926470588235294 0.4558011049723757 0.01715686274509804 0.07734806629834254
4.0 0.12990196078431374 0.4088397790055249 0.0392156862745098 0.07734806629834254
4.0 0.23161764705882354 0.3411602209944751 0.07598039215686274 0.09116022099447514
5.0 0.18627450980392157 0.31629834254143646 0.06372549019607843 0.1685082872928177
3.0 0.2107843137254902 0.3052486187845304 0.0392156862745098 0.07458563535911603
3.0 0.2549019607843137 0.2541436464088398 0.049019607843137254 0.0718232044198895
5.0 0.5110294117647058 0.31767955801104975 0.23284313725490197 0.20441988950276244
5.0 0.3125 0.19337016574585636 0.12009803921568628 0.16574585635359115
5.0 0.3602941176470588 0.15469613259668508 0.09313725490196079 0.11049723756906077
5.0 0.41421568627450983 0.14226519337016574 0.09313725490196079 0.09668508287292818
5.0 0.47058823529411764 0.12430939226519337 0.05392156862745098 0.049723756906077346
5.0 0.6029411764705882 0.11878453038674033 0.15196078431372548 0.09944751381215469
5.0 0.7022058823529411 0.08149171270718232 0.0857843137254902 0.08011049723756906
5.0 0.6507352941176471 0.06906077348066299 0.08088235294117647 0.06077348066298342
3.0 0.7426470588235294 0.21961325966850828 0.06862745098039216 0.058011049723756904
3.0 0.7977941176470589 0.23204419889502761 0.056372549019607844 0.055248618784530384
5.0 0.8602941176470589 0.23756906077348067 0.06372549019607843 0.09944751381215469
5.0 0.022058823529411766 0.6671270718232044 0.0196078431372549 0.06906077348066299
0.0 0.020833333333333332 0.42265193370165743 0.0024509803921568627 0.016574585635359115
0.0 0.025735294117647058 0.4157458563535912 0.0024509803921568627 0.019337016574585635
0.0 0.025735294117647058 0.40331491712707185 0.0024509803921568627 0.016574585635359115
