4.0 0.22303921568627452 0.9085051546391752 0.08823529411764706 0.07989690721649484
4.0 0.3786764705882353 0.9677835051546392 0.0857843137254902 0.04896907216494845
4.0 0.16666666666666666 0.8144329896907216 0.09313725490196079 0.11855670103092783
3.0 0.19975490196078433 0.7989690721649485 0.12009803921568628 0.15979381443298968
3.0 0.12009803921568628 0.6095360824742269 0.06372549019607843 0.17783505154639176
3.0 0.0821078431372549 0.5051546391752577 0.031862745098039214 0.18041237113402062
3.0 0.12867647058823528 0.39304123711340205 0.061274509803921566 0.17783505154639176
3.0 0.18259803921568626 0.23195876288659795 0.1053921568627451 0.14948453608247422
3.0 0.23774509803921567 0.1327319587628866 0.08823529411764706 0.09020618556701031
3.0 0.40931372549019607 0.03608247422680412 0.06862745098039216 0.041237113402061855
5.0 0.16053921568627452 0.16108247422680413 0.1053921568627451 0.11597938144329897
3.0 0.5931372549019608 0.10438144329896908 0.08823529411764706 0.07474226804123711
3.0 0.8700980392156863 0.20489690721649484 0.06372549019607843 0.09536082474226804
0.0 0.8860294117647058 0.2757731958762887 0.022058823529411766 0.03608247422680412
0.0 0.8860294117647058 0.2551546391752577 0.022058823529411766 0.03608247422680412
0.0 0.8958333333333334 0.25773195876288657 0.022058823529411766 0.03608247422680412
0.0 0.9325980392156863 0.5657216494845361 0.012254901960784314 0.028350515463917526
0.0 0.9056372549019608 0.6301546391752577 0.01715686274509804 0.03865979381443299
3.0 0.7659313725490197 0.8930412371134021 0.09558823529411764 0.09536082474226804
7.0 0.9852941176470589 0.4097938144329897 0.0196078431372549 0.04639175257731959
