3.0 0.2112676056338028 0.18974358974358974 0.09389671361502347 0.08205128205128205
3.0 0.7852112676056338 0.12564102564102564 0.06807511737089202 0.05641025641025641
3.0 0.8943661971830986 0.2230769230769231 0.03755868544600939 0.05128205128205128
3.0 0.11384976525821597 0.2717948717948718 0.0539906103286385 0.07692307692307693
3.0 0.1068075117370892 0.24102564102564103 0.04460093896713615 0.06153846153846154
3.0 0.046948356807511735 0.2846153846153846 0.023474178403755867 0.041025641025641026
3.0 0.07394366197183098 0.26282051282051283 0.035211267605633804 0.05897435897435897
5.0 0.07746478873239436 0.2794871794871795 0.08450704225352113 0.13846153846153847
5.0 0.03990610328638498 0.3 0.046948356807511735 0.10256410256410256
3.0 0.9237089201877934 0.25769230769230766 0.03051643192488263 0.05384615384615385
8.0 0.9835680751173709 0.4 0.018779342723004695 0.06666666666666667
0.0 0.12323943661971831 0.5974358974358974 0.011737089201877934 0.035897435897435895
0.0 0.1396713615023474 0.5615384615384615 0.011737089201877934 0.041025641025641026
1.0 0.13380281690140844 0.5192307692307693 0.009389671361502348 0.03333333333333333
9.0 0.13732394366197184 0.5269230769230769 0.02112676056338028 0.028205128205128206
0.0 0.8415492957746479 0.7076923076923077 0.02112676056338028 0.035897435897435895
0.0 0.8415492957746479 0.6961538461538461 0.02112676056338028 0.038461538461538464
1.0 0.8568075117370892 0.658974358974359 0.018779342723004695 0.035897435897435895
1.0 0.9002347417840375 0.6166666666666667 0.011737089201877934 0.028205128205128206
9.0 0.8556338028169014 0.6641025641025641 0.025821596244131457 0.03076923076923077
9.0 0.8990610328638498 0.6192307692307693 0.018779342723004695 0.028205128205128206
9.0 0.9741784037558685 0.4166666666666667 0.004694835680751174 0.023076923076923078
9.0 0.9730046948356808 0.35128205128205126 0.007042253521126761 0.015384615384615385
9.0 0.965962441314554 0.3423076923076923 0.007042253521126761 0.017948717948717947
9.0 0.9577464788732394 0.3217948717948718 0.009389671361502348 0.017948717948717947
9.0 0.9424882629107981 0.30256410256410254 0.011737089201877934 0.020512820512820513
1.0 0.9741784037558685 0.35 0.004694835680751174 0.01282051282051282
1.0 0.965962441314554 0.34102564102564104 0.007042253521126761 0.015384615384615385
1.0 0.9577464788732394 0.3230769230769231 0.004694835680751174 0.015384615384615385
1.0 0.9424882629107981 0.3 0.007042253521126761 0.015384615384615385
1.0 0.9730046948356808 0.4115384615384615 0.002347417840375587 0.017948717948717947
1.0 0.9107981220657277 0.25384615384615383 0.009389671361502348 0.020512820512820513
6.0 0.9143192488262911 0.258974358974359 0.02112676056338028 0.03076923076923077
9.0 0.7582159624413145 0.11666666666666667 0.028169014084507043 0.023076923076923078
1.0 0.7617370892018779 0.11538461538461539 0.01643192488262911 0.015384615384615385
1.0 0.7570422535211268 0.1141025641025641 0.011737089201877934 0.007692307692307693
0.0 0.33568075117370894 0.047435897435897434 0.018779342723004695 0.01282051282051282
0.0 0.3474178403755869 0.04358974358974359 0.014084507042253521 0.010256410256410256
