1.0 0.22916666666666666 0.895618556701031 0.007352941176470588 0.007731958762886598
1.0 0.23161764705882354 0.8930412371134021 0.007352941176470588 0.007731958762886598
0.0 0.33578431372549017 0.8621134020618557 0.00980392156862745 0.01288659793814433
0.0 0.3161764705882353 0.8273195876288659 0.004901960784313725 0.010309278350515464
0.0 0.31495098039215685 0.8054123711340206 0.007352941176470588 0.01288659793814433
0.0 0.31004901960784315 0.7835051546391752 0.007352941176470588 0.015463917525773196
0.0 0.49387254901960786 0.3247422680412371 0.0024509803921568627 0.010309278350515464
0.0 0.4632352941176471 0.23711340206185566 0.004901960784313725 0.010309278350515464
5.0 0.2659313725490196 0.23324742268041238 0.02696078431372549 0.03865979381443299
5.0 0.44362745098039214 0.06958762886597938 0.004901960784313725 0.005154639175257732
5.0 0.45098039215686275 0.06314432989690721 0.004901960784313725 0.002577319587628866
9.0 0.5208333333333334 0.9742268041237113 0.007352941176470588 0.005154639175257732
3.0 0.6213235294117647 0.8917525773195877 0.031862745098039214 0.020618556701030927
4.0 0.6225490196078431 0.9484536082474226 0.03431372549019608 0.020618556701030927
0.0 0.42769607843137253 0.9664948453608248 0.0024509803921568627 0.005154639175257732
3.0 0.8590686274509803 0.7345360824742269 0.01715686274509804 0.030927835051546393
3.0 0.8394607843137255 0.7577319587628866 0.022058823529411766 0.030927835051546393
5.0 0.14460784313725492 0.5734536082474226 0.0196078431372549 0.059278350515463915
