3.0 0.5330882352941176 0.5483425414364641 0.041666666666666664 0.09668508287292818
5.0 0.8063725490196079 0.7140883977900553 0.07352941176470588 0.09116022099447514
3.0 0.7867647058823529 0.6933701657458563 0.049019607843137254 0.055248618784530384
3.0 0.7794117647058824 0.6767955801104972 0.05392156862745098 0.06077348066298342
3.0 0.7610294117647058 0.6312154696132597 0.051470588235294115 0.052486187845303865
3.0 0.7622549019607843 0.6035911602209945 0.05392156862745098 0.04696132596685083
3.0 0.8933823529411765 0.6616022099447514 0.022058823529411766 0.052486187845303865
0.0 0.9031862745098039 0.6284530386740331 0.007352941176470588 0.019337016574585635
3.0 0.8737745098039216 0.611878453038674 0.031862745098039214 0.04143646408839779
3.0 0.8762254901960784 0.5883977900552486 0.02696078431372549 0.03867403314917127
3.0 0.8799019607843137 0.5718232044198895 0.029411764705882353 0.04419889502762431
8.0 0.9117647058823529 0.569060773480663 0.014705882352941176 0.055248618784530384
4.0 0.9178921568627451 0.5069060773480663 0.007352941176470588 0.04143646408839779
4.0 0.883578431372549 0.5455801104972375 0.02696078431372549 0.04143646408839779
3.0 0.8860294117647058 0.5290055248618785 0.022058823529411766 0.03591160220994475
3.0 0.8897058823529411 0.5082872928176796 0.024509803921568627 0.03314917127071823
3.0 0.9191176470588235 0.42265193370165743 0.00980392156862745 0.03867403314917127
3.0 0.9093137254901961 0.4198895027624309 0.00980392156862745 0.03867403314917127
3.0 0.9007352941176471 0.4074585635359116 0.012254901960784314 0.04143646408839779
3.0 0.8921568627450981 0.40193370165745856 0.014705882352941176 0.04696132596685083
3.0 0.8811274509803921 0.39502762430939226 0.01715686274509804 0.049723756906077346
3.0 0.8676470588235294 0.3812154696132597 0.014705882352941176 0.04419889502762431
3.0 0.8529411764705882 0.3687845303867403 0.0196078431372549 0.04696132596685083
3.0 0.8370098039215687 0.35497237569060774 0.022058823529411766 0.052486187845303865
3.0 0.7806372549019608 0.10773480662983426 0.022058823529411766 0.016574585635359115
3.0 0.8590686274509803 0.1574585635359116 0.012254901960784314 0.016574585635359115
5.0 0.5661764705882353 0.26933701657458564 0.049019607843137254 0.1298342541436464
3.0 0.5588235294117647 0.1298342541436464 0.024509803921568627 0.027624309392265192
3.0 0.5232843137254902 0.12430939226519337 0.022058823529411766 0.022099447513812154
3.0 0.6029411764705882 0.03314917127071823 0.014705882352941176 0.011049723756906077
3.0 0.5490196078431373 0.020718232044198894 0.014705882352941176 0.008287292817679558
3.0 0.42769607843137253 0.017955801104972375 0.012254901960784314 0.008287292817679558
