3.0 0.054906542056074766 0.7196601941747572 0.06775700934579439 0.12864077669902912
4.0 0.16238317757009346 0.8313106796116505 0.1425233644859813 0.15776699029126215
3.0 0.24766355140186916 0.8895631067961165 0.1822429906542056 0.1383495145631068
4.0 0.3726635514018692 0.9381067961165048 0.1658878504672897 0.09466019417475728
3.0 0.5654205607476636 0.9490291262135923 0.19158878504672897 0.07281553398058252
4.0 0.7406542056074766 0.8883495145631068 0.19626168224299065 0.1553398058252427
4.0 0.8352803738317757 0.8398058252427184 0.1378504672897196 0.1553398058252427
3.0 0.8936915887850467 0.7924757281553398 0.11448598130841121 0.15776699029126215
2.0 0.9672897196261683 0.6080097087378641 0.014018691588785047 0.050970873786407765
2.0 0.9614485981308412 0.6080097087378641 0.016355140186915886 0.04611650485436893
9.0 0.9462616822429907 0.633495145631068 0.018691588785046728 0.06310679611650485
5.0 0.9217289719626168 0.6650485436893204 0.0630841121495327 0.13592233009708737
4.0 0.8773364485981309 0.6868932038834952 0.0911214953271028 0.17475728155339806
0.0 0.7231308411214953 0.6650485436893204 0.04906542056074766 0.08737864077669903
0.0 0.6857476635514018 0.7378640776699029 0.07242990654205607 0.10679611650485436
7.0 0.45794392523364486 0.8106796116504854 0.13551401869158877 0.10679611650485436
0.0 0.21144859813084113 0.6662621359223301 0.04439252336448598 0.10436893203883495
9.0 0.03154205607476635 0.6371359223300971 0.016355140186915886 0.04611650485436893
1.0 0.028037383177570093 0.6213592233009708 0.014018691588785047 0.04854368932038835
0.0 0.08177570093457943 0.5145631067961165 0.009345794392523364 0.06796116504854369
6.0 0.11448598130841121 0.566747572815534 0.03271028037383177 0.08495145631067962
1.0 0.1133177570093458 0.5388349514563107 0.016355140186915886 0.06796116504854369
1.0 0.102803738317757 0.5230582524271845 0.009345794392523364 0.055825242718446605
9.0 0.10397196261682243 0.5400485436893204 0.016355140186915886 0.06067961165048544
0.0 0.14369158878504673 0.33737864077669905 0.02102803738317757 0.05825242718446602
3.0 0.34579439252336447 0.25970873786407767 0.08878504672897196 0.06796116504854369
3.0 0.2324766355140187 0.2609223300970874 0.12850467289719625 0.09466019417475728
3.0 0.29439252336448596 0.22451456310679613 0.1308411214953271 0.07524271844660194
3.0 0.4591121495327103 0.18932038834951456 0.10046728971962617 0.04854368932038835
3.0 0.397196261682243 0.15655339805825244 0.10747663551401869 0.0412621359223301
4.0 0.5876168224299065 0.2196601941747573 0.1658878504672897 0.07524271844660194
3.0 0.7149532710280374 0.2609223300970874 0.12149532710280374 0.08009708737864078
0.0 0.7757009345794392 0.279126213592233 0.02336448598130841 0.038834951456310676
4.0 0.6565420560747663 0.20752427184466019 0.1261682242990654 0.0703883495145631
3.0 0.7570093457943925 0.2657766990291262 0.1308411214953271 0.08495145631067962
4.0 0.7476635514018691 0.22815533980582525 0.13551401869158877 0.0970873786407767
4.0 0.7126168224299065 0.20024271844660194 0.09345794392523364 0.055825242718446605
4.0 0.6985981308411215 0.19053398058252427 0.08878504672897196 0.050970873786407765
4.0 0.6203271028037384 0.18325242718446602 0.0911214953271028 0.04611650485436893
3.0 0.6507009345794392 0.16868932038834952 0.07710280373831775 0.0412621359223301
4.0 0.7523364485981309 0.20024271844660194 0.09345794392523364 0.06553398058252427
3.0 0.7686915887850467 0.20631067961165048 0.0794392523364486 0.05825242718446602
3.0 0.7266355140186916 0.1820388349514563 0.09345794392523364 0.05339805825242718
4.0 0.7651869158878505 0.19053398058252427 0.0630841121495327 0.050970873786407765
3.0 0.7663551401869159 0.19174757281553398 0.07476635514018691 0.05339805825242718
3.0 0.7546728971962616 0.1820388349514563 0.06542056074766354 0.043689320388349516
4.0 0.41705607476635514 0.14320388349514562 0.10981308411214953 0.038834951456310676
3.0 0.42406542056074764 0.14320388349514562 0.10981308411214953 0.02912621359223301
3.0 0.4602803738317757 0.13349514563106796 0.102803738317757 0.024271844660194174
3.0 0.5420560747663551 0.13228155339805825 0.056074766355140186 0.021844660194174758
4.0 0.49649532710280375 0.11771844660194175 0.10981308411214953 0.021844660194174758
4.0 0.5257009345794392 0.11650485436893204 0.07476635514018691 0.019417475728155338
3.0 0.5467289719626168 0.11286407766990292 0.07476635514018691 0.01699029126213592
3.0 0.5327102803738317 0.10922330097087378 0.08878504672897196 0.019417475728155338
3.0 0.5467289719626168 0.10800970873786407 0.08411214953271028 0.01699029126213592
3.0 0.5735981308411215 0.10800970873786407 0.08644859813084112 0.021844660194174758
3.0 0.5747663551401869 0.10436893203883495 0.0794392523364486 0.019417475728155338
3.0 0.5689252336448598 0.10072815533980582 0.07242990654205607 0.01699029126213592
4.0 0.5782710280373832 0.10072815533980582 0.0630841121495327 0.01699029126213592
3.0 0.758177570093458 0.1783980582524272 0.0630841121495327 0.0412621359223301
3.0 0.7570093457943925 0.17354368932038836 0.037383177570093455 0.02669902912621359
3.0 0.758177570093458 0.17111650485436894 0.0630841121495327 0.0412621359223301
3.0 0.7593457943925234 0.17111650485436894 0.06074766355140187 0.0412621359223301
4.0 0.758177570093458 0.1650485436893204 0.053738317757009345 0.038834951456310676
3.0 0.7102803738317757 0.14563106796116504 0.037383177570093455 0.024271844660194174
4.0 0.7242990654205608 0.14684466019417475 0.04672897196261682 0.03155339805825243
3.0 0.7605140186915887 0.1638349514563107 0.053738317757009345 0.03640776699029126
4.0 0.758177570093458 0.15898058252427186 0.04906542056074766 0.03640776699029126
4.0 0.7558411214953271 0.1553398058252427 0.04439252336448598 0.03398058252427184
4.0 0.7511682242990654 0.1529126213592233 0.04906542056074766 0.03398058252427184
4.0 0.7488317757009346 0.15169902912621358 0.05841121495327103 0.0412621359223301
5.0 0.6156542056074766 0.10072815533980582 0.08644859813084112 0.03640776699029126
0.0 0.6600467289719626 0.11407766990291263 0.007009345794392523 0.0048543689320388345
0.0 0.6658878504672897 0.11529126213592233 0.009345794392523364 0.007281553398058253
0.0 0.6705607476635514 0.11650485436893204 0.009345794392523364 0.009708737864077669
3.0 0.639018691588785 0.10194174757281553 0.04439252336448598 0.019417475728155338
4.0 0.6425233644859814 0.09951456310679611 0.04672897196261682 0.019417475728155338
4.0 0.6413551401869159 0.0970873786407767 0.0630841121495327 0.024271844660194174
3.0 0.6495327102803738 0.0970873786407767 0.0514018691588785 0.019417475728155338
4.0 0.6635514018691588 0.0970873786407767 0.03271028037383177 0.014563106796116505
4.0 0.6705607476635514 0.09466019417475728 0.014018691588785047 0.009708737864077669
4.0 0.7172897196261683 0.13713592233009708 0.02336448598130841 0.01699029126213592
4.0 0.7570093457943925 0.15048543689320387 0.037383177570093455 0.024271844660194174
4.0 0.7558411214953271 0.15048543689320387 0.0397196261682243 0.02912621359223301
4.0 0.7546728971962616 0.14805825242718446 0.04672897196261682 0.02912621359223301
4.0 0.7558411214953271 0.14684466019417475 0.035046728971962614 0.02669902912621359
3.0 0.7570093457943925 0.14684466019417475 0.04205607476635514 0.02669902912621359
3.0 0.7570093457943925 0.14563106796116504 0.037383177570093455 0.024271844660194174
3.0 0.7535046728971962 0.1407766990291262 0.0397196261682243 0.024271844660194174
3.0 0.7558411214953271 0.1407766990291262 0.035046728971962614 0.024271844660194174
4.0 0.7546728971962616 0.1395631067961165 0.03271028037383177 0.021844660194174758
3.0 0.7511682242990654 0.13470873786407767 0.030373831775700934 0.021844660194174758
4.0 0.7546728971962616 0.13349514563106796 0.028037383177570093 0.019417475728155338
0.0 0.7488317757009346 0.12985436893203883 0.007009345794392523 0.007281553398058253
5.0 0.7266355140186916 0.11529126213592233 0.02336448598130841 0.01699029126213592
0.0 0.7021028037383178 0.1104368932038835 0.007009345794392523 0.007281553398058253
2.0 0.7102803738317757 0.11650485436893204 0.004672897196261682 0.0048543689320388345
1.0 0.7091121495327103 0.11529126213592233 0.007009345794392523 0.007281553398058253
