4.0 0.002347417840375587 0.4935897435897436 0.004694835680751174 0.023076923076923078
3.0 0.09976525821596244 0.8115384615384615 0.03990610328638498 0.05384615384615385
3.0 0.107981220657277 0.8141025641025641 0.046948356807511735 0.0641025641025641
3.0 0.13615023474178403 0.8012820512820513 0.056338028169014086 0.07435897435897436
6.0 0.11150234741784038 0.7538461538461538 0.03990610328638498 0.06666666666666667
3.0 0.19483568075117372 0.7897435897435897 0.07981220657276995 0.08205128205128205
4.0 0.2347417840375587 0.7743589743589744 0.08450704225352113 0.08205128205128205
3.0 0.3403755868544601 0.7064102564102565 0.11737089201877934 0.08461538461538462
3.0 0.29107981220657275 0.7217948717948718 0.107981220657277 0.08974358974358974
3.0 0.4284037558685446 0.6705128205128205 0.14788732394366197 0.08461538461538462
3.0 0.4507042253521127 0.6230769230769231 0.14553990610328638 0.07692307692307693
3.0 0.5152582159624414 0.5871794871794872 0.14788732394366197 0.07692307692307693
3.0 0.795774647887324 0.19743589743589743 0.03755868544600939 0.035897435897435895
3.0 0.7922535211267606 0.18974358974358974 0.03051643192488263 0.02564102564102564
3.0 0.8028169014084507 0.191025641025641 0.03286384976525822 0.03333333333333333
3.0 0.8086854460093896 0.191025641025641 0.03051643192488263 0.028205128205128206
3.0 0.8133802816901409 0.19230769230769232 0.025821596244131457 0.02564102564102564
3.0 0.8133802816901409 0.1858974358974359 0.025821596244131457 0.023076923076923078
3.0 0.8204225352112676 0.18846153846153846 0.02112676056338028 0.023076923076923078
3.0 0.8227699530516432 0.18717948717948718 0.025821596244131457 0.02564102564102564
3.0 0.9119718309859155 0.24102564102564103 0.007042253521126761 0.010256410256410256
4.0 0.8826291079812206 0.2 0.009389671361502348 0.015384615384615385
3.0 0.8967136150234741 0.21666666666666667 0.004694835680751174 0.007692307692307693
3.0 0.9061032863849765 0.2282051282051282 0.004694835680751174 0.010256410256410256
3.0 0.886150234741784 0.21153846153846154 0.011737089201877934 0.017948717948717947
3.0 0.8849765258215962 0.20897435897435898 0.014084507042253521 0.017948717948717947
3.0 0.897887323943662 0.22564102564102564 0.011737089201877934 0.015384615384615385
3.0 0.897887323943662 0.2230769230769231 0.011737089201877934 0.015384615384615385
3.0 0.8967136150234741 0.22179487179487178 0.014084507042253521 0.017948717948717947
3.0 0.9119718309859155 0.23333333333333334 0.007042253521126761 0.010256410256410256
3.0 0.8403755868544601 0.1794871794871795 0.014084507042253521 0.015384615384615385
0.0 0.863849765258216 0.19230769230769232 0.004694835680751174 0.005128205128205128
3.0 0.8673708920187794 0.17692307692307693 0.007042253521126761 0.010256410256410256
3.0 0.9753521126760564 0.36025641025641025 0.007042253521126761 0.017948717948717947
3.0 0.9730046948356808 0.3474358974358974 0.007042253521126761 0.017948717948717947
