3.0 0.0428921568627451 0.7036082474226805 0.061274509803921566 0.15463917525773196
3.0 0.7438725490196079 0.9201030927835051 0.19362745098039216 0.11855670103092783
3.0 0.0661764705882353 0.6069587628865979 0.0784313725490196 0.25
4.0 0.0196078431372549 0.5360824742268041 0.029411764705882353 0.17010309278350516
3.0 0.24877450980392157 0.8608247422680413 0.19362745098039216 0.20618556701030927
3.0 0.7549019607843137 0.8737113402061856 0.23529411764705882 0.15979381443298968
4.0 0.7720588235294118 0.7963917525773195 0.2647058823529412 0.21649484536082475
4.0 0.8149509803921569 0.5889175257731959 0.16911764705882354 0.19845360824742267
4.0 0.7867647058823529 0.43427835051546393 0.2107843137254902 0.21391752577319587
3.0 0.7879901960784313 0.7152061855670103 0.23284313725490197 0.2036082474226804
3.0 0.7683823529411765 0.3234536082474227 0.20833333333333334 0.17268041237113402
3.0 0.7401960784313726 0.24742268041237114 0.2107843137254902 0.15463917525773196
5.0 0.7169117647058824 0.18170103092783504 0.17401960784313725 0.1211340206185567
5.0 0.678921568627451 0.13144329896907217 0.17647058823529413 0.10309278350515463
3.0 0.33455882352941174 0.6907216494845361 0.18872549019607843 0.31958762886597936
3.0 0.2107843137254902 0.6533505154639175 0.13725490196078433 0.2757731958762887
3.0 0.2267156862745098 0.3479381443298969 0.125 0.23711340206185566
3.0 0.32230392156862747 0.11469072164948453 0.09068627450980392 0.06958762886597938
3.0 0.36764705882352944 0.05670103092783505 0.06372549019607843 0.03608247422680412
0.0 0.3247549019607843 0.07345360824742268 0.02696078431372549 0.023195876288659795
0.0 0.41421568627450983 0.06056701030927835 0.0196078431372549 0.01804123711340206
0.0 0.5 0.002577319587628866 0.014705882352941176 0.005154639175257732
0.0 0.13725490196078433 0.34536082474226804 0.024509803921568627 0.061855670103092786
3.0 0.0392156862745098 0.39819587628865977 0.04411764705882353 0.13659793814432988
4.0 0.09681372549019608 0.25902061855670105 0.07598039215686274 0.12628865979381443
3.0 0.13970588235294118 0.18041237113402062 0.06372549019607843 0.07731958762886598
3.0 0.25245098039215685 0.06056701030927835 0.049019607843137254 0.03350515463917526
3.0 0.2193627450980392 0.08505154639175258 0.051470588235294115 0.041237113402061855
4.0 0.18627450980392157 0.1211340206185567 0.0784313725490196 0.08247422680412371
