3.0 0.21446078431372548 0.3582474226804124 0.041666666666666664 0.041237113402061855
3.0 0.3382352941176471 0.3324742268041237 0.07352941176470588 0.041237113402061855
3.0 0.3394607843137255 0.41494845360824745 0.07598039215686274 0.05154639175257732
3.0 0.21691176470588236 0.44072164948453607 0.04656862745098039 0.03608247422680412
3.0 0.21200980392156862 0.5528350515463918 0.041666666666666664 0.03865979381443299
3.0 0.34068627450980393 0.5554123711340206 0.08823529411764706 0.059278350515463915
3.0 0.22794117647058823 0.6572164948453608 0.058823529411764705 0.05154639175257732
3.0 0.24387254901960784 0.7280927835051546 0.056372549019607844 0.04381443298969072
3.0 0.25857843137254904 0.7731958762886598 0.061274509803921566 0.041237113402061855
3.0 0.38480392156862747 0.7951030927835051 0.0784313725490196 0.03865979381443299
3.0 0.29901960784313725 0.8556701030927835 0.05392156862745098 0.030927835051546393
4.0 0.35049019607843135 0.9394329896907216 0.0392156862745098 0.01804123711340206
3.0 0.06862745098039216 0.7641752577319587 0.0196078431372549 0.028350515463917526
3.0 0.8676470588235294 0.2345360824742268 0.024509803921568627 0.041237113402061855
9.0 0.9178921568627451 0.3582474226804124 0.007352941176470588 0.020618556701030927
9.0 0.7965686274509803 0.0979381443298969 0.00980392156862745 0.010309278350515464
0.0 0.8051470588235294 0.1095360824742268 0.007352941176470588 0.007731958762886598
0.0 0.9767156862745098 0.5811855670103093 0.0024509803921568627 0.007731958762886598
0.0 0.9448529411764706 0.7255154639175257 0.0024509803921568627 0.007731958762886598
0.0 0.8345588235294118 0.8608247422680413 0.007352941176470588 0.010309278350515464
0.0 0.9424019607843137 0.7319587628865979 0.007352941176470588 0.010309278350515464
0.0 0.9865196078431373 0.509020618556701 0.0024509803921568627 0.007731958762886598
