3.0 0.8688725490196079 0.8530927835051546 0.09558823529411764 0.09278350515463918
0.0 0.6862745098039216 0.9561855670103093 0.03431372549019608 0.02577319587628866
1.0 0.6875 0.9548969072164949 0.022058823529411766 0.01804123711340206
0.0 0.7107843137254902 0.9432989690721649 0.03431372549019608 0.030927835051546393
3.0 0.7536764705882353 0.8092783505154639 0.15441176470588236 0.1134020618556701
3.0 0.8946078431372549 0.720360824742268 0.08333333333333333 0.1056701030927835
3.0 0.9620098039215687 0.6520618556701031 0.031862745098039214 0.061855670103092786
0.0 0.00857843137254902 0.4845360824742268 0.0024509803921568627 0.020618556701030927
0.0 0.00980392156862745 0.4832474226804124 0.0 0.01804123711340206
0.0 0.011029411764705883 0.4690721649484536 0.0024509803921568627 0.020618556701030927
0.0 0.013480392156862746 0.4690721649484536 0.0024509803921568627 0.020618556701030927
3.0 0.5600490196078431 0.4484536082474227 0.13480392156862744 0.07216494845360824
3.0 0.7218137254901961 0.4110824742268041 0.09068627450980392 0.06958762886597938
3.0 0.8100490196078431 0.4020618556701031 0.051470588235294115 0.05154639175257732
3.0 0.8553921568627451 0.3904639175257732 0.03431372549019608 0.04381443298969072
3.0 0.8100490196078431 0.3324742268041237 0.056372549019607844 0.04639175257731959
3.0 0.8480392156862745 0.35051546391752575 0.0392156862745098 0.04639175257731959
3.0 0.8799019607843137 0.35051546391752575 0.03431372549019608 0.041237113402061855
3.0 0.8897058823529411 0.38144329896907214 0.029411764705882353 0.041237113402061855
3.0 0.9117647058823529 0.3801546391752577 0.0196078431372549 0.03865979381443299
3.0 0.9117647058823529 0.3634020618556701 0.0196078431372549 0.02577319587628866
3.0 0.9056372549019608 0.35051546391752575 0.01715686274509804 0.030927835051546393
3.0 0.9264705882352942 0.3595360824742268 0.014705882352941176 0.028350515463917526
3.0 0.9411764705882353 0.3711340206185567 0.014705882352941176 0.02577319587628866
3.0 0.9264705882352942 0.37757731958762886 0.014705882352941176 0.028350515463917526
3.0 0.821078431372549 0.2860824742268041 0.0392156862745098 0.041237113402061855
3.0 0.8455882352941176 0.29381443298969073 0.03431372549019608 0.03608247422680412
3.0 0.8272058823529411 0.2654639175257732 0.02696078431372549 0.02577319587628866
3.0 0.8394607843137255 0.26288659793814434 0.022058823529411766 0.02577319587628866
3.0 0.041666666666666664 0.40335051546391754 0.0196078431372549 0.028350515463917526
3.0 0.04656862745098039 0.3917525773195876 0.014705882352941176 0.02577319587628866
4.0 0.15318627450980393 0.35180412371134023 0.041666666666666664 0.04896907216494845
4.0 0.20955882352941177 0.3337628865979381 0.03676470588235294 0.03350515463917526
3.0 0.0857843137254902 0.36726804123711343 0.024509803921568627 0.03350515463917526
3.0 0.11764705882352941 0.35051546391752575 0.0392156862745098 0.04639175257731959
0.0 0.7794117647058824 0.7164948453608248 0.03431372549019608 0.07216494845360824
0.0 0.7438725490196079 0.5618556701030928 0.012254901960784314 0.05670103092783505
0.0 0.9938725490196079 0.46134020618556704 0.0024509803921568627 0.015463917525773196
0.0 0.9779411764705882 0.422680412371134 0.004901960784313725 0.015463917525773196
3.0 0.9620098039215687 0.4097938144329897 0.007352941176470588 0.020618556701030927
3.0 0.29044117647058826 0.33118556701030927 0.07598039215686274 0.059278350515463915
3.0 0.34068627450980393 0.3131443298969072 0.08333333333333333 0.05412371134020619
3.0 0.3909313725490196 0.297680412371134 0.0857843137254902 0.05412371134020619
3.0 0.43995098039215685 0.28865979381443296 0.07598039215686274 0.05154639175257732
3.0 0.5294117647058824 0.27190721649484534 0.0784313725490196 0.04381443298969072
0.0 0.5134803921568627 0.2925257731958763 0.01715686274509804 0.03865979381443299
3.0 0.5796568627450981 0.2693298969072165 0.061274509803921566 0.03350515463917526
3.0 0.6213235294117647 0.2693298969072165 0.0661764705882353 0.04381443298969072
3.0 0.5392156862745098 0.22422680412371135 0.06372549019607843 0.03608247422680412
0.0 0.36151960784313725 0.2603092783505155 0.01715686274509804 0.030927835051546393
0.0 0.3713235294117647 0.25773195876288657 0.01715686274509804 0.03608247422680412
0.0 0.4264705882352941 0.23582474226804123 0.00980392156862745 0.023195876288659795
0.0 0.4166666666666667 0.23969072164948454 0.00980392156862745 0.015463917525773196
0.0 0.44362745098039214 0.211340206185567 0.014705882352941176 0.020618556701030927
3.0 0.18995098039215685 0.2757731958762887 0.031862745098039214 0.030927835051546393
3.0 0.20955882352941177 0.2693298969072165 0.03676470588235294 0.03865979381443299
3.0 0.22916666666666666 0.26288659793814434 0.03676470588235294 0.03608247422680412
3.0 0.3088235294117647 0.24742268041237114 0.049019607843137254 0.041237113402061855
3.0 0.35049019607843135 0.23840206185567012 0.049019607843137254 0.03350515463917526
3.0 0.3860294117647059 0.23711340206185566 0.041666666666666664 0.03608247422680412
3.0 0.758578431372549 0.27448453608247425 0.04656862745098039 0.04381443298969072
