3.0 0.5453431372549019 0.9355670103092784 0.051470588235294115 0.030927835051546393
3.0 0.5465686274509803 0.7757731958762887 0.06372549019607843 0.07216494845360824
3.0 0.6323529411764706 0.6920103092783505 0.058823529411764705 0.07989690721649484
3.0 0.5490196078431373 0.5244845360824743 0.049019607843137254 0.09020618556701031
3.0 0.5220588235294118 0.29381443298969073 0.04411764705882353 0.05670103092783505
3.0 0.5245098039215687 0.20747422680412372 0.03431372549019608 0.028350515463917526
3.0 0.5122549019607843 0.11211340206185567 0.029411764705882353 0.01288659793814433
0.0 0.20833333333333334 0.24097938144329897 0.00980392156862745 0.01804123711340206
3.0 0.10049019607843138 0.6713917525773195 0.029411764705882353 0.06443298969072164
0.0 0.20955882352941177 0.36726804123711343 0.007352941176470588 0.03350515463917526
3.0 0.2818627450980392 0.24484536082474226 0.0392156862745098 0.04639175257731959
3.0 0.5367647058823529 0.08505154639175258 0.014705882352941176 0.010309278350515464
3.0 0.6715686274509803 0.17783505154639176 0.029411764705882353 0.02577319587628866
3.0 0.6495098039215687 0.14304123711340205 0.029411764705882353 0.023195876288659795
3.0 0.6384803921568627 0.12757731958762886 0.02696078431372549 0.01804123711340206
3.0 0.3480392156862745 0.12628865979381443 0.024509803921568627 0.020618556701030927
0.0 0.3125 0.10695876288659793 0.007352941176470588 0.007731958762886598
0.0 0.2622549019607843 0.16108247422680413 0.00980392156862745 0.01288659793814433
0.0 0.2696078431372549 0.1559278350515464 0.004901960784313725 0.007731958762886598
0.0 0.27328431372549017 0.1559278350515464 0.007352941176470588 0.007731958762886598
3.0 0.47058823529411764 0.005154639175257732 0.004901960784313725 0.0
3.0 0.4987745098039216 0.00902061855670103 0.0024509803921568627 0.002577319587628866
3.0 0.4877450980392157 0.006443298969072165 0.004901960784313725 0.002577319587628866
3.0 0.4877450980392157 0.00902061855670103 0.004901960784313725 0.002577319587628866
3.0 0.5024509803921569 0.014175257731958763 0.004901960784313725 0.002577319587628866
3.0 0.5036764705882353 0.01804123711340206 0.007352941176470588 0.0
3.0 0.47671568627450983 0.01675257731958763 0.007352941176470588 0.002577319587628866
3.0 0.47671568627450983 0.019329896907216496 0.007352941176470588 0.002577319587628866
3.0 0.47671568627450983 0.020618556701030927 0.007352941176470588 0.0
3.0 0.37254901960784315 0.037371134020618556 0.00980392156862745 0.002577319587628866
3.0 0.3627450980392157 0.03994845360824742 0.00980392156862745 0.002577319587628866
9.0 0.44730392156862747 0.020618556701030927 0.0024509803921568627 0.0
9.0 0.4375 0.02190721649484536 0.0024509803921568627 0.002577319587628866
9.0 0.4424019607843137 0.03479381443298969 0.0024509803921568627 0.002577319587628866
3.0 0.4325980392156863 0.028350515463917526 0.012254901960784314 0.005154639175257732
3.0 0.49142156862745096 0.029639175257731958 0.007352941176470588 0.002577319587628866
3.0 0.49264705882352944 0.03221649484536082 0.00980392156862745 0.002577319587628866
3.0 0.5073529411764706 0.029639175257731958 0.00980392156862745 0.002577319587628866
3.0 0.508578431372549 0.03221649484536082 0.007352941176470588 0.002577319587628866
3.0 0.5098039215686274 0.03479381443298969 0.00980392156862745 0.002577319587628866
3.0 0.5098039215686274 0.03479381443298969 0.00980392156862745 0.002577319587628866
3.0 0.5110294117647058 0.03994845360824742 0.007352941176470588 0.002577319587628866
3.0 0.49264705882352944 0.03350515463917526 0.00980392156862745 0.0
3.0 0.5110294117647058 0.04252577319587629 0.012254901960784314 0.002577319587628866
0.0 0.3786764705882353 0.04768041237113402 0.0024509803921568627 0.002577319587628866
0.0 0.3627450980392157 0.05798969072164949 0.004901960784313725 0.002577319587628866
0.0 0.38848039215686275 0.05025773195876289 0.0024509803921568627 0.002577319587628866
9.0 0.42034313725490197 0.045103092783505154 0.007352941176470588 0.002577319587628866
9.0 0.41299019607843135 0.04768041237113402 0.007352941176470588 0.002577319587628866
3.0 0.3737745098039216 0.055412371134020616 0.01715686274509804 0.007731958762886598
4.0 0.7610294117647058 0.375 0.041666666666666664 0.06958762886597938
3.0 0.6458333333333334 0.06572164948453608 0.01715686274509804 0.007731958762886598
0.0 0.6397058823529411 0.07087628865979381 0.004901960784313725 0.002577319587628866
0.0 0.6470588235294118 0.07216494845360824 0.004901960784313725 0.005154639175257732
0.0 0.6433823529411765 0.07087628865979381 0.0024509803921568627 0.002577319587628866
0.0 0.5870098039215687 0.03221649484536082 0.0024509803921568627 0.002577319587628866
3.0 0.6041666666666666 0.04381443298969072 0.012254901960784314 0.005154639175257732
0.0 0.5453431372549019 0.03221649484536082 0.0024509803921568627 0.002577319587628866
0.0 0.5821078431372549 0.029639175257731958 0.0024509803921568627 0.002577319587628866
3.0 0.5208333333333334 0.003865979381443299 0.007352941176470588 0.002577319587628866
3.0 0.5098039215686274 0.024484536082474227 0.0196078431372549 0.002577319587628866
3.0 0.5257352941176471 0.03608247422680412 0.007352941176470588 0.0
3.0 0.5220588235294118 0.029639175257731958 0.00980392156862745 0.002577319587628866
3.0 0.5232843137254902 0.03221649484536082 0.007352941176470588 0.002577319587628866
3.0 0.5245098039215687 0.03479381443298969 0.00980392156862745 0.002577319587628866
9.0 0.7291666666666666 0.9291237113402062 0.022058823529411766 0.01804123711340206
9.0 0.7034313725490197 0.9407216494845361 0.024509803921568627 0.020618556701030927
3.0 0.8909313725490197 0.27835051546391754 0.01715686274509804 0.02577319587628866
3.0 0.8737745098039216 0.24871134020618557 0.01715686274509804 0.023195876288659795
1.0 0.7328431372549019 0.9239690721649485 0.0196078431372549 0.01288659793814433
1.0 0.7083333333333334 0.9368556701030928 0.014705882352941176 0.007731958762886598
1.0 0.4215686274509804 0.04381443298969072 0.004901960784313725 0.0
1.0 0.41421568627450983 0.045103092783505154 0.004901960784313725 0.002577319587628866
1.0 0.44730392156862747 0.020618556701030927 0.0024509803921568627 0.0
1.0 0.4387254901960784 0.02190721649484536 0.004901960784313725 0.002577319587628866
1.0 0.4411764705882353 0.03350515463917526 0.004901960784313725 0.0
1.0 0.44730392156862747 0.03479381443298969 0.0024509803921568627 0.002577319587628866
