3.0 0.16666666666666666 0.8801546391752577 0.06372549019607843 0.06443298969072164
5.0 0.0857843137254902 0.729381443298969 0.05392156862745098 0.10824742268041238
5.0 0.051470588235294115 0.6069587628865979 0.04411764705882353 0.15721649484536082
2.0 0.015931372549019607 0.47551546391752575 0.007352941176470588 0.01288659793814433
9.0 0.01715686274509804 0.46262886597938147 0.004901960784313725 0.01804123711340206
2.0 0.01715686274509804 0.452319587628866 0.004901960784313725 0.01804123711340206
2.0 0.01838235294117647 0.44458762886597936 0.007352941176470588 0.01288659793814433
9.0 0.020833333333333332 0.42783505154639173 0.007352941176470588 0.015463917525773196
4.0 0.03431372549019608 0.38273195876288657 0.029411764705882353 0.059278350515463915
3.0 0.049019607843137254 0.3170103092783505 0.029411764705882353 0.07216494845360824
9.0 0.03553921568627451 0.33634020618556704 0.012254901960784314 0.028350515463917526
9.0 0.0428921568627451 0.3170103092783505 0.012254901960784314 0.02577319587628866
0.0 0.07475490196078431 0.27448453608247425 0.012254901960784314 0.023195876288659795
3.0 0.08700980392156862 0.22164948453608246 0.02696078431372549 0.041237113402061855
5.0 0.22303921568627452 0.07860824742268041 0.06372549019607843 0.04896907216494845
5.0 0.20220588235294118 0.14175257731958762 0.12009803921568628 0.10309278350515463
3.0 0.07598039215686274 0.43041237113402064 0.029411764705882353 0.10309278350515463
3.0 0.08088235294117647 0.5476804123711341 0.029411764705882353 0.12628865979381443
4.0 0.10784313725490197 0.6688144329896907 0.05392156862745098 0.12628865979381443
3.0 0.2696078431372549 0.8891752577319587 0.09313725490196079 0.08762886597938144
3.0 0.19975490196078433 0.779639175257732 0.09068627450980392 0.13144329896907217
3.0 0.1409313725490196 0.6146907216494846 0.056372549019607844 0.15206185567010308
3.0 0.1213235294117647 0.44458762886597936 0.04656862745098039 0.14690721649484537
4.0 0.125 0.3337628865979381 0.049019607843137254 0.1056701030927835
3.0 0.2867647058823529 0.11211340206185567 0.09803921568627451 0.059278350515463915
3.0 0.2806372549019608 0.13402061855670103 0.1053921568627451 0.06701030927835051
3.0 0.26715686274509803 0.16494845360824742 0.11764705882352941 0.07216494845360824
3.0 0.27818627450980393 0.18814432989690721 0.11519607843137254 0.08247422680412371
3.0 0.2708333333333333 0.23711340206185566 0.13480392156862744 0.10824742268041238
3.0 0.2769607843137255 0.3286082474226804 0.14705882352941177 0.15206185567010308
3.0 0.2916666666666667 0.4368556701030928 0.1568627450980392 0.15206185567010308
3.0 0.3174019607843137 0.5618556701030928 0.1642156862745098 0.14948453608247422
3.0 0.33088235294117646 0.6829896907216495 0.17647058823529413 0.14432989690721648
3.0 0.3639705882352941 0.7757731958762887 0.18382352941176472 0.12886597938144329
3.0 0.3958333333333333 0.854381443298969 0.17401960784313725 0.09020618556701031
3.0 0.4485294117647059 0.9213917525773195 0.15196078431372548 0.05412371134020619
4.0 0.47671568627450983 0.9600515463917526 0.12990196078431374 0.03350515463917526
3.0 0.5061274509803921 0.9871134020618557 0.11519607843137254 0.020618556701030927
3.0 0.6862745098039216 0.9420103092783505 0.10784313725490197 0.05412371134020619
3.0 0.6752450980392157 0.9239690721649485 0.12990196078431374 0.06443298969072164
3.0 0.6678921568627451 0.8994845360824743 0.14950980392156862 0.07731958762886598
3.0 0.6580882352941176 0.6997422680412371 0.19362745098039216 0.12628865979381443
3.0 0.6654411764705882 0.7680412371134021 0.17892156862745098 0.10824742268041238
4.0 0.8848039215686274 0.6494845360824743 0.0784313725490196 0.1134020618556701
3.0 0.8553921568627451 0.4639175257731959 0.05392156862745098 0.14432989690721648
3.0 0.8884803921568627 0.452319587628866 0.041666666666666664 0.13659793814432988
3.0 0.9093137254901961 0.44329896907216493 0.03431372549019608 0.12371134020618557
3.0 0.9276960784313726 0.43943298969072164 0.031862745098039214 0.11082474226804123
3.0 0.5465686274509803 0.31572164948453607 0.19607843137254902 0.1056701030927835
3.0 0.5318627450980392 0.24355670103092783 0.16666666666666666 0.07989690721649484
3.0 0.4877450980392157 0.19458762886597938 0.1715686274509804 0.06443298969072164
3.0 0.46568627450980393 0.12371134020618557 0.1323529411764706 0.04639175257731959
3.0 0.4497549019607843 0.09664948453608248 0.125 0.03865979381443299
3.0 0.4387254901960784 0.08118556701030928 0.10784313725490197 0.03350515463917526
3.0 0.42769607843137253 0.06829896907216494 0.09558823529411764 0.028350515463917526
3.0 0.9497549019607843 0.6791237113402062 0.041666666666666664 0.09536082474226804
3.0 0.9632352941176471 0.6610824742268041 0.03431372549019608 0.09020618556701031
3.0 0.9742647058823529 0.6417525773195877 0.031862745098039214 0.09278350515463918
3.0 0.9828431372549019 0.5438144329896907 0.0196078431372549 0.05670103092783505
3.0 0.9571078431372549 0.4252577319587629 0.02696078431372549 0.09278350515463918
