9.0 0.14583333333333334 0.13397790055248618 0.01715686274509804 0.019337016574585635
1.0 0.14583333333333334 0.13259668508287292 0.012254901960784314 0.016574585635359115
8.0 0.17647058823529413 0.1878453038674033 0.11764705882352941 0.17679558011049723
3.0 0.11274509803921569 0.28314917127071826 0.0392156862745098 0.08011049723756906
3.0 0.07352941176470588 0.3425414364640884 0.029411764705882353 0.07734806629834254
3.0 0.17279411764705882 0.7223756906077348 0.0661764705882353 0.10220994475138122
3.0 0.27818627450980393 0.7748618784530387 0.09068627450980392 0.1132596685082873
4.0 0.07720588235294118 0.26933701657458564 0.02696078431372549 0.052486187845303865
4.0 0.03676470588235294 0.4281767955801105 0.014705882352941176 0.06629834254143646
4.0 0.0857843137254902 0.47513812154696133 0.024509803921568627 0.09392265193370165
4.0 0.16176470588235295 0.3743093922651934 0.049019607843137254 0.1132596685082873
4.0 0.17892156862745098 0.5814917127071824 0.05392156862745098 0.12430939226519337
3.0 0.16789215686274508 0.8080110497237569 0.061274509803921566 0.0856353591160221
3.0 0.4227941176470588 0.925414364640884 0.08088235294117647 0.06077348066298342
4.0 0.33088235294117646 0.9088397790055248 0.08333333333333333 0.06629834254143646
3.0 0.4375 0.9875690607734806 0.051470588235294115 0.019337016574585635
4.0 0.12745098039215685 0.8176795580110497 0.049019607843137254 0.0718232044198895
5.0 0.01838235294117647 0.5276243093922652 0.01715686274509804 0.08287292817679558
4.0 0.33088235294117646 0.062154696132596686 0.05392156862745098 0.04143646408839779
4.0 0.36764705882352944 0.04834254143646409 0.049019607843137254 0.03591160220994475
3.0 0.4166666666666667 0.03867403314917127 0.049019607843137254 0.027624309392265192
4.0 0.33578431372549017 0.15883977900552487 0.09803921568627451 0.06906077348066299
4.0 0.34068627450980393 0.20303867403314918 0.11274509803921569 0.08011049723756906
4.0 0.36519607843137253 0.2610497237569061 0.1323529411764706 0.10220994475138122
4.0 0.39338235294117646 0.3383977900552486 0.125 0.10220994475138122
3.0 0.41911764705882354 0.43370165745856354 0.14705882352941177 0.11049723756906077
4.0 0.46568627450980393 0.5455801104972375 0.1568627450980392 0.11878453038674033
9.0 0.4963235294117647 0.6712707182320442 0.0661764705882353 0.03314917127071823
9.0 0.5036764705882353 0.7154696132596685 0.04656862745098039 0.06077348066298342
5.0 0.5294117647058824 0.15607734806629833 0.14215686274509803 0.1574585635359116
5.0 0.6580882352941176 0.39917127071823205 0.14950980392156862 0.2900552486187845
3.0 0.5612745098039216 0.856353591160221 0.11274509803921569 0.06629834254143646
3.0 0.5833333333333334 0.8853591160220995 0.10784313725490197 0.058011049723756904
3.0 0.6237745098039216 0.9516574585635359 0.07107843137254902 0.03591160220994475
3.0 0.6507352941176471 0.9585635359116023 0.09068627450980392 0.049723756906077346
4.0 0.6102941176470589 0.9088397790055248 0.10784313725490197 0.06077348066298342
3.0 0.9399509803921569 0.494475138121547 0.01715686274509804 0.08287292817679558
1.0 0.875 0.1464088397790055 0.00980392156862745 0.011049723756906077
