3.0 0.8262910798122066 0.8653846153846154 0.07042253521126761 0.07948717948717948
3.0 0.8169014084507042 0.8589743589743589 0.07511737089201878 0.08717948717948718
3.0 0.7816901408450704 0.8538461538461538 0.09389671361502347 0.09743589743589744
3.0 0.31572769953051644 0.735897435897436 0.13849765258215962 0.14871794871794872
0.0 0.1607981220657277 0.6628205128205128 0.011737089201877934 0.023076923076923078
9.0 0.20422535211267606 0.6756410256410257 0.023474178403755867 0.05384615384615385
9.0 0.20892018779342722 0.6397435897435897 0.023474178403755867 0.04358974358974359
9.0 0.22652582159624413 0.6333333333333333 0.025821596244131457 0.06153846153846154
3.0 0.13732394366197184 0.558974358974359 0.0539906103286385 0.11794871794871795
3.0 0.07511737089201878 0.44358974358974357 0.028169014084507043 0.08205128205128205
3.0 0.057511737089201875 0.3935897435897436 0.025821596244131457 0.06923076923076923
3.0 0.04225352112676056 0.3487179487179487 0.018779342723004695 0.05128205128205128
3.0 0.05868544600938967 0.26794871794871794 0.018779342723004695 0.03333333333333333
5.0 0.03873239436619718 0.3 0.01643192488262911 0.035897435897435895
8.0 0.08685446009389672 0.2076923076923077 0.046948356807511735 0.06666666666666667
9.0 0.03755868544600939 0.2858974358974359 0.004694835680751174 0.01282051282051282
9.0 0.03286384976525822 0.2935897435897436 0.004694835680751174 0.01282051282051282
9.0 0.03169014084507042 0.2987179487179487 0.002347417840375587 0.007692307692307693
5.0 0.8896713615023474 0.632051282051282 0.08450704225352113 0.16153846153846155
3.0 0.9460093896713615 0.5602564102564103 0.018779342723004695 0.07435897435897436
3.0 0.9131455399061033 0.5012820512820513 0.018779342723004695 0.08461538461538462
3.0 0.9553990610328639 0.4307692307692308 0.014084507042253521 0.06153846153846154
3.0 0.9119718309859155 0.32051282051282054 0.035211267605633804 0.06153846153846154
3.0 0.6842723004694836 0.13974358974358975 0.07746478873239436 0.05897435897435897
3.0 0.6431924882629108 0.11923076923076924 0.08450704225352113 0.05384615384615385
3.0 0.8133802816901409 0.2076923076923077 0.06338028169014084 0.07179487179487179
3.0 0.823943661971831 0.20512820512820512 0.056338028169014086 0.06666666666666667
3.0 0.8309859154929577 0.20256410256410257 0.046948356807511735 0.05641025641025641
3.0 0.846244131455399 0.2 0.04929577464788732 0.05641025641025641
3.0 0.8509389671361502 0.19615384615384615 0.03990610328638498 0.04871794871794872
3.0 0.8591549295774648 0.19615384615384615 0.03755868544600939 0.04871794871794872
3.0 0.8720657276995305 0.19487179487179487 0.035211267605633804 0.046153846153846156
3.0 0.8755868544600939 0.1935897435897436 0.028169014084507043 0.038461538461538464
3.0 0.9061032863849765 0.21666666666666667 0.018779342723004695 0.028205128205128206
3.0 0.015258215962441314 0.367948717948718 0.011737089201877934 0.03333333333333333
