9.0 0.06572769953051644 0.23333333333333334 0.009389671361502348 0.020512820512820513
4.0 0.07276995305164319 0.23461538461538461 0.023474178403755867 0.04358974358974359
9.0 0.04929577464788732 0.25769230769230766 0.009389671361502348 0.017948717948717947
9.0 0.0528169014084507 0.24743589743589745 0.011737089201877934 0.017948717948717947
9.0 0.06690140845070422 0.2282051282051282 0.011737089201877934 0.020512820512820513
3.0 0.04460093896713615 0.308974358974359 0.018779342723004695 0.04358974358974359
3.0 0.11384976525821597 0.2064102564102564 0.03990610328638498 0.05384615384615385
7.0 0.1255868544600939 0.19615384615384615 0.025821596244131457 0.03333333333333333
3.0 0.14553990610328638 0.18974358974358974 0.046948356807511735 0.06153846153846154
3.0 0.08215962441314555 0.27692307692307694 0.03755868544600939 0.06153846153846154
3.0 0.08568075117370892 0.5717948717948718 0.03990610328638498 0.09743589743589744
3.0 0.17370892018779344 0.25 0.08450704225352113 0.10512820512820513
9.0 0.15375586854460094 0.3243589743589744 0.02112676056338028 0.04358974358974359
0.0 0.24413145539906103 0.24871794871794872 0.023474178403755867 0.041025641025641026
2.0 0.2699530516431925 0.28846153846153844 0.051643192488262914 0.05897435897435897
9.0 0.3227699530516432 0.2641025641025641 0.05868544600938967 0.05641025641025641
3.0 0.14553990610328638 0.5346153846153846 0.06572769953051644 0.12564102564102564
3.0 0.3873239436619718 0.3564102564102564 0.15492957746478872 0.1641025641025641
3.0 0.4823943661971831 0.39615384615384613 0.1619718309859155 0.1717948717948718
3.0 0.4424882629107981 0.7858974358974359 0.19483568075117372 0.12051282051282051
3.0 0.7570422535211268 0.6256410256410256 0.13380281690140844 0.13846153846153847
3.0 0.25 0.8358974358974359 0.1431924882629108 0.12307692307692308
3.0 0.8943661971830986 0.6884615384615385 0.051643192488262914 0.10512820512820513
9.0 0.9072769953051644 0.7025641025641025 0.01643192488262911 0.035897435897435895
9.0 0.9049295774647887 0.7525641025641026 0.02112676056338028 0.038461538461538464
9.0 0.9143192488262911 0.7371794871794872 0.01643192488262911 0.03333333333333333
3.0 0.926056338028169 0.7269230769230769 0.03990610328638498 0.07948717948717948
3.0 0.9295774647887324 0.735897435897436 0.04225352112676056 0.08205128205128205
3.0 0.7206572769953051 0.9384615384615385 0.0892018779342723 0.05641025641025641
4.0 0.2535211267605634 0.10384615384615385 0.09389671361502347 0.07948717948717948
