3.0 0.11274509803921569 0.20747422680412372 0.00980392156862745 0.01288659793814433
3.0 0.11764705882352941 0.19974226804123713 0.00980392156862745 0.01288659793814433
3.0 0.12377450980392157 0.18943298969072164 0.012254901960784314 0.01288659793814433
3.0 0.14705882352941177 0.14690721649484537 0.00980392156862745 0.010309278350515464
3.0 0.22794117647058823 0.1056701030927835 0.014705882352941176 0.010309278350515464
3.0 0.2426470588235294 0.09664948453608248 0.014705882352941176 0.01288659793814433
3.0 0.2549019607843137 0.09149484536082474 0.014705882352941176 0.01288659793814433
3.0 0.20588235294117646 0.11082474226804123 0.00980392156862745 0.010309278350515464
3.0 0.21446078431372548 0.1056701030927835 0.012254901960784314 0.010309278350515464
4.0 0.24509803921568626 0.07731958762886598 0.00980392156862745 0.010309278350515464
3.0 0.2267156862745098 0.07216494845360824 0.007352941176470588 0.005154639175257732
5.0 0.15808823529411764 0.13144329896907217 0.012254901960784314 0.015463917525773196
3.0 0.34191176470588236 0.07989690721649484 0.031862745098039214 0.015463917525773196
3.0 0.3431372549019608 0.07603092783505154 0.03431372549019608 0.01288659793814433
3.0 0.31004901960784315 0.06701030927835051 0.022058823529411766 0.010309278350515464
3.0 0.3137254901960784 0.06314432989690721 0.0196078431372549 0.007731958762886598
0.0 0.3602941176470588 0.23969072164948454 0.014705882352941176 0.020618556701030927
0.0 0.06862745098039216 0.6030927835051546 0.004901960784313725 0.015463917525773196
0.0 0.0625 0.49355670103092786 0.0024509803921568627 0.023195876288659795
0.0 0.061274509803921566 0.4690721649484536 0.004901960784313725 0.020618556701030927
0.0 0.058823529411764705 0.42396907216494845 0.004901960784313725 0.01804123711340206
0.0 0.0625 0.42010309278350516 0.0024509803921568627 0.010309278350515464
0.0 0.06495098039215687 0.3904639175257732 0.007352941176470588 0.01804123711340206
2.0 0.07598039215686274 0.3079896907216495 0.004901960784313725 0.01288659793814433
0.0 0.13112745098039216 0.31056701030927836 0.007352941176470588 0.01804123711340206
0.0 0.13848039215686275 0.30283505154639173 0.007352941176470588 0.01804123711340206
0.0 0.1409313725490196 0.30412371134020616 0.007352941176470588 0.020618556701030927
0.0 0.14460784313725492 0.3015463917525773 0.00980392156862745 0.020618556701030927
9.0 0.28921568627450983 0.23067010309278352 0.014705882352941176 0.023195876288659795
0.0 0.4522058823529412 0.14304123711340205 0.007352941176470588 0.01288659793814433
0.0 0.4742647058823529 0.13659793814432988 0.007352941176470588 0.010309278350515464
4.0 0.7757352941176471 0.1958762886597938 0.03676470588235294 0.030927835051546393
3.0 0.803921568627451 0.2036082474226804 0.03431372549019608 0.030927835051546393
