3.0 0.04779411764705882 0.35359116022099446 0.007352941176470588 0.022099447513812154
3.0 0.0392156862745098 0.3743093922651934 0.00980392156862745 0.019337016574585635
3.0 0.0196078431372549 0.4281767955801105 0.004901960784313725 0.022099447513812154
4.0 0.024509803921568627 0.457182320441989 0.004901960784313725 0.024861878453038673
3.0 0.03799019607843137 0.4185082872928177 0.007352941176470588 0.019337016574585635
3.0 0.030637254901960783 0.4696132596685083 0.007352941176470588 0.027624309392265192
4.0 0.05024509803921569 0.40331491712707185 0.012254901960784314 0.022099447513812154
4.0 0.041666666666666664 0.5593922651933702 0.00980392156862745 0.03591160220994475
4.0 0.06740196078431372 0.4516574585635359 0.012254901960784314 0.024861878453038673
3.0 0.06985294117647059 0.43232044198895025 0.012254901960784314 0.019337016574585635
4.0 0.09068627450980392 0.4212707182320442 0.0196078431372549 0.03038674033149171
3.0 0.10049019607843138 0.3770718232044199 0.0196078431372549 0.03038674033149171
3.0 0.15441176470588236 0.34668508287292815 0.03431372549019608 0.03591160220994475
3.0 0.15196078431372548 0.3715469613259669 0.029411764705882353 0.03038674033149171
3.0 0.14705882352941177 0.39502762430939226 0.024509803921568627 0.03314917127071823
4.0 0.12745098039215685 0.48066298342541436 0.024509803921568627 0.03314917127071823
4.0 0.05759803921568627 0.6395027624309392 0.01715686274509804 0.03038674033149171
3.0 0.07230392156862746 0.6781767955801105 0.01715686274509804 0.03591160220994475
3.0 0.09803921568627451 0.7237569060773481 0.024509803921568627 0.04419889502762431
3.0 0.05392156862745098 0.5939226519337016 0.014705882352941176 0.027624309392265192
3.0 0.14950980392156862 0.6961325966850829 0.029411764705882353 0.03867403314917127
8.0 0.33455882352941174 0.9654696132596685 0.061274509803921566 0.03038674033149171
8.0 0.35049019607843135 0.9613259668508287 0.10294117647058823 0.055248618784530384
8.0 0.3713235294117647 0.9640883977900553 0.0857843137254902 0.049723756906077346
8.0 0.3762254901960784 0.9516574585635359 0.11029411764705882 0.06353591160220995
8.0 0.29411764705882354 0.919889502762431 0.06372549019607843 0.055248618784530384
3.0 0.5269607843137255 0.988950276243094 0.0196078431372549 0.016574585635359115
3.0 0.49019607843137253 0.9613259668508287 0.0196078431372549 0.022099447513812154
0.0 0.44730392156862747 0.925414364640884 0.007352941176470588 0.0055248618784530384
0.0 0.4387254901960784 0.925414364640884 0.004901960784313725 0.0055248618784530384
3.0 0.5318627450980392 0.9350828729281768 0.024509803921568627 0.024861878453038673
3.0 0.4877450980392157 0.9116022099447514 0.024509803921568627 0.027624309392265192
3.0 0.4877450980392157 0.8756906077348067 0.024509803921568627 0.03314917127071823
0.0 0.4338235294117647 0.9074585635359116 0.004901960784313725 0.008287292817679558
8.0 0.25735294117647056 0.7624309392265194 0.09313725490196079 0.1270718232044199
8.0 0.27941176470588236 0.8259668508287292 0.10294117647058823 0.12154696132596685
3.0 0.7169117647058824 0.925414364640884 0.02696078431372549 0.027624309392265192
0.0 0.7524509803921569 0.9129834254143646 0.00980392156862745 0.008287292817679558
0.0 0.7512254901960784 0.9157458563535912 0.007352941176470588 0.008287292817679558
0.0 0.7524509803921569 0.9171270718232044 0.004901960784313725 0.0055248618784530384
0.0 0.44607843137254904 0.6629834254143646 0.00980392156862745 0.016574585635359115
0.0 0.4485294117647059 0.6187845303867403 0.004901960784313725 0.022099447513812154
3.0 0.4950980392156863 0.8287292817679558 0.029411764705882353 0.03867403314917127
3.0 0.7389705882352942 0.7486187845303868 0.031862745098039214 0.055248618784530384
3.0 0.49754901960784315 0.7693370165745856 0.029411764705882353 0.052486187845303865
8.0 0.5416666666666666 0.8149171270718232 0.03431372549019608 0.06629834254143646
3.0 0.5477941176470589 0.7196132596685083 0.031862745098039214 0.058011049723756904
3.0 0.5024509803921569 0.6975138121546961 0.029411764705882353 0.058011049723756904
8.0 0.5232843137254902 0.5511049723756906 0.056372549019607844 0.20165745856353592
3.0 0.5379901960784313 0.43232044198895025 0.031862745098039214 0.052486187845303865
3.0 0.5943627450980392 0.43784530386740333 0.031862745098039214 0.06353591160220995
4.0 0.5551470588235294 0.3743093922651934 0.031862745098039214 0.04696132596685083
3.0 0.4889705882352941 0.2803867403314917 0.03676470588235294 0.04143646408839779
0.0 0.44730392156862747 0.09392265193370165 0.0024509803921568627 0.0055248618784530384
3.0 0.5159313725490197 0.23342541436464087 0.031862745098039214 0.03591160220994475
3.0 0.5318627450980392 0.19889502762430938 0.029411764705882353 0.027624309392265192
8.0 0.5649509803921569 0.281767955801105 0.051470588235294115 0.10497237569060773
8.0 0.6029411764705882 0.319060773480663 0.0392156862745098 0.08011049723756906
3.0 0.6090686274509803 0.26519337016574585 0.02696078431372549 0.03867403314917127
3.0 0.5796568627450981 0.22375690607734808 0.02696078431372549 0.027624309392265192
3.0 0.5882352941176471 0.1850828729281768 0.024509803921568627 0.027624309392265192
3.0 0.6176470588235294 0.2085635359116022 0.024509803921568627 0.03038674033149171
3.0 0.6593137254901961 0.1781767955801105 0.024509803921568627 0.03038674033149171
3.0 0.6973039215686274 0.17955801104972377 0.022058823529411766 0.027624309392265192
3.0 0.6274509803921569 0.143646408839779 0.024509803921568627 0.022099447513812154
8.0 0.6544117647058824 0.25828729281767954 0.06372549019607843 0.11878453038674033
8.0 0.6200980392156863 0.16574585635359115 0.03431372549019608 0.04419889502762431
8.0 0.5441176470588235 0.16160220994475138 0.0392156862745098 0.04696132596685083
4.0 0.5551470588235294 0.13535911602209943 0.022058823529411766 0.016574585635359115
8.0 0.5943627450980392 0.13812154696132597 0.051470588235294115 0.06629834254143646
5.0 0.6727941176470589 0.11464088397790055 0.031862745098039214 0.03591160220994475
8.0 0.6973039215686274 0.08011049723756906 0.031862745098039214 0.03867403314917127
3.0 0.6813725490196079 0.09668508287292818 0.0196078431372549 0.016574585635359115
0.0 0.48651960784313725 0.05386740331491713 0.0024509803921568627 0.0027624309392265192
0.0 0.5 0.07734806629834254 0.004901960784313725 0.0055248618784530384
4.0 0.6078431372549019 0.08287292817679558 0.024509803921568627 0.016574585635359115
3.0 0.6078431372549019 0.07044198895027624 0.024509803921568627 0.013812154696132596
8.0 0.6813725490196079 0.04281767955801105 0.03431372549019608 0.03038674033149171
3.0 0.6605392156862745 0.07044198895027624 0.01715686274509804 0.013812154696132596
4.0 0.6348039215686274 0.07320441988950276 0.0196078431372549 0.013812154696132596
8.0 0.6299019607843137 0.08701657458563536 0.024509803921568627 0.024861878453038673
8.0 0.5894607843137255 0.062154696132596686 0.0661764705882353 0.03591160220994475
