0.0 0.11397058823529412 0.8440721649484536 0.007352941176470588 0.007731958762886598
0.0 0.11764705882352941 0.8350515463917526 0.004901960784313725 0.005154639175257732
0.0 0.15441176470588236 0.8376288659793815 0.004901960784313725 0.005154639175257732
0.0 0.15931372549019607 0.8414948453608248 0.004901960784313725 0.002577319587628866
9.0 0.13357843137254902 0.6984536082474226 0.007352941176470588 0.015463917525773196
9.0 0.13970588235294118 0.7100515463917526 0.00980392156862745 0.01288659793814433
9.0 0.14583333333333334 0.7164948453608248 0.007352941176470588 0.010309278350515464
9.0 0.1482843137254902 0.7229381443298969 0.012254901960784314 0.01288659793814433
0.0 0.12867647058823528 0.595360824742268 0.0024509803921568627 0.010309278350515464
6.0 0.6862745098039216 0.9561855670103093 0.0196078431372549 0.010309278350515464
2.0 0.6862745098039216 0.9510309278350515 0.00980392156862745 0.005154639175257732
2.0 0.7022058823529411 0.9239690721649485 0.012254901960784314 0.007731958762886598
2.0 0.6973039215686274 0.9317010309278351 0.012254901960784314 0.007731958762886598
2.0 0.696078431372549 0.9355670103092784 0.00980392156862745 0.005154639175257732
9.0 0.7009803921568627 0.9355670103092784 0.00980392156862745 0.005154639175257732
9.0 0.696078431372549 0.9432989690721649 0.00980392156862745 0.005154639175257732
9.0 0.6985294117647058 0.9458762886597938 0.00980392156862745 0.005154639175257732
9.0 0.7009803921568627 0.9432989690721649 0.00980392156862745 0.005154639175257732
2.0 0.7083333333333334 0.9291237113402062 0.00980392156862745 0.002577319587628866
3.0 0.9963235294117647 0.5141752577319587 0.0024509803921568627 0.01288659793814433
9.0 0.9669117647058824 0.39304123711340205 0.0024509803921568627 0.007731958762886598
9.0 0.9693627450980392 0.39948453608247425 0.0024509803921568627 0.010309278350515464
0.0 0.9718137254901961 0.43041237113402064 0.0024509803921568627 0.005154639175257732
3.0 0.9644607843137255 0.3556701030927835 0.007352941176470588 0.02577319587628866
3.0 0.9558823529411765 0.327319587628866 0.00980392156862745 0.02577319587628866
3.0 0.9411764705882353 0.28737113402061853 0.00980392156862745 0.023195876288659795
3.0 0.9325980392156863 0.2654639175257732 0.012254901960784314 0.02577319587628866
3.0 0.9227941176470589 0.24484536082474226 0.012254901960784314 0.020618556701030927
3.0 0.9129901960784313 0.22422680412371135 0.012254901960784314 0.020618556701030927
3.0 0.8970588235294118 0.19716494845360824 0.014705882352941176 0.01804123711340206
4.0 0.8786764705882353 0.16108247422680413 0.012254901960784314 0.01804123711340206
0.0 0.883578431372549 0.16752577319587628 0.0024509803921568627 0.005154639175257732
0.0 0.9044117647058824 0.20231958762886598 0.004901960784313725 0.007731958762886598
3.0 0.9509803921568627 0.297680412371134 0.00980392156862745 0.023195876288659795
3.0 0.9424019607843137 0.3324742268041237 0.012254901960784314 0.030927835051546393
3.0 0.9007352941176471 0.23324742268041238 0.01715686274509804 0.028350515463917526
3.0 0.8406862745098039 0.13788659793814434 0.014705882352941176 0.01804123711340206
3.0 0.8284313725490197 0.12371134020618557 0.014705882352941176 0.015463917525773196
0.0 0.8112745098039216 0.10051546391752578 0.004901960784313725 0.005154639175257732
0.0 0.8112745098039216 0.0979381443298969 0.004901960784313725 0.005154639175257732
5.0 0.7879901960784313 0.08505154639175258 0.022058823529411766 0.020618556701030927
3.0 0.7965686274509803 0.09664948453608248 0.014705882352941176 0.01288659793814433
3.0 0.821078431372549 0.12371134020618557 0.014705882352941176 0.015463917525773196
3.0 0.8345588235294118 0.14304123711340205 0.01715686274509804 0.023195876288659795
1.0 0.4950980392156863 0.3170103092783505 0.00980392156862745 0.010309278350515464
1.0 0.5012254901960784 0.3286082474226804 0.012254901960784314 0.007731958762886598
1.0 0.44485294117647056 0.2822164948453608 0.012254901960784314 0.01288659793814433
4.0 0.9522058823529411 0.4213917525773196 0.007352941176470588 0.023195876288659795
3.0 0.8602941176470589 0.41237113402061853 0.0196078431372549 0.05154639175257732
3.0 0.8345588235294118 0.38788659793814434 0.022058823529411766 0.059278350515463915
3.0 0.8149509803921569 0.36597938144329895 0.02696078431372549 0.05670103092783505
3.0 0.7867647058823529 0.3389175257731959 0.024509803921568627 0.05412371134020619
3.0 0.7622549019607843 0.3337628865979381 0.03431372549019608 0.059278350515463915
