3.0 0.2867647058823529 0.04252577319587629 0.03431372549019608 0.01804123711340206
3.0 0.13970588235294118 0.1958762886597938 0.06372549019607843 0.08762886597938144
4.0 0.09436274509803921 0.27190721649484534 0.061274509803921566 0.11082474226804123
4.0 0.058823529411764705 0.36597938144329895 0.049019607843137254 0.13402061855670103
3.0 0.031862745098039214 0.5567010309278351 0.03431372549019608 0.14432989690721648
0.0 0.04534313725490196 0.4806701030927835 0.007352941176470588 0.04896907216494845
0.0 0.03799019607843137 0.49226804123711343 0.007352941176470588 0.04639175257731959
3.0 0.041666666666666664 0.6804123711340206 0.06862745098039216 0.16494845360824742
3.0 0.06985294117647059 0.7822164948453608 0.051470588235294115 0.09536082474226804
9.0 0.09191176470588236 0.8234536082474226 0.022058823529411766 0.028350515463917526
3.0 0.31862745098039214 0.8195876288659794 0.1323529411764706 0.14432989690721648
0.0 0.3088235294117647 0.12757731958762886 0.03431372549019608 0.03350515463917526
3.0 0.48284313725490197 0.07731958762886598 0.06372549019607843 0.05154639175257732
3.0 0.40318627450980393 0.05798969072164949 0.051470588235294115 0.03865979381443299
4.0 0.5404411764705882 0.014175257731958763 0.041666666666666664 0.01804123711340206
2.0 0.48284313725490197 0.037371134020618556 0.014705882352941176 0.007731958762886598
1.0 0.48161764705882354 0.03350515463917526 0.007352941176470588 0.005154639175257732
1.0 0.6605392156862745 0.027061855670103094 0.056372549019607844 0.023195876288659795
3.0 0.696078431372549 0.04252577319587629 0.0784313725490196 0.03865979381443299
3.0 0.7512254901960784 0.06443298969072164 0.056372549019607844 0.03608247422680412
3.0 0.6875 0.04381443298969072 0.08088235294117647 0.03608247422680412
3.0 0.6875 0.05670103092783505 0.0857843137254902 0.041237113402061855
3.0 0.6838235294117647 0.06829896907216494 0.10294117647058823 0.04896907216494845
3.0 0.7107843137254902 0.09664948453608248 0.12254901960784313 0.06958762886597938
4.0 0.6544117647058824 0.09536082474226804 0.16666666666666666 0.08247422680412371
0.0 0.7267156862745098 0.06958762886597938 0.022058823529411766 0.020618556701030927
0.0 0.821078431372549 0.13659793814432988 0.024509803921568627 0.030927835051546393
9.0 0.7965686274509803 0.1172680412371134 0.029411764705882353 0.023195876288659795
3.0 0.7830882352941176 0.1481958762886598 0.11029411764705882 0.07989690721649484
4.0 0.7818627450980392 0.17525773195876287 0.1323529411764706 0.10824742268041238
3.0 0.8860294117647058 0.28350515463917525 0.07598039215686274 0.0979381443298969
0.0 0.6948529411764706 0.30541237113402064 0.04656862745098039 0.08505154639175258
4.0 0.7561274509803921 0.6894329896907216 0.15441176470588236 0.2654639175257732
3.0 0.8112745098039216 0.8195876288659794 0.12745098039215685 0.16494845360824742
3.0 0.7316176470588235 0.8608247422680413 0.14950980392156862 0.15463917525773196
3.0 0.9338235294117647 0.7010309278350515 0.0784313725490196 0.13917525773195877
3.0 0.9436274509803921 0.6146907216494846 0.058823529411764705 0.1056701030927835
2.0 0.9534313725490197 0.5167525773195877 0.014705882352941176 0.04381443298969072
