5.0 0.44730392156862747 0.9475138121546961 0.21323529411764705 0.06077348066298342
3.0 0.9399509803921569 0.7720994475138122 0.031862745098039214 0.058011049723756904
3.0 0.18137254901960784 0.6740331491712708 0.058823529411764705 0.11049723756906077
3.0 0.2659313725490196 0.5041436464088398 0.061274509803921566 0.1298342541436464
3.0 0.6176470588235294 0.505524861878453 0.06862745098039216 0.15469613259668508
3.0 0.5857843137254902 0.22099447513812154 0.07352941176470588 0.09944751381215469
3.0 0.6666666666666666 0.30248618784530384 0.06372549019607843 0.09668508287292818
3.0 0.45588235294117646 0.08287292817679558 0.05392156862745098 0.03314917127071823
3.0 0.6813725490196079 0.17955801104972377 0.06862745098039216 0.0718232044198895
3.0 0.7034313725490197 0.13674033149171272 0.05392156862745098 0.052486187845303865
3.0 0.6041666666666666 0.049723756906077346 0.041666666666666664 0.027624309392265192
3.0 0.5294117647058824 0.011049723756906077 0.03431372549019608 0.011049723756906077
8.0 0.04534313725490196 0.3411602209944751 0.03676470588235294 0.07458563535911603
4.0 0.7095588235294118 0.10082872928176796 0.061274509803921566 0.052486187845303865
3.0 0.7438725490196079 0.09530386740331492 0.051470588235294115 0.04143646408839779
3.0 0.7745098039215687 0.09806629834254144 0.049019607843137254 0.04143646408839779
