3.0 0.6200980392156863 0.8801546391752577 0.06862745098039216 0.059278350515463915
3.0 0.6139705882352942 0.7822164948453608 0.07107843137254902 0.09020618556701031
3.0 0.7438725490196079 0.6701030927835051 0.061274509803921566 0.09278350515463918
3.0 0.7205882352941176 0.5798969072164949 0.06372549019607843 0.07216494845360824
3.0 0.9007352941176471 0.5128865979381443 0.02696078431372549 0.04639175257731959
3.0 0.7352941176470589 0.12628865979381443 0.024509803921568627 0.020618556701030927
3.0 0.75 0.12242268041237113 0.029411764705882353 0.01804123711340206
3.0 0.7659313725490197 0.11984536082474227 0.02696078431372549 0.01804123711340206
4.0 0.8125 0.14948453608247422 0.01715686274509804 0.015463917525773196
5.0 0.7916666666666666 0.1404639175257732 0.06862745098039216 0.04896907216494845
5.0 0.8186274509803921 0.13917525773195877 0.024509803921568627 0.02577319587628866
5.0 0.8333333333333334 0.14948453608247422 0.0196078431372549 0.020618556701030927
5.0 0.7965686274509803 0.1481958762886598 0.03431372549019608 0.028350515463917526
5.0 0.9068627450980392 0.21649484536082475 0.0196078431372549 0.02577319587628866
5.0 0.8345588235294118 0.15850515463917525 0.031862745098039214 0.028350515463917526
0.0 0.8799019607843137 0.19201030927835053 0.004901960784313725 0.007731958762886598
5.0 0.8063725490196079 0.1327319587628866 0.024509803921568627 0.023195876288659795
5.0 0.5845588235294118 0.5708762886597938 0.07598039215686274 0.14175257731958762
5.0 0.6752450980392157 0.9677835051546392 0.03676470588235294 0.01804123711340206
2.0 0.6029411764705882 0.9484536082474226 0.0196078431372549 0.015463917525773196
1.0 0.6029411764705882 0.9471649484536082 0.014705882352941176 0.007731958762886598
0.0 0.9117647058823529 0.5257731958762887 0.004901960784313725 0.02577319587628866
0.0 0.9166666666666666 0.538659793814433 0.004901960784313725 0.02577319587628866
0.0 0.9203431372549019 0.5257731958762887 0.0024509803921568627 0.02577319587628866
5.0 0.45098039215686275 0.06314432989690721 0.029411764705882353 0.01804123711340206
2.0 0.5134803921568627 0.4639175257731959 0.01715686274509804 0.05154639175257732
1.0 0.5134803921568627 0.45618556701030927 0.012254901960784314 0.030927835051546393
3.0 0.43137254901960786 0.028350515463917526 0.00980392156862745 0.005154639175257732
