3.0 0.15318627450980393 0.16623711340206185 0.041666666666666664 0.04896907216494845
3.0 0.29901960784313725 0.21262886597938144 0.10294117647058823 0.11597938144329897
3.0 0.3897058823529412 0.6984536082474226 0.15196078431372548 0.211340206185567
3.0 0.30637254901960786 0.8943298969072165 0.12745098039215685 0.1134020618556701
3.0 0.5465686274509803 0.9729381443298969 0.09313725490196079 0.04896907216494845
3.0 0.5906862745098039 0.3402061855670103 0.14215686274509803 0.18556701030927836
3.0 0.7463235294117647 0.24742268041237114 0.0661764705882353 0.08247422680412371
3.0 0.7438725490196079 0.8698453608247423 0.13480392156862744 0.1211340206185567
3.0 0.9264705882352942 0.5889175257731959 0.0392156862745098 0.1211340206185567
3.0 0.24142156862745098 0.17525773195876287 0.07107843137254902 0.08247422680412371
3.0 0.11274509803921569 0.15463917525773196 0.03431372549019608 0.03608247422680412
4.0 0.08700980392156862 0.3002577319587629 0.041666666666666664 0.09020618556701031
4.0 0.26715686274509803 0.05798969072164949 0.0392156862745098 0.028350515463917526
4.0 0.6519607843137255 0.211340206185567 0.10294117647058823 0.10309278350515463
4.0 0.6605392156862745 0.913659793814433 0.11519607843137254 0.08505154639175258
3.0 0.9142156862745098 0.7615979381443299 0.08333333333333333 0.13144329896907217
8.0 0.8357843137254902 0.2925257731958763 0.17647058823529413 0.2809278350515464
3.0 0.5441176470588235 0.029639175257731958 0.04411764705882353 0.01804123711340206
3.0 0.48161764705882354 0.001288659793814433 0.031862745098039214 0.002577319587628866
3.0 0.01715686274509804 0.38273195876288657 0.024509803921568627 0.05412371134020619
0.0 0.07107843137254902 0.759020618556701 0.014705882352941176 0.028350515463917526
0.0 0.11397058823529412 0.845360824742268 0.01715686274509804 0.020618556701030927
0.0 0.05392156862745098 0.7435567010309279 0.014705882352941176 0.028350515463917526
0.0 0.05269607843137255 0.7280927835051546 0.01715686274509804 0.03350515463917526
0.0 0.8982843137254902 0.2860824742268041 0.01715686274509804 0.03608247422680412
2.0 0.20098039215686275 0.08505154639175258 0.00980392156862745 0.010309278350515464
1.0 0.06004901960784314 0.4639175257731959 0.007352941176470588 0.030927835051546393
1.0 0.07965686274509803 0.5412371134020618 0.007352941176470588 0.03608247422680412
1.0 0.9473039215686274 0.7461340206185567 0.012254901960784314 0.01804123711340206
1.0 0.9669117647058824 0.6623711340206185 0.012254901960784314 0.030927835051546393
1.0 0.5392156862745098 0.005154639175257732 0.00980392156862745 0.005154639175257732
2.0 0.5404411764705882 0.007731958762886598 0.012254901960784314 0.005154639175257732
2.0 0.9436274509803921 0.7512886597938144 0.0196078431372549 0.03350515463917526
9.0 0.061274509803921566 0.47551546391752575 0.004901960784313725 0.03350515463917526
9.0 0.08333333333333333 0.5515463917525774 0.00980392156862745 0.04639175257731959
0.0 0.5490196078431373 0.002577319587628866 0.004901960784313725 0.005154639175257732
0.0 0.5600490196078431 0.005154639175257732 0.007352941176470588 0.005154639175257732
0.0 0.6764705882352942 0.06958762886597938 0.014705882352941176 0.015463917525773196
0.0 0.5759803921568627 0.014175257731958763 0.00980392156862745 0.007731958762886598
1.0 0.5698529411764706 0.010309278350515464 0.007352941176470588 0.005154639175257732
0.0 0.9816176470588235 0.5786082474226805 0.007352941176470588 0.028350515463917526
0.0 0.9803921568627451 0.6391752577319587 0.00980392156862745 0.030927835051546393
0.0 0.9767156862745098 0.5773195876288659 0.007352941176470588 0.02577319587628866
