0.0 0.8688725490196079 0.16752577319587628 0.012254901960784314 0.015463917525773196
0.0 0.8431372549019608 0.1791237113402062 0.014705882352941176 0.023195876288659795
0.0 0.8639705882352942 0.18685567010309279 0.012254901960784314 0.01804123711340206
0.0 0.9252450980392157 0.31443298969072164 0.012254901960784314 0.030927835051546393
0.0 0.9301470588235294 0.3170103092783505 0.012254901960784314 0.030927835051546393
5.0 0.6409313725490197 0.04639175257731959 0.08088235294117647 0.03608247422680412
5.0 0.5245098039215687 0.04381443298969072 0.049019607843137254 0.015463917525773196
3.0 0.47794117647058826 0.05283505154639175 0.04411764705882353 0.01288659793814433
0.0 0.4362745098039216 0.061855670103092786 0.00980392156862745 0.010309278350515464
0.0 0.43014705882352944 0.061855670103092786 0.012254901960784314 0.010309278350515464
0.0 0.38480392156862747 0.06829896907216494 0.014705882352941176 0.01288659793814433
0.0 0.3958333333333333 0.08247422680412371 0.022058823529411766 0.015463917525773196
0.0 0.3872549019607843 0.08376288659793814 0.014705882352941176 0.01288659793814433
9.0 0.35784313725490197 0.08634020618556701 0.0196078431372549 0.01288659793814433
3.0 0.24632352941176472 0.14690721649484537 0.061274509803921566 0.04639175257731959
0.0 0.2659313725490196 0.14690721649484537 0.01715686274509804 0.020618556701030927
0.0 0.2622549019607843 0.14948453608247422 0.0196078431372549 0.020618556701030927
0.0 0.17034313725490197 0.2190721649484536 0.01715686274509804 0.030927835051546393
0.0 0.1642156862745098 0.22293814432989692 0.0196078431372549 0.03350515463917526
0.0 0.1482843137254902 0.211340206185567 0.01715686274509804 0.02577319587628866
0.0 0.15441176470588236 0.20747422680412372 0.0196078431372549 0.028350515463917526
0.0 0.16176470588235295 0.20231958762886598 0.0196078431372549 0.028350515463917526
0.0 0.16789215686274508 0.19845360824742267 0.01715686274509804 0.02577319587628866
0.0 0.17524509803921567 0.19329896907216496 0.01715686274509804 0.02577319587628866
0.0 0.19240196078431374 0.1713917525773196 0.01715686274509804 0.023195876288659795
0.0 0.18259803921568626 0.17783505154639176 0.01715686274509804 0.020618556701030927
0.0 0.1715686274509804 0.18685567010309279 0.014705882352941176 0.023195876288659795
0.0 0.1642156862745098 0.19072164948453607 0.014705882352941176 0.020618556701030927
0.0 0.13112745098039216 0.2538659793814433 0.01715686274509804 0.03350515463917526
0.0 0.12009803921568628 0.2615979381443299 0.014705882352941176 0.028350515463917526
0.0 0.11764705882352941 0.2822164948453608 0.0196078431372549 0.03865979381443299
0.0 0.12377450980392157 0.2809278350515464 0.01715686274509804 0.03608247422680412
0.0 0.11029411764705882 0.28737113402061853 0.014705882352941176 0.03350515463917526
0.0 0.10294117647058823 0.2925257731958763 0.0196078431372549 0.03865979381443299
0.0 0.11519607843137254 0.25902061855670105 0.014705882352941176 0.028350515463917526
0.0 0.11397058823529412 0.2667525773195876 0.012254901960784314 0.028350515463917526
0.0 0.1053921568627451 0.27319587628865977 0.014705882352941176 0.030927835051546393
0.0 0.10784313725490197 0.2615979381443299 0.014705882352941176 0.028350515463917526
0.0 0.11642156862745098 0.3170103092783505 0.01715686274509804 0.041237113402061855
0.0 0.1090686274509804 0.32087628865979384 0.01715686274509804 0.03865979381443299
0.0 0.10294117647058823 0.32216494845360827 0.014705882352941176 0.03608247422680412
0.0 0.09803921568627451 0.3247422680412371 0.014705882352941176 0.03608247422680412
0.0 0.08823529411764706 0.327319587628866 0.014705882352941176 0.041237113402061855
0.0 0.0821078431372549 0.32989690721649484 0.012254901960784314 0.03608247422680412
0.0 0.0821078431372549 0.3402061855670103 0.012254901960784314 0.03608247422680412
0.0 0.08700980392156862 0.3492268041237113 0.012254901960784314 0.03865979381443299
0.0 0.09068627450980392 0.35180412371134023 0.014705882352941176 0.03865979381443299
0.0 0.09558823529411764 0.3440721649484536 0.014705882352941176 0.03865979381443299
0.0 0.0821078431372549 0.36082474226804123 0.012254901960784314 0.03608247422680412
0.0 0.09068627450980392 0.3788659793814433 0.00980392156862745 0.03608247422680412
0.0 0.0821078431372549 0.38402061855670105 0.012254901960784314 0.041237113402061855
0.0 0.0784313725490196 0.38788659793814434 0.00980392156862745 0.03865979381443299
0.0 0.07352941176470588 0.3943298969072165 0.00980392156862745 0.041237113402061855
0.0 0.06372549019607843 0.4252577319587629 0.00980392156862745 0.041237113402061855
0.0 0.0625 0.4110824742268041 0.007352941176470588 0.03350515463917526
0.0 0.056372549019607844 0.41365979381443296 0.00980392156862745 0.03865979381443299
0.0 0.049019607843137254 0.42010309278350516 0.00980392156862745 0.030927835051546393
0.0 0.051470588235294115 0.41494845360824745 0.00980392156862745 0.03608247422680412
9.0 0.06004901960784314 0.3943298969072165 0.01715686274509804 0.03608247422680412
1.0 0.058823529411764705 0.3917525773195876 0.00980392156862745 0.02577319587628866
1.0 0.056372549019607844 0.3917525773195876 0.00980392156862745 0.030927835051546393
0.0 0.04411764705882353 0.39948453608247425 0.00980392156862745 0.03608247422680412
0.0 0.04044117647058824 0.40850515463917525 0.012254901960784314 0.03865979381443299
0.0 0.45588235294117646 0.9896907216494846 0.024509803921568627 0.010309278350515464
0.0 0.4693627450980392 0.9845360824742269 0.02696078431372549 0.010309278350515464
0.0 0.3014705882352941 0.8930412371134021 0.0392156862745098 0.03865979381443299
0.0 0.2806372549019608 0.8930412371134021 0.031862745098039214 0.028350515463917526
0.0 0.18872549019607843 0.8518041237113402 0.03431372549019608 0.03865979381443299
0.0 0.16053921568627452 0.8788659793814433 0.02696078431372549 0.030927835051546393
0.0 0.1556372549019608 0.8737113402061856 0.022058823529411766 0.02577319587628866
0.0 0.1409313725490196 0.8427835051546392 0.031862745098039214 0.03608247422680412
0.0 0.17524509803921567 0.8762886597938144 0.02696078431372549 0.02577319587628866
0.0 0.16176470588235295 0.8621134020618557 0.024509803921568627 0.028350515463917526
0.0 0.15318627450980393 0.8466494845360825 0.02696078431372549 0.03350515463917526
0.0 0.11642156862745098 0.7306701030927835 0.022058823529411766 0.04381443298969072
0.0 0.17892156862745098 0.7525773195876289 0.03431372549019608 0.061855670103092786
0.0 0.19362745098039216 0.7564432989690721 0.03431372549019608 0.05412371134020619
0.0 0.23039215686274508 0.7873711340206185 0.03431372549019608 0.04896907216494845
0.0 0.2426470588235294 0.7925257731958762 0.03431372549019608 0.04896907216494845
0.0 0.2647058823529412 0.7847938144329897 0.03431372549019608 0.04896907216494845
0.0 0.27818627450980393 0.779639175257732 0.03676470588235294 0.05412371134020619
0.0 0.21323529411764705 0.759020618556701 0.03431372549019608 0.05412371134020619
0.0 0.21323529411764705 0.7332474226804123 0.03431372549019608 0.06443298969072164
0.0 0.11519607843137254 0.6378865979381443 0.024509803921568627 0.06443298969072164
0.0 0.13112745098039216 0.6288659793814433 0.022058823529411766 0.06701030927835051
0.0 0.14460784313725492 0.6327319587628866 0.024509803921568627 0.06443298969072164
0.0 0.17034313725490197 0.6262886597938144 0.022058823529411766 0.05670103092783505
0.0 0.18259803921568626 0.6288659793814433 0.022058823529411766 0.061855670103092786
0.0 0.15318627450980393 0.5927835051546392 0.022058823529411766 0.06701030927835051
0.0 0.16911764705882354 0.5837628865979382 0.0196078431372549 0.05412371134020619
0.0 0.19240196078431374 0.5837628865979382 0.02696078431372549 0.07474226804123711
0.0 0.2107843137254902 0.5798969072164949 0.029411764705882353 0.08247422680412371
0.0 0.2512254901960784 0.5476804123711341 0.031862745098039214 0.07474226804123711
0.0 0.2622549019607843 0.5425257731958762 0.024509803921568627 0.07989690721649484
0.0 0.11151960784313726 0.48195876288659795 0.012254901960784314 0.05670103092783505
0.0 0.10416666666666667 0.46649484536082475 0.012254901960784314 0.05154639175257732
0.0 0.10049019607843138 0.4536082474226804 0.00980392156862745 0.04639175257731959
0.0 0.1053921568627451 0.44329896907216493 0.014705882352941176 0.04639175257731959
0.0 0.12622549019607843 0.47551546391752575 0.012254901960784314 0.05412371134020619
0.0 0.13112745098039216 0.4368556701030928 0.012254901960784314 0.04896907216494845
0.0 0.12377450980392157 0.4420103092783505 0.012254901960784314 0.04381443298969072
9.0 0.22058823529411764 0.42783505154639173 0.04411764705882353 0.05670103092783505
1.0 0.2193627450980392 0.41237113402061853 0.022058823529411766 0.05154639175257732
1.0 0.21323529411764705 0.4110824742268041 0.024509803921568627 0.059278350515463915
0.0 0.020833333333333332 0.43556701030927836 0.007352941176470588 0.030927835051546393
0.0 0.023284313725490197 0.42783505154639173 0.007352941176470588 0.03608247422680412
0.0 0.03553921568627451 0.3698453608247423 0.012254901960784314 0.03350515463917526
0.0 0.031862745098039214 0.37371134020618557 0.00980392156862745 0.030927835051546393
0.0 0.03799019607843137 0.3389175257731959 0.012254901960784314 0.028350515463917526
0.0 0.031862745098039214 0.34664948453608246 0.00980392156862745 0.028350515463917526
0.0 0.028186274509803922 0.3543814432989691 0.007352941176470588 0.028350515463917526
0.0 0.031862745098039214 0.3324742268041237 0.00980392156862745 0.02577319587628866
0.0 0.03431372549019608 0.32989690721649484 0.00980392156862745 0.02577319587628866
0.0 0.741421568627451 0.9394329896907216 0.031862745098039214 0.023195876288659795
