5.0 0.8284313725490197 0.8569587628865979 0.18137254901960784 0.17783505154639176
4.0 0.8394607843137255 0.5747422680412371 0.15931372549019607 0.31958762886597936
4.0 0.8909313725490197 0.2551546391752577 0.11029411764705882 0.14432989690721648
3.0 0.9215686274509803 0.31958762886597936 0.09313725490196079 0.14432989690721648
3.0 0.5698529411764706 0.15850515463917525 0.22794117647058823 0.11597938144329897
3.0 0.06985294117647059 0.6211340206185567 0.11029411764705882 0.19072164948453607
3.0 0.15196078431372548 0.4265463917525773 0.11764705882352941 0.2603092783505155
3.0 0.1568627450980392 0.27319587628865977 0.10294117647058823 0.16494845360824742
3.0 0.16299019607843138 0.18814432989690721 0.0857843137254902 0.10309278350515463
3.0 0.16053921568627452 0.15979381443298968 0.08088235294117647 0.08762886597938144
3.0 0.3737745098039216 0.08118556701030928 0.14460784313725492 0.06958762886597938
3.0 0.23284313725490197 0.10051546391752578 0.08823529411764706 0.06701030927835051
4.0 0.3112745098039216 0.06958762886597938 0.10784313725490197 0.061855670103092786
3.0 0.8468137254901961 0.20103092783505155 0.11519607843137254 0.12371134020618557
3.0 0.7977941176470589 0.1559278350515464 0.13480392156862744 0.11082474226804123
3.0 0.7475490196078431 0.12242268041237113 0.14705882352941177 0.10051546391752578
3.0 0.6911764705882353 0.08634020618556701 0.16666666666666666 0.08505154639175258
3.0 0.4534313725490196 0.024484536082474227 0.11764705882352941 0.023195876288659795
3.0 0.4362745098039216 0.02190721649484536 0.10784313725490197 0.023195876288659795
3.0 0.2426470588235294 0.07860824742268041 0.06372549019607843 0.04381443298969072
3.0 0.21200980392156862 0.08247422680412371 0.051470588235294115 0.03608247422680412
3.0 0.22058823529411764 0.08376288659793814 0.058823529411764705 0.04381443298969072
3.0 0.2806372549019608 0.05025773195876289 0.07107843137254902 0.03865979381443299
