0.0 0.0392156862745098 0.3287292817679558 0.004901960784313725 0.016574585635359115
0.0 0.041666666666666664 0.3314917127071823 0.00980392156862745 0.027624309392265192
0.0 0.0428921568627451 0.3314917127071823 0.007352941176470588 0.022099447513812154
0.0 0.051470588235294115 0.3259668508287293 0.00980392156862745 0.03314917127071823
0.0 0.06372549019607843 0.3218232044198895 0.00980392156862745 0.03038674033149171
0.0 0.07598039215686274 0.3149171270718232 0.00980392156862745 0.027624309392265192
0.0 0.09191176470588236 0.3052486187845304 0.012254901960784314 0.03591160220994475
0.0 0.14705882352941177 0.27071823204419887 0.0196078431372549 0.04419889502762431
0.0 0.16053921568627452 0.2223756906077348 0.01715686274509804 0.03591160220994475
0.0 0.22181372549019607 0.255524861878453 0.031862745098039214 0.052486187845303865
0.0 0.25857843137254904 0.2292817679558011 0.022058823529411766 0.027624309392265192
0.0 0.43014705882352944 0.23480662983425415 0.02696078431372549 0.055248618784530384
0.0 0.4215686274509804 0.24171270718232044 0.014705882352941176 0.03038674033149171
0.0 0.47058823529411764 0.16022099447513813 0.024509803921568627 0.03867403314917127
0.0 0.6470588235294118 0.19751381215469613 0.03431372549019608 0.052486187845303865
0.0 0.6973039215686274 0.20718232044198895 0.02696078431372549 0.03867403314917127
0.0 0.7328431372549019 0.2292817679558011 0.03431372549019608 0.06077348066298342
0.0 0.7536764705882353 0.23895027624309392 0.02696078431372549 0.052486187845303865
0.0 0.7769607843137255 0.2569060773480663 0.029411764705882353 0.055248618784530384
0.0 0.8247549019607843 0.2803867403314917 0.022058823529411766 0.04696132596685083
0.0 0.8345588235294118 0.2845303867403315 0.022058823529411766 0.049723756906077346
0.0 0.8468137254901961 0.2914364640883978 0.01715686274509804 0.04143646408839779
0.0 0.8627450980392157 0.30386740331491713 0.0196078431372549 0.04419889502762431
0.0 0.883578431372549 0.31215469613259667 0.01715686274509804 0.049723756906077346
0.0 0.8676470588235294 0.3632596685082873 0.0196078431372549 0.052486187845303865
0.0 0.8921568627450981 0.3743093922651934 0.00980392156862745 0.03591160220994475
0.0 0.9105392156862745 0.3729281767955801 0.012254901960784314 0.03867403314917127
0.0 0.875 0.2955801104972376 0.00980392156862745 0.027624309392265192
0.0 0.8688725490196079 0.2914364640883978 0.012254901960784314 0.024861878453038673
0.0 0.7867647058823529 0.7196132596685083 0.0196078431372549 0.04696132596685083
0.0 0.8970588235294118 0.5151933701657458 0.00980392156862745 0.06353591160220995
0.0 0.9387254901960784 0.6077348066298343 0.00980392156862745 0.03314917127071823
0.0 0.9473039215686274 0.5870165745856354 0.007352941176470588 0.03038674033149171
0.0 0.9546568627450981 0.5870165745856354 0.012254901960784314 0.04696132596685083
0.0 0.9644607843137255 0.5773480662983426 0.007352941176470588 0.04419889502762431
0.0 0.9644607843137255 0.5483425414364641 0.007352941176470588 0.03038674033149171
0.0 0.9754901960784313 0.5317679558011049 0.004901960784313725 0.024861878453038673
0.0 0.9620098039215687 0.6104972375690608 0.007352941176470588 0.03314917127071823
0.0 0.9534313725490197 0.6229281767955801 0.00980392156862745 0.03038674033149171
0.0 0.9644607843137255 0.6395027624309392 0.007352941176470588 0.03038674033149171
0.0 0.9644607843137255 0.6339779005524862 0.007352941176470588 0.024861878453038673
0.0 0.9779411764705882 0.6104972375690608 0.004901960784313725 0.022099447513812154
0.0 0.9730392156862745 0.5828729281767956 0.004901960784313725 0.027624309392265192
0.0 0.9705882352941176 0.5814917127071824 0.004901960784313725 0.024861878453038673
0.0 0.9889705882352942 0.5787292817679558 0.0024509803921568627 0.019337016574585635
0.0 0.9791666666666666 0.5455801104972375 0.0024509803921568627 0.019337016574585635
0.0 0.9852941176470589 0.5497237569060773 0.004901960784313725 0.03314917127071823
0.0 0.9852941176470589 0.5511049723756906 0.004901960784313725 0.024861878453038673
0.0 0.9828431372549019 0.5870165745856354 0.004901960784313725 0.024861878453038673
0.0 0.9828431372549019 0.5787292817679558 0.004901960784313725 0.024861878453038673
0.0 0.9877450980392157 0.5814917127071824 0.004901960784313725 0.019337016574585635
0.0 0.9877450980392157 0.5718232044198895 0.004901960784313725 0.022099447513812154
0.0 0.9889705882352942 0.5732044198895028 0.0024509803921568627 0.019337016574585635
0.0 0.9889705882352942 0.5662983425414365 0.0024509803921568627 0.016574585635359115
0.0 0.991421568627451 0.5593922651933702 0.0024509803921568627 0.024861878453038673
0.0 0.9754901960784313 0.4530386740331492 0.004901960784313725 0.03314917127071823
0.0 0.9276960784313726 0.7348066298342542 0.01715686274509804 0.04419889502762431
0.0 0.9497549019607843 0.712707182320442 0.01715686274509804 0.04419889502762431
0.0 0.9607843137254902 0.6837016574585635 0.00980392156862745 0.024861878453038673
0.0 0.9681372549019608 0.7071823204419889 0.00980392156862745 0.027624309392265192
0.0 0.04656862745098039 0.6726519337016574 0.014705882352941176 0.04696132596685083
0.0 0.06985294117647059 0.5179558011049724 0.007352941176470588 0.052486187845303865
0.0 0.1323529411764706 0.6422651933701657 0.0196078431372549 0.04696132596685083
0.0 0.19730392156862744 0.675414364640884 0.02696078431372549 0.052486187845303865
0.0 0.45098039215686275 0.7776243093922652 0.03431372549019608 0.04143646408839779
0.0 0.3541666666666667 0.46408839779005523 0.02696078431372549 0.07734806629834254
0.0 0.2708333333333333 0.47375690607734805 0.02696078431372549 0.06353591160220995
0.0 0.22426470588235295 0.4585635359116022 0.01715686274509804 0.06077348066298342
0.0 0.3394607843137255 0.4530386740331492 0.02696078431372549 0.0718232044198895
0.0 0.3112745098039216 0.457182320441989 0.024509803921568627 0.06353591160220995
0.0 0.41544117647058826 0.3729281767955801 0.03676470588235294 0.09392265193370165
0.0 0.6519607843137255 0.3494475138121547 0.029411764705882353 0.08011049723756906
