3.0 0.07475490196078431 0.2036082474226804 0.007352941176470588 0.010309278350515464
3.0 0.09313725490196079 0.18556701030927836 0.00980392156862745 0.010309278350515464
3.0 0.07965686274509803 0.19845360824742267 0.007352941176470588 0.010309278350515464
0.0 0.24754901960784315 0.19329896907216496 0.0196078431372549 0.02577319587628866
0.0 0.15196078431372548 0.22164948453608246 0.014705882352941176 0.02577319587628866
0.0 0.16299019607843138 0.21778350515463918 0.01715686274509804 0.023195876288659795
1.0 0.09558823529411764 0.2615979381443299 0.00980392156862745 0.01804123711340206
1.0 0.18627450980392157 0.20489690721649484 0.014705882352941176 0.023195876288659795
0.0 0.08088235294117647 0.2667525773195876 0.00980392156862745 0.01804123711340206
1.0 0.06372549019607843 0.297680412371134 0.00980392156862745 0.01804123711340206
1.0 0.06740196078431372 0.2925257731958763 0.007352941176470588 0.01804123711340206
0.0 0.09068627450980392 0.7242268041237113 0.024509803921568627 0.04639175257731959
0.0 0.8786764705882353 0.6018041237113402 0.01715686274509804 0.05412371134020619
0.0 0.8051470588235294 0.7564432989690721 0.031862745098039214 0.04381443298969072
0.0 0.6176470588235294 0.8530927835051546 0.049019607843137254 0.041237113402061855
0.0 0.9031862745098039 0.7693298969072165 0.02696078431372549 0.04896907216494845
0.0 0.9828431372549019 0.5734536082474226 0.004901960784313725 0.028350515463917526
0.0 0.9767156862745098 0.6353092783505154 0.012254901960784314 0.03865979381443299
0.0 0.8995098039215687 0.7680412371134021 0.024509803921568627 0.041237113402061855
0.0 0.8897058823529411 0.6920103092783505 0.024509803921568627 0.04896907216494845
1.0 0.9154411764705882 0.6675257731958762 0.01715686274509804 0.041237113402061855
1.0 0.9448529411764706 0.6443298969072165 0.012254901960784314 0.041237113402061855
2.0 0.9754901960784313 0.6430412371134021 0.00980392156862745 0.03350515463917526
7.0 0.9901960784313726 0.5824742268041238 0.00980392156862745 0.02577319587628866
0.0 0.9730392156862745 0.5373711340206185 0.004901960784313725 0.03350515463917526
0.0 0.8970588235294118 0.5515463917525774 0.00980392156862745 0.041237113402061855
0.0 0.8688725490196079 0.5734536082474226 0.012254901960784314 0.03350515463917526
0.0 0.8823529411764706 0.46262886597938147 0.00980392156862745 0.04896907216494845
0.0 0.7953431372549019 0.509020618556701 0.01715686274509804 0.06958762886597938
0.0 0.4644607843137255 0.4252577319587629 0.03676470588235294 0.07731958762886598
