3.0 0.5404411764705882 0.00902061855670103 0.07107843137254902 0.01804123711340206
3.0 0.5637254901960784 0.03994845360824742 0.10784313725490197 0.059278350515463915
3.0 0.5490196078431373 0.11597938144329897 0.15196078431372548 0.10824742268041238
4.0 0.5441176470588235 0.3582474226804124 0.4166666666666667 0.4072164948453608
3.0 0.4950980392156863 0.7332474226804123 0.28431372549019607 0.3427835051546392
3.0 0.44485294117647056 0.9652061855670103 0.15931372549019607 0.06443298969072164
3.0 0.9203431372549019 0.7899484536082474 0.0661764705882353 0.11082474226804123
3.0 0.9742647058823529 0.595360824742268 0.04656862745098039 0.18041237113402062
3.0 0.9644607843137255 0.38917525773195877 0.04656862745098039 0.14432989690721648
3.0 0.9056372549019608 0.22938144329896906 0.07598039215686274 0.1134020618556701
3.0 0.8590686274509803 0.15206185567010308 0.07107843137254902 0.07731958762886598
