3.0 0.25735294117647056 0.9394329896907216 0.04411764705882353 0.028350515463917526
3.0 0.2193627450980392 0.9175257731958762 0.07598039215686274 0.05670103092783505
3.0 0.27941176470588236 0.9342783505154639 0.08823529411764706 0.059278350515463915
3.0 0.24387254901960784 0.9110824742268041 0.10049019607843138 0.07474226804123711
3.0 0.20833333333333334 0.8827319587628866 0.09313725490196079 0.08505154639175258
3.0 0.17524509803921567 0.8505154639175257 0.08088235294117647 0.08762886597938144
3.0 0.14338235294117646 0.8182989690721649 0.08088235294117647 0.09536082474226804
3.0 0.1213235294117647 0.788659793814433 0.0661764705882353 0.08762886597938144
3.0 0.09926470588235294 0.759020618556701 0.0661764705882353 0.09536082474226804
3.0 0.07965686274509803 0.729381443298969 0.051470588235294115 0.08762886597938144
3.0 0.0625 0.6984536082474226 0.04656862745098039 0.08762886597938144
3.0 0.04779411764705882 0.6701030927835051 0.041666666666666664 0.08762886597938144
3.0 0.03676470588235294 0.6443298969072165 0.03431372549019608 0.08762886597938144
3.0 0.19117647058823528 0.8969072164948454 0.06862745098039216 0.061855670103092786
3.0 0.16666666666666666 0.8711340206185567 0.0784313725490196 0.07731958762886598
3.0 0.1409313725490196 0.845360824742268 0.07598039215686274 0.08762886597938144
3.0 0.11397058823529412 0.8118556701030928 0.061274509803921566 0.08247422680412371
3.0 0.09436274509803921 0.7873711340206185 0.056372549019607844 0.07989690721649484
3.0 0.07475490196078431 0.759020618556701 0.051470588235294115 0.08505154639175258
3.0 0.05759803921568627 0.729381443298969 0.041666666666666664 0.07731958762886598
3.0 0.04411764705882353 0.7074742268041238 0.0392156862745098 0.07474226804123711
3.0 0.029411764705882353 0.6739690721649485 0.029411764705882353 0.07474226804123711
3.0 0.10049019607843138 0.5399484536082474 0.058823529411764705 0.12628865979381443
3.0 0.3161764705882353 0.8505154639175257 0.20098039215686275 0.14432989690721648
3.0 0.2855392156862745 0.8865979381443299 0.13480392156862744 0.0979381443298969
5.0 0.9215686274509803 0.7641752577319587 0.09313725490196079 0.14690721649484537
3.0 0.9338235294117647 0.6984536082474226 0.03431372549019608 0.07731958762886598
3.0 0.946078431372549 0.6932989690721649 0.029411764705882353 0.07216494845360824
9.0 0.9558823529411765 0.6881443298969072 0.00980392156862745 0.02577319587628866
9.0 0.9424019607843137 0.6559278350515464 0.012254901960784314 0.023195876288659795
9.0 0.866421568627451 0.6623711340206185 0.03676470588235294 0.05670103092783505
1.0 0.866421568627451 0.6610824742268041 0.01715686274509804 0.028350515463917526
1.0 0.08823529411764706 0.2860824742268041 0.03431372549019608 0.05670103092783505
9.0 0.15073529411764705 0.211340206185567 0.01715686274509804 0.02577319587628866
5.0 0.07352941176470588 0.24613402061855671 0.03431372549019608 0.05412371134020619
4.0 0.09313725490196079 0.21520618556701032 0.029411764705882353 0.04381443298969072
5.0 0.12622549019607843 0.19329896907216496 0.08088235294117647 0.0979381443298969
3.0 0.06740196078431372 0.23711340206185566 0.02696078431372549 0.041237113402061855
0.0 0.0857843137254902 0.18556701030927836 0.00980392156862745 0.015463917525773196
0.0 0.11151960784313726 0.16752577319587628 0.007352941176470588 0.010309278350515464
1.0 0.12009803921568628 0.15979381443298968 0.00980392156862745 0.010309278350515464
9.0 0.11764705882352941 0.163659793814433 0.00980392156862745 0.01288659793814433
3.0 0.12745098039215685 0.14561855670103094 0.029411764705882353 0.028350515463917526
0.0 0.21691176470588236 0.14690721649484537 0.012254901960784314 0.015463917525773196
3.0 0.27818627450980393 0.18298969072164947 0.08088235294117647 0.07731958762886598
3.0 0.32598039215686275 0.17783505154639176 0.0784313725490196 0.07216494845360824
3.0 0.36642156862745096 0.19845360824742267 0.10049019607843138 0.08247422680412371
3.0 0.5686274509803921 0.27448453608247425 0.11274509803921569 0.1056701030927835
6.0 0.6776960784313726 0.3131443298969072 0.041666666666666664 0.09020618556701031
6.0 0.7156862745098039 0.34664948453608246 0.0392156862745098 0.07474226804123711
3.0 0.7659313725490197 0.4162371134020619 0.056372549019607844 0.13144329896907217
9.0 0.4387254901960784 0.23195876288659795 0.04411764705882353 0.04639175257731959
1.0 0.9571078431372549 0.5618556701030928 0.0024509803921568627 0.015463917525773196
1.0 0.9779411764705882 0.6056701030927835 0.004901960784313725 0.015463917525773196
1.0 0.9779411764705882 0.5940721649484536 0.004901960784313725 0.01804123711340206
1.0 0.9730392156862745 0.6069587628865979 0.004901960784313725 0.01288659793814433
1.0 0.9803921568627451 0.6018041237113402 0.004901960784313725 0.01288659793814433
1.0 0.9828431372549019 0.6301546391752577 0.004901960784313725 0.01288659793814433
