5.0 0.6962616822429907 0.038834951456310676 0.04672897196261682 0.024271844660194174
3.0 0.7102803738317757 0.05339805825242718 0.04205607476635514 0.024271844660194174
3.0 0.7231308411214953 0.061893203883495146 0.04906542056074766 0.02669902912621359
4.0 0.7406542056074766 0.07281553398058252 0.056074766355140186 0.03398058252427184
5.0 0.7535046728971962 0.08373786407766991 0.07710280373831775 0.050970873786407765
4.0 0.727803738317757 0.07645631067961164 0.06775700934579439 0.0412621359223301
3.0 0.780373831775701 0.10315533980582524 0.0514018691588785 0.03640776699029126
3.0 0.7476635514018691 0.08980582524271845 0.06074766355140187 0.038834951456310676
3.0 0.7686915887850467 0.10679611650485436 0.06074766355140187 0.043689320388349516
3.0 0.7885514018691588 0.12257281553398058 0.053738317757009345 0.0412621359223301
3.0 0.8049065420560748 0.1407766990291262 0.05841121495327103 0.04854368932038835
3.0 0.8364485981308412 0.15655339805825244 0.04672897196261682 0.04611650485436893
3.0 0.8586448598130841 0.1820388349514563 0.04906542056074766 0.05339805825242718
3.0 0.8843457943925234 0.21844660194174756 0.04439252336448598 0.05825242718446602
3.0 0.2336448598130841 0.07402912621359223 0.02336448598130841 0.01699029126213592
4.0 0.22546728971962618 0.0825242718446602 0.02570093457943925 0.019417475728155338
3.0 0.21378504672897197 0.09344660194174757 0.02570093457943925 0.021844660194174758
5.0 0.2827102803738318 0.05339805825242718 0.06542056074766354 0.03398058252427184
4.0 0.28154205607476634 0.06067961165048544 0.04439252336448598 0.024271844660194174
9.0 0.169392523364486 0.13592233009708737 0.016355140186915886 0.014563106796116505
3.0 0.17873831775700935 0.13713592233009708 0.035046728971962614 0.03640776699029126
3.0 0.14485981308411214 0.1929611650485437 0.037383177570093455 0.050970873786407765
3.0 0.10981308411214953 0.2633495145631068 0.037383177570093455 0.06553398058252427
7.0 0.19158878504672897 0.15169902912621358 0.037383177570093455 0.0412621359223301
3.0 0.26869158878504673 0.17354368932038836 0.08411214953271028 0.08009708737864078
3.0 0.3247663551401869 0.14805825242718446 0.08878504672897196 0.07766990291262135
3.0 0.38901869158878505 0.12985436893203883 0.08644859813084112 0.06553398058252427
2.0 0.0852803738317757 0.42475728155339804 0.011682242990654205 0.043689320388349516
1.0 0.08644859813084112 0.42597087378640774 0.009345794392523364 0.03155339805825243
3.0 0.017523364485981307 0.5825242718446602 0.02102803738317757 0.06310679611650485
3.0 0.0397196261682243 0.5497572815533981 0.02336448598130841 0.08009708737864078
3.0 0.16822429906542055 0.404126213592233 0.09813084112149532 0.10922330097087378
3.0 0.8738317757009346 0.35072815533980584 0.06542056074766354 0.08980582524271845
0.0 0.9158878504672897 0.3483009708737864 0.014018691588785047 0.03640776699029126
0.0 0.9929906542056075 0.4441747572815534 0.004672897196261682 0.019417475728155338
3.0 0.9894859813084113 0.42475728155339804 0.011682242990654205 0.038834951456310676
3.0 0.7850467289719626 0.6225728155339806 0.14485981308411214 0.14320388349514562
4.0 0.764018691588785 0.7657766990291263 0.16355140186915887 0.14320388349514562
3.0 0.977803738317757 0.537621359223301 0.011682242990654205 0.055825242718446605
0.0 0.905373831775701 0.6893203883495146 0.016355140186915886 0.03398058252427184
0.0 0.9042056074766355 0.6662621359223301 0.014018691588785047 0.03640776699029126
1.0 0.8714953271028038 0.7233009708737864 0.018691588785046728 0.02912621359223301
1.0 0.8820093457943925 0.7160194174757282 0.011682242990654205 0.019417475728155338
1.0 0.8773364485981309 0.7026699029126213 0.016355140186915886 0.02669902912621359
1.0 0.8936915887850467 0.6881067961165048 0.016355140186915886 0.03155339805825243
0.0 0.9883177570093458 0.5364077669902912 0.004672897196261682 0.024271844660194174
0.0 0.8948598130841121 0.7754854368932039 0.018691588785046728 0.02669902912621359
1.0 0.8983644859813084 0.7718446601941747 0.007009345794392523 0.009708737864077669
