5.0 0.18627450980392157 0.8440721649484536 0.19117647058823528 0.2190721649484536
5.0 0.34068627450980393 0.845360824742268 0.14215686274509803 0.14432989690721648
5.0 0.19117647058823528 0.6675257731958762 0.10294117647058823 0.19072164948453607
5.0 0.2193627450980392 0.5231958762886598 0.0661764705882353 0.14948453608247422
3.0 0.3125 0.42912371134020616 0.03676470588235294 0.05412371134020619
5.0 0.36764705882352944 0.6469072164948454 0.1323529411764706 0.25257731958762886
4.0 0.4950980392156863 0.845360824742268 0.05392156862745098 0.05154639175257732
3.0 0.6446078431372549 0.8737113402061856 0.058823529411764705 0.05670103092783505
9.0 0.6985294117647058 0.8530927835051546 0.0392156862745098 0.030927835051546393
0.0 0.7144607843137255 0.836340206185567 0.02696078431372549 0.028350515463917526
2.0 0.6850490196078431 0.8505154639175257 0.01715686274509804 0.020618556701030927
3.0 0.6507352941176471 0.8298969072164949 0.09558823529411764 0.061855670103092786
0.0 0.6838235294117647 0.8247422680412371 0.024509803921568627 0.02577319587628866
9.0 0.7389705882352942 0.8067010309278351 0.041666666666666664 0.041237113402061855
9.0 0.7487745098039216 0.7925257731958762 0.031862745098039214 0.03865979381443299
0.0 0.7377450980392157 0.779639175257732 0.024509803921568627 0.03350515463917526
9.0 0.6654411764705882 0.8054123711340206 0.02696078431372549 0.023195876288659795
9.0 0.49754901960784315 0.7667525773195877 0.05392156862745098 0.023195876288659795
9.0 0.7034313725490197 0.6739690721649485 0.024509803921568627 0.03865979381443299
9.0 0.7401960784313726 0.6108247422680413 0.0392156862745098 0.03608247422680412
9.0 0.7671568627450981 0.6507731958762887 0.04411764705882353 0.04381443298969072
0.0 0.7316176470588235 0.6791237113402062 0.01715686274509804 0.03350515463917526
4.0 0.6776960784313726 0.7435567010309279 0.051470588235294115 0.059278350515463915
0.0 0.678921568627451 0.6597938144329897 0.0196078431372549 0.03608247422680412
5.0 0.5257352941176471 0.5992268041237113 0.07107843137254902 0.1056701030927835
0.0 0.4068627450980392 0.3788659793814433 0.0196078431372549 0.03608247422680412
5.0 0.6985294117647058 0.3801546391752577 0.04411764705882353 0.09020618556701031
5.0 0.5036764705882353 0.19072164948453607 0.056372549019607844 0.06701030927835051
5.0 0.3958333333333333 0.17783505154639176 0.04656862745098039 0.04639175257731959
5.0 0.41911764705882354 0.15335051546391754 0.049019607843137254 0.04381443298969072
5.0 0.5784313725490197 0.18298969072164947 0.029411764705882353 0.030927835051546393
5.0 0.5894607843137255 0.15850515463917525 0.031862745098039214 0.03350515463917526
3.0 0.6727941176470589 0.1958762886597938 0.041666666666666664 0.02577319587628866
9.0 0.6850490196078431 0.21262886597938144 0.02696078431372549 0.01804123711340206
5.0 0.6507352941176471 0.17010309278350516 0.04656862745098039 0.02577319587628866
5.0 0.6482843137254902 0.16237113402061856 0.061274509803921566 0.030927835051546393
3.0 0.6397058823529411 0.13144329896907217 0.03431372549019608 0.015463917525773196
3.0 0.6384803921568627 0.12628865979381443 0.031862745098039214 0.010309278350515464
3.0 0.5894607843137255 0.1095360824742268 0.02696078431372549 0.007731958762886598
3.0 0.5906862745098039 0.09407216494845361 0.014705882352941176 0.007731958762886598
0.0 0.6237745098039216 0.13659793814432988 0.007352941176470588 0.010309278350515464
9.0 0.45465686274509803 0.15463917525773196 0.007352941176470588 0.010309278350515464
9.0 0.4791666666666667 0.12242268041237113 0.007352941176470588 0.007731958762886598
1.0 0.4803921568627451 0.1211340206185567 0.004901960784313725 0.005154639175257732
5.0 0.46200980392156865 0.1134020618556701 0.031862745098039214 0.020618556701030927
5.0 0.4852941176470588 0.09407216494845361 0.024509803921568627 0.01804123711340206
0.0 0.5220588235294118 0.09536082474226804 0.004901960784313725 0.005154639175257732
0.0 0.5404411764705882 0.09278350515463918 0.007352941176470588 0.005154639175257732
5.0 0.17647058823529413 0.3788659793814433 0.08823529411764706 0.08762886597938144
5.0 0.16053921568627452 0.33634020618556704 0.09068627450980392 0.08505154639175258
5.0 0.10294117647058823 0.36082474226804123 0.029411764705882353 0.041237113402061855
5.0 0.06372549019607843 0.40850515463917525 0.03431372549019608 0.05412371134020619
5.0 0.05514705882352941 0.37628865979381443 0.041666666666666664 0.06701030927835051
5.0 0.025735294117647058 0.3917525773195876 0.02696078431372549 0.05154639175257732
4.0 0.012254901960784314 0.4072164948453608 0.004901960784313725 0.015463917525773196
3.0 0.012254901960784314 0.37757731958762886 0.004901960784313725 0.01804123711340206
3.0 0.09191176470588236 0.29381443298969073 0.012254901960784314 0.020618556701030927
5.0 0.10294117647058823 0.27835051546391754 0.014705882352941176 0.020618556701030927
3.0 0.17034313725490197 0.22551546391752578 0.02696078431372549 0.023195876288659795
4.0 0.20710784313725492 0.211340206185567 0.031862745098039214 0.02577319587628866
3.0 0.21323529411764705 0.20747422680412372 0.029411764705882353 0.023195876288659795
3.0 0.17401960784313725 0.20231958762886598 0.0196078431372549 0.01804123711340206
3.0 0.17769607843137256 0.2190721649484536 0.022058823529411766 0.020618556701030927
3.0 0.18259803921568626 0.211340206185567 0.022058823529411766 0.020618556701030927
3.0 0.18995098039215685 0.2036082474226804 0.022058823529411766 0.020618556701030927
3.0 0.19852941176470587 0.19845360824742267 0.024509803921568627 0.020618556701030927
3.0 0.22181372549019607 0.19845360824742267 0.031862745098039214 0.020618556701030927
3.0 0.23039215686274508 0.18943298969072164 0.029411764705882353 0.023195876288659795
3.0 0.24142156862745098 0.18041237113402062 0.031862745098039214 0.020618556701030927
3.0 0.3284313725490196 0.13917525773195877 0.03431372549019608 0.020618556701030927
3.0 0.007352941176470588 0.5515463917525774 0.00980392156862745 0.03608247422680412
4.0 0.0625 0.7487113402061856 0.03676470588235294 0.059278350515463915
3.0 0.11519607843137254 0.8376288659793815 0.05392156862745098 0.05670103092783505
3.0 0.15441176470588236 0.8775773195876289 0.058823529411764705 0.05412371134020619
3.0 0.11764705882352941 0.8479381443298969 0.04411764705882353 0.04639175257731959
3.0 0.13970588235294118 0.6211340206185567 0.049019607843137254 0.04639175257731959
3.0 0.11764705882352941 0.6404639175257731 0.04411764705882353 0.04896907216494845
3.0 0.11274509803921569 0.6597938144329897 0.0392156862745098 0.04639175257731959
3.0 0.10416666666666667 0.7036082474226805 0.03676470588235294 0.04639175257731959
4.0 0.11764705882352941 0.7319587628865979 0.029411764705882353 0.05154639175257732
3.0 0.10416666666666667 0.7177835051546392 0.02696078431372549 0.03865979381443299
3.0 0.0784313725490196 0.6817010309278351 0.029411764705882353 0.04381443298969072
3.0 0.08700980392156862 0.7242268041237113 0.02696078431372549 0.03608247422680412
4.0 0.1017156862745098 0.7332474226804123 0.031862745098039214 0.05412371134020619
4.0 0.12745098039215685 0.8389175257731959 0.04411764705882353 0.04896907216494845
3.0 0.13112745098039216 0.836340206185567 0.041666666666666664 0.04381443298969072
4.0 0.1090686274509804 0.8092783505154639 0.03676470588235294 0.04639175257731959
3.0 0.09068627450980392 0.7770618556701031 0.0392156862745098 0.05412371134020619
6.0 0.12377450980392157 0.8131443298969072 0.041666666666666664 0.04381443298969072
4.0 0.0821078431372549 0.8067010309278351 0.031862745098039214 0.04639175257731959
4.0 0.08946078431372549 0.8234536082474226 0.022058823529411766 0.028350515463917526
3.0 0.06372549019607843 0.7654639175257731 0.0392156862745098 0.061855670103092786
3.0 0.0428921568627451 0.7139175257731959 0.022058823529411766 0.03608247422680412
3.0 0.04779411764705882 0.7100515463917526 0.02696078431372549 0.04381443298969072
4.0 0.1017156862745098 0.7603092783505154 0.04656862745098039 0.061855670103092786
3.0 0.11887254901960784 0.788659793814433 0.041666666666666664 0.04639175257731959
5.0 0.10784313725490197 0.788659793814433 0.029411764705882353 0.04639175257731959
5.0 0.12254901960784313 0.8041237113402062 0.0392156862745098 0.041237113402061855
5.0 0.08700980392156862 0.7628865979381443 0.03676470588235294 0.04639175257731959
3.0 0.0857843137254902 0.7512886597938144 0.0392156862745098 0.04896907216494845
5.0 0.06004901960784314 0.7319587628865979 0.02696078431372549 0.041237113402061855
