0.0 0.3878504672897196 0.9720873786407767 0.0514018691588785 0.021844660194174758
0.0 0.5011682242990654 0.9575242718446602 0.035046728971962614 0.01699029126213592
0.0 0.49883177570093457 0.7548543689320388 0.035046728971962614 0.0825242718446602
0.0 0.45794392523364486 0.7548543689320388 0.04672897196261682 0.0970873786407767
5.0 0.3633177570093458 0.9271844660194175 0.17523364485981308 0.11650485436893204
0.0 0.45560747663551404 0.9817961165048543 0.028037383177570093 0.012135922330097087
5.0 0.8294392523364486 0.7560679611650486 0.16822429906542055 0.1966019417475728
3.0 0.8014018691588785 0.683252427184466 0.11682242990654206 0.1966019417475728
3.0 0.6448598130841121 0.7378640776699029 0.1588785046728972 0.20388349514563106
5.0 0.36682242990654207 0.8058252427184466 0.1588785046728972 0.1941747572815534
5.0 0.7242990654205608 0.27305825242718446 0.11682242990654206 0.14805825242718446
3.0 0.26635514018691586 0.28762135922330095 0.17289719626168223 0.12864077669902912
3.0 0.41939252336448596 0.18932038834951456 0.0911214953271028 0.0825242718446602
5.0 0.37850467289719625 0.14320388349514562 0.1542056074766355 0.05825242718446602
3.0 0.3352803738317757 0.12257281553398058 0.05841121495327103 0.0412621359223301
3.0 0.4532710280373832 0.07645631067961164 0.04205607476635514 0.01699029126213592
3.0 0.4602803738317757 0.06553398058252427 0.037383177570093455 0.014563106796116505
3.0 0.5747663551401869 0.06553398058252427 0.03271028037383177 0.014563106796116505
3.0 0.514018691588785 0.04247572815533981 0.02336448598130841 0.007281553398058253
3.0 0.5257009345794392 0.025485436893203883 0.014018691588785047 0.0024271844660194173
3.0 0.4217289719626168 0.043689320388349516 0.02570093457943925 0.009708737864077669
3.0 0.4135514018691589 0.03640776699029126 0.03271028037383177 0.009708737864077669
3.0 0.42289719626168226 0.03762135922330097 0.028037383177570093 0.007281553398058253
3.0 0.39369158878504673 0.038834951456310676 0.035046728971962614 0.009708737864077669
3.0 0.48364485981308414 0.025485436893203883 0.014018691588785047 0.0024271844660194173
3.0 0.5011682242990654 0.023058252427184466 0.011682242990654205 0.0024271844660194173
3.0 0.4953271028037383 0.01820388349514563 0.009345794392523364 0.0024271844660194173
3.0 0.508177570093458 0.01699029126213592 0.011682242990654205 0.0
3.0 0.5233644859813084 0.01820388349514563 0.009345794392523364 0.0024271844660194173
0.0 0.375 0.08009708737864078 0.02102803738317757 0.014563106796116505
0.0 0.3644859813084112 0.0825242718446602 0.014018691588785047 0.014563106796116505
0.0 0.35630841121495327 0.08616504854368932 0.016355140186915886 0.01699029126213592
0.0 0.49649532710280375 0.061893203883495146 0.007009345794392523 0.007281553398058253
0.0 0.4894859813084112 0.06310679611650485 0.007009345794392523 0.0048543689320388345
0.0 0.5467289719626168 0.05218446601941747 0.009345794392523364 0.007281553398058253
0.0 0.5677570093457944 0.05461165048543689 0.009345794392523364 0.007281553398058253
0.0 0.5642523364485982 0.04854368932038835 0.007009345794392523 0.0048543689320388345
0.0 0.5397196261682243 0.03640776699029126 0.004672897196261682 0.0048543689320388345
0.0 0.5478971962616822 0.03640776699029126 0.007009345794392523 0.0048543689320388345
0.0 0.5280373831775701 0.038834951456310676 0.009345794392523364 0.0048543689320388345
1.0 0.7488317757009346 0.6140776699029126 0.0397196261682243 0.06796116504854369
1.0 0.7488317757009346 0.587378640776699 0.030373831775700934 0.06310679611650485
1.0 0.5514018691588785 0.4866504854368932 0.04672897196261682 0.09466019417475728
1.0 0.30957943925233644 0.4733009708737864 0.035046728971962614 0.06796116504854369
1.0 0.36682242990654207 0.4854368932038835 0.056074766355140186 0.05825242718446602
1.0 0.677570093457944 0.30218446601941745 0.04205607476635514 0.055825242718446605
1.0 0.7698598130841121 0.3434466019417476 0.04906542056074766 0.08009708737864078
1.0 0.4976635514018692 0.21359223300970873 0.037383177570093455 0.043689320388349516
1.0 0.441588785046729 0.25849514563106796 0.04205607476635514 0.06553398058252427
1.0 0.508177570093458 0.12257281553398058 0.02570093457943925 0.021844660194174758
1.0 0.5922897196261683 0.11893203883495146 0.02570093457943925 0.019417475728155338
1.0 0.5957943925233645 0.12378640776699029 0.014018691588785047 0.014563106796116505
1.0 0.5782710280373832 0.08616504854368932 0.016355140186915886 0.012135922330097087
9.0 0.7476635514018691 0.6080097087378641 0.03271028037383177 0.09466019417475728
9.0 0.5490654205607477 0.5182038834951457 0.037383177570093455 0.11407766990291263
9.0 0.3037383177570093 0.5631067961165048 0.0514018691588785 0.10679611650485436
9.0 0.4357476635514019 0.2682038834951456 0.0397196261682243 0.055825242718446605
9.0 0.49883177570093457 0.22572815533980584 0.030373831775700934 0.04854368932038835
9.0 0.6810747663551402 0.32160194174757284 0.04439252336448598 0.06553398058252427
0.0 0.610981308411215 0.1929611650485437 0.030373831775700934 0.04611650485436893
0.0 0.6308411214953271 0.12985436893203883 0.028037383177570093 0.03155339805825243
1.0 0.5350467289719626 0.05339805825242718 0.009345794392523364 0.0048543689320388345
1.0 0.5175233644859814 0.050970873786407765 0.007009345794392523 0.0048543689320388345
1.0 0.4719626168224299 0.04854368932038835 0.009345794392523364 0.0048543689320388345
9.0 0.5350467289719626 0.055825242718446605 0.009345794392523364 0.0048543689320388345
6.0 0.5198598130841121 0.05218446601941747 0.016355140186915886 0.007281553398058253
9.0 0.47079439252336447 0.050970873786407765 0.011682242990654205 0.0048543689320388345
1.0 0.4135514018691589 0.10072815533980582 0.018691588785046728 0.012135922330097087
3.0 0.35864485981308414 0.04854368932038835 0.030373831775700934 0.009708737864077669
3.0 0.4929906542056075 0.012135922330097087 0.004672897196261682 0.0
3.0 0.5058411214953271 0.012135922330097087 0.007009345794392523 0.0
3.0 0.5163551401869159 0.015776699029126214 0.009345794392523364 0.0024271844660194173
3.0 0.5163551401869159 0.014563106796116505 0.004672897196261682 0.0
3.0 0.514018691588785 0.010922330097087379 0.004672897196261682 0.0024271844660194173
3.0 0.4976635514018692 0.009708737864077669 0.004672897196261682 0.0
