6.0 0.1053921568627451 0.16108247422680413 0.014705882352941176 0.01804123711340206
1.0 0.10661764705882353 0.16108247422680413 0.007352941176470588 0.007731958762886598
9.0 0.12009803921568628 0.14175257731958762 0.00980392156862745 0.010309278350515464
3.0 0.00857843137254902 0.5889175257731959 0.012254901960784314 0.03865979381443299
9.0 0.012254901960784314 0.6211340206185567 0.00980392156862745 0.030927835051546393
7.0 0.022058823529411766 0.6353092783505154 0.014705882352941176 0.03350515463917526
7.0 0.0428921568627451 0.5721649484536082 0.022058823529411766 0.05154639175257732
1.0 0.04411764705882353 0.5708762886597938 0.004901960784313725 0.01804123711340206
0.0 0.18627450980392157 0.8556701030927835 0.0196078431372549 0.020618556701030927
1.0 0.16911764705882354 0.8389175257731959 0.0196078431372549 0.023195876288659795
2.0 0.18504901960784315 0.8569587628865979 0.031862745098039214 0.028350515463917526
9.0 0.1715686274509804 0.8427835051546392 0.029411764705882353 0.03608247422680412
1.0 0.4852941176470588 0.9007731958762887 0.024509803921568627 0.01288659793814433
9.0 0.48284313725490197 0.904639175257732 0.024509803921568627 0.03608247422680412
5.0 0.7389705882352942 0.7435567010309279 0.1053921568627451 0.16752577319587628
3.0 0.6311274509803921 0.6327319587628866 0.08088235294117647 0.16237113402061856
3.0 0.7230392156862745 0.29510309278350516 0.06862745098039216 0.11597938144329897
1.0 0.20220588235294118 0.34536082474226804 0.01715686274509804 0.02577319587628866
1.0 0.2426470588235294 0.31958762886597936 0.024509803921568627 0.030927835051546393
1.0 0.3235294117647059 0.25644329896907214 0.024509803921568627 0.028350515463917526
9.0 0.20220588235294118 0.3543814432989691 0.022058823529411766 0.04381443298969072
9.0 0.24142156862745098 0.3286082474226804 0.031862745098039214 0.05412371134020619
9.0 0.32598039215686275 0.2654639175257732 0.03431372549019608 0.05154639175257732
3.0 0.42034313725490197 0.09278350515463918 0.061274509803921566 0.03608247422680412
3.0 0.6017156862745098 0.08376288659793814 0.041666666666666664 0.028350515463917526
3.0 0.6495098039215687 0.05670103092783505 0.03431372549019608 0.02577319587628866
3.0 0.4252450980392157 0.019329896907216496 0.02696078431372549 0.01288659793814433
5.0 0.5257352941176471 0.010309278350515464 0.031862745098039214 0.010309278350515464
1.0 0.5343137254901961 0.030927835051546393 0.00980392156862745 0.005154639175257732
9.0 0.5343137254901961 0.03221649484536082 0.00980392156862745 0.007731958762886598
1.0 0.5367647058823529 0.001288659793814433 0.004901960784313725 0.002577319587628866
9.0 0.5367647058823529 0.001288659793814433 0.00980392156862745 0.002577319587628866
5.0 0.7071078431372549 0.041237113402061855 0.02696078431372549 0.015463917525773196
1.0 0.7671568627450981 0.08505154639175258 0.00980392156862745 0.010309278350515464
9.0 0.7671568627450981 0.08634020618556701 0.014705882352941176 0.01288659793814433
9.0 0.9730392156862745 0.3479381443298969 0.00980392156862745 0.020618556701030927
3.0 0.9620098039215687 0.32603092783505155 0.01715686274509804 0.04381443298969072
3.0 0.9767156862745098 0.37628865979381443 0.01715686274509804 0.05154639175257732
3.0 0.9950980392156863 0.4832474226804124 0.004901960784313725 0.05412371134020619
9.0 0.11519607843137254 0.8389175257731959 0.024509803921568627 0.028350515463917526
