3.0 0.15070093457943926 0.8252427184466019 0.0911214953271028 0.10679611650485436
3.0 0.14602803738317757 0.7864077669902912 0.08644859813084112 0.11165048543689321
3.0 0.2850467289719626 0.8495145631067961 0.11682242990654206 0.0970873786407767
3.0 0.2897196261682243 0.9004854368932039 0.11682242990654206 0.0825242718446602
3.0 0.2897196261682243 0.9514563106796117 0.07476635514018691 0.038834951456310676
3.0 0.3516355140186916 0.7912621359223301 0.20327102803738317 0.10194174757281553
3.0 0.40420560747663553 0.7099514563106796 0.21962616822429906 0.10436893203883495
1.0 0.4742990654205608 0.7512135922330098 0.037383177570093455 0.04611650485436893
1.0 0.5198598130841121 0.7293689320388349 0.0397196261682243 0.04611650485436893
7.0 0.5058411214953271 0.7597087378640777 0.1705607476635514 0.04854368932038835
3.0 0.7172897196261683 0.5946601941747572 0.08878504672897196 0.1262135922330097
3.0 0.8364485981308412 0.6359223300970874 0.04205607476635514 0.07766990291262135
3.0 0.34813084112149534 0.2827669902912621 0.07476635514018691 0.06067961165048544
3.0 0.22897196261682243 0.4199029126213592 0.06542056074766354 0.0970873786407767
3.0 0.19158878504672897 0.49271844660194175 0.0514018691588785 0.0970873786407767
4.0 0.4929906542056075 0.3191747572815534 0.09345794392523364 0.07524271844660194
3.0 0.44742990654205606 0.41140776699029125 0.10514018691588785 0.09466019417475728
3.0 0.4147196261682243 0.49514563106796117 0.10514018691588785 0.10194174757281553
0.0 0.6682242990654206 0.09951456310679611 0.004672897196261682 0.0048543689320388345
0.0 0.6728971962616822 0.10194174757281553 0.004672897196261682 0.0048543689320388345
1.0 0.6950934579439252 0.10679611650485436 0.007009345794392523 0.0048543689320388345
2.0 0.6962616822429907 0.10679611650485436 0.004672897196261682 0.0048543689320388345
3.0 0.7126168224299065 0.10679611650485436 0.014018691588785047 0.009708737864077669
3.0 0.6892523364485982 0.11165048543689321 0.02336448598130841 0.014563106796116505
3.0 0.6927570093457944 0.1104368932038835 0.011682242990654205 0.007281553398058253
3.0 0.7207943925233645 0.12135922330097088 0.016355140186915886 0.009708737864077669
3.0 0.7336448598130841 0.12135922330097088 0.014018691588785047 0.009708737864077669
3.0 0.735981308411215 0.125 0.014018691588785047 0.012135922330097087
3.0 0.7488317757009346 0.13349514563106796 0.02102803738317757 0.014563106796116505
3.0 0.7091121495327103 0.16019417475728157 0.05841121495327103 0.03398058252427184
3.0 0.6939252336448598 0.1650485436893204 0.056074766355140186 0.02912621359223301
3.0 0.7172897196261683 0.17354368932038836 0.06074766355140187 0.03640776699029126
3.0 0.7172897196261683 0.1808252427184466 0.07009345794392523 0.0412621359223301
3.0 0.6962616822429907 0.1808252427184466 0.0794392523364486 0.03640776699029126
3.0 0.03271028037383177 0.48058252427184467 0.009345794392523364 0.038834951456310676
3.0 0.7441588785046729 0.10315533980582524 0.011682242990654205 0.007281553398058253
3.0 0.7710280373831776 0.11650485436893204 0.009345794392523364 0.0048543689320388345
