4.0 0.1443661971830986 0.5974358974358974 0.025821596244131457 0.06153846153846154
3.0 0.3908450704225352 0.6820512820512821 0.10093896713615023 0.08717948717948718
3.0 0.3274647887323944 0.6653846153846154 0.09154929577464789 0.07948717948717948
3.0 0.3955399061032864 0.5756410256410256 0.09624413145539906 0.08461538461538462
5.0 0.5762910798122066 0.38076923076923075 0.10093896713615023 0.12564102564102564
4.0 0.7852112676056338 0.5 0.035211267605633804 0.07692307692307693
9.0 0.7241784037558685 0.3230769230769231 0.02112676056338028 0.02564102564102564
6.0 0.8274647887323944 0.46025641025641023 0.03051643192488263 0.038461538461538464
4.0 0.8908450704225352 0.41923076923076924 0.025821596244131457 0.038461538461538464
3.0 0.8356807511737089 0.2858974358974359 0.03286384976525822 0.038461538461538464
5.0 0.9835680751173709 0.4307692307692308 0.004694835680751174 0.020512820512820513
0.0 0.9859154929577465 0.5346153846153846 0.0 0.01282051282051282
