3.0 0.48161764705882354 0.9861878453038674 0.041666666666666664 0.022099447513812154
3.0 0.31495098039215685 0.5732044198895028 0.0661764705882353 0.15193370165745856
4.0 0.35049019607843135 0.31629834254143646 0.0784313725490196 0.1408839779005525
3.0 0.2193627450980392 0.3453038674033149 0.056372549019607844 0.12154696132596685
3.0 0.2622549019607843 0.2085635359116022 0.058823529411764705 0.0856353591160221
3.0 0.33700980392156865 0.17679558011049723 0.0661764705882353 0.08287292817679558
3.0 0.40318627450980393 0.16574585635359115 0.061274509803921566 0.07734806629834254
3.0 0.12745098039215685 0.580110497237569 0.029411764705882353 0.11049723756906077
3.0 0.11642156862745098 0.4116022099447514 0.02696078431372549 0.08839779005524862
3.0 0.12009803921568628 0.31353591160220995 0.03431372549019608 0.0856353591160221
