3.0 0.5490654205607477 0.9817961165048543 0.0514018691588785 0.021844660194174758
4.0 0.2803738317757009 0.9490291262135923 0.04672897196261682 0.02912621359223301
3.0 0.2885514018691589 0.8337378640776699 0.10046728971962617 0.09951456310679611
3.0 0.19976635514018692 0.7390776699029126 0.08644859813084112 0.12864077669902912
3.0 0.5035046728971962 0.8410194174757282 0.0911214953271028 0.08495145631067962
3.0 0.6705607476635514 0.8567961165048543 0.08878504672897196 0.0825242718446602
3.0 0.13901869158878505 0.39684466019417475 0.04906542056074766 0.12378640776699029
3.0 0.7289719626168224 0.41140776699029125 0.07476635514018691 0.15776699029126215
3.0 0.272196261682243 0.22451456310679613 0.08177570093457943 0.09951456310679611
3.0 0.6892523364485982 0.1941747572815534 0.07476635514018691 0.07766990291262135
4.0 0.36565420560747663 0.08616504854368932 0.05841121495327103 0.0412621359223301
3.0 0.6425233644859814 0.07888349514563107 0.04672897196261682 0.02669902912621359
3.0 0.5397196261682243 0.05461165048543689 0.04205607476635514 0.01699029126213592
3.0 0.5782710280373832 0.04611650485436893 0.035046728971962614 0.014563106796116505
3.0 0.6156542056074766 0.04733009708737864 0.030373831775700934 0.01699029126213592
3.0 0.5712616822429907 0.024271844660194174 0.02570093457943925 0.009708737864077669
3.0 0.6320093457943925 0.03762135922330097 0.02570093457943925 0.012135922330097087
3.0 0.5992990654205608 0.02669902912621359 0.02570093457943925 0.009708737864077669
3.0 0.6507009345794392 0.03762135922330097 0.02570093457943925 0.012135922330097087
3.0 0.5677570093457944 0.015776699029126214 0.02336448598130841 0.007281553398058253
3.0 0.5864485981308412 0.014563106796116505 0.02336448598130841 0.009708737864077669
3.0 0.6448598130841121 0.027912621359223302 0.02336448598130841 0.012135922330097087
8.0 0.6133177570093458 0.019417475728155338 0.0397196261682243 0.019417475728155338
4.0 0.5023364485981309 0.0012135922330097086 0.018691588785046728 0.0024271844660194173
3.0 0.5595794392523364 0.0036407766990291263 0.016355140186915886 0.0024271844660194173
3.0 0.5829439252336449 0.007281553398058253 0.016355140186915886 0.0048543689320388345
3.0 0.8714953271028038 0.8434466019417476 0.056074766355140186 0.06067961165048544
3.0 0.9112149532710281 0.8021844660194175 0.037383177570093455 0.055825242718446605
3.0 0.9334112149532711 0.7572815533980582 0.035046728971962614 0.06310679611650485
3.0 0.9228971962616822 0.7718446601941747 0.04205607476635514 0.06796116504854369
3.0 0.9088785046728972 0.7888349514563107 0.04672897196261682 0.07281553398058252
3.0 0.9415887850467289 0.4830097087378641 0.018691588785046728 0.05825242718446602
3.0 0.9415887850467289 0.4016990291262136 0.02336448598130841 0.0703883495145631
3.0 0.8773364485981309 0.25728155339805825 0.053738317757009345 0.06796116504854369
3.0 0.8656542056074766 0.23179611650485438 0.053738317757009345 0.06067961165048544
3.0 0.8586448598130841 0.21480582524271843 0.04439252336448598 0.050970873786407765
3.0 0.8154205607476636 0.15898058252427186 0.03271028037383177 0.03640776699029126
3.0 0.8773364485981309 0.22330097087378642 0.030373831775700934 0.038834951456310676
3.0 0.9030373831775701 0.24393203883495146 0.030373831775700934 0.0412621359223301
3.0 0.8983644859813084 0.23058252427184467 0.030373831775700934 0.038834951456310676
3.0 0.955607476635514 0.3604368932038835 0.018691588785046728 0.0412621359223301
3.0 0.9602803738317757 0.38470873786407767 0.018691588785046728 0.0412621359223301
3.0 0.9672897196261683 0.41019417475728154 0.014018691588785047 0.038834951456310676
3.0 0.969626168224299 0.3786407766990291 0.014018691588785047 0.03398058252427184
3.0 0.9742990654205608 0.39805825242718446 0.014018691588785047 0.02912621359223301
4.0 0.977803738317757 0.4174757281553398 0.011682242990654205 0.03398058252427184
1.0 0.11448598130841121 0.32281553398058255 0.014018691588785047 0.02912621359223301
2.0 0.1133177570093458 0.3313106796116505 0.016355140186915886 0.03155339805825243
0.0 0.06425233644859812 0.4077669902912621 0.007009345794392523 0.02912621359223301
1.0 0.977803738317757 0.4696601941747573 0.002336448598130841 0.01699029126213592
2.0 0.9766355140186916 0.4733009708737864 0.004672897196261682 0.014563106796116505
3.0 0.991822429906542 0.4405339805825243 0.007009345794392523 0.02669902912621359
1.0 0.9871495327102804 0.4866504854368932 0.002336448598130841 0.01699029126213592
2.0 0.985981308411215 0.49029126213592233 0.004672897196261682 0.014563106796116505
1.0 0.9883177570093458 0.47936893203883496 0.0 0.01699029126213592
9.0 0.9883177570093458 0.48058252427184467 0.004672897196261682 0.014563106796116505
0.0 0.991822429906542 0.45024271844660196 0.002336448598130841 0.012135922330097087
