0.0 0.08450704225352113 0.7961538461538461 0.009389671361502348 0.01282051282051282
1.0 0.07981220657276995 0.7948717948717948 0.009389671361502348 0.015384615384615385
0.0 0.025821596244131457 0.6615384615384615 0.004694835680751174 0.015384615384615385
0.0 0.028169014084507043 0.6666666666666666 0.004694835680751174 0.010256410256410256
7.0 0.007042253521126761 0.5230769230769231 0.004694835680751174 0.02564102564102564
7.0 0.04107981220657277 0.27564102564102566 0.007042253521126761 0.017948717948717947
0.0 0.05516431924882629 0.23974358974358975 0.002347417840375587 0.007692307692307693
0.0 0.06572769953051644 0.2230769230769231 0.004694835680751174 0.010256410256410256
3.0 0.19483568075117372 0.1346153846153846 0.03755868544600939 0.03333333333333333
3.0 0.19483568075117372 0.14615384615384616 0.03755868544600939 0.035897435897435895
3.0 0.19953051643192488 0.15384615384615385 0.046948356807511735 0.041025641025641026
3.0 0.2007042253521127 0.1576923076923077 0.04929577464788732 0.04358974358974359
3.0 0.20187793427230047 0.1641025641025641 0.046948356807511735 0.041025641025641026
3.0 0.19953051643192488 0.17307692307692307 0.046948356807511735 0.04358974358974359
4.0 0.2147887323943662 0.18846153846153846 0.0539906103286385 0.04871794871794872
3.0 0.2136150234741784 0.2012820512820513 0.06572769953051644 0.05897435897435897
3.0 0.25704225352112675 0.22564102564102564 0.08215962441314555 0.06666666666666667
3.0 0.24178403755868544 0.2717948717948718 0.08450704225352113 0.08205128205128205
0.0 0.24178403755868544 0.382051282051282 0.014084507042253521 0.046153846153846156
1.0 0.2546948356807512 0.4 0.011737089201877934 0.02564102564102564
1.0 0.27230046948356806 0.4012820512820513 0.018779342723004695 0.023076923076923078
1.0 0.2828638497652582 0.38076923076923075 0.02112676056338028 0.028205128205128206
1.0 0.2605633802816901 0.3782051282051282 0.014084507042253521 0.023076923076923078
4.0 0.4471830985915493 0.6205128205128205 0.1431924882629108 0.11282051282051282
4.0 0.38967136150234744 0.5564102564102564 0.12206572769953052 0.11282051282051282
3.0 0.4061032863849765 0.9076923076923077 0.13145539906103287 0.05641025641025641
6.0 0.6197183098591549 0.7871794871794872 0.09389671361502347 0.07179487179487179
1.0 0.2335680751173709 0.34615384615384615 0.01643192488262911 0.035897435897435895
9.0 0.3368544600938967 0.3294871794871795 0.025821596244131457 0.04358974358974359
3.0 0.09624413145539906 0.3576923076923077 0.03286384976525822 0.05897435897435897
3.0 0.12206572769953052 0.1782051282051282 0.018779342723004695 0.023076923076923078
0.0 0.142018779342723 0.14743589743589744 0.007042253521126761 0.007692307692307693
1.0 0.14084507042253522 0.14743589743589744 0.004694835680751174 0.007692307692307693
3.0 0.22300469483568075 0.08076923076923077 0.023474178403755867 0.017948717948717947
3.0 0.7617370892018779 0.8064102564102564 0.11032863849765258 0.10512820512820513
3.0 0.7969483568075117 0.7692307692307693 0.09154929577464789 0.09743589743589744
0.0 0.9190140845070423 0.6730769230769231 0.011737089201877934 0.03333333333333333
0.0 0.9131455399061033 0.7025641025641025 0.014084507042253521 0.03076923076923077
3.0 0.965962441314554 0.39487179487179486 0.011737089201877934 0.035897435897435895
3.0 0.9706572769953051 0.38846153846153847 0.011737089201877934 0.03333333333333333
3.0 0.9753521126760564 0.38076923076923075 0.011737089201877934 0.03333333333333333
3.0 0.9612676056338029 0.3243589743589744 0.011737089201877934 0.028205128205128206
3.0 0.9636150234741784 0.3230769230769231 0.011737089201877934 0.02564102564102564
1.0 0.9800469483568075 0.358974358974359 0.002347417840375587 0.010256410256410256
2.0 0.9800469483568075 0.3628205128205128 0.002347417840375587 0.007692307692307693
