4.0 0.13602941176470587 0.8466850828729282 0.01715686274509804 0.024861878453038673
3.0 0.15441176470588236 0.8687845303867403 0.0196078431372549 0.019337016574585635
3.0 0.17034313725490197 0.8867403314917127 0.022058823529411766 0.022099447513812154
5.0 0.11764705882352941 0.8093922651933702 0.0196078431372549 0.027624309392265192
3.0 0.125 0.8107734806629834 0.0196078431372549 0.024861878453038673
3.0 0.11887254901960784 0.8024861878453039 0.01715686274509804 0.024861878453038673
8.0 0.12990196078431374 0.7665745856353591 0.0196078431372549 0.03038674033149171
3.0 0.15196078431372548 0.7320441988950276 0.0196078431372549 0.027624309392265192
3.0 0.16176470588235295 0.7265193370165746 0.014705882352941176 0.022099447513812154
3.0 0.16911764705882354 0.7182320441988951 0.0196078431372549 0.027624309392265192
3.0 0.29901960784313725 0.6533149171270718 0.024509803921568627 0.024861878453038673
4.0 0.3174019607843137 0.6395027624309392 0.031862745098039214 0.03591160220994475
3.0 0.3443627450980392 0.6422651933701657 0.02696078431372549 0.024861878453038673
4.0 0.34681372549019607 0.6243093922651933 0.031862745098039214 0.03314917127071823
3.0 0.3627450980392157 0.6933701657458563 0.03431372549019608 0.022099447513812154
3.0 0.4963235294117647 0.7569060773480663 0.03676470588235294 0.016574585635359115
3.0 0.47181372549019607 0.7707182320441989 0.031862745098039214 0.016574585635359115
3.0 0.5073529411764706 0.7859116022099447 0.03431372549019608 0.019337016574585635
3.0 0.5330882352941176 0.7693370165745856 0.03676470588235294 0.019337016574585635
4.0 0.5747549019607843 0.7803867403314917 0.041666666666666664 0.024861878453038673
3.0 0.6078431372549019 0.7914364640883977 0.029411764705882353 0.019337016574585635
3.0 0.6421568627450981 0.7983425414364641 0.03431372549019608 0.022099447513812154
3.0 0.08088235294117647 0.5041436464088398 0.00980392156862745 0.019337016574585635
5.0 0.20955882352941177 0.3798342541436464 0.04656862745098039 0.058011049723756904
3.0 0.04779411764705882 0.32044198895027626 0.007352941176470588 0.011049723756906077
8.0 0.061274509803921566 0.31353591160220995 0.014705882352941176 0.024861878453038673
3.0 0.4730392156862745 0.26795580110497236 0.03431372549019608 0.016574585635359115
4.0 0.7046568627450981 0.24447513812154695 0.04656862745098039 0.03591160220994475
5.0 0.31862745098039214 0.2085635359116022 0.07352941176470588 0.04696132596685083
3.0 0.5318627450980392 0.15607734806629833 0.024509803921568627 0.008287292817679558
3.0 0.6078431372549019 0.16160220994475138 0.029411764705882353 0.013812154696132596
5.0 0.8431372549019608 0.3784530386740331 0.0196078431372549 0.03867403314917127
3.0 0.8529411764705882 0.3839779005524862 0.00980392156862745 0.016574585635359115
5.0 0.8063725490196079 0.2513812154696133 0.029411764705882353 0.03314917127071823
4.0 0.8700980392156863 0.2596685082872928 0.0196078431372549 0.027624309392265192
3.0 0.8296568627450981 0.7748618784530387 0.022058823529411766 0.024861878453038673
5.0 0.8872549019607843 0.7900552486187845 0.029411764705882353 0.03867403314917127
3.0 0.8958333333333334 0.7928176795580111 0.01715686274509804 0.022099447513812154
3.0 0.9044117647058824 0.7914364640883977 0.014705882352941176 0.024861878453038673
5.0 0.9154411764705882 0.7859116022099447 0.022058823529411766 0.03591160220994475
3.0 0.8995098039215687 0.8107734806629834 0.014705882352941176 0.019337016574585635
3.0 0.9068627450980392 0.8080110497237569 0.0196078431372549 0.03038674033149171
3.0 0.928921568627451 0.787292817679558 0.014705882352941176 0.022099447513812154
8.0 0.9362745098039216 0.7831491712707183 0.0196078431372549 0.03038674033149171
8.0 0.8357843137254902 0.4530386740331492 0.014705882352941176 0.055248618784530384
