3.0 0.15441176470588236 0.5051546391752577 0.029411764705882353 0.041237113402061855
3.0 0.16666666666666666 0.5193298969072165 0.03431372549019608 0.03865979381443299
3.0 0.17769607843137256 0.5335051546391752 0.03676470588235294 0.05154639175257732
3.0 0.18872549019607843 0.5541237113402062 0.04411764705882353 0.04639175257731959
3.0 0.20098039215686275 0.5747422680412371 0.049019607843137254 0.05670103092783505
3.0 0.2193627450980392 0.5927835051546392 0.051470588235294115 0.05670103092783505
3.0 0.24142156862745098 0.615979381443299 0.061274509803921566 0.061855670103092786
3.0 0.2549019607843137 0.6378865979381443 0.05392156862745098 0.059278350515463915
3.0 0.28308823529411764 0.6585051546391752 0.061274509803921566 0.059278350515463915
3.0 0.3137254901960784 0.6868556701030928 0.06862745098039216 0.06443298969072164
3.0 0.34191176470588236 0.7152061855670103 0.07598039215686274 0.06958762886597938
3.0 0.47058823529411764 0.7474226804123711 0.08333333333333333 0.05670103092783505
3.0 0.18382352941176472 0.4536082474226804 0.0392156862745098 0.041237113402061855
3.0 0.28308823529411764 0.46005154639175255 0.061274509803921566 0.05412371134020619
3.0 0.34068627450980393 0.43556701030927836 0.049019607843137254 0.061855670103092786
3.0 0.41421568627450983 0.3943298969072165 0.08333333333333333 0.05154639175257732
3.0 0.33700980392156865 0.8144329896907216 0.056372549019607844 0.041237113402061855
3.0 0.6887254901960784 0.3853092783505155 0.05392156862745098 0.03865979381443299
3.0 0.7156862745098039 0.3801546391752577 0.049019607843137254 0.03865979381443299
3.0 0.7340686274509803 0.3711340206185567 0.04656862745098039 0.03608247422680412
3.0 0.7487745098039216 0.36211340206185566 0.041666666666666664 0.03865979381443299
3.0 0.7622549019607843 0.3582474226804124 0.0392156862745098 0.041237113402061855
3.0 0.7512254901960784 0.4265463917525773 0.04656862745098039 0.04896907216494845
3.0 0.7965686274509803 0.4020618556701031 0.0392156862745098 0.041237113402061855
3.0 0.8259803921568627 0.3389175257731959 0.029411764705882353 0.028350515463917526
3.0 0.8406862745098039 0.35309278350515466 0.024509803921568627 0.030927835051546393
4.0 0.8615196078431373 0.37757731958762886 0.022058823529411766 0.028350515463917526
5.0 0.8700980392156863 0.38788659793814434 0.024509803921568627 0.04381443298969072
3.0 0.8946078431372549 0.422680412371134 0.014705882352941176 0.02577319587628866
3.0 0.8725490196078431 0.8273195876288659 0.0392156862745098 0.04639175257731959
7.0 0.8762254901960784 0.8376288659793815 0.022058823529411766 0.030927835051546393
1.0 0.8811274509803921 0.8298969072164949 0.007352941176470588 0.010309278350515464
6.0 0.9362745098039216 0.7371134020618557 0.014705882352941176 0.02577319587628866
8.0 0.9522058823529411 0.6765463917525774 0.041666666666666664 0.09536082474226804
3.0 0.9926470588235294 0.5373711340206185 0.004901960784313725 0.01804123711340206
5.0 0.3602941176470588 0.8788659793814433 0.13725490196078433 0.08247422680412371
4.0 0.9338235294117647 0.43556701030927836 0.014705882352941176 0.030927835051546393
5.0 0.9669117647058824 0.4252577319587629 0.01715686274509804 0.05154639175257732
4.0 0.9620098039215687 0.3595360824742268 0.007352941176470588 0.01804123711340206
