3.0 0.9276960784313726 0.43041237113402064 0.007352941176470588 0.010309278350515464
3.0 0.9276960784313726 0.4252577319587629 0.007352941176470588 0.015463917525773196
3.0 0.4338235294117647 0.6082474226804123 0.024509803921568627 0.03608247422680412
3.0 0.4387254901960784 0.4806701030927835 0.0196078431372549 0.01804123711340206
4.0 0.6066176470588235 0.8376288659793815 0.03676470588235294 0.030927835051546393
5.0 0.4877450980392157 0.6005154639175257 0.05392156862745098 0.11855670103092783
4.0 0.25980392156862747 0.5283505154639175 0.0392156862745098 0.09278350515463918
4.0 0.5073529411764706 0.3118556701030928 0.024509803921568627 0.041237113402061855
4.0 0.47794117647058826 0.2822164948453608 0.0196078431372549 0.03865979381443299
4.0 0.5073529411764706 0.27190721649484534 0.0196078431372549 0.023195876288659795
4.0 0.31862745098039214 0.3118556701030928 0.024509803921568627 0.03608247422680412
4.0 0.3872549019607843 0.2822164948453608 0.029411764705882353 0.03350515463917526
4.0 0.3431372549019608 0.3079896907216495 0.029411764705882353 0.04381443298969072
4.0 0.3602941176470588 0.3247422680412371 0.029411764705882353 0.041237113402061855
4.0 0.36151960784313725 0.25644329896907214 0.01715686274509804 0.01804123711340206
4.0 0.4325980392156863 0.21778350515463918 0.012254901960784314 0.01288659793814433
4.0 0.46691176470588236 0.19845360824742267 0.012254901960784314 0.010309278350515464
4.0 0.5147058823529411 0.20489690721649484 0.014705882352941176 0.01288659793814433
3.0 0.4215686274509804 0.2603092783505155 0.00980392156862745 0.010309278350515464
3.0 0.4375 0.23067010309278352 0.007352941176470588 0.007731958762886598
4.0 0.44730392156862747 0.2036082474226804 0.012254901960784314 0.010309278350515464
4.0 0.4264705882352941 0.20876288659793815 0.00980392156862745 0.015463917525773196
4.0 0.5441176470588235 0.17654639175257733 0.004901960784313725 0.007731958762886598
3.0 0.5061274509803921 0.18943298969072164 0.0024509803921568627 0.002577319587628866
4.0 0.5012254901960784 0.17268041237113402 0.007352941176470588 0.010309278350515464
4.0 0.5171568627450981 0.16752577319587628 0.004901960784313725 0.005154639175257732
