3.0 0.028186274509803922 0.32216494845360827 0.007352941176470588 0.015463917525773196
3.0 0.05024509803921569 0.3002577319587629 0.007352941176470588 0.01288659793814433
3.0 0.058823529411764705 0.28865979381443296 0.00980392156862745 0.015463917525773196
3.0 0.07598039215686274 0.27448453608247425 0.00980392156862745 0.01288659793814433
3.0 0.07230392156862746 0.27190721649484534 0.0024509803921568627 0.007731958762886598
3.0 0.08700980392156862 0.2654639175257732 0.012254901960784314 0.015463917525773196
3.0 0.12254901960784313 0.23840206185567012 0.014705882352941176 0.01804123711340206
5.0 0.14338235294117646 0.22036082474226804 0.022058823529411766 0.023195876288659795
0.0 0.17892156862745098 0.1958762886597938 0.004901960784313725 0.010309278350515464
0.0 0.06372549019607843 0.5889175257731959 0.004901960784313725 0.01804123711340206
0.0 0.061274509803921566 0.5850515463917526 0.004901960784313725 0.015463917525773196
0.0 0.29411764705882354 0.8878865979381443 0.014705882352941176 0.01804123711340206
0.0 0.3075980392156863 0.9291237113402062 0.012254901960784314 0.01288659793814433
0.0 0.27450980392156865 0.8994845360824743 0.014705882352941176 0.015463917525773196
0.0 0.36151960784313725 0.9329896907216495 0.012254901960784314 0.010309278350515464
0.0 0.28921568627450983 0.9355670103092784 0.00980392156862745 0.010309278350515464
0.0 0.5588235294117647 0.9780927835051546 0.00980392156862745 0.007731958762886598
0.0 0.5661764705882353 0.9806701030927835 0.00980392156862745 0.007731958762886598
0.0 0.5196078431372549 0.9755154639175257 0.00980392156862745 0.007731958762886598
3.0 0.6151960784313726 0.6391752577319587 0.05392156862745098 0.08762886597938144
3.0 0.2696078431372549 0.49355670103092786 0.06372549019607843 0.05412371134020619
3.0 0.3137254901960784 0.3402061855670103 0.06372549019607843 0.04639175257731959
3.0 0.30637254901960786 0.2822164948453608 0.029411764705882353 0.03865979381443299
3.0 0.5808823529411765 0.19974226804123713 0.029411764705882353 0.023195876288659795
3.0 0.5183823529411765 0.18556701030927836 0.02696078431372549 0.020618556701030927
0.0 0.6225490196078431 0.2860824742268041 0.00980392156862745 0.02577319587628866
7.0 0.3247549019607843 0.2345360824742268 0.02696078431372549 0.020618556701030927
0.0 0.49019607843137253 0.27448453608247425 0.00980392156862745 0.01804123711340206
0.0 0.3321078431372549 0.19072164948453607 0.007352941176470588 0.010309278350515464
3.0 0.24387254901960784 0.16881443298969073 0.02696078431372549 0.01804123711340206
3.0 0.3014705882352941 0.13917525773195877 0.029411764705882353 0.015463917525773196
3.0 0.47794117647058826 0.00902061855670103 0.004901960784313725 0.002577319587628866
3.0 0.48651960784313725 0.014175257731958763 0.0024509803921568627 0.002577319587628866
3.0 0.4852941176470588 0.01675257731958763 0.004901960784313725 0.002577319587628866
3.0 0.4877450980392157 0.020618556701030927 0.004901960784313725 0.0
3.0 0.48161764705882354 0.024484536082474227 0.007352941176470588 0.002577319587628866
3.0 0.48284313725490197 0.027061855670103094 0.004901960784313725 0.002577319587628866
3.0 0.4840686274509804 0.029639175257731958 0.007352941176470588 0.002577319587628866
3.0 0.5625 0.037371134020618556 0.007352941176470588 0.002577319587628866
3.0 0.6617647058823529 0.08118556701030928 0.014705882352941176 0.007731958762886598
3.0 0.49142156862745096 0.07216494845360824 0.012254901960784314 0.005154639175257732
3.0 0.5134803921568627 0.08634020618556701 0.012254901960784314 0.002577319587628866
3.0 0.5159313725490197 0.09536082474226804 0.012254901960784314 0.005154639175257732
3.0 0.5183823529411765 0.10309278350515463 0.012254901960784314 0.005154639175257732
3.0 0.49264705882352944 0.1018041237113402 0.014705882352941176 0.007731958762886598
4.0 0.4068627450980392 0.07989690721649484 0.014705882352941176 0.005154639175257732
4.0 0.4227941176470588 0.08762886597938144 0.007352941176470588 0.005154639175257732
9.0 0.39705882352941174 0.08762886597938144 0.00980392156862745 0.005154639175257732
9.0 0.39215686274509803 0.09278350515463918 0.00980392156862745 0.005154639175257732
9.0 0.3946078431372549 0.09020618556701031 0.004901960784313725 0.005154639175257732
1.0 0.39215686274509803 0.09407216494845361 0.004901960784313725 0.002577319587628866
1.0 0.5661764705882353 0.1056701030927835 0.004901960784313725 0.005154639175257732
9.0 0.5649509803921569 0.10438144329896908 0.007352941176470588 0.007731958762886598
0.0 0.6997549019607843 0.19974226804123713 0.007352941176470588 0.01288659793814433
3.0 0.8308823529411765 0.17783505154639176 0.00980392156862745 0.010309278350515464
3.0 0.8602941176470589 0.19845360824742267 0.00980392156862745 0.010309278350515464
3.0 0.8468137254901961 0.18298969072164947 0.007352941176470588 0.010309278350515464
3.0 0.8137254901960784 0.15979381443298968 0.00980392156862745 0.010309278350515464
3.0 0.8296568627450981 0.30927835051546393 0.02696078431372549 0.030927835051546393
3.0 0.8174019607843137 0.39304123711340205 0.03676470588235294 0.04381443298969072
3.0 0.8517156862745098 0.4536082474226804 0.031862745098039214 0.03608247422680412
3.0 0.8578431372549019 0.4806701030927835 0.0196078431372549 0.023195876288659795
3.0 0.8700980392156863 0.5502577319587629 0.029411764705882353 0.04381443298969072
3.0 0.8700980392156863 0.5992268041237113 0.0392156862745098 0.05412371134020619
3.0 0.8615196078431373 0.6868556701030928 0.041666666666666664 0.05412371134020619
3.0 0.8700980392156863 0.7139175257731959 0.049019607843137254 0.05670103092783505
3.0 0.8700980392156863 0.7036082474226805 0.04411764705882353 0.05670103092783505
3.0 0.8627450980392157 0.7435567010309279 0.058823529411764705 0.06443298969072164
3.0 0.8517156862745098 0.770618556701031 0.061274509803921566 0.061855670103092786
3.0 0.8382352941176471 0.8286082474226805 0.058823529411764705 0.059278350515463915
3.0 0.8394607843137255 0.8182989690721649 0.051470588235294115 0.05412371134020619
3.0 0.8431372549019608 0.8402061855670103 0.058823529411764705 0.05670103092783505
3.0 0.8406862745098039 0.8530927835051546 0.05392156862745098 0.05154639175257732
3.0 0.6924019607843137 0.8969072164948454 0.061274509803921566 0.04639175257731959
0.0 0.6593137254901961 0.970360824742268 0.0196078431372549 0.01288659793814433
0.0 0.8578431372549019 0.38402061855670105 0.004901960784313725 0.015463917525773196
3.0 0.7879901960784313 0.18814432989690721 0.03676470588235294 0.030927835051546393
3.0 0.8223039215686274 0.2036082474226804 0.022058823529411766 0.020618556701030927
3.0 0.8848039215686274 0.8402061855670103 0.04411764705882353 0.05670103092783505
