3.0 0.06004901960784314 0.6675257731958762 0.022058823529411766 0.05154639175257732
3.0 0.5477941176470589 0.003865979381443299 0.007352941176470588 0.002577319587628866
3.0 0.5477941176470589 0.00902061855670103 0.012254901960784314 0.002577319587628866
3.0 0.5637254901960784 0.061855670103092786 0.029411764705882353 0.015463917525773196
3.0 0.47058823529411764 0.04768041237113402 0.049019607843137254 0.007731958762886598
3.0 0.39950980392156865 0.08505154639175258 0.049019607843137254 0.015463917525773196
3.0 0.5514705882352942 0.020618556701030927 0.014705882352941176 0.005154639175257732
3.0 0.5563725490196079 0.03608247422680412 0.0196078431372549 0.005154639175257732
3.0 0.5600490196078431 0.04768041237113402 0.01715686274509804 0.007731958762886598
8.0 0.5686274509803921 0.07989690721649484 0.024509803921568627 0.015463917525773196
8.0 0.571078431372549 0.09149484536082474 0.029411764705882353 0.01804123711340206
9.0 0.5661764705882353 0.020618556701030927 0.004901960784313725 0.005154639175257732
9.0 0.5882352941176471 0.055412371134020616 0.00980392156862745 0.007731958762886598
1.0 0.5661764705882353 0.019329896907216496 0.004901960784313725 0.002577319587628866
1.0 0.5870098039215687 0.05412371134020619 0.007352941176470588 0.005154639175257732
9.0 0.5723039215686274 0.006443298969072165 0.012254901960784314 0.002577319587628866
1.0 0.5735294117647058 0.006443298969072165 0.004901960784313725 0.002577319587628866
3.0 0.47058823529411764 0.05025773195876289 0.049019607843137254 0.007731958762886598
3.0 0.4681372549019608 0.059278350515463915 0.05392156862745098 0.010309278350515464
3.0 0.39950980392156865 0.09278350515463918 0.058823529411764705 0.020618556701030927
3.0 0.5759803921568627 0.10695876288659793 0.03431372549019608 0.023195876288659795
3.0 0.4227941176470588 0.13788659793814434 0.0857843137254902 0.028350515463917526
0.0 0.6151960784313726 0.13402061855670103 0.014705882352941176 0.015463917525773196
3.0 0.35171568627450983 0.4097938144329897 0.022058823529411766 0.04639175257731959
3.0 0.39705882352941174 0.21649484536082475 0.024509803921568627 0.03608247422680412
9.0 0.6397058823529411 0.22422680412371135 0.014705882352941176 0.020618556701030927
1.0 0.6397058823529411 0.21778350515463918 0.00980392156862745 0.007731958762886598
3.0 0.6593137254901961 0.509020618556701 0.049019607843137254 0.07474226804123711
3.0 0.6348039215686274 0.39948453608247425 0.04411764705882353 0.05670103092783505
3.0 0.6801470588235294 0.8904639175257731 0.10049019607843138 0.07989690721649484
3.0 0.8370098039215687 0.7345360824742269 0.0661764705882353 0.1134020618556701
3.0 0.8553921568627451 0.5927835051546392 0.0392156862745098 0.0979381443298969
3.0 0.8492647058823529 0.48711340206185566 0.02696078431372549 0.09278350515463918
3.0 0.8308823529411765 0.3956185567010309 0.0392156862745098 0.08505154639175258
3.0 0.8504901960784313 0.2809278350515464 0.03431372549019608 0.04639175257731959
3.0 0.7071078431372549 0.08247422680412371 0.022058823529411766 0.015463917525773196
4.0 0.8553921568627451 0.21391752577319587 0.024509803921568627 0.03608247422680412
3.0 0.8100490196078431 0.15335051546391754 0.022058823529411766 0.023195876288659795
3.0 0.8272058823529411 0.17396907216494845 0.022058823529411766 0.023195876288659795
3.0 0.7953431372549019 0.13402061855670103 0.022058823529411766 0.020618556701030927
4.0 0.7267156862745098 0.06829896907216494 0.01715686274509804 0.01288659793814433
3.0 0.6936274509803921 0.04252577319587629 0.00980392156862745 0.007731958762886598
3.0 0.6825980392156863 0.037371134020618556 0.012254901960784314 0.007731958762886598
3.0 0.6727941176470589 0.029639175257731958 0.012254901960784314 0.007731958762886598
9.0 0.678921568627451 0.037371134020618556 0.004901960784313725 0.002577319587628866
1.0 0.678921568627451 0.037371134020618556 0.004901960784313725 0.002577319587628866
3.0 0.7561274509803921 0.08118556701030928 0.01715686274509804 0.01288659793814433
4.0 0.8897058823529411 0.22809278350515463 0.024509803921568627 0.03350515463917526
