3.0 0.08088235294117647 0.5538674033149171 0.014705882352941176 0.052486187845303865
3.0 0.5257352941176471 0.1643646408839779 0.041666666666666664 0.04143646408839779
3.0 0.6887254901960784 0.32734806629834257 0.06372549019607843 0.09668508287292818
3.0 0.13970588235294118 0.18922651933701656 0.014705882352941176 0.019337016574585635
3.0 0.1090686274509804 0.2154696132596685 0.012254901960784314 0.016574585635359115
3.0 0.12009803921568628 0.19613259668508287 0.014705882352941176 0.022099447513812154
3.0 0.38112745098039214 0.08287292817679558 0.02696078431372549 0.022099447513812154
4.0 0.5551470588235294 0.023480662983425413 0.022058823529411766 0.013812154696132596
4.0 0.5453431372549019 0.009668508287292817 0.01715686274509804 0.008287292817679558
5.0 0.5943627450980392 0.031767955801104975 0.03676470588235294 0.024861878453038673
3.0 0.7083333333333334 0.8632596685082873 0.09313725490196079 0.10773480662983426
8.0 0.28921568627450983 0.21961325966850828 0.05392156862745098 0.08011049723756906
3.0 0.022058823529411766 0.39502762430939226 0.00980392156862745 0.027624309392265192
3.0 0.0821078431372549 0.2776243093922652 0.01715686274509804 0.03038674033149171
3.0 0.061274509803921566 0.31629834254143646 0.014705882352941176 0.03038674033149171
3.0 0.04044117647058824 0.356353591160221 0.012254901960784314 0.027624309392265192
3.0 0.00980392156862745 0.4240331491712707 0.00980392156862745 0.024861878453038673
3.0 0.12254901960784313 0.20027624309392264 0.00980392156862745 0.013812154696132596
3.0 0.1409313725490196 0.15331491712707182 0.012254901960784314 0.013812154696132596
3.0 0.1323529411764706 0.15883977900552487 0.00980392156862745 0.013812154696132596
3.0 0.1017156862745098 0.20303867403314918 0.012254901960784314 0.019337016574585635
3.0 0.09681372549019608 0.21132596685082872 0.012254901960784314 0.019337016574585635
3.0 0.11151960784313726 0.19889502762430938 0.01715686274509804 0.022099447513812154
3.0 0.10661764705882353 0.20718232044198895 0.01715686274509804 0.022099447513812154
8.0 0.10661764705882353 0.23895027624309392 0.02696078431372549 0.04143646408839779
8.0 0.1213235294117647 0.20994475138121546 0.022058823529411766 0.03314917127071823
0.0 0.9718137254901961 0.35497237569060774 0.0024509803921568627 0.013812154696132596
