8.0 0.7144607843137255 0.75 0.16911764705882354 0.27835051546391754
3.0 0.6360294117647058 0.3170103092783505 0.051470588235294115 0.05670103092783505
4.0 0.6188725490196079 0.20231958762886598 0.04656862745098039 0.04381443298969072
4.0 0.5808823529411765 0.16237113402061856 0.029411764705882353 0.020618556701030927
2.0 0.6776960784313726 0.22551546391752578 0.01715686274509804 0.023195876288659795
1.0 0.6764705882352942 0.22036082474226804 0.00980392156862745 0.01288659793814433
3.0 0.5833333333333334 0.11855670103092783 0.0196078431372549 0.010309278350515464
3.0 0.553921568627451 0.11211340206185567 0.0196078431372549 0.007731958762886598
3.0 0.6029411764705882 0.11597938144329897 0.0196078431372549 0.010309278350515464
3.0 0.5428921568627451 0.09278350515463918 0.01715686274509804 0.005154639175257732
3.0 0.5306372549019608 0.09536082474226804 0.012254901960784314 0.005154639175257732
3.0 0.553921568627451 0.08634020618556701 0.0196078431372549 0.007731958762886598
5.0 0.5183823529411765 0.08891752577319588 0.012254901960784314 0.007731958762886598
5.0 0.32965686274509803 0.17396907216494845 0.051470588235294115 0.04896907216494845
4.0 0.3014705882352941 0.13917525773195877 0.029411764705882353 0.015463917525773196
1.0 0.24387254901960784 0.18298969072164947 0.007352941176470588 0.010309278350515464
0.0 0.3272058823529412 0.13917525773195877 0.007352941176470588 0.010309278350515464
6.0 0.3394607843137255 0.13917525773195877 0.007352941176470588 0.010309278350515464
1.0 0.34068627450980393 0.13917525773195877 0.004901960784313725 0.005154639175257732
3.0 0.9730392156862745 0.4381443298969072 0.00980392156862745 0.02577319587628866
8.0 0.9865196078431373 0.509020618556701 0.012254901960784314 0.05412371134020619
5.0 0.9816176470588235 0.47551546391752575 0.012254901960784314 0.05412371134020619
0.0 0.9767156862745098 0.46649484536082475 0.0024509803921568627 0.015463917525773196
6.0 0.07352941176470588 0.5347938144329897 0.00980392156862745 0.04896907216494845
1.0 0.07230392156862746 0.5244845360824743 0.007352941176470588 0.028350515463917526
3.0 0.03553921568627451 0.4213917525773196 0.01715686274509804 0.028350515463917526
3.0 0.1715686274509804 0.23711340206185566 0.0196078431372549 0.02577319587628866
