4.0 0.928921568627451 0.7474226804123711 0.04411764705882353 0.07216494845360824
3.0 0.24877450980392157 0.9213917525773195 0.16911764705882354 0.1056701030927835
3.0 0.08333333333333333 0.7938144329896907 0.0784313725490196 0.10824742268041238
3.0 0.6127450980392157 0.836340206185567 0.06862745098039216 0.04381443298969072
3.0 0.6237745098039216 0.7925257731958762 0.051470588235294115 0.03865979381443299
3.0 0.7892156862745098 0.7461340206185567 0.05392156862745098 0.05412371134020619
3.0 0.9828431372549019 0.5567010309278351 0.004901960784313725 0.010309278350515464
3.0 0.9791666666666666 0.5554123711340206 0.0024509803921568627 0.007731958762886598
3.0 0.9865196078431373 0.5528350515463918 0.0024509803921568627 0.01288659793814433
3.0 0.6323529411764706 0.6817010309278351 0.024509803921568627 0.028350515463917526
3.0 0.696078431372549 0.634020618556701 0.0196078431372549 0.020618556701030927
3.0 0.6936274509803921 0.6134020618556701 0.014705882352941176 0.020618556701030927
3.0 0.6274509803921569 0.6301546391752577 0.0196078431372549 0.01804123711340206
3.0 0.6262254901960784 0.604381443298969 0.012254901960784314 0.01288659793814433
3.0 0.6740196078431373 0.586340206185567 0.00980392156862745 0.01288659793814433
3.0 0.6188725490196079 0.5876288659793815 0.012254901960784314 0.010309278350515464
3.0 0.6568627450980392 0.5786082474226805 0.00980392156862745 0.01288659793814433
3.0 0.6384803921568627 0.5747422680412371 0.007352941176470588 0.005154639175257732
3.0 0.741421568627451 0.5708762886597938 0.01715686274509804 0.01288659793814433
0.0 0.758578431372549 0.5902061855670103 0.0024509803921568627 0.010309278350515464
0.0 0.6654411764705882 0.5657216494845361 0.0024509803921568627 0.01288659793814433
0.0 0.6225490196078431 0.5631443298969072 0.004901960784313725 0.01288659793814433
3.0 0.7622549019607843 0.5579896907216495 0.014705882352941176 0.01288659793814433
8.0 0.5220588235294118 0.538659793814433 0.004901960784313725 0.010309278350515464
3.0 0.5110294117647058 0.5438144329896907 0.0024509803921568627 0.005154639175257732
3.0 0.5098039215686274 0.5489690721649485 0.004901960784313725 0.010309278350515464
3.0 0.5036764705882353 0.5489690721649485 0.007352941176470588 0.005154639175257732
4.0 0.4963235294117647 0.5657216494845361 0.007352941176470588 0.01288659793814433
3.0 0.4987745098039216 0.5773195876288659 0.007352941176470588 0.010309278350515464
3.0 0.48161764705882354 0.5760309278350515 0.012254901960784314 0.01288659793814433
3.0 0.4889705882352941 0.5889175257731959 0.012254901960784314 0.01288659793814433
3.0 0.48651960784313725 0.5966494845360825 0.012254901960784314 0.01288659793814433
3.0 0.4497549019607843 0.595360824742268 0.01715686274509804 0.010309278350515464
3.0 0.45955882352941174 0.6095360824742269 0.01715686274509804 0.01804123711340206
3.0 0.42892156862745096 0.6121134020618557 0.0196078431372549 0.01288659793814433
3.0 0.4105392156862745 0.6185567010309279 0.01715686274509804 0.020618556701030927
3.0 0.3799019607843137 0.6365979381443299 0.024509803921568627 0.02577319587628866
0.0 0.3443627450980392 0.6417525773195877 0.0024509803921568627 0.015463917525773196
3.0 0.3333333333333333 0.6378865979381443 0.024509803921568627 0.01804123711340206
3.0 0.42401960784313725 0.654639175257732 0.024509803921568627 0.020618556701030927
3.0 0.5073529411764706 0.6610824742268041 0.024509803921568627 0.023195876288659795
3.0 0.3799019607843137 0.6675257731958762 0.029411764705882353 0.02577319587628866
3.0 0.38848039215686275 0.6920103092783505 0.031862745098039214 0.028350515463917526
3.0 0.3382352941176471 0.6881443298969072 0.03431372549019608 0.030927835051546393
3.0 0.3786764705882353 0.7023195876288659 0.03676470588235294 0.028350515463917526
3.0 0.4852941176470588 0.7100515463917526 0.029411764705882353 0.023195876288659795
3.0 0.4681372549019608 0.7229381443298969 0.0392156862745098 0.03350515463917526
3.0 0.45098039215686275 0.740979381443299 0.0392156862745098 0.03350515463917526
3.0 0.4485294117647059 0.7577319587628866 0.0392156862745098 0.030927835051546393
3.0 0.3639705882352941 0.711340206185567 0.031862745098039214 0.030927835051546393
3.0 0.35171568627450983 0.720360824742268 0.031862745098039214 0.028350515463917526
3.0 0.31004901960784315 0.7048969072164949 0.03676470588235294 0.03350515463917526
3.0 0.3284313725490196 0.729381443298969 0.049019607843137254 0.04639175257731959
3.0 0.2757352941176471 0.7216494845360825 0.041666666666666664 0.041237113402061855
8.0 0.24387254901960784 0.6894329896907216 0.056372549019607844 0.06443298969072164
5.0 0.2512254901960784 0.7216494845360825 0.0661764705882353 0.07731958762886598
3.0 0.3125 0.7461340206185567 0.04656862745098039 0.04381443298969072
3.0 0.43137254901960786 0.7731958762886598 0.05392156862745098 0.03608247422680412
3.0 0.40808823529411764 0.7951030927835051 0.056372549019607844 0.03865979381443299
3.0 0.2806372549019608 0.7615979381443299 0.051470588235294115 0.04381443298969072
3.0 0.3958333333333333 0.8144329896907216 0.061274509803921566 0.04639175257731959
3.0 0.23039215686274508 0.75 0.05392156862745098 0.05670103092783505
3.0 0.21323529411764705 0.7641752577319587 0.049019607843137254 0.04896907216494845
3.0 0.2696078431372549 0.7809278350515464 0.058823529411764705 0.05154639175257732
3.0 0.37745098039215685 0.8389175257731959 0.06862745098039216 0.04896907216494845
3.0 0.30269607843137253 0.8221649484536082 0.0661764705882353 0.05154639175257732
3.0 0.24142156862745098 0.7989690721649485 0.061274509803921566 0.05670103092783505
5.0 0.19117647058823528 0.7731958762886598 0.06372549019607843 0.06701030927835051
