1.0 0.7720588235294118 0.7345360824742269 0.004901960784313725 0.010309278350515464
0.0 0.7683823529411765 0.7100515463917526 0.007352941176470588 0.01288659793814433
0.0 0.7720588235294118 0.7074742268041238 0.00980392156862745 0.01288659793814433
0.0 0.7769607843137255 0.7023195876288659 0.004901960784313725 0.01288659793814433
0.0 0.7708333333333334 0.6842783505154639 0.007352941176470588 0.01288659793814433
0.0 0.8149509803921569 0.6417525773195877 0.0024509803921568627 0.010309278350515464
3.0 0.8431372549019608 0.6030927835051546 0.004901960784313725 0.010309278350515464
3.0 0.8517156862745098 0.5837628865979382 0.0024509803921568627 0.002577319587628866
3.0 0.8529411764705882 0.5734536082474226 0.004901960784313725 0.002577319587628866
3.0 0.8517156862745098 0.5889175257731959 0.0024509803921568627 0.002577319587628866
3.0 0.8541666666666666 0.595360824742268 0.0024509803921568627 0.005154639175257732
3.0 0.8529411764705882 0.5992268041237113 0.004901960784313725 0.007731958762886598
3.0 0.8529411764705882 0.6005154639175257 0.004901960784313725 0.005154639175257732
3.0 0.8529411764705882 0.6069587628865979 0.004901960784313725 0.007731958762886598
3.0 0.8517156862745098 0.6108247422680413 0.0024509803921568627 0.005154639175257732
3.0 0.8431372549019608 0.6172680412371134 0.004901960784313725 0.007731958762886598
3.0 0.8468137254901961 0.6198453608247423 0.007352941176470588 0.007731958762886598
3.0 0.8468137254901961 0.6211340206185567 0.007352941176470588 0.010309278350515464
4.0 0.8455882352941176 0.625 0.004901960784313725 0.007731958762886598
3.0 0.8357843137254902 0.6224226804123711 0.004901960784313725 0.007731958762886598
3.0 0.8357843137254902 0.6275773195876289 0.004901960784313725 0.007731958762886598
5.0 0.8272058823529411 0.6494845360824743 0.01715686274509804 0.030927835051546393
5.0 0.8235294117647058 0.6404639175257731 0.014705882352941176 0.028350515463917526
3.0 0.8333333333333334 0.6623711340206185 0.00980392156862745 0.015463917525773196
3.0 0.8308823529411765 0.6765463917525774 0.00980392156862745 0.01288659793814433
3.0 0.8223039215686274 0.6920103092783505 0.012254901960784314 0.01288659793814433
3.0 0.7892156862745098 0.6701030927835051 0.00980392156862745 0.015463917525773196
3.0 0.7781862745098039 0.6726804123711341 0.007352941176470588 0.010309278350515464
3.0 0.7659313725490197 0.6778350515463918 0.012254901960784314 0.010309278350515464
3.0 0.7622549019607843 0.663659793814433 0.00980392156862745 0.01288659793814433
3.0 0.7487745098039216 0.6713917525773195 0.022058823529411766 0.01288659793814433
3.0 0.7401960784313726 0.7036082474226805 0.0196078431372549 0.015463917525773196
3.0 0.8100490196078431 0.7177835051546392 0.012254901960784314 0.01804123711340206
3.0 0.8014705882352942 0.7384020618556701 0.014705882352941176 0.01804123711340206
3.0 0.7916666666666666 0.7680412371134021 0.0196078431372549 0.020618556701030927
3.0 0.7745098039215687 0.7912371134020618 0.024509803921568627 0.02577319587628866
3.0 0.6617647058823529 0.9020618556701031 0.0392156862745098 0.02577319587628866
3.0 0.6384803921568627 0.9265463917525774 0.041666666666666664 0.028350515463917526
4.0 0.6029411764705882 0.9471649484536082 0.04411764705882353 0.023195876288659795
3.0 0.5588235294117647 0.9523195876288659 0.0392156862745098 0.01804123711340206
3.0 0.5784313725490197 0.9690721649484536 0.05392156862745098 0.02577319587628866
3.0 0.5306372549019608 0.970360824742268 0.051470588235294115 0.01804123711340206
3.0 0.49754901960784315 0.9896907216494846 0.049019607843137254 0.015463917525773196
3.0 0.5428921568627451 0.9896907216494846 0.051470588235294115 0.015463917525773196
