5.0 0.21446078431372548 0.5515463917525774 0.11519607843137254 0.09278350515463918
5.0 0.14583333333333334 0.49355670103092786 0.061274509803921566 0.06443298969072164
5.0 0.19975490196078433 0.5257731958762887 0.10049019607843138 0.07731958762886598
5.0 0.11029411764705882 0.5270618556701031 0.07352941176470588 0.07989690721649484
5.0 0.12254901960784313 0.5721649484536082 0.049019607843137254 0.06701030927835051
5.0 0.8504901960784313 0.6713917525773195 0.07352941176470588 0.12628865979381443
5.0 0.7683823529411765 0.4097938144329897 0.125 0.09278350515463918
5.0 0.8468137254901961 0.770618556701031 0.09558823529411764 0.13402061855670103
5.0 0.8823529411764706 0.8389175257731959 0.07352941176470588 0.08505154639175258
5.0 0.928921568627451 0.7474226804123711 0.03431372549019608 0.05670103092783505
3.0 0.8688725490196079 0.7873711340206185 0.03676470588235294 0.04896907216494845
3.0 0.8713235294117647 0.8337628865979382 0.041666666666666664 0.04896907216494845
3.0 0.8713235294117647 0.8105670103092784 0.041666666666666664 0.04896907216494845
3.0 0.8639705882352942 0.7319587628865979 0.031862745098039214 0.04639175257731959
3.0 0.8700980392156863 0.7564432989690721 0.029411764705882353 0.04381443298969072
3.0 0.3174019607843137 0.6881443298969072 0.0661764705882353 0.05154639175257732
0.0 0.5232843137254902 0.8131443298969072 0.007352941176470588 0.01804123711340206
0.0 0.5845588235294118 0.8260309278350515 0.012254901960784314 0.01804123711340206
1.0 0.49264705882352944 0.41365979381443296 0.00980392156862745 0.01804123711340206
0.0 0.8419117647058824 0.4729381443298969 0.0024509803921568627 0.01804123711340206
0.0 0.8002450980392157 0.3788659793814433 0.007352941176470588 0.015463917525773196
0.0 0.821078431372549 0.3556701030927835 0.004901960784313725 0.010309278350515464
9.0 0.49264705882352944 0.41881443298969073 0.024509803921568627 0.01804123711340206
3.0 0.22181372549019607 0.49226804123711343 0.041666666666666664 0.03608247422680412
3.0 0.09681372549019608 0.5618556701030928 0.01715686274509804 0.02577319587628866
4.0 0.6102941176470589 0.22422680412371135 0.014705882352941176 0.015463917525773196
4.0 0.7156862745098039 0.24742268041237114 0.0196078431372549 0.015463917525773196
8.0 0.42892156862745096 0.14175257731958762 0.024509803921568627 0.015463917525773196
5.0 0.5514705882352942 0.15335051546391754 0.014705882352941176 0.01288659793814433
3.0 0.6421568627450981 0.16881443298969073 0.024509803921568627 0.01288659793814433
5.0 0.34681372549019607 0.2036082474226804 0.02696078431372549 0.02577319587628866
3.0 0.8700980392156863 0.35180412371134023 0.014705882352941176 0.023195876288659795
3.0 0.8774509803921569 0.3556701030927835 0.00980392156862745 0.015463917525773196
3.0 0.8848039215686274 0.3582474226804124 0.00980392156862745 0.015463917525773196
3.0 0.8897058823529411 0.3582474226804124 0.00980392156862745 0.015463917525773196
3.0 0.9215686274509803 0.4020618556701031 0.00980392156862745 0.015463917525773196
3.0 0.9056372549019608 0.4007731958762887 0.012254901960784314 0.01288659793814433
3.0 0.8676470588235294 0.3646907216494845 0.00980392156862745 0.01804123711340206
3.0 0.8774509803921569 0.36855670103092786 0.00980392156862745 0.020618556701030927
3.0 0.8860294117647058 0.37757731958762886 0.007352941176470588 0.01804123711340206
3.0 0.9056372549019608 0.3853092783505155 0.007352941176470588 0.01288659793814433
5.0 0.9117647058823529 0.38788659793814434 0.004901960784313725 0.01804123711340206
5.0 0.9031862745098039 0.41365979381443296 0.012254901960784314 0.01804123711340206
8.0 0.9350490196078431 0.41494845360824745 0.01715686274509804 0.030927835051546393
4.0 0.8982843137254902 0.3582474226804124 0.012254901960784314 0.020618556701030927
4.0 0.8970588235294118 0.36082474226804123 0.00980392156862745 0.015463917525773196
4.0 0.9215686274509803 0.4110824742268041 0.00980392156862745 0.01288659793814433
3.0 0.8799019607843137 0.4213917525773196 0.014705882352941176 0.023195876288659795
3.0 0.9436274509803921 0.41365979381443296 0.004901960784313725 0.01288659793814433
3.0 0.9399509803921569 0.4059278350515464 0.007352941176470588 0.01288659793814433
3.0 0.8578431372549019 0.36211340206185566 0.00980392156862745 0.01804123711340206
3.0 0.8480392156862745 0.3556701030927835 0.00980392156862745 0.015463917525773196
6.0 0.9375 0.4265463917525773 0.007352941176470588 0.01288659793814433
1.0 0.9375 0.4265463917525773 0.0024509803921568627 0.01288659793814433
3.0 0.7830882352941176 0.31958762886597936 0.01715686274509804 0.020618556701030927
3.0 0.7549019607843137 0.297680412371134 0.024509803921568627 0.023195876288659795
3.0 0.6985294117647058 0.27190721649484534 0.029411764705882353 0.01804123711340206
3.0 0.7708333333333334 0.29510309278350516 0.022058823529411766 0.01804123711340206
5.0 0.678921568627451 0.23582474226804123 0.03431372549019608 0.01804123711340206
5.0 0.00980392156862745 0.41237113402061853 0.004901960784313725 0.015463917525773196
5.0 0.014705882352941176 0.41237113402061853 0.004901960784313725 0.015463917525773196
5.0 0.11029411764705882 0.27319587628865977 0.014705882352941176 0.02577319587628866
5.0 0.11887254901960784 0.2654639175257732 0.022058823529411766 0.02577319587628866
5.0 0.13602941176470587 0.25773195876288657 0.022058823529411766 0.020618556701030927
5.0 0.0784313725490196 0.30541237113402064 0.014705882352941176 0.01804123711340206
5.0 0.20220588235294118 0.21391752577319587 0.03676470588235294 0.02577319587628866
5.0 0.19852941176470587 0.22036082474226804 0.03431372549019608 0.028350515463917526
3.0 0.9080882352941176 0.36855670103092786 0.007352941176470588 0.015463917525773196
4.0 0.9313725490196079 0.6597938144329897 0.014705882352941176 0.030927835051546393
9.0 0.9313725490196079 0.7757731958762887 0.014705882352941176 0.020618556701030927
9.0 0.9154411764705882 0.8028350515463918 0.007352941176470588 0.01288659793814433
9.0 0.9166666666666666 0.7989690721649485 0.00980392156862745 0.015463917525773196
9.0 0.9019607843137255 0.7963917525773195 0.00980392156862745 0.015463917525773196
9.0 0.9301470588235294 0.7100515463917526 0.007352941176470588 0.01288659793814433
1.0 0.9313725490196079 0.7087628865979382 0.004901960784313725 0.005154639175257732
5.0 0.00980392156862745 0.3853092783505155 0.004901960784313725 0.01288659793814433
