3.0 0.35784313725490197 0.9690721649484536 0.05392156862745098 0.030927835051546393
3.0 0.5723039215686274 0.8595360824742269 0.07107843137254902 0.059278350515463915
8.0 0.46568627450980393 0.8569587628865979 0.11764705882352941 0.1056701030927835
0.0 0.3112745098039216 0.9175257731958762 0.014705882352941176 0.010309278350515464
0.0 0.2916666666666667 0.9265463917525774 0.014705882352941176 0.01288659793814433
0.0 0.2757352941176471 0.8981958762886598 0.01715686274509804 0.01288659793814433
4.0 0.2426470588235294 0.8724226804123711 0.058823529411764705 0.05412371134020619
0.0 0.24877450980392157 0.8582474226804123 0.01715686274509804 0.015463917525773196
0.0 0.24877450980392157 0.845360824742268 0.01715686274509804 0.015463917525773196
3.0 0.5428921568627451 0.7564432989690721 0.07107843137254902 0.07989690721649484
3.0 0.4681372549019608 0.6559278350515464 0.06862745098039216 0.09020618556701031
5.0 0.42892156862745096 0.49742268041237114 0.11274509803921569 0.16494845360824742
3.0 0.38848039215686275 0.3440721649484536 0.07107843137254902 0.09020618556701031
3.0 0.2928921568627451 0.3402061855670103 0.061274509803921566 0.0979381443298969
3.0 0.2806372549019608 0.22036082474226804 0.051470588235294115 0.059278350515463915
3.0 0.3553921568627451 0.2654639175257732 0.06862745098039216 0.07216494845360824
3.0 0.35294117647058826 0.20489690721649484 0.058823529411764705 0.05412371134020619
3.0 0.3382352941176471 0.15850515463917525 0.049019607843137254 0.04381443298969072
3.0 0.3431372549019608 0.12628865979381443 0.04411764705882353 0.030927835051546393
3.0 0.1642156862745098 0.24742268041237114 0.03431372549019608 0.05154639175257732
5.0 0.17892156862745098 0.27963917525773196 0.06862745098039216 0.07474226804123711
4.0 0.14705882352941177 0.37242268041237114 0.024509803921568627 0.059278350515463915
3.0 0.14338235294117646 0.43041237113402064 0.02696078431372549 0.06701030927835051
3.0 0.17647058823529413 0.19974226804123713 0.029411764705882353 0.04381443298969072
3.0 0.30392156862745096 0.11082474226804123 0.04411764705882353 0.030927835051546393
3.0 0.33578431372549017 0.10309278350515463 0.0392156862745098 0.02577319587628866
3.0 0.3235294117647059 0.09020618556701031 0.0392156862745098 0.02577319587628866
5.0 0.31985294117647056 0.07474226804123711 0.056372549019607844 0.041237113402061855
3.0 0.28921568627450983 0.08505154639175258 0.029411764705882353 0.020618556701030927
8.0 0.31004901960784315 0.05025773195876289 0.08088235294117647 0.04381443298969072
3.0 0.24019607843137256 0.0979381443298969 0.024509803921568627 0.020618556701030927
3.0 0.20588235294117646 0.13530927835051546 0.03431372549019608 0.03350515463917526
3.0 0.19240196078431374 0.1559278350515464 0.031862745098039214 0.03350515463917526
0.0 0.17279411764705882 0.17010309278350516 0.012254901960784314 0.015463917525773196
0.0 0.14460784313725492 0.2422680412371134 0.00980392156862745 0.015463917525773196
0.0 0.16176470588235295 0.20231958762886598 0.00980392156862745 0.01288659793814433
0.0 0.16544117647058823 0.19974226804123713 0.012254901960784314 0.01804123711340206
4.0 0.5759803921568627 0.09664948453608248 0.06862745098039216 0.04381443298969072
3.0 0.7193627450980392 0.5231958762886598 0.041666666666666664 0.07731958762886598
4.0 0.7708333333333334 0.8891752577319587 0.051470588235294115 0.04639175257731959
4.0 0.7683823529411765 0.9149484536082474 0.04656862745098039 0.041237113402061855
3.0 0.8566176470588235 0.8247422680412371 0.04656862745098039 0.05154639175257732
3.0 0.8627450980392157 0.8067010309278351 0.049019607843137254 0.05670103092783505
3.0 0.8713235294117647 0.7474226804123711 0.051470588235294115 0.061855670103092786
4.0 0.8713235294117647 0.720360824742268 0.051470588235294115 0.06958762886597938
3.0 0.8700980392156863 0.7010309278350515 0.04411764705882353 0.05670103092783505
3.0 0.4387254901960784 0.06572164948453608 0.04411764705882353 0.028350515463917526
