3.0 0.8591549295774648 0.8346153846153846 0.06103286384976526 0.06923076923076923
3.0 0.8568075117370892 0.8474358974358974 0.056338028169014086 0.0641025641025641
3.0 0.5528169014084507 0.9205128205128205 0.10093896713615023 0.05128205128205128
3.0 0.3884976525821596 0.941025641025641 0.10093896713615023 0.05128205128205128
5.0 0.3732394366197183 0.8320512820512821 0.2347417840375587 0.13076923076923078
3.0 0.16784037558685447 0.6448717948717949 0.05868544600938967 0.10512820512820513
3.0 0.12089201877934272 0.6512820512820513 0.03990610328638498 0.08717948717948718
3.0 0.3884976525821596 0.3230769230769231 0.12441314553990611 0.08205128205128205
3.0 0.3028169014084507 0.3 0.07042253521126761 0.08205128205128205
3.0 0.07746478873239436 0.3346153846153846 0.028169014084507043 0.05384615384615385
3.0 0.9119718309859155 0.7410256410256411 0.03990610328638498 0.07179487179487179
3.0 0.926056338028169 0.7166666666666667 0.035211267605633804 0.0641025641025641
3.0 0.9730046948356808 0.3628205128205128 0.007042253521126761 0.023076923076923078
3.0 0.863849765258216 0.17051282051282052 0.023474178403755867 0.028205128205128206
0.0 0.8392018779342723 0.14487179487179488 0.007042253521126761 0.007692307692307693
