3.0 0.6090686274509803 0.961340206185567 0.24754901960784315 0.07216494845360824
3.0 0.6237745098039216 0.913659793814433 0.2818627450980392 0.11082474226804123
3.0 0.6213235294117647 0.5760309278350515 0.3553921568627451 0.22938144329896906
3.0 0.5992647058823529 0.3711340206185567 0.3553921568627451 0.1958762886597938
3.0 0.5906862745098039 0.18943298969072164 0.29901960784313725 0.12628865979381443
3.0 0.8259803921568627 0.12628865979381443 0.0784313725490196 0.07731958762886598
3.0 0.5502450980392157 0.06443298969072164 0.18382352941176472 0.04639175257731959
3.0 0.5870098039215687 0.1327319587628866 0.26715686274509803 0.09020618556701031
3.0 0.7450980392156863 0.11082474226804123 0.09313725490196079 0.07731958762886598
3.0 0.678921568627451 0.045103092783505154 0.058823529411764705 0.03350515463917526
3.0 0.5404411764705882 0.045103092783505154 0.14950980392156862 0.03350515463917526
3.0 0.5294117647058824 0.03221649484536082 0.13725490196078433 0.023195876288659795
3.0 0.5122549019607843 0.006443298969072165 0.10294117647058823 0.01288659793814433
3.0 0.9840686274509803 0.5244845360824743 0.02696078431372549 0.16752577319587628
3.0 0.9399509803921569 0.3079896907216495 0.061274509803921566 0.12628865979381443
3.0 0.0625 0.42912371134020616 0.07107843137254902 0.1211340206185567
0.0 0.10784313725490197 0.5180412371134021 0.0196078431372549 0.08762886597938144
3.0 0.10294117647058823 0.7835051546391752 0.1323529411764706 0.16494845360824742
0.0 0.8737745098039216 0.7783505154639175 0.041666666666666664 0.061855670103092786
0.0 0.7708333333333334 0.8311855670103093 0.051470588235294115 0.059278350515463915
7.0 0.8419117647058824 0.5992268041237113 0.056372549019607844 0.16752577319587628
0.0 0.3639705882352941 0.04639175257731959 0.02696078431372549 0.020618556701030927
0.0 0.43504901960784315 0.045103092783505154 0.02696078431372549 0.023195876288659795
0.0 0.3333333333333333 0.07989690721649484 0.0392156862745098 0.030927835051546393
1.0 0.34068627450980393 0.07345360824742268 0.0196078431372549 0.01288659793814433
1.0 0.758578431372549 0.09020618556701031 0.02696078431372549 0.02577319587628866
2.0 0.7610294117647058 0.0979381443298969 0.031862745098039214 0.030927835051546393
2.0 0.13357843137254902 0.16881443298969073 0.02696078431372549 0.028350515463917526
3.0 0.27205882352941174 0.055412371134020616 0.09803921568627451 0.05412371134020619
