5.0 0.9404205607476636 0.6237864077669902 0.02102803738317757 0.05825242718446602
5.0 0.8960280373831776 0.5206310679611651 0.007009345794392523 0.01699029126213592
3.0 0.889018691588785 0.5485436893203883 0.007009345794392523 0.014563106796116505
3.0 0.8785046728971962 0.5691747572815534 0.014018691588785047 0.021844660194174758
3.0 0.8796728971962616 0.5594660194174758 0.011682242990654205 0.01699029126213592
3.0 0.8376168224299065 0.5679611650485437 0.016355140186915886 0.019417475728155338
3.0 0.822429906542056 0.6116504854368932 0.018691588785046728 0.02912621359223301
1.0 0.8808411214953271 0.5837378640776699 0.004672897196261682 0.012135922330097087
9.0 0.8808411214953271 0.5910194174757282 0.004672897196261682 0.012135922330097087
1.0 0.8855140186915887 0.5837378640776699 0.004672897196261682 0.007281553398058253
9.0 0.8843457943925234 0.5898058252427184 0.002336448598130841 0.009708737864077669
3.0 0.7815420560747663 0.6747572815533981 0.030373831775700934 0.038834951456310676
3.0 0.7219626168224299 0.7378640776699029 0.04205607476635514 0.038834951456310676
3.0 0.6507009345794392 0.7439320388349514 0.04906542056074766 0.03640776699029126
3.0 0.6039719626168224 0.7524271844660194 0.053738317757009345 0.02912621359223301
4.0 0.572429906542056 0.7657766990291263 0.04205607476635514 0.0412621359223301
7.0 0.6495327102803738 0.7912621359223301 0.03271028037383177 0.038834951456310676
3.0 0.616822429906542 0.8240291262135923 0.06074766355140187 0.03155339805825243
3.0 0.5700934579439252 0.8519417475728155 0.06542056074766354 0.02912621359223301
3.0 0.5245327102803738 0.8713592233009708 0.06775700934579439 0.024271844660194174
3.0 0.3189252336448598 0.8580097087378641 0.07710280373831775 0.0412621359223301
0.0 0.47313084112149534 0.8919902912621359 0.011682242990654205 0.01699029126213592
3.0 0.4182242990654206 0.9065533980582524 0.07009345794392523 0.02669902912621359
3.0 0.3679906542056075 0.9150485436893204 0.07710280373831775 0.03398058252427184
3.0 0.411214953271028 0.9344660194174758 0.0794392523364486 0.02912621359223301
3.0 0.3212616822429907 0.9259708737864077 0.07710280373831775 0.04611650485436893
4.0 0.2324766355140187 0.8677184466019418 0.08177570093457943 0.06067961165048544
3.0 0.1542056074766355 0.8337378640776699 0.04672897196261682 0.04611650485436893
3.0 0.1985981308411215 0.8725728155339806 0.07009345794392523 0.06067961165048544
3.0 0.26401869158878505 0.9211165048543689 0.0794392523364486 0.050970873786407765
3.0 0.7301401869158879 0.8919902912621359 0.05841121495327103 0.0412621359223301
3.0 0.5455607476635514 0.9550970873786407 0.07242990654205607 0.021844660194174758
4.0 0.697429906542056 0.9308252427184466 0.06775700934579439 0.04611650485436893
4.0 0.6226635514018691 0.9793689320388349 0.06775700934579439 0.021844660194174758
4.0 0.4369158878504673 0.9878640776699029 0.08878504672897196 0.019417475728155338
1.0 0.5116822429906542 0.9951456310679612 0.018691588785046728 0.0048543689320388345
9.0 0.514018691588785 0.9951456310679612 0.02336448598130841 0.0048543689320388345
