3.0 0.02112676056338028 0.6166666666666667 0.014084507042253521 0.03333333333333333
3.0 0.01995305164319249 0.5961538461538461 0.011737089201877934 0.03333333333333333
3.0 0.47417840375586856 0.05384615384615385 0.023474178403755867 0.010256410256410256
3.0 0.5833333333333334 0.06282051282051282 0.02112676056338028 0.01282051282051282
3.0 0.5704225352112676 0.3717948717948718 0.06572769953051644 0.1076923076923077
3.0 0.47417840375586856 0.4564102564102564 0.051643192488262914 0.1076923076923077
3.0 0.5727699530516432 0.5512820512820513 0.06103286384976526 0.11282051282051282
3.0 0.460093896713615 0.573076923076923 0.06572769953051644 0.1358974358974359
3.0 0.44835680751173707 0.7102564102564103 0.06572769953051644 0.1076923076923077
3.0 0.568075117370892 0.7410256410256411 0.06572769953051644 0.10256410256410256
3.0 0.460093896713615 0.8333333333333334 0.07511737089201878 0.07692307692307693
3.0 0.5528169014084507 0.8551282051282051 0.05868544600938967 0.05897435897435897
3.0 0.465962441314554 0.9038461538461539 0.0539906103286385 0.05384615384615385
3.0 0.47183098591549294 0.9538461538461539 0.046948356807511735 0.035897435897435895
3.0 0.6279342723004695 0.9397435897435897 0.07276995305164319 0.05384615384615385
5.0 0.5563380281690141 0.9435897435897436 0.06572769953051644 0.05128205128205128
3.0 0.4706572769953052 0.9897435897435898 0.04929577464788732 0.015384615384615385
4.0 0.5387323943661971 0.985897435897436 0.0539906103286385 0.023076923076923078
3.0 0.6115023474178404 0.9782051282051282 0.04929577464788732 0.023076923076923078
8.0 0.49061032863849763 0.13333333333333333 0.06572769953051644 0.06153846153846154
1.0 0.20892018779342722 0.491025641025641 0.018779342723004695 0.017948717948717947
9.0 0.21009389671361503 0.517948717948718 0.01643192488262911 0.041025641025641026
