3.0 0.25980392156862747 0.7100515463917526 0.29901960784313725 0.2860824742268041
3.0 0.21691176470588236 0.5077319587628866 0.19362745098039216 0.27319587628865977
3.0 0.0821078431372549 0.6237113402061856 0.09558823529411764 0.18041237113402062
3.0 0.03308823529411765 0.44458762886597936 0.02696078431372549 0.13144329896907217
3.0 0.08455882352941177 0.33118556701030927 0.07107843137254902 0.15206185567010308
3.0 0.13725490196078433 0.27190721649484534 0.10294117647058823 0.15721649484536082
3.0 0.4264705882352941 0.09407216494845361 0.1568627450980392 0.07989690721649484
3.0 0.6482843137254902 0.47680412371134023 0.2965686274509804 0.33505154639175255
3.0 0.33700980392156865 0.13402061855670103 0.1642156862745098 0.1134020618556701
3.0 0.2622549019607843 0.854381443298969 0.25980392156862747 0.2036082474226804
3.0 0.12377450980392157 0.7667525773195877 0.1642156862745098 0.21391752577319587
3.0 0.8186274509803921 0.11082474226804123 0.08333333333333333 0.07216494845360824
3.0 0.7708333333333334 0.09664948453608248 0.1053921568627451 0.07989690721649484
3.0 0.7340686274509803 0.08505154639175258 0.11519607843137254 0.07731958762886598
3.0 0.7046568627450981 0.07989690721649484 0.125 0.07731958762886598
3.0 0.6348039215686274 0.07216494845360824 0.14215686274509803 0.06701030927835051
3.0 0.8541666666666666 0.35051546391752575 0.12990196078431374 0.1958762886597938
3.0 0.9313725490196079 0.27835051546391754 0.06372549019607843 0.1134020618556701
3.0 0.9093137254901961 0.30541237113402064 0.07352941176470588 0.12628865979381443
4.0 0.5465686274509803 0.26804123711340205 0.25980392156862747 0.16494845360824742
0.0 0.9350490196078431 0.3595360824742268 0.022058823529411766 0.06443298969072164
0.0 0.3786764705882353 0.15206185567010308 0.04656862745098039 0.05154639175257732
1.0 0.2965686274509804 0.20747422680412372 0.06372549019607843 0.06443298969072164
1.0 0.08823529411764706 0.4252577319587629 0.024509803921568627 0.06701030927835051
9.0 0.05269607843137255 0.3556701030927835 0.022058823529411766 0.061855670103092786
2.0 0.014705882352941176 0.4252577319587629 0.014705882352941176 0.041237113402061855
2.0 0.08700980392156862 0.44329896907216493 0.02696078431372549 0.06701030927835051
2.0 0.2916666666666667 0.23067010309278352 0.09803921568627451 0.07989690721649484
3.0 0.04044117647058824 0.6804123711340206 0.0661764705882353 0.15463917525773196
9.0 0.030637254901960783 0.3865979381443299 0.012254901960784314 0.04639175257731959
