3.0 0.6899509803921569 0.8853092783505154 0.17892156862745098 0.16237113402061856
3.0 0.7781862745098039 0.595360824742268 0.125 0.31958762886597936
3.0 0.7598039215686274 0.29510309278350516 0.15196078431372548 0.22938144329896906
3.0 0.7083333333333334 0.12886597938144329 0.10294117647058823 0.09278350515463918
3.0 0.9117647058823529 0.25644329896907214 0.049019607843137254 0.08505154639175258
3.0 0.9865196078431373 0.4329896907216495 0.022058823529411766 0.08762886597938144
3.0 0.9203431372549019 0.23711340206185566 0.04656862745098039 0.07216494845360824
3.0 0.9387254901960784 0.24484536082474226 0.029411764705882353 0.05154639175257732
0.0 0.9583333333333334 0.28865979381443296 0.014705882352941176 0.03608247422680412
0.0 0.883578431372549 0.788659793814433 0.1053921568627451 0.16494845360824742
2.0 0.1323529411764706 0.7951030927835051 0.049019607843137254 0.07474226804123711
3.0 0.23284313725490197 0.8054123711340206 0.23039215686274508 0.17783505154639176
3.0 0.2622549019607843 0.7319587628865979 0.24509803921568626 0.18041237113402062
3.0 0.23161764705882354 0.615979381443299 0.22794117647058823 0.20103092783505155
3.0 0.28308823529411764 0.4793814432989691 0.24754901960784315 0.211340206185567
4.0 0.3137254901960784 0.3402061855670103 0.23039215686274508 0.19072164948453607
0.0 0.15931372549019607 0.3698453608247423 0.03431372549019608 0.08505154639175258
0.0 0.6666666666666666 0.7358247422680413 0.06862745098039216 0.10051546391752578
0.0 0.4840686274509804 0.5914948453608248 0.07107843137254902 0.16237113402061856
0.0 0.4117647058823529 0.6172680412371134 0.06862745098039216 0.12628865979381443
0.0 0.6924019607843137 0.3131443298969072 0.0661764705882353 0.10051546391752578
0.0 0.625 0.16494845360824742 0.0392156862745098 0.05670103092783505
0.0 0.5723039215686274 0.17268041237113402 0.041666666666666664 0.05154639175257732
3.0 0.9019607843137255 0.18556701030927836 0.0392156862745098 0.05670103092783505
2.0 0.16789215686274508 0.30927835051546393 0.056372549019607844 0.07731958762886598
9.0 0.2340686274509804 0.20103092783505155 0.061274509803921566 0.05670103092783505
9.0 0.25735294117647056 0.17525773195876287 0.05392156862745098 0.05154639175257732
9.0 0.3639705882352941 0.11082474226804123 0.07598039215686274 0.041237113402061855
9.0 0.29534313725490197 0.1095360824742268 0.041666666666666664 0.03350515463917526
2.0 0.34558823529411764 0.06443298969072164 0.024509803921568627 0.020618556701030927
0.0 0.5355392156862745 0.1713917525773196 0.04656862745098039 0.05412371134020619
3.0 0.40931372549019607 0.14948453608247422 0.22549019607843138 0.09278350515463918
3.0 0.4424019607843137 0.09278350515463918 0.15441176470588236 0.05154639175257732
3.0 0.45465686274509803 0.07603092783505154 0.15441176470588236 0.03865979381443299
3.0 0.4693627450980392 0.061855670103092786 0.13970588235294118 0.030927835051546393
3.0 0.48161764705882354 0.04896907216494845 0.11519607843137254 0.020618556701030927
0.0 0.5906862745098039 0.05412371134020619 0.029411764705882353 0.020618556701030927
0.0 0.5661764705882353 0.05025773195876289 0.024509803921568627 0.01804123711340206
3.0 0.49019607843137253 0.037371134020618556 0.11274509803921569 0.01804123711340206
3.0 0.4877450980392157 0.03221649484536082 0.11274509803921569 0.01288659793814433
3.0 0.4950980392156863 0.024484536082474227 0.08823529411764706 0.01288659793814433
3.0 0.5012254901960784 0.020618556701030927 0.10049019607843138 0.010309278350515464
3.0 0.5147058823529411 0.015463917525773196 0.08823529411764706 0.010309278350515464
4.0 0.5183823529411765 0.010309278350515464 0.0661764705882353 0.010309278350515464
3.0 0.5477941176470589 0.00902061855670103 0.051470588235294115 0.01288659793814433
0.0 0.5968137254901961 0.03350515463917526 0.022058823529411766 0.015463917525773196
0.0 0.5968137254901961 0.014175257731958763 0.012254901960784314 0.007731958762886598
0.0 0.5857843137254902 0.011597938144329897 0.014705882352941176 0.007731958762886598
