5.0 0.030637254901960783 0.31443298969072164 0.022058823529411766 0.041237113402061855
3.0 0.023284313725490197 0.33634020618556704 0.012254901960784314 0.023195876288659795
9.0 0.028186274509803922 0.3337628865979381 0.0024509803921568627 0.007731958762886598
4.0 0.03553921568627451 0.31958762886597936 0.012254901960784314 0.020618556701030927
3.0 0.04656862745098039 0.297680412371134 0.014705882352941176 0.028350515463917526
3.0 0.05024509803921569 0.30283505154639173 0.01715686274509804 0.028350515463917526
5.0 0.0784313725490196 0.26804123711340205 0.04411764705882353 0.061855670103092786
5.0 0.08088235294117647 0.25773195876288657 0.049019607843137254 0.061855670103092786
3.0 0.06495098039215687 0.27190721649484534 0.01715686274509804 0.023195876288659795
3.0 0.07598039215686274 0.2422680412371134 0.014705882352941176 0.020618556701030927
9.0 0.1409313725490196 0.1791237113402062 0.007352941176470588 0.007731958762886598
0.0 0.14215686274509803 0.17654639175257733 0.004901960784313725 0.007731958762886598
0.0 0.028186274509803922 0.33118556701030927 0.0024509803921568627 0.007731958762886598
0.0 0.18627450980392157 0.12242268041237113 0.004901960784313725 0.007731958762886598
0.0 0.18995098039215685 0.11984536082474227 0.007352941176470588 0.007731958762886598
0.0 0.19730392156862744 0.1134020618556701 0.007352941176470588 0.010309278350515464
0.0 0.22426470588235295 0.08634020618556701 0.007352941176470588 0.007731958762886598
0.0 0.03799019607843137 0.5786082474226805 0.007352941176470588 0.023195876288659795
7.0 0.37745098039215685 0.02190721649484536 0.014705882352941176 0.007731958762886598
4.0 0.36887254901960786 0.029639175257731958 0.012254901960784314 0.007731958762886598
9.0 0.36764705882352944 0.03221649484536082 0.004901960784313725 0.002577319587628866
0.0 0.36764705882352944 0.03221649484536082 0.004901960784313725 0.002577319587628866
3.0 0.37254901960784315 0.03479381443298969 0.014705882352941176 0.007731958762886598
5.0 0.36642156862745096 0.05025773195876289 0.02696078431372549 0.01804123711340206
5.0 0.3284313725490196 0.09407216494845361 0.04411764705882353 0.03350515463917526
3.0 0.35049019607843135 0.07603092783505154 0.0196078431372549 0.01288659793814433
3.0 0.3639705882352941 0.08762886597938144 0.02696078431372549 0.015463917525773196
3.0 0.3443627450980392 0.12886597938144329 0.031862745098039214 0.02577319587628866
0.0 0.42892156862745096 0.07345360824742268 0.00980392156862745 0.007731958762886598
7.0 0.23774509803921567 0.16623711340206185 0.049019607843137254 0.04381443298969072
3.0 0.25245098039215685 0.21005154639175258 0.0392156862745098 0.04381443298969072
3.0 0.33088235294117646 0.17525773195876287 0.0392156862745098 0.03608247422680412
5.0 0.27941176470588236 0.27319587628865977 0.07352941176470588 0.12371134020618557
3.0 0.33700980392156865 0.28994845360824745 0.04656862745098039 0.06443298969072164
0.0 0.40318627450980393 0.13144329896907217 0.012254901960784314 0.015463917525773196
4.0 0.3174019607843137 0.44329896907216493 0.04656862745098039 0.09278350515463918
8.0 0.27328431372549017 0.6005154639175257 0.09558823529411764 0.28865979381443296
3.0 0.375 0.8788659793814433 0.07352941176470588 0.061855670103092786
4.0 0.4362745098039216 0.9548969072164949 0.049019607843137254 0.03350515463917526
3.0 0.4583333333333333 0.990979381443299 0.058823529411764705 0.01288659793814433
3.0 0.8553921568627451 0.8041237113402062 0.058823529411764705 0.061855670103092786
4.0 0.8602941176470589 0.7783505154639175 0.058823529411764705 0.06701030927835051
3.0 0.9080882352941176 0.6365979381443299 0.03676470588235294 0.08247422680412371
3.0 0.9252450980392157 0.6121134020618557 0.031862745098039214 0.07474226804123711
3.0 0.9142156862745098 0.49097938144329895 0.024509803921568627 0.04381443298969072
3.0 0.8480392156862745 0.46649484536082475 0.049019607843137254 0.05154639175257732
0.0 0.8357843137254902 0.4948453608247423 0.004901960784313725 0.030927835051546393
0.0 0.8823529411764706 0.3853092783505155 0.00980392156862745 0.028350515463917526
0.0 0.7683823529411765 0.43427835051546393 0.012254901960784314 0.03865979381443299
5.0 0.8308823529411765 0.3543814432989691 0.07352941176470588 0.08505154639175258
4.0 0.7830882352941176 0.2615979381443299 0.056372549019607844 0.05412371134020619
3.0 0.7720588235294118 0.23969072164948454 0.058823529411764705 0.04639175257731959
3.0 0.7610294117647058 0.22036082474226804 0.061274509803921566 0.04381443298969072
9.0 0.8247549019607843 0.2551546391752577 0.022058823529411766 0.02577319587628866
9.0 0.8026960784313726 0.2268041237113402 0.022058823529411766 0.020618556701030927
5.0 0.5674019607843137 0.21778350515463918 0.09558823529411764 0.04381443298969072
3.0 0.5674019607843137 0.19716494845360824 0.0857843137254902 0.028350515463917526
3.0 0.5612745098039216 0.18041237113402062 0.08333333333333333 0.030927835051546393
5.0 0.5232843137254902 0.15721649484536082 0.09068627450980392 0.02577319587628866
5.0 0.5330882352941176 0.14304123711340205 0.07598039215686274 0.023195876288659795
4.0 0.5220588235294118 0.12886597938144329 0.058823529411764705 0.020618556701030927
7.0 0.7254901960784313 0.163659793814433 0.0392156862745098 0.03350515463917526
