4.0 0.39436619718309857 0.9641025641025641 0.11737089201877934 0.041025641025641026
4.0 0.39906103286384975 0.532051282051282 0.15023474178403756 0.11538461538461539
3.0 0.431924882629108 0.9371794871794872 0.15023474178403756 0.04871794871794872
3.0 0.7769953051643192 0.2012820512820513 0.06572769953051644 0.05384615384615385
3.0 0.9624413145539906 0.5153846153846153 0.009389671361502348 0.046153846153846156
3.0 0.9413145539906104 0.3435897435897436 0.018779342723004695 0.03076923076923077
3.0 0.965962441314554 0.37435897435897436 0.011737089201877934 0.03076923076923077
3.0 0.9859154929577465 0.40384615384615385 0.009389671361502348 0.028205128205128206
3.0 0.8204225352112676 0.1717948717948718 0.02112676056338028 0.02564102564102564
3.0 0.8004694835680751 0.15384615384615385 0.023474178403755867 0.02564102564102564
3.0 0.7863849765258216 0.13333333333333333 0.018779342723004695 0.020512820512820513
3.0 0.8051643192488263 0.14743589743589744 0.023474178403755867 0.023076923076923078
4.0 0.7875586854460094 0.12179487179487179 0.02112676056338028 0.017948717948717947
3.0 0.7546948356807511 0.09102564102564102 0.01643192488262911 0.01282051282051282
3.0 0.7417840375586855 0.07564102564102564 0.014084507042253521 0.007692307692307693
3.0 0.7511737089201878 0.07564102564102564 0.009389671361502348 0.007692307692307693
3.0 0.7359154929577465 0.06282051282051282 0.007042253521126761 0.007692307692307693
3.0 0.7206572769953051 0.05384615384615385 0.009389671361502348 0.005128205128205128
3.0 0.7124413145539906 0.047435897435897434 0.007042253521126761 0.002564102564102564
3.0 0.7288732394366197 0.05512820512820513 0.011737089201877934 0.007692307692307693
3.0 0.7312206572769953 0.05641025641025641 0.007042253521126761 0.005128205128205128
3.0 0.4448356807511737 0.03461538461538462 0.03051643192488263 0.007692307692307693
3.0 0.43779342723004694 0.038461538461538464 0.03990610328638498 0.010256410256410256
9.0 0.7171361502347418 0.7064102564102565 0.03051643192488263 0.05897435897435897
9.0 0.44835680751173707 0.9205128205128205 0.04225352112676056 0.02564102564102564
9.0 0.4800469483568075 0.9282051282051282 0.03051643192488263 0.020512820512820513
1.0 0.9096244131455399 0.27564102564102566 0.007042253521126761 0.01282051282051282
1.0 0.9436619718309859 0.3217948717948718 0.004694835680751174 0.01282051282051282
1.0 0.9530516431924883 0.3346153846153846 0.004694835680751174 0.01282051282051282
1.0 0.9823943661971831 0.37051282051282053 0.002347417840375587 0.007692307692307693
1.0 0.9929577464788732 0.4717948717948718 0.0 0.010256410256410256
1.0 0.9870892018779343 0.5038461538461538 0.002347417840375587 0.01282051282051282
9.0 0.9096244131455399 0.27692307692307694 0.007042253521126761 0.010256410256410256
9.0 0.9448356807511737 0.3243589743589744 0.007042253521126761 0.01282051282051282
9.0 0.9530516431924883 0.3384615384615385 0.004694835680751174 0.010256410256410256
9.0 0.9823943661971831 0.3730769230769231 0.002347417840375587 0.007692307692307693
9.0 0.9929577464788732 0.47692307692307695 0.0 0.005128205128205128
9.0 0.9870892018779343 0.5089743589743589 0.002347417840375587 0.01282051282051282
9.0 0.19953051643192488 0.47435897435897434 0.028169014084507043 0.041025641025641026
9.0 0.2511737089201878 0.8923076923076924 0.04225352112676056 0.03076923076923077
3.0 0.3286384976525822 0.7807692307692308 0.1596244131455399 0.09487179487179487
1.0 0.6960093896713615 0.0641025641025641 0.007042253521126761 0.005128205128205128
9.0 0.6983568075117371 0.06666666666666667 0.007042253521126761 0.005128205128205128
