0.0 0.46078431372549017 0.027061855670103094 0.014705882352941176 0.007731958762886598
1.0 0.4950980392156863 0.06572164948453608 0.00980392156862745 0.007731958762886598
0.0 0.5955882352941176 0.0979381443298969 0.014705882352941176 0.015463917525773196
0.0 0.5122549019607843 0.12886597938144329 0.024509803921568627 0.015463917525773196
0.0 0.4730392156862745 0.1095360824742268 0.00980392156862745 0.01288659793814433
1.0 0.4693627450980392 0.06443298969072164 0.01715686274509804 0.010309278350515464
1.0 0.49019607843137253 0.08762886597938144 0.00980392156862745 0.005154639175257732
1.0 0.47794117647058826 0.08634020618556701 0.0196078431372549 0.01288659793814433
0.0 0.3713235294117647 0.2551546391752577 0.02696078431372549 0.03608247422680412
1.0 0.25245098039215685 0.452319587628866 0.024509803921568627 0.028350515463917526
0.0 0.23161764705882354 0.4420103092783505 0.022058823529411766 0.04381443298969072
0.0 0.7990196078431373 0.6108247422680413 0.0196078431372549 0.030927835051546393
0.0 0.9816176470588235 0.5670103092783505 0.0024509803921568627 0.015463917525773196
0.0 0.9865196078431373 0.5747422680412371 0.0024509803921568627 0.015463917525773196
0.0 0.9852941176470589 0.5657216494845361 0.004901960784313725 0.01288659793814433
1.0 0.42892156862745096 0.895618556701031 0.0196078431372549 0.01288659793814433
1.0 0.3639705882352941 0.8595360824742269 0.01715686274509804 0.01804123711340206
0.0 0.3137254901960784 0.7770618556701031 0.024509803921568627 0.023195876288659795
3.0 0.6311274509803921 0.9729381443298969 0.061274509803921566 0.03350515463917526
9.0 0.43995098039215685 0.9935567010309279 0.03676470588235294 0.007731958762886598
9.0 0.4375 0.9871134020618557 0.03676470588235294 0.005154639175257732
9.0 0.4362745098039216 0.9806701030927835 0.04411764705882353 0.007731958762886598
9.0 0.41299019607843135 0.9420103092783505 0.051470588235294115 0.01288659793814433
2.0 0.4117647058823529 0.9342783505154639 0.0392156862745098 0.01288659793814433
9.0 0.39215686274509803 0.9188144329896907 0.06372549019607843 0.01804123711340206
9.0 0.43014705882352944 0.8943298969072165 0.02696078431372549 0.030927835051546393
9.0 0.36519607843137253 0.8608247422680413 0.058823529411764705 0.02577319587628866
9.0 0.8149509803921569 0.7783505154639175 0.031862745098039214 0.04639175257731959
9.0 0.9534313725490197 0.5360824742268041 0.004901960784313725 0.041237113402061855
9.0 0.9583333333333334 0.5347938144329897 0.004901960784313725 0.03865979381443299
9.0 0.9607843137254902 0.5335051546391752 0.004901960784313725 0.041237113402061855
9.0 0.9644607843137255 0.5270618556701031 0.007352941176470588 0.03350515463917526
9.0 0.7757352941176471 0.4832474226804124 0.01715686274509804 0.059278350515463915
9.0 0.7549019607843137 0.4793814432989691 0.024509803921568627 0.07216494845360824
9.0 0.28799019607843135 0.39948453608247425 0.051470588235294115 0.03608247422680412
9.0 0.28799019607843135 0.34149484536082475 0.061274509803921566 0.04896907216494845
9.0 0.3125 0.24484536082474226 0.051470588235294115 0.030927835051546393
9.0 0.3137254901960784 0.2268041237113402 0.049019607843137254 0.02577319587628866
9.0 0.3088235294117647 0.22164948453608246 0.058823529411764705 0.030927835051546393
9.0 0.31985294117647056 0.19845360824742267 0.056372549019607844 0.030927835051546393
9.0 0.31862745098039214 0.18427835051546393 0.05392156862745098 0.028350515463917526
9.0 0.31985294117647056 0.17010309278350516 0.051470588235294115 0.02577319587628866
9.0 0.3321078431372549 0.14432989690721648 0.051470588235294115 0.02577319587628866
9.0 0.3333333333333333 0.1327319587628866 0.04411764705882353 0.023195876288659795
9.0 0.33578431372549017 0.12371134020618557 0.049019607843137254 0.020618556701030927
9.0 0.33578431372549017 0.1172680412371134 0.0392156862745098 0.01804123711340206
9.0 0.34191176470588236 0.11082474226804123 0.04656862745098039 0.020618556701030927
9.0 0.3443627450980392 0.10051546391752578 0.041666666666666664 0.020618556701030927
9.0 0.3443627450980392 0.09278350515463918 0.041666666666666664 0.015463917525773196
9.0 0.3480392156862745 0.08505154639175258 0.03431372549019608 0.015463917525773196
9.0 0.35294117647058826 0.07860824742268041 0.03431372549019608 0.01288659793814433
9.0 0.3553921568627451 0.07345360824742268 0.03431372549019608 0.01288659793814433
9.0 0.35661764705882354 0.06958762886597938 0.031862745098039214 0.015463917525773196
9.0 0.35661764705882354 0.06572164948453608 0.031862745098039214 0.01288659793814433
9.0 0.3602941176470588 0.059278350515463915 0.0392156862745098 0.015463917525773196
9.0 0.3602941176470588 0.05025773195876289 0.0392156862745098 0.01804123711340206
9.0 0.48284313725490197 0.08762886597938144 0.029411764705882353 0.015463917525773196
9.0 0.49264705882352944 0.06701030927835051 0.014705882352941176 0.015463917525773196
9.0 0.46691176470588236 0.06701030927835051 0.022058823529411766 0.015463917525773196
9.0 0.4877450980392157 0.05025773195876289 0.0196078431372549 0.01288659793814433
9.0 0.5343137254901961 0.06443298969072164 0.04411764705882353 0.010309278350515464
9.0 0.5294117647058824 0.05798969072164949 0.04411764705882353 0.007731958762886598
9.0 0.5294117647058824 0.05283505154639175 0.0392156862745098 0.007731958762886598
9.0 0.5245098039215687 0.04768041237113402 0.03431372549019608 0.007731958762886598
9.0 0.5183823529411765 0.04381443298969072 0.031862745098039214 0.005154639175257732
9.0 0.5208333333333334 0.037371134020618556 0.02696078431372549 0.007731958762886598
3.0 0.35171568627450983 0.024484536082474227 0.056372549019607844 0.023195876288659795
3.0 0.5 0.006443298969072165 0.03431372549019608 0.01288659793814433
3.0 0.5122549019607843 0.023195876288659795 0.03431372549019608 0.015463917525773196
3.0 0.5477941176470589 0.09407216494845361 0.0661764705882353 0.04896907216494845
3.0 0.5796568627450981 0.16881443298969073 0.08088235294117647 0.09020618556701031
3.0 0.6348039215686274 0.31443298969072164 0.10294117647058823 0.15979381443298968
0.0 0.7181372549019608 0.34664948453608246 0.0196078431372549 0.028350515463917526
3.0 0.8504901960784313 0.5850515463917526 0.08823529411764706 0.0979381443298969
3.0 0.8713235294117647 0.729381443298969 0.07107843137254902 0.08247422680412371
3.0 0.9227941176470589 0.6907216494845361 0.041666666666666664 0.061855670103092786
9.0 0.9938725490196079 0.5167525773195877 0.0024509803921568627 0.01804123711340206
9.0 0.9840686274509803 0.5193298969072165 0.0024509803921568627 0.028350515463917526
9.0 0.9901960784313726 0.5219072164948454 0.004901960784313725 0.028350515463917526
7.0 0.9926470588235294 0.5463917525773195 0.00980392156862745 0.02577319587628866
