1.0 0.3177570093457944 0.9089805825242718 0.04205607476635514 0.03155339805825243
2.0 0.3212616822429907 0.9150485436893204 0.0397196261682243 0.03398058252427184
0.0 0.3574766355140187 0.9611650485436893 0.04672897196261682 0.024271844660194174
0.0 0.5584112149532711 0.962378640776699 0.028037383177570093 0.01699029126213592
0.0 0.6226635514018691 0.9563106796116505 0.030373831775700934 0.019417475728155338
0.0 0.41939252336448596 0.9902912621359223 0.02102803738317757 0.009708737864077669
0.0 0.39602803738317754 0.9830097087378641 0.030373831775700934 0.014563106796116505
4.0 0.6133177570093458 0.9781553398058253 0.0911214953271028 0.03398058252427184
5.0 0.7313084112149533 0.8992718446601942 0.26635514018691586 0.17718446601941748
3.0 0.7383177570093458 0.8859223300970874 0.14953271028037382 0.09223300970873786
3.0 0.8691588785046729 0.7936893203883495 0.10747663551401869 0.12135922330097088
6.0 0.8516355140186916 0.7997572815533981 0.05841121495327103 0.06553398058252427
1.0 0.860981308411215 0.7888349514563107 0.035046728971962614 0.04854368932038835
3.0 0.8294392523364486 0.7961165048543689 0.1261682242990654 0.12135922330097088
3.0 0.883177570093458 0.7269417475728155 0.08411214953271028 0.10922330097087378
3.0 0.6810747663551402 0.8507281553398058 0.20327102803738317 0.10922330097087378
4.0 0.7978971962616822 0.7487864077669902 0.14719626168224298 0.13349514563106796
4.0 0.7955607476635514 0.6298543689320388 0.12850467289719625 0.14320388349514562
2.0 0.8855140186915887 0.5279126213592233 0.014018691588785047 0.04611650485436893
6.0 0.8317757009345794 0.5060679611650486 0.028037383177570093 0.055825242718446605
2.0 0.8154205607476636 0.433252427184466 0.03271028037383177 0.0412621359223301
6.0 0.830607476635514 0.44538834951456313 0.030373831775700934 0.050970873786407765
9.0 0.7663551401869159 0.3774271844660194 0.037383177570093455 0.03640776699029126
9.0 0.764018691588785 0.4405339805825243 0.04205607476635514 0.050970873786407765
3.0 0.7021028037383178 0.4065533980582524 0.1425233644859813 0.08009708737864078
3.0 0.7021028037383178 0.3786407766990291 0.07242990654205607 0.05825242718446602
9.0 0.6565420560747663 0.3118932038834951 0.04672897196261682 0.03640776699029126
2.0 0.6892523364485982 0.3070388349514563 0.018691588785046728 0.03640776699029126
2.0 0.6682242990654206 0.28640776699029125 0.028037383177570093 0.02912621359223301
3.0 0.741822429906542 0.2621359223300971 0.07710280373831775 0.05339805825242718
4.0 0.5911214953271028 0.27184466019417475 0.11682242990654206 0.07281553398058252
0.0 0.5829439252336449 0.34951456310679613 0.02570093457943925 0.06796116504854369
3.0 0.5665887850467289 0.4320388349514563 0.10981308411214953 0.10679611650485436
3.0 0.4614485981308411 0.5254854368932039 0.1378504672897196 0.11893203883495146
6.0 0.4158878504672897 0.3337378640776699 0.056074766355140186 0.055825242718446605
3.0 0.49065420560747663 0.23786407766990292 0.14018691588785046 0.038834951456310676
1.0 0.5560747663551402 0.19053398058252427 0.014018691588785047 0.01699029126213592
1.0 0.5689252336448598 0.1929611650485437 0.016355140186915886 0.01699029126213592
1.0 0.5864485981308412 0.2087378640776699 0.014018691588785047 0.019417475728155338
2.0 0.6016355140186916 0.2087378640776699 0.011682242990654205 0.019417475728155338
9.0 0.4953271028037383 0.1820388349514563 0.009345794392523364 0.014563106796116505
4.0 0.37383177570093457 0.25728155339805825 0.04672897196261682 0.05339805825242718
0.0 0.3901869158878505 0.24514563106796117 0.018691588785046728 0.03398058252427184
3.0 0.411214953271028 0.1941747572815534 0.0514018691588785 0.02912621359223301
4.0 0.35864485981308414 0.1953883495145631 0.0397196261682243 0.03155339805825243
3.0 0.41238317757009346 0.13713592233009708 0.04439252336448598 0.01699029126213592
0.0 0.23481308411214954 0.19174757281553398 0.011682242990654205 0.014563106796116505
0.0 0.2266355140186916 0.19902912621359223 0.009345794392523364 0.014563106796116505
0.0 0.20677570093457945 0.21237864077669902 0.011682242990654205 0.01699029126213592
0.0 0.23598130841121495 0.18689320388349515 0.009345794392523364 0.014563106796116505
0.0 0.24649532710280375 0.1808252427184466 0.007009345794392523 0.012135922330097087
3.0 0.25817757009345793 0.1796116504854369 0.04439252336448598 0.02912621359223301
0.0 0.2441588785046729 0.19902912621359223 0.011682242990654205 0.019417475728155338
4.0 0.1927570093457944 0.2366504854368932 0.02102803738317757 0.03155339805825243
0.0 0.19976635514018692 0.23179611650485438 0.011682242990654205 0.01699029126213592
0.0 0.18341121495327103 0.2621359223300971 0.011682242990654205 0.024271844660194174
9.0 0.18808411214953272 0.27184466019417475 0.011682242990654205 0.014563106796116505
1.0 0.19042056074766356 0.2657766990291262 0.016355140186915886 0.02669902912621359
9.0 0.19158878504672897 0.2912621359223301 0.014018691588785047 0.024271844660194174
1.0 0.19158878504672897 0.28762135922330095 0.018691588785046728 0.03155339805825243
0.0 0.18691588785046728 0.2512135922330097 0.014018691588785047 0.021844660194174758
0.0 0.17406542056074767 0.28398058252427183 0.016355140186915886 0.02912621359223301
0.0 0.1588785046728972 0.2936893203883495 0.014018691588785047 0.02912621359223301
0.0 0.20794392523364486 0.2682038834951456 0.018691588785046728 0.03155339805825243
0.0 0.21144859813084113 0.2779126213592233 0.016355140186915886 0.02669902912621359
0.0 0.21845794392523366 0.27184466019417475 0.016355140186915886 0.02912621359223301
0.0 0.2161214953271028 0.2609223300970874 0.016355140186915886 0.03155339805825243
0.0 0.22429906542056074 0.25849514563106796 0.014018691588785047 0.02669902912621359
0.0 0.24532710280373832 0.22694174757281554 0.014018691588785047 0.021844660194174758
0.0 0.24766355140186916 0.22936893203883496 0.009345794392523364 0.012135922330097087
0.0 0.2324766355140187 0.24635922330097088 0.011682242990654205 0.021844660194174758
0.0 0.1530373831775701 0.33859223300970875 0.011682242990654205 0.02669902912621359
6.0 0.1483644859813084 0.3640776699029126 0.016355140186915886 0.03398058252427184
0.0 0.1413551401869159 0.36529126213592233 0.011682242990654205 0.03155339805825243
0.0 0.13200934579439252 0.4077669902912621 0.011682242990654205 0.043689320388349516
0.0 0.13200934579439252 0.404126213592233 0.011682242990654205 0.03155339805825243
0.0 0.13434579439252337 0.3774271844660194 0.011682242990654205 0.03640776699029126
0.0 0.125 0.38228155339805825 0.011682242990654205 0.0412621359223301
0.0 0.11682242990654206 0.41019417475728154 0.009345794392523364 0.03398058252427184
6.0 0.11214953271028037 0.4368932038834951 0.014018691588785047 0.043689320388349516
1.0 0.17873831775700935 0.36650485436893204 0.02102803738317757 0.04854368932038835
2.0 0.17757009345794392 0.375 0.014018691588785047 0.03640776699029126
0.0 0.20327102803738317 0.3325242718446602 0.018691588785046728 0.038834951456310676
9.0 0.19509345794392524 0.3774271844660194 0.016355140186915886 0.03640776699029126
0.0 0.11799065420560748 0.8313106796116505 0.030373831775700934 0.0412621359223301
3.0 0.1542056074766355 0.816747572815534 0.08878504672897196 0.10922330097087378
3.0 0.13317757009345793 0.75 0.06542056074766354 0.10194174757281553
0.0 0.1927570093457944 0.7961165048543689 0.0397196261682243 0.05339805825242718
0.0 0.27686915887850466 0.8106796116504854 0.04439252336448598 0.05339805825242718
0.0 0.22780373831775702 0.7694174757281553 0.0397196261682243 0.05825242718446602
0.0 0.14485981308411214 0.7366504854368932 0.03271028037383177 0.055825242718446605
2.0 0.15070093457943926 0.7451456310679612 0.02570093457943925 0.04854368932038835
3.0 0.3878504672897196 0.8507281553398058 0.17757009345794392 0.08980582524271845
1.0 0.3107476635514019 0.7439320388349514 0.04205607476635514 0.050970873786407765
1.0 0.3399532710280374 0.7451456310679612 0.0397196261682243 0.043689320388349516
1.0 0.35864485981308414 0.7669902912621359 0.06775700934579439 0.04854368932038835
3.0 0.10981308411214953 0.6601941747572816 0.04672897196261682 0.0970873786407767
3.0 0.10163551401869159 0.5570388349514563 0.030373831775700934 0.08009708737864078
9.0 0.18925233644859812 0.6432038834951457 0.028037383177570093 0.05339805825242718
0.0 0.20327102803738317 0.5970873786407767 0.018691588785046728 0.06310679611650485
1.0 0.22313084112149534 0.6213592233009708 0.02102803738317757 0.038834951456310676
0.0 0.2266355140186916 0.5861650485436893 0.018691588785046728 0.050970873786407765
0.0 0.17172897196261683 0.5546116504854369 0.016355140186915886 0.06553398058252427
0.0 0.19158878504672897 0.45995145631067963 0.014018691588785047 0.055825242718446605
1.0 0.1658878504672897 0.4817961165048544 0.014018691588785047 0.050970873786407765
9.0 0.1647196261682243 0.4878640776699029 0.011682242990654205 0.043689320388349516
0.0 0.14719626168224298 0.4842233009708738 0.009345794392523364 0.050970873786407765
0.0 0.1425233644859813 0.47572815533980584 0.009345794392523364 0.05339805825242718
1.0 0.10397196261682243 0.4854368932038835 0.007009345794392523 0.02912621359223301
9.0 0.15537383177570094 0.45995145631067963 0.011682242990654205 0.0412621359223301
1.0 0.1542056074766355 0.44902912621359226 0.009345794392523364 0.038834951456310676
1.0 0.16355140186915887 0.41504854368932037 0.009345794392523364 0.024271844660194174
1.0 0.16238317757009346 0.4053398058252427 0.011682242990654205 0.02912621359223301
9.0 0.16238317757009346 0.4186893203883495 0.011682242990654205 0.03155339805825243
0.0 0.17523364485981308 0.44902912621359226 0.014018691588785047 0.05339805825242718
0.0 0.18341121495327103 0.4186893203883495 0.011682242990654205 0.03640776699029126
0.0 0.1927570093457944 0.41140776699029125 0.011682242990654205 0.04611650485436893
4.0 0.11799065420560748 0.2766990291262136 0.02570093457943925 0.03398058252427184
3.0 0.1542056074766355 0.24271844660194175 0.028037383177570093 0.02912621359223301
3.0 0.969626168224299 0.4817961165048544 0.009345794392523364 0.03640776699029126
6.0 0.9731308411214953 0.42718446601941745 0.007009345794392523 0.019417475728155338
6.0 0.9684579439252337 0.42597087378640774 0.007009345794392523 0.01699029126213592
4.0 0.9883177570093458 0.49393203883495146 0.009345794392523364 0.03640776699029126
3.0 0.9707943925233645 0.3616504854368932 0.007009345794392523 0.019417475728155338
3.0 0.9579439252336449 0.35072815533980584 0.009345794392523364 0.021844660194174758
3.0 0.9579439252336449 0.345873786407767 0.009345794392523364 0.021844660194174758
