3.0 0.01995305164319249 0.40512820512820513 0.011737089201877934 0.02564102564102564
3.0 0.022300469483568074 0.39615384615384613 0.007042253521126761 0.017948717948717947
3.0 0.33568075117370894 0.8756410256410256 0.13615023474178403 0.07948717948717948
3.0 0.7769953051643192 0.8179487179487179 0.09389671361502347 0.09230769230769231
3.0 0.897887323943662 0.7025641025641025 0.04460093896713615 0.07179487179487179
3.0 0.9389671361502347 0.6461538461538462 0.028169014084507043 0.05641025641025641
3.0 0.9741784037558685 0.5769230769230769 0.014084507042253521 0.035897435897435895
3.0 0.2511737089201878 0.4269230769230769 0.051643192488262914 0.10512820512820513
3.0 0.20539906103286384 0.4064102564102564 0.04929577464788732 0.08974358974358974
3.0 0.19248826291079812 0.3576923076923077 0.03755868544600939 0.07435897435897436
4.0 0.2347417840375587 0.3294871794871795 0.056338028169014086 0.08974358974358974
5.0 0.2335680751173709 0.2641025641025641 0.0539906103286385 0.07692307692307693
3.0 0.19483568075117372 0.27564102564102566 0.03286384976525822 0.05384615384615385
3.0 0.25938967136150237 0.17051282051282052 0.035211267605633804 0.03333333333333333
3.0 0.20187793427230047 0.16153846153846155 0.023474178403755867 0.02564102564102564
3.0 0.22652582159624413 0.14487179487179488 0.02112676056338028 0.023076923076923078
3.0 0.2335680751173709 0.12179487179487179 0.02112676056338028 0.017948717948717947
3.0 0.24295774647887325 0.1076923076923077 0.01643192488262911 0.015384615384615385
3.0 0.24061032863849766 0.09358974358974359 0.01643192488262911 0.01282051282051282
3.0 0.21009389671361503 0.11538461538461539 0.01643192488262911 0.015384615384615385
3.0 0.22535211267605634 0.10256410256410256 0.014084507042253521 0.015384615384615385
3.0 0.23943661971830985 0.08974358974358974 0.009389671361502348 0.010256410256410256
3.0 0.2300469483568075 0.0858974358974359 0.009389671361502348 0.007692307692307693
3.0 0.22652582159624413 0.09230769230769231 0.011737089201877934 0.010256410256410256
3.0 0.22065727699530516 0.09102564102564102 0.009389671361502348 0.007692307692307693
3.0 0.19483568075117372 0.23333333333333334 0.028169014084507043 0.041025641025641026
1.0 0.6901408450704225 0.8115384615384615 0.023474178403755867 0.023076923076923078
1.0 0.812206572769953 0.6679487179487179 0.014084507042253521 0.028205128205128206
1.0 0.8779342723004695 0.6435897435897436 0.009389671361502348 0.02564102564102564
1.0 0.09154929577464789 0.5371794871794872 0.004694835680751174 0.023076923076923078
1.0 0.11150234741784038 0.3192307692307692 0.007042253521126761 0.017948717948717947
1.0 0.18309859154929578 0.12564102564102564 0.004694835680751174 0.005128205128205128
9.0 0.10915492957746478 0.3282051282051282 0.007042253521126761 0.020512820512820513
9.0 0.1807511737089202 0.13076923076923078 0.004694835680751174 0.005128205128205128
9.0 0.09272300469483569 0.5525641025641026 0.007042253521126761 0.01282051282051282
9.0 0.8039906103286385 0.6858974358974359 0.02112676056338028 0.023076923076923078
9.0 0.6901408450704225 0.8192307692307692 0.04225352112676056 0.038461538461538464
9.0 0.8732394366197183 0.6602564102564102 0.014084507042253521 0.023076923076923078
