3.0 0.7453271028037384 0.9114077669902912 0.16822429906542055 0.10922330097087378
3.0 0.8317757009345794 0.845873786407767 0.1308411214953271 0.12378640776699029
3.0 0.7663551401869159 0.8616504854368932 0.17757009345794392 0.13592233009708737
3.0 0.8563084112149533 0.7633495145631068 0.11448598130841121 0.12378640776699029
3.0 0.8422897196261683 0.7427184466019418 0.11448598130841121 0.13106796116504854
5.0 0.7558411214953271 0.7694174757281553 0.15654205607476634 0.1796116504854369
3.0 0.8703271028037384 0.683252427184466 0.10514018691588785 0.12378640776699029
3.0 0.8738317757009346 0.6359223300970874 0.0794392523364486 0.0970873786407767
3.0 0.8703271028037384 0.5922330097087378 0.08644859813084112 0.11165048543689321
3.0 0.8212616822429907 0.5631067961165048 0.10514018691588785 0.1262135922330097
5.0 0.830607476635514 0.47572815533980584 0.1378504672897196 0.15048543689320387
4.0 0.7079439252336449 0.5145631067961165 0.08878504672897196 0.16019417475728157
3.0 0.7710280373831776 0.41504854368932037 0.07476635514018691 0.13592233009708737
3.0 0.7336448598130841 0.27305825242718446 0.0794392523364486 0.08495145631067962
3.0 0.8387850467289719 0.4223300970873786 0.04672897196261682 0.08737864077669903
3.0 0.8376168224299065 0.3191747572815534 0.0630841121495327 0.07524271844660194
3.0 0.7897196261682243 0.2621359223300971 0.09813084112149532 0.0825242718446602
3.0 0.7476635514018691 0.23179611650485438 0.11214953271028037 0.08009708737864078
4.0 0.7383177570093458 0.20752427184466019 0.11214953271028037 0.08009708737864078
4.0 0.7663551401869159 0.1941747572815534 0.07476635514018691 0.06310679611650485
1.0 0.7172897196261683 0.16140776699029127 0.02336448598130841 0.021844660194174758
3.0 0.6985981308411215 0.154126213592233 0.09345794392523364 0.050970873786407765
3.0 0.7184579439252337 0.1529126213592233 0.08644859813084112 0.04854368932038835
3.0 0.7161214953271028 0.14563106796116504 0.07710280373831775 0.043689320388349516
5.0 0.7207943925233645 0.1407766990291262 0.10046728971962617 0.05825242718446602
3.0 0.6892523364485982 0.13106796116504854 0.07009345794392523 0.03398058252427184
4.0 0.7079439252336449 0.125 0.0514018691588785 0.02669902912621359
5.0 0.6845794392523364 0.1104368932038835 0.09813084112149532 0.04611650485436893
5.0 0.6670560747663551 0.09587378640776699 0.07242990654205607 0.03155339805825243
3.0 0.655373831775701 0.08737864077669903 0.05841121495327103 0.024271844660194174
3.0 0.639018691588785 0.08009708737864078 0.04906542056074766 0.019417475728155338
3.0 0.6565420560747663 0.08131067961165049 0.0514018691588785 0.021844660194174758
4.0 0.5373831775700935 0.043689320388349516 0.028037383177570093 0.0048543689320388345
3.0 0.5420560747663551 0.0412621359223301 0.02336448598130841 0.0048543689320388345
2.0 0.5747663551401869 0.04247572815533981 0.014018691588785047 0.0024271844660194173
1.0 0.5735981308411215 0.04004854368932039 0.007009345794392523 0.0024271844660194173
0.0 0.544392523364486 0.03762135922330097 0.004672897196261682 0.0024271844660194173
3.0 0.6507009345794392 0.061893203883495146 0.030373831775700934 0.012135922330097087
0.0 0.6495327102803738 0.06310679611650485 0.009345794392523364 0.0048543689320388345
4.0 0.2827102803738318 0.11893203883495146 0.03271028037383177 0.024271844660194174
3.0 0.25934579439252337 0.14199029126213591 0.056074766355140186 0.03640776699029126
3.0 0.22546728971962618 0.16140776699029127 0.05841121495327103 0.0412621359223301
3.0 0.21261682242990654 0.17111650485436894 0.056074766355140186 0.0412621359223301
3.0 0.2044392523364486 0.1808252427184466 0.0630841121495327 0.04611650485436893
3.0 0.1927570093457944 0.1941747572815534 0.0630841121495327 0.04854368932038835
3.0 0.18341121495327103 0.20631067961165048 0.0630841121495327 0.05825242718446602
3.0 0.18808411214953272 0.22694174757281554 0.053738317757009345 0.06553398058252427
4.0 0.14953271028037382 0.24514563106796117 0.056074766355140186 0.06310679611650485
3.0 0.0455607476635514 0.27427184466019416 0.007009345794392523 0.014563106796116505
0.0 0.053738317757009345 0.6262135922330098 0.014018691588785047 0.043689320388349516
3.0 0.036214953271028034 0.5716019417475728 0.02102803738317757 0.06553398058252427
4.0 0.026869158878504672 0.5983009708737864 0.030373831775700934 0.08009708737864078
3.0 0.011682242990654205 0.5910194174757282 0.014018691588785047 0.04611650485436893
0.0 0.1133177570093458 0.8300970873786407 0.02570093457943925 0.03398058252427184
4.0 0.1483644859813084 0.712378640776699 0.11448598130841121 0.14320388349514562
4.0 0.35046728971962615 0.6310679611650486 0.22897196261682243 0.22330097087378642
3.0 0.32710280373831774 0.5728155339805825 0.205607476635514 0.16990291262135923
4.0 0.3014018691588785 0.41140776699029125 0.09345794392523364 0.15776699029126215
3.0 0.4077102803738318 0.41504854368932037 0.10981308411214953 0.13106796116504854
0.0 0.477803738317757 0.32160194174757284 0.02102803738317757 0.07524271844660194
4.0 0.49649532710280375 0.24271844660194175 0.08644859813084112 0.08737864077669903
3.0 0.37149532710280375 0.25728155339805825 0.09813084112149532 0.0970873786407767
9.0 0.2605140186915888 0.32402912621359226 0.053738317757009345 0.055825242718446605
2.0 0.4567757009345794 0.12985436893203883 0.0397196261682243 0.01699029126213592
3.0 0.4439252336448598 0.11893203883495146 0.102803738317757 0.02912621359223301
5.0 0.44742990654205606 0.10679611650485436 0.10981308411214953 0.02912621359223301
4.0 0.4544392523364486 0.0983009708737864 0.08177570093457943 0.021844660194174758
3.0 0.4719626168224299 0.09223300970873786 0.07009345794392523 0.014563106796116505
0.0 0.5093457943925234 0.09101941747572816 0.014018691588785047 0.012135922330097087
0.0 0.522196261682243 0.09101941747572816 0.011682242990654205 0.012135922330097087
3.0 0.4742990654205608 0.08131067961165049 0.07009345794392523 0.012135922330097087
4.0 0.47313084112149534 0.07524271844660194 0.06775700934579439 0.014563106796116505
1.0 0.45210280373831774 0.07281553398058252 0.007009345794392523 0.0048543689320388345
3.0 0.4696261682242991 0.07281553398058252 0.02336448598130841 0.009708737864077669
0.0 0.4614485981308411 0.055825242718446605 0.007009345794392523 0.0048543689320388345
5.0 0.4649532710280374 0.05339805825242718 0.07009345794392523 0.014563106796116505
3.0 0.4929906542056075 0.04854368932038835 0.04205607476635514 0.0048543689320388345
4.0 0.49065420560747663 0.04854368932038835 0.04672897196261682 0.0048543689320388345
4.0 0.4848130841121495 0.04611650485436893 0.030373831775700934 0.0048543689320388345
0.0 0.6203271028037384 0.08131067961165049 0.016355140186915886 0.012135922330097087
0.0 0.6857476635514018 0.2196601941747573 0.0397196261682243 0.050970873786407765
9.0 0.9135514018691588 0.508495145631068 0.009345794392523364 0.0412621359223301
9.0 0.4719626168224299 0.06310679611650485 0.009345794392523364 0.0048543689320388345
3.0 0.3119158878504673 0.07524271844660194 0.035046728971962614 0.014563106796116505
3.0 0.3189252336448598 0.06796116504854369 0.030373831775700934 0.014563106796116505
3.0 0.35397196261682246 0.05703883495145631 0.030373831775700934 0.012135922330097087
4.0 0.33761682242990654 0.9611650485436893 0.12383177570093458 0.05825242718446602
