3.0 0.10864485981308411 0.41383495145631066 0.0630841121495327 0.07524271844660194
3.0 0.4871495327102804 0.4077669902912621 0.2733644859813084 0.10194174757281553
3.0 0.764018691588785 0.40898058252427183 0.14953271028037382 0.10436893203883495
3.0 0.8901869158878505 0.4393203883495146 0.06074766355140187 0.07281553398058252
3.0 0.9813084112149533 0.470873786407767 0.014018691588785047 0.03398058252427184
3.0 0.8492990654205608 0.6771844660194175 0.08644859813084112 0.09223300970873786
3.0 0.9147196261682243 0.6347087378640777 0.04439252336448598 0.0703883495145631
3.0 0.9532710280373832 0.6067961165048543 0.028037383177570093 0.05339805825242718
3.0 0.9719626168224299 0.5946601941747572 0.018691588785046728 0.043689320388349516
3.0 0.6939252336448598 0.7378640776699029 0.17757009345794392 0.10679611650485436
3.0 0.5911214953271028 0.5885922330097088 0.2523364485981308 0.10922330097087378
3.0 0.42990654205607476 0.7451456310679612 0.2336448598130841 0.0970873786407767
3.0 0.07009345794392523 0.6225728155339806 0.04205607476635514 0.07524271844660194
3.0 0.04088785046728972 0.5995145631067961 0.030373831775700934 0.07281553398058252
3.0 0.02102803738317757 0.5837378640776699 0.018691588785046728 0.04611650485436893
3.0 0.009345794392523364 0.4672330097087379 0.009345794392523364 0.03155339805825243
3.0 0.02219626168224299 0.46359223300970875 0.016355140186915886 0.038834951456310676
3.0 0.029205607476635514 0.41383495145631066 0.02102803738317757 0.050970873786407765
3.0 0.8457943925233645 0.20024271844660194 0.07009345794392523 0.09951456310679611
4.0 0.4252336448598131 0.03155339805825243 0.08878504672897196 0.02912621359223301
4.0 0.01985981308411215 0.5303398058252428 0.016355140186915886 0.0412621359223301
4.0 0.21144859813084113 0.7099514563106796 0.12850467289719625 0.12378640776699029
4.0 0.11565420560747663 0.6601941747572816 0.05841121495327103 0.07766990291262135
3.0 0.991822429906542 0.4733009708737864 0.007009345794392523 0.02912621359223301
4.0 0.9614485981308412 0.46116504854368934 0.016355140186915886 0.038834951456310676
4.0 0.9392523364485982 0.4526699029126214 0.028037383177570093 0.050970873786407765
3.0 0.008177570093457943 0.5728155339805825 0.011682242990654205 0.03398058252427184
0.0 0.3901869158878505 0.027912621359223302 0.014018691588785047 0.007281553398058253
0.0 0.39135514018691586 0.025485436893203883 0.007009345794392523 0.0024271844660194173
0.0 0.25 0.13470873786407767 0.018691588785046728 0.01699029126213592
0.0 0.6647196261682243 0.038834951456310676 0.016355140186915886 0.009708737864077669
