3.0 0.41544117647058826 0.9226519337016574 0.07598039215686274 0.06077348066298342
3.0 0.3161764705882353 0.7638121546961326 0.06862745098039216 0.09116022099447514
3.0 0.4264705882352941 0.143646408839779 0.04411764705882353 0.03314917127071823
3.0 0.36642156862745096 0.16298342541436464 0.04656862745098039 0.04419889502762431
3.0 0.5122549019607843 0.1505524861878453 0.04411764705882353 0.04143646408839779
3.0 0.5490196078431373 0.07596685082872928 0.024509803921568627 0.019337016574585635
3.0 0.4485294117647059 0.031767955801104975 0.0196078431372549 0.008287292817679558
3.0 0.35049019607843135 0.04281767955801105 0.0196078431372549 0.013812154696132596
3.0 0.4583333333333333 0.0027624309392265192 0.014705882352941176 0.0055248618784530384
4.0 0.23161764705882354 0.5193370165745856 0.041666666666666664 0.09944751381215469
4.0 0.23774509803921567 0.8066298342541437 0.07352941176470588 0.09392265193370165
3.0 0.29044117647058826 0.9475138121546961 0.061274509803921566 0.03867403314917127
8.0 0.2916666666666667 0.18922651933701656 0.08333333333333333 0.1408839779005525
3.0 0.43014705882352944 0.016574585635359115 0.01715686274509804 0.011049723756906077
3.0 0.2928921568627451 0.0856353591160221 0.04656862745098039 0.027624309392265192
0.0 0.34681372549019607 0.2941988950276243 0.022058823529411766 0.04696132596685083
0.0 0.47794117647058826 0.2955801104972376 0.024509803921568627 0.03867403314917127
0.0 0.5392156862745098 0.2955801104972376 0.024509803921568627 0.03867403314917127
0.0 0.5392156862745098 0.28314917127071826 0.024509803921568627 0.03591160220994475
0.0 0.7941176470588235 0.281767955801105 0.014705882352941176 0.03314917127071823
