7.0 0.06572769953051644 0.7717948717948718 0.028169014084507043 0.05128205128205128
3.0 0.03403755868544601 0.6666666666666666 0.025821596244131457 0.05641025641025641
7.0 0.03169014084507042 0.6243589743589744 0.01643192488262911 0.04358974358974359
3.0 0.029342723004694836 0.5653846153846154 0.01643192488262911 0.04358974358974359
9.0 0.02699530516431925 0.5333333333333333 0.007042253521126761 0.02564102564102564
1.0 0.018779342723004695 0.5243589743589744 0.0 0.01282051282051282
1.0 0.01995305164319249 0.5217948717948718 0.002347417840375587 0.017948717948717947
9.0 0.01995305164319249 0.5269230769230769 0.002347417840375587 0.023076923076923078
9.0 0.009389671361502348 0.5653846153846154 0.004694835680751174 0.023076923076923078
1.0 0.01056338028169014 0.5615384615384615 0.002347417840375587 0.015384615384615385
1.0 0.01056338028169014 0.558974358974359 0.002347417840375587 0.020512820512820513
9.0 0.005868544600938967 0.5282051282051282 0.002347417840375587 0.015384615384615385
9.0 0.004694835680751174 0.5269230769230769 0.004694835680751174 0.017948717948717947
9.0 0.005868544600938967 0.5192307692307693 0.002347417840375587 0.017948717948717947
9.0 0.005868544600938967 0.5038461538461538 0.002347417840375587 0.01282051282051282
9.0 0.007042253521126761 0.5012820512820513 0.0 0.01282051282051282
0.0 0.01056338028169014 0.47692307692307695 0.002347417840375587 0.015384615384615385
9.0 0.012910798122065728 0.46153846153846156 0.002347417840375587 0.015384615384615385
9.0 0.01643192488262911 0.45897435897435895 0.004694835680751174 0.015384615384615385
9.0 0.01995305164319249 0.4512820512820513 0.002347417840375587 0.015384615384615385
7.0 0.014084507042253521 0.45384615384615384 0.004694835680751174 0.02564102564102564
6.0 0.022300469483568074 0.45897435897435895 0.007042253521126761 0.03076923076923077
1.0 0.022300469483568074 0.45897435897435895 0.002347417840375587 0.020512820512820513
7.0 0.017605633802816902 0.44358974358974357 0.007042253521126761 0.02564102564102564
7.0 0.017605633802816902 0.4371794871794872 0.007042253521126761 0.023076923076923078
7.0 0.01995305164319249 0.4282051282051282 0.007042253521126761 0.02564102564102564
7.0 0.022300469483568074 0.4371794871794872 0.007042253521126761 0.028205128205128206
7.0 0.02464788732394366 0.4282051282051282 0.007042253521126761 0.02564102564102564
9.0 0.025821596244131457 0.4371794871794872 0.004694835680751174 0.017948717948717947
0.0 0.02699530516431925 0.43205128205128207 0.002347417840375587 0.023076923076923078
7.0 0.029342723004694836 0.42948717948717946 0.007042253521126761 0.028205128205128206
3.0 0.029342723004694836 0.4512820512820513 0.007042253521126761 0.046153846153846156
3.0 0.04107981220657277 0.4115384615384615 0.011737089201877934 0.04358974358974359
6.0 0.03755868544600939 0.4551282051282051 0.009389671361502348 0.03333333333333333
9.0 0.023474178403755867 0.41794871794871796 0.004694835680751174 0.015384615384615385
9.0 0.028169014084507043 0.40384615384615385 0.004694835680751174 0.01282051282051282
9.0 0.028169014084507043 0.4012820512820513 0.004694835680751174 0.01282051282051282
9.0 0.028169014084507043 0.39615384615384613 0.004694835680751174 0.01282051282051282
0.0 0.017605633802816902 0.4217948717948718 0.002347417840375587 0.01282051282051282
9.0 0.05046948356807512 0.38974358974358975 0.007042253521126761 0.020512820512820513
7.0 0.051643192488262914 0.3769230769230769 0.014084507042253521 0.03076923076923077
0.0 0.0539906103286385 0.3371794871794872 0.004694835680751174 0.017948717948717947
7.0 0.029342723004694836 0.3730769230769231 0.007042253521126761 0.028205128205128206
7.0 0.06455399061032864 0.36153846153846153 0.01643192488262911 0.035897435897435895
7.0 0.06690140845070422 0.35384615384615387 0.01643192488262911 0.03076923076923077
7.0 0.07042253521126761 0.3474358974358974 0.018779342723004695 0.03333333333333333
6.0 0.04812206572769953 0.42435897435897435 0.011737089201877934 0.023076923076923078
6.0 0.04929577464788732 0.41794871794871796 0.009389671361502348 0.02564102564102564
6.0 0.05046948356807512 0.4128205128205128 0.011737089201877934 0.03076923076923077
6.0 0.0528169014084507 0.4064102564102564 0.011737089201877934 0.028205128205128206
6.0 0.05516431924882629 0.4 0.011737089201877934 0.02564102564102564
6.0 0.057511737089201875 0.391025641025641 0.011737089201877934 0.023076923076923078
6.0 0.057511737089201875 0.38846153846153847 0.011737089201877934 0.028205128205128206
6.0 0.057511737089201875 0.38461538461538464 0.011737089201877934 0.03076923076923077
6.0 0.057511737089201875 0.38333333333333336 0.011737089201877934 0.028205128205128206
6.0 0.05868544600938967 0.3769230769230769 0.009389671361502348 0.02564102564102564
3.0 0.0528169014084507 0.33589743589743587 0.01643192488262911 0.035897435897435895
0.0 0.0539906103286385 0.3282051282051282 0.004694835680751174 0.015384615384615385
0.0 0.056338028169014086 0.3230769230769231 0.004694835680751174 0.020512820512820513
9.0 0.05868544600938967 0.31794871794871793 0.009389671361502348 0.015384615384615385
7.0 0.06455399061032864 0.30641025641025643 0.011737089201877934 0.023076923076923078
0.0 0.0715962441314554 0.30256410256410254 0.007042253521126761 0.020512820512820513
4.0 0.07511737089201878 0.29102564102564105 0.014084507042253521 0.028205128205128206
9.0 0.07042253521126761 0.2935897435897436 0.009389671361502348 0.01282051282051282
2.0 0.08215962441314555 0.2717948717948718 0.004694835680751174 0.010256410256410256
4.0 0.0880281690140845 0.26153846153846155 0.01643192488262911 0.02564102564102564
9.0 0.09624413145539906 0.24615384615384617 0.009389671361502348 0.010256410256410256
7.0 0.10211267605633803 0.23717948717948717 0.011737089201877934 0.017948717948717947
7.0 0.1056338028169014 0.23333333333333334 0.014084507042253521 0.020512820512820513
6.0 0.11384976525821597 0.2205128205128205 0.011737089201877934 0.015384615384615385
6.0 0.12323943661971831 0.2076923076923077 0.011737089201877934 0.020512820512820513
3.0 0.13615023474178403 0.1935897435897436 0.014084507042253521 0.017948717948717947
3.0 0.13849765258215962 0.18717948717948718 0.018779342723004695 0.020512820512820513
3.0 0.8192488262910798 0.8743589743589744 0.09389671361502347 0.09743589743589744
7.0 0.7687793427230047 0.8743589743589744 0.10093896713615023 0.08205128205128205
4.0 0.8568075117370892 0.7653846153846153 0.06572769953051644 0.09487179487179487
7.0 0.8802816901408451 0.7423076923076923 0.046948356807511735 0.07435897435897436
6.0 0.8955399061032864 0.7256410256410256 0.03051643192488263 0.05641025641025641
3.0 0.8826291079812206 0.6820512820512821 0.051643192488262914 0.09230769230769231
7.0 0.9143192488262911 0.617948717948718 0.025821596244131457 0.07692307692307693
9.0 0.9295774647887324 0.5679487179487179 0.014084507042253521 0.03333333333333333
6.0 0.8814553990610329 0.5089743589743589 0.03051643192488263 0.04871794871794872
6.0 0.8779342723004695 0.5012820512820513 0.028169014084507043 0.04358974358974359
9.0 0.8661971830985915 0.48333333333333334 0.023474178403755867 0.03333333333333333
9.0 0.863849765258216 0.4782051282051282 0.023474178403755867 0.04358974358974359
9.0 0.846244131455399 0.5051282051282051 0.025821596244131457 0.035897435897435895
9.0 0.8380281690140845 0.4807692307692308 0.023474178403755867 0.038461538461538464
9.0 0.8333333333333334 0.47435897435897434 0.023474178403755867 0.041025641025641026
9.0 0.8309859154929577 0.4705128205128205 0.028169014084507043 0.04358974358974359
9.0 0.8532863849765259 0.5089743589743589 0.025821596244131457 0.038461538461538464
9.0 0.8215962441314554 0.44743589743589746 0.023474178403755867 0.038461538461538464
9.0 0.8192488262910798 0.441025641025641 0.023474178403755867 0.035897435897435895
9.0 0.8157276995305164 0.43333333333333335 0.03051643192488263 0.041025641025641026
9.0 0.8110328638497653 0.4230769230769231 0.025821596244131457 0.035897435897435895
9.0 0.8098591549295775 0.4153846153846154 0.028169014084507043 0.041025641025641026
9.0 0.8051643192488263 0.4064102564102564 0.028169014084507043 0.04358974358974359
7.0 0.8603286384976526 0.45 0.035211267605633804 0.0641025641025641
7.0 0.8509389671361502 0.4307692307692308 0.035211267605633804 0.06666666666666667
7.0 0.8438967136150235 0.4115384615384615 0.035211267605633804 0.0641025641025641
7.0 0.7723004694835681 0.33205128205128204 0.06103286384976526 0.06923076923076923
9.0 0.75 0.30512820512820515 0.03051643192488263 0.035897435897435895
6.0 0.6995305164319249 0.5205128205128206 0.07511737089201878 0.06153846153846154
9.0 0.681924882629108 0.5064102564102564 0.05868544600938967 0.04871794871794872
9.0 0.67018779342723 0.48717948717948717 0.0539906103286385 0.05641025641025641
1.0 0.704225352112676 0.29102564102564105 0.023474178403755867 0.03333333333333333
1.0 0.7171361502347418 0.29102564102564105 0.02112676056338028 0.03333333333333333
9.0 0.6995305164319249 0.28205128205128205 0.028169014084507043 0.041025641025641026
9.0 0.6983568075117371 0.24615384615384617 0.03990610328638498 0.03076923076923077
2.0 0.6960093896713615 0.22692307692307692 0.03051643192488263 0.028205128205128206
1.0 0.4706572769953052 0.6743589743589744 0.035211267605633804 0.06666666666666667
9.0 0.47300469483568075 0.691025641025641 0.04929577464788732 0.06923076923076923
5.0 0.528169014084507 0.5564102564102564 0.1643192488262911 0.24102564102564103
1.0 0.41784037558685444 0.2705128205128205 0.028169014084507043 0.03333333333333333
6.0 0.42018779342723006 0.28205128205128205 0.04225352112676056 0.05128205128205128
5.0 0.57981220657277 0.17051282051282052 0.09389671361502347 0.04871794871794872
7.0 0.5352112676056338 0.13974358974358975 0.046948356807511735 0.028205128205128206
6.0 0.5762910798122066 0.1282051282051282 0.04460093896713615 0.020512820512820513
6.0 0.5669014084507042 0.09871794871794871 0.01643192488262911 0.01282051282051282
7.0 0.5035211267605634 0.07435897435897436 0.025821596244131457 0.010256410256410256
7.0 0.4636150234741784 0.09358974358974359 0.035211267605633804 0.017948717948717947
3.0 0.4753521126760563 0.06923076923076923 0.035211267605633804 0.010256410256410256
7.0 0.45305164319248825 0.0782051282051282 0.03755868544600939 0.01282051282051282
1.0 0.4272300469483568 0.05897435897435897 0.004694835680751174 0.005128205128205128
9.0 0.426056338028169 0.06025641025641026 0.011737089201877934 0.007692307692307693
1.0 0.45774647887323944 0.05 0.009389671361502348 0.002564102564102564
7.0 0.3967136150234742 0.046153846153846156 0.014084507042253521 0.005128205128205128
3.0 0.39436619718309857 0.04487179487179487 0.014084507042253521 0.007692307692307693
7.0 0.4014084507042254 0.04358974358974359 0.018779342723004695 0.005128205128205128
3.0 0.29107981220657275 0.15897435897435896 0.03755868544600939 0.03076923076923077
3.0 0.31103286384976525 0.1076923076923077 0.025821596244131457 0.020512820512820513
8.0 0.28169014084507044 0.08846153846153847 0.023474178403755867 0.017948717948717947
0.0 0.26291079812206575 0.09743589743589744 0.009389671361502348 0.010256410256410256
1.0 0.2676056338028169 0.09615384615384616 0.009389671361502348 0.007692307692307693
0.0 0.2687793427230047 0.09358974358974359 0.007042253521126761 0.007692307692307693
3.0 0.289906103286385 0.08076923076923077 0.011737089201877934 0.007692307692307693
1.0 0.4272300469483568 0.04487179487179487 0.004694835680751174 0.002564102564102564
3.0 0.3215962441314554 0.06666666666666667 0.014084507042253521 0.010256410256410256
3.0 0.3204225352112676 0.06282051282051282 0.011737089201877934 0.007692307692307693
3.0 0.3204225352112676 0.06025641025641026 0.011737089201877934 0.007692307692307693
5.0 0.34976525821596244 0.046153846153846156 0.014084507042253521 0.010256410256410256
5.0 0.32629107981220656 0.05384615384615385 0.018779342723004695 0.010256410256410256
4.0 0.33098591549295775 0.041025641025641026 0.009389671361502348 0.005128205128205128
5.0 0.3403755868544601 0.035897435897435895 0.009389671361502348 0.005128205128205128
1.0 0.3380281690140845 0.05641025641025641 0.004694835680751174 0.005128205128205128
1.0 0.3380281690140845 0.052564102564102565 0.004694835680751174 0.002564102564102564
1.0 0.3427230046948357 0.04487179487179487 0.004694835680751174 0.002564102564102564
1.0 0.2875586854460094 0.07435897435897436 0.002347417840375587 0.005128205128205128
1.0 0.3051643192488263 0.057692307692307696 0.004694835680751174 0.002564102564102564
1.0 0.31572769953051644 0.05 0.002347417840375587 0.002564102564102564
1.0 0.31103286384976525 0.05 0.002347417840375587 0.002564102564102564
9.0 0.3380281690140845 0.057692307692307696 0.004694835680751174 0.002564102564102564
9.0 0.3380281690140845 0.052564102564102565 0.004694835680751174 0.002564102564102564
9.0 0.2875586854460094 0.07564102564102564 0.002347417840375587 0.002564102564102564
9.0 0.3051643192488263 0.05897435897435897 0.004694835680751174 0.005128205128205128
9.0 0.3427230046948357 0.04487179487179487 0.004694835680751174 0.002564102564102564
9.0 0.3086854460093897 0.05128205128205128 0.002347417840375587 0.0
6.0 0.31572769953051644 0.05 0.007042253521126761 0.002564102564102564
7.0 0.3967136150234742 0.035897435897435895 0.009389671361502348 0.005128205128205128
4.0 0.38497652582159625 0.03461538461538462 0.009389671361502348 0.002564102564102564
5.0 0.3685446009389671 0.1141025641025641 0.056338028169014086 0.038461538461538464
4.0 0.3438967136150235 0.03333333333333333 0.007042253521126761 0.005128205128205128
4.0 0.9424882629107981 0.4012820512820513 0.01643192488262911 0.038461538461538464
5.0 0.9518779342723005 0.40512820512820513 0.02112676056338028 0.05128205128205128
