3.0 0.05759803921568627 0.23582474226804123 0.007352941176470588 0.01288659793814433
3.0 0.056372549019607844 0.2422680412371134 0.00980392156862745 0.015463917525773196
3.0 0.04411764705882353 0.27319587628865977 0.00980392156862745 0.015463917525773196
3.0 0.02696078431372549 0.3170103092783505 0.00980392156862745 0.020618556701030927
3.0 0.028186274509803922 0.4368556701030928 0.007352941176470588 0.01804123711340206
4.0 0.13725490196078433 0.8298969072164949 0.024509803921568627 0.02577319587628866
3.0 0.08823529411764706 0.7680412371134021 0.0196078431372549 0.02577319587628866
3.0 0.0821078431372549 0.7525773195876289 0.01715686274509804 0.02577319587628866
3.0 0.0784313725490196 0.740979381443299 0.0196078431372549 0.028350515463917526
3.0 0.07230392156862746 0.7229381443298969 0.01715686274509804 0.023195876288659795
3.0 0.06740196078431372 0.7048969072164949 0.01715686274509804 0.023195876288659795
3.0 0.03799019607843137 0.43041237113402064 0.007352941176470588 0.015463917525773196
3.0 0.09803921568627451 0.211340206185567 0.014705882352941176 0.015463917525773196
3.0 0.14460784313725492 0.17396907216494845 0.0196078431372549 0.01804123711340206
3.0 0.1323529411764706 0.15979381443298968 0.014705882352941176 0.015463917525773196
3.0 0.2549019607843137 0.05798969072164949 0.0196078431372549 0.01288659793814433
3.0 0.25245098039215685 0.06056701030927835 0.0196078431372549 0.01288659793814433
3.0 0.24509803921568626 0.07860824742268041 0.0196078431372549 0.01288659793814433
3.0 0.24387254901960784 0.08118556701030928 0.022058823529411766 0.01288659793814433
3.0 0.22426470588235295 0.10695876288659793 0.01715686274509804 0.01288659793814433
3.0 0.18382352941176472 0.13530927835051546 0.0196078431372549 0.01804123711340206
4.0 0.11519607843137254 0.46134020618556704 0.014705882352941176 0.020618556701030927
3.0 0.1801470588235294 0.6301546391752577 0.03676470588235294 0.03350515463917526
3.0 0.20465686274509803 0.7216494845360825 0.031862745098039214 0.05670103092783505
3.0 0.22426470588235295 0.7280927835051546 0.031862745098039214 0.05412371134020619
3.0 0.23897058823529413 0.7693298969072165 0.04656862745098039 0.03350515463917526
3.0 0.2426470588235294 0.7899484536082474 0.0392156862745098 0.028350515463917526
3.0 0.25 0.8092783505154639 0.04411764705882353 0.030927835051546393
4.0 0.2696078431372549 0.8505154639175257 0.0392156862745098 0.02577319587628866
3.0 0.2757352941176471 0.8672680412371134 0.041666666666666664 0.023195876288659795
3.0 0.24632352941176472 0.9085051546391752 0.03676470588235294 0.023195876288659795
3.0 0.25 0.9175257731958762 0.0392156862745098 0.02577319587628866
3.0 0.25980392156862747 0.9291237113402062 0.0392156862745098 0.023195876288659795
3.0 0.28308823529411764 0.9420103092783505 0.031862745098039214 0.023195876288659795
3.0 0.2855392156862745 0.7371134020618557 0.051470588235294115 0.05154639175257732
3.0 0.2806372549019608 0.6585051546391752 0.051470588235294115 0.03350515463917526
3.0 0.27328431372549017 0.5322164948453608 0.051470588235294115 0.03865979381443299
3.0 0.27205882352941174 0.44072164948453607 0.049019607843137254 0.03608247422680412
3.0 0.27818627450980393 0.4059278350515464 0.056372549019607844 0.03865979381443299
3.0 0.2977941176470588 0.3440721649484536 0.051470588235294115 0.03865979381443299
3.0 0.28799019607843135 0.3015463917525773 0.056372549019607844 0.03608247422680412
3.0 0.29044117647058826 0.2770618556701031 0.051470588235294115 0.03350515463917526
3.0 0.29411764705882354 0.2538659793814433 0.05392156862745098 0.03350515463917526
0.0 0.3247549019607843 0.13402061855670103 0.007352941176470588 0.005154639175257732
3.0 0.4227941176470588 0.010309278350515464 0.022058823529411766 0.005154639175257732
3.0 0.4215686274509804 0.01288659793814433 0.024509803921568627 0.005154639175257732
3.0 0.4178921568627451 0.019329896907216496 0.02696078431372549 0.007731958762886598
3.0 0.4166666666666667 0.02190721649484536 0.024509803921568627 0.007731958762886598
3.0 0.4166666666666667 0.027061855670103094 0.024509803921568627 0.007731958762886598
3.0 0.5563725490196079 0.04896907216494845 0.03431372549019608 0.010309278350515464
5.0 0.6017156862745098 0.05412371134020619 0.041666666666666664 0.015463917525773196
3.0 0.6507352941176471 0.07989690721649484 0.031862745098039214 0.015463917525773196
3.0 0.616421568627451 0.01675257731958763 0.022058823529411766 0.007731958762886598
3.0 0.625 0.02577319587628866 0.024509803921568627 0.010309278350515464
3.0 0.6299019607843137 0.029639175257731958 0.024509803921568627 0.007731958762886598
3.0 0.6372549019607843 0.03350515463917526 0.024509803921568627 0.010309278350515464
3.0 0.6887254901960784 0.07474226804123711 0.024509803921568627 0.010309278350515464
3.0 0.6544117647058824 0.09922680412371133 0.0392156862745098 0.01804123711340206
3.0 0.6654411764705882 0.11082474226804123 0.041666666666666664 0.020618556701030927
3.0 0.6740196078431373 0.1211340206185567 0.0392156862745098 0.020618556701030927
3.0 0.678921568627451 0.13402061855670103 0.04411764705882353 0.02577319587628866
3.0 0.7009803921568627 0.16108247422680413 0.04411764705882353 0.023195876288659795
3.0 0.7058823529411765 0.17396907216494845 0.049019607843137254 0.028350515463917526
3.0 0.7144607843137255 0.18943298969072164 0.04656862745098039 0.028350515463917526
3.0 0.7205882352941176 0.2036082474226804 0.03431372549019608 0.02577319587628866
3.0 0.7291666666666666 0.22293814432989692 0.04656862745098039 0.03350515463917526
9.0 0.7647058823529411 0.25773195876288657 0.014705882352941176 0.010309278350515464
4.0 0.7450980392156863 0.26288659793814434 0.04411764705882353 0.03608247422680412
4.0 0.75 0.28865979381443296 0.0392156862745098 0.030927835051546393
4.0 0.7622549019607843 0.3170103092783505 0.04411764705882353 0.03608247422680412
3.0 0.7916666666666666 0.4368556701030928 0.0392156862745098 0.03350515463917526
4.0 0.7990196078431373 0.5708762886597938 0.0392156862745098 0.03350515463917526
3.0 0.7904411764705882 0.6726804123711341 0.04656862745098039 0.041237113402061855
9.0 0.7892156862745098 0.6185567010309279 0.014705882352941176 0.015463917525773196
9.0 0.8063725490196079 0.615979381443299 0.014705882352941176 0.015463917525773196
3.0 0.7781862745098039 0.7628865979381443 0.04656862745098039 0.03608247422680412
3.0 0.7622549019607843 0.8079896907216495 0.04411764705882353 0.03350515463917526
2.0 0.7524509803921569 0.8260309278350515 0.014705882352941176 0.01288659793814433
3.0 0.7377450980392157 0.8724226804123711 0.04411764705882353 0.028350515463917526
3.0 0.7254901960784313 0.8994845360824743 0.04411764705882353 0.02577319587628866
3.0 0.5943627450980392 0.9458762886597938 0.03676470588235294 0.020618556701030927
3.0 0.6825980392156863 0.9394329896907216 0.031862745098039214 0.023195876288659795
3.0 0.6397058823529411 0.9587628865979382 0.024509803921568627 0.015463917525773196
9.0 0.7181372549019608 0.9226804123711341 0.014705882352941176 0.010309278350515464
4.0 0.7720588235294118 0.07345360824742268 0.0196078431372549 0.01288659793814433
3.0 0.7843137254901961 0.08376288659793814 0.0196078431372549 0.01288659793814433
3.0 0.7892156862745098 0.08891752577319588 0.0196078431372549 0.01288659793814433
3.0 0.8394607843137255 0.14948453608247422 0.022058823529411766 0.020618556701030927
3.0 0.8848039215686274 0.23840206185567012 0.0196078431372549 0.028350515463917526
3.0 0.9019607843137255 0.27319587628865977 0.0196078431372549 0.02577319587628866
3.0 0.9154411764705882 0.30670103092783507 0.01715686274509804 0.02577319587628866
3.0 0.9325980392156863 0.3634020618556701 0.01715686274509804 0.030927835051546393
3.0 0.9620098039215687 0.5180412371134021 0.007352941176470588 0.020618556701030927
3.0 0.9571078431372549 0.5567010309278351 0.012254901960784314 0.020618556701030927
9.0 0.9558823529411765 0.5824742268041238 0.004901960784313725 0.010309278350515464
9.0 0.9571078431372549 0.5966494845360825 0.0024509803921568627 0.007731958762886598
3.0 0.9522058823529411 0.615979381443299 0.012254901960784314 0.02577319587628866
3.0 0.9056372549019608 0.7010309278350515 0.01715686274509804 0.041237113402061855
3.0 0.946078431372549 0.6610824742268041 0.014705882352941176 0.023195876288659795
3.0 0.9436274509803921 0.6778350515463918 0.014705882352941176 0.020618556701030927
3.0 0.9350490196078431 0.7139175257731959 0.01715686274509804 0.02577319587628866
3.0 0.928921568627451 0.729381443298969 0.0196078431372549 0.02577319587628866
3.0 0.9276960784313726 0.7422680412371134 0.01715686274509804 0.02577319587628866
3.0 0.9215686274509803 0.7551546391752577 0.0196078431372549 0.02577319587628866
3.0 0.8897058823529411 0.8182989690721649 0.024509803921568627 0.03350515463917526
3.0 0.9889705882352942 0.42010309278350516 0.007352941176470588 0.02577319587628866
9.0 0.9791666666666666 0.3698453608247423 0.0024509803921568627 0.007731958762886598
3.0 0.9325980392156863 0.2551546391752577 0.012254901960784314 0.020618556701030927
3.0 0.9264705882352942 0.24484536082474226 0.014705882352941176 0.020618556701030927
0.0 0.9154411764705882 0.22809278350515463 0.0024509803921568627 0.007731958762886598
0.0 0.9178921568627451 0.23195876288659795 0.0024509803921568627 0.005154639175257732
3.0 0.8933823529411765 0.20231958762886598 0.01715686274509804 0.023195876288659795
3.0 0.8774509803921569 0.18814432989690721 0.0196078431372549 0.020618556701030927
3.0 0.9056372549019608 0.19201030927835053 0.012254901960784314 0.01804123711340206
3.0 0.8872549019607843 0.17525773195876287 0.014705882352941176 0.020618556701030927
3.0 0.8737745098039216 0.1481958762886598 0.012254901960784314 0.01288659793814433
3.0 0.8811274509803921 0.1559278350515464 0.012254901960784314 0.01288659793814433
3.0 0.8590686274509803 0.12757731958762886 0.012254901960784314 0.01288659793814433
