0.0 0.42401960784313725 0.8595360824742269 0.0196078431372549 0.01804123711340206
0.0 0.5625 0.8505154639175257 0.02696078431372549 0.02577319587628866
0.0 0.27450980392156865 0.6224226804123711 0.029411764705882353 0.028350515463917526
2.0 0.24877450980392157 0.6417525773195877 0.041666666666666664 0.05670103092783505
0.0 0.42401960784313725 0.4059278350515464 0.03431372549019608 0.05412371134020619
0.0 0.5674019607843137 0.3440721649484536 0.031862745098039214 0.04896907216494845
3.0 0.6519607843137255 0.3634020618556701 0.11764705882352941 0.23195876288659795
4.0 0.6225490196078431 0.13788659793814434 0.10294117647058823 0.1211340206185567
3.0 0.5992647058823529 0.055412371134020616 0.07598039215686274 0.059278350515463915
0.0 0.49264705882352944 0.011597938144329897 0.014705882352941176 0.007731958762886598
0.0 0.5637254901960784 0.005154639175257732 0.014705882352941176 0.005154639175257732
