3.0 0.5453431372549019 0.9213917525773195 0.15441176470588236 0.09020618556701031
3.0 0.7879901960784313 0.5850515463917526 0.056372549019607844 0.08247422680412371
3.0 0.8333333333333334 0.38917525773195877 0.0392156862745098 0.06701030927835051
3.0 0.011029411764705883 0.4329896907216495 0.007352941176470588 0.020618556701030927
4.0 0.0024509803921568627 0.4536082474226804 0.004901960784313725 0.020618556701030927
3.0 0.003676470588235294 0.4574742268041237 0.007352941176470588 0.01804123711340206
3.0 0.004901960784313725 0.4574742268041237 0.004901960784313725 0.01804123711340206
3.0 0.00857843137254902 0.45618556701030927 0.007352941176470588 0.020618556701030927
3.0 0.00980392156862745 0.49355670103092786 0.00980392156862745 0.028350515463917526
3.0 0.014705882352941176 0.4948453608247423 0.00980392156862745 0.02577319587628866
3.0 0.01838235294117647 0.4961340206185567 0.007352941176470588 0.023195876288659795
3.0 0.024509803921568627 0.5051546391752577 0.00980392156862745 0.041237113402061855
3.0 0.01715686274509804 0.45489690721649484 0.00980392156862745 0.028350515463917526
3.0 0.022058823529411766 0.4536082474226804 0.00980392156862745 0.02577319587628866
3.0 0.025735294117647058 0.45489690721649484 0.012254901960784314 0.03350515463917526
3.0 0.0392156862745098 0.45618556701030927 0.0196078431372549 0.041237113402061855
3.0 0.01715686274509804 0.43943298969072164 0.00980392156862745 0.023195876288659795
3.0 0.024509803921568627 0.4368556701030928 0.00980392156862745 0.01804123711340206
4.0 0.04779411764705882 0.6572164948453608 0.04656862745098039 0.0979381443298969
8.0 0.46568627450980393 0.7177835051546392 0.31862745098039214 0.2809278350515464
3.0 0.23774509803921567 0.625 0.09313725490196079 0.1056701030927835
5.0 0.6311274509803921 0.4265463917525773 0.20833333333333334 0.14690721649484537
3.0 0.48284313725490197 0.42396907216494845 0.058823529411764705 0.059278350515463915
4.0 0.4387254901960784 0.5734536082474226 0.22549019607843138 0.1211340206185567
0.0 0.24632352941176472 0.4948453608247423 0.01715686274509804 0.05154639175257732
0.0 0.22549019607843138 0.5347938144329897 0.0196078431372549 0.059278350515463915
1.0 0.1642156862745098 0.5322164948453608 0.0196078431372549 0.04381443298969072
3.0 0.125 0.5244845360824743 0.029411764705882353 0.04896907216494845
3.0 0.14460784313725492 0.4497422680412371 0.0392156862745098 0.05412371134020619
4.0 0.16911764705882354 0.40850515463917525 0.049019607843137254 0.05412371134020619
3.0 0.20955882352941177 0.44587628865979384 0.031862745098039214 0.06701030927835051
3.0 0.12254901960784313 0.4175257731958763 0.03431372549019608 0.03608247422680412
3.0 0.12254901960784313 0.4420103092783505 0.024509803921568627 0.04381443298969072
2.0 0.16789215686274508 0.5425257731958762 0.03676470588235294 0.03350515463917526
0.0 0.2340686274509804 0.3556701030927835 0.01715686274509804 0.041237113402061855
1.0 0.3125 0.3079896907216495 0.012254901960784314 0.028350515463917526
1.0 0.3700980392156863 0.42912371134020616 0.024509803921568627 0.04381443298969072
2.0 0.31004901960784315 0.3170103092783505 0.01715686274509804 0.02577319587628866
2.0 0.37254901960784315 0.44587628865979384 0.024509803921568627 0.05154639175257732
0.0 0.36519607843137253 0.27448453608247425 0.014705882352941176 0.028350515463917526
4.0 0.43995098039215685 0.3118556701030928 0.1053921568627451 0.05670103092783505
0.0 0.4485294117647059 0.23969072164948454 0.014705882352941176 0.02577319587628866
0.0 0.4583333333333333 0.23711340206185566 0.00980392156862745 0.020618556701030927
3.0 0.45588235294117646 0.3002577319587629 0.10294117647058823 0.03350515463917526
3.0 0.45588235294117646 0.28865979381443296 0.10294117647058823 0.03608247422680412
3.0 0.4803921568627451 0.2770618556701031 0.0784313725490196 0.03350515463917526
0.0 0.4105392156862745 0.27963917525773196 0.022058823529411766 0.03865979381443299
3.0 0.5367647058823529 0.25773195876288657 0.07352941176470588 0.030927835051546393
3.0 0.6115196078431373 0.23969072164948454 0.07107843137254902 0.03608247422680412
3.0 0.5919117647058824 0.24871134020618557 0.07107843137254902 0.03350515463917526
0.0 0.6617647058823529 0.19329896907216496 0.00980392156862745 0.015463917525773196
0.0 0.6151960784313726 0.18943298969072164 0.014705882352941176 0.01804123711340206
3.0 0.8075980392156863 0.3131443298969072 0.02696078431372549 0.03865979381443299
3.0 0.803921568627451 0.29510309278350516 0.024509803921568627 0.028350515463917526
3.0 0.8125 0.2912371134020619 0.022058823529411766 0.030927835051546393
3.0 0.8137254901960784 0.27319587628865977 0.0196078431372549 0.02577319587628866
3.0 0.8174019607843137 0.26804123711340205 0.01715686274509804 0.02577319587628866
3.0 0.8174019607843137 0.2615979381443299 0.01715686274509804 0.023195876288659795
3.0 0.821078431372549 0.2603092783505155 0.014705882352941176 0.015463917525773196
5.0 0.8223039215686274 0.24613402061855671 0.022058823529411766 0.03350515463917526
3.0 0.8308823529411765 0.24613402061855671 0.00980392156862745 0.01288659793814433
0.0 0.9056372549019608 0.4587628865979381 0.007352941176470588 0.041237113402061855
8.0 0.8995098039215687 0.36855670103092786 0.03431372549019608 0.09278350515463918
8.0 0.9240196078431373 0.3865979381443299 0.029411764705882353 0.08247422680412371
1.0 0.8063725490196079 0.41365979381443296 0.014705882352941176 0.03350515463917526
9.0 0.8100490196078431 0.42396907216494845 0.01715686274509804 0.028350515463917526
0.0 0.4166666666666667 0.38273195876288657 0.024509803921568627 0.04896907216494845
0.0 0.42401960784313725 0.4484536082474227 0.0196078431372549 0.04639175257731959
3.0 0.9779411764705882 0.6275773195876289 0.024509803921568627 0.06958762886597938
3.0 0.9767156862745098 0.5902061855670103 0.022058823529411766 0.05670103092783505
3.0 0.9754901960784313 0.5502577319587629 0.014705882352941176 0.04896907216494845
3.0 0.9705882352941176 0.5103092783505154 0.014705882352941176 0.05154639175257732
5.0 0.9718137254901961 0.663659793814433 0.031862745098039214 0.08505154639175258
