3.0 0.15808823529411764 0.7371134020618557 0.09068627450980392 0.09278350515463918
3.0 0.24387254901960784 0.5567010309278351 0.11029411764705882 0.07216494845360824
0.0 0.2034313725490196 0.5670103092783505 0.0196078431372549 0.05670103092783505
3.0 0.4166666666666667 0.9007731958762887 0.22058823529411764 0.07474226804123711
3.0 0.4411764705882353 0.8337628865979382 0.2107843137254902 0.07474226804123711
3.0 0.6384803921568627 0.5051546391752577 0.12990196078431374 0.07216494845360824
3.0 0.013480392156862746 0.5902061855670103 0.01715686274509804 0.03608247422680412
3.0 0.03308823529411765 0.5927835051546392 0.022058823529411766 0.04639175257731959
3.0 0.015931372549019607 0.5451030927835051 0.01715686274509804 0.03350515463917526
7.0 0.030637254901960783 0.5219072164948454 0.012254901960784314 0.04381443298969072
3.0 0.06862745098039216 0.4381443298969072 0.00980392156862745 0.02577319587628866
3.0 0.10661764705882353 0.4059278350515464 0.022058823529411766 0.04381443298969072
3.0 0.12867647058823528 0.3917525773195876 0.031862745098039214 0.04639175257731959
3.0 0.14950980392156862 0.37757731958762886 0.03431372549019608 0.04896907216494845
3.0 0.2708333333333333 0.3853092783505155 0.07598039215686274 0.059278350515463915
3.0 0.35661764705882354 0.31958762886597936 0.061274509803921566 0.030927835051546393
3.0 0.36642156862745096 0.3402061855670103 0.0857843137254902 0.04639175257731959
3.0 0.37745098039215685 0.4574742268041237 0.11764705882352941 0.06443298969072164
3.0 0.4068627450980392 0.38144329896907214 0.08823529411764706 0.04639175257731959
3.0 0.4497549019607843 0.39690721649484534 0.1053921568627451 0.05670103092783505
3.0 0.5833333333333334 0.34664948453608246 0.0784313725490196 0.04896907216494845
3.0 0.6678921568627451 0.33505154639175255 0.061274509803921566 0.05154639175257732
3.0 0.6127450980392157 0.3170103092783505 0.07352941176470588 0.04639175257731959
3.0 0.7512254901960784 0.3543814432989691 0.056372549019607844 0.03865979381443299
3.0 0.8480392156862745 0.44329896907216493 0.0196078431372549 0.041237113402061855
3.0 0.8884803921568627 0.6353092783505154 0.061274509803921566 0.08505154639175258
3.0 0.9497549019607843 0.634020618556701 0.03676470588235294 0.06701030927835051
0.0 0.3075980392156863 0.8865979381443299 0.03676470588235294 0.041237113402061855
0.0 0.741421568627451 0.6623711340206185 0.031862745098039214 0.05670103092783505
9.0 0.7732843137254902 0.5992268041237113 0.02696078431372549 0.059278350515463915
0.0 0.8002450980392157 0.5605670103092784 0.01715686274509804 0.06443298969072164
9.0 0.04411764705882353 0.49355670103092786 0.00980392156862745 0.028350515463917526
0.0 0.05759803921568627 0.49871134020618557 0.0024509803921568627 0.023195876288659795
0.0 0.061274509803921566 0.49355670103092786 0.004901960784313725 0.028350515463917526
0.0 0.10049019607843138 0.4742268041237113 0.004901960784313725 0.03608247422680412
0.0 0.10661764705882353 0.4742268041237113 0.007352941176470588 0.041237113402061855
0.0 0.09313725490196079 0.44716494845360827 0.004901960784313725 0.023195876288659795
3.0 0.48161764705882354 0.2860824742268041 0.08088235294117647 0.05154639175257732
8.0 0.12377450980392157 0.634020618556701 0.14950980392156862 0.1958762886597938
8.0 0.031862745098039214 0.6494845360824743 0.05392156862745098 0.1134020618556701
4.0 0.056372549019607844 0.42783505154639173 0.014705882352941176 0.030927835051546393
5.0 0.025735294117647058 0.4690721649484536 0.01715686274509804 0.041237113402061855
3.0 0.028186274509803922 0.44587628865979384 0.012254901960784314 0.02577319587628866
3.0 0.041666666666666664 0.4484536082474227 0.014705882352941176 0.02577319587628866
0.0 0.028186274509803922 0.4884020618556701 0.0024509803921568627 0.023195876288659795
0.0 0.025735294117647058 0.48711340206185566 0.0024509803921568627 0.020618556701030927
0.0 0.09558823529411764 0.45618556701030927 0.004901960784313725 0.020618556701030927
3.0 0.8186274509803921 0.4677835051546392 0.03431372549019608 0.04896907216494845
3.0 0.7377450980392157 0.3118556701030928 0.049019607843137254 0.03608247422680412
3.0 0.5465686274509803 0.2809278350515464 0.049019607843137254 0.030927835051546393
3.0 0.0857843137254902 0.422680412371134 0.014705882352941176 0.03608247422680412
4.0 0.07230392156862746 0.46134020618556704 0.02696078431372549 0.041237113402061855
1.0 0.7720588235294118 0.5940721649484536 0.0196078431372549 0.04381443298969072
1.0 0.04411764705882353 0.4948453608247423 0.004901960784313725 0.02577319587628866
0.0 0.2806372549019608 0.35695876288659795 0.012254901960784314 0.03865979381443299
