3.0 0.3808411214953271 0.015776699029126214 0.009345794392523364 0.0024271844660194173
3.0 0.316588785046729 0.044902912621359224 0.011682242990654205 0.007281553398058253
3.0 0.28154205607476634 0.061893203883495146 0.011682242990654205 0.007281553398058253
3.0 0.2908878504672897 0.05461165048543689 0.011682242990654205 0.007281553398058253
8.0 0.3014018691588785 0.04733009708737864 0.018691588785046728 0.012135922330097087
5.0 0.3422897196261682 0.04611650485436893 0.016355140186915886 0.009708737864077669
3.0 0.38434579439252337 0.02912621359223301 0.016355140186915886 0.0048543689320388345
3.0 0.38317757009345793 0.03155339805825243 0.014018691588785047 0.0048543689320388345
3.0 0.37850467289719625 0.038834951456310676 0.014018691588785047 0.0048543689320388345
8.0 0.37616822429906543 0.043689320388349516 0.028037383177570093 0.014563106796116505
8.0 0.3820093457943925 0.05825242718446602 0.035046728971962614 0.019417475728155338
3.0 0.3773364485981308 0.05461165048543689 0.02102803738317757 0.007281553398058253
0.0 0.3691588785046729 0.08131067961165049 0.009345794392523364 0.007281553398058253
3.0 0.38434579439252337 0.07402912621359223 0.02570093457943925 0.012135922330097087
3.0 0.39135514018691586 0.07888349514563107 0.02570093457943925 0.012135922330097087
3.0 0.25350467289719625 0.308252427184466 0.0397196261682243 0.04854368932038835
3.0 0.7558411214953271 0.25 0.08177570093457943 0.06310679611650485
3.0 0.7862149532710281 0.3094660194174757 0.07242990654205607 0.06553398058252427
3.0 0.8002336448598131 0.3470873786407767 0.06775700934579439 0.06310679611650485
3.0 0.8294392523364486 0.39563106796116504 0.056074766355140186 0.05825242718446602
9.0 0.9369158878504673 0.49271844660194175 0.004672897196261682 0.014563106796116505
3.0 0.9369158878504673 0.529126213592233 0.018691588785046728 0.038834951456310676
3.0 0.9544392523364486 0.5679611650485437 0.016355140186915886 0.038834951456310676
3.0 0.11448598130841121 0.20631067961165048 0.014018691588785047 0.019417475728155338
3.0 0.1366822429906542 0.17718446601941748 0.011682242990654205 0.014563106796116505
3.0 0.29906542056074764 0.06432038834951456 0.014018691588785047 0.007281553398058253
3.0 0.2546728971962617 0.0825242718446602 0.014018691588785047 0.009708737864077669
0.0 0.25817757009345793 0.0825242718446602 0.007009345794392523 0.0048543689320388345
0.0 0.2616822429906542 0.08009708737864078 0.004672897196261682 0.0048543689320388345
3.0 0.25 0.08737864077669903 0.014018691588785047 0.009708737864077669
3.0 0.2371495327102804 0.09951456310679611 0.016355140186915886 0.014563106796116505
3.0 0.2266355140186916 0.11286407766990292 0.018691588785046728 0.01699029126213592
3.0 0.21728971962616822 0.12257281553398058 0.018691588785046728 0.01699029126213592
3.0 0.20794392523364486 0.13713592233009708 0.02336448598130841 0.021844660194174758
4.0 0.22546728971962618 0.1407766990291262 0.02570093457943925 0.024271844660194174
4.0 0.14953271028037382 0.18689320388349515 0.028037383177570093 0.02912621359223301
3.0 0.15070093457943926 0.23786407766990292 0.02570093457943925 0.038834951456310676
2.0 0.1425233644859813 0.2609223300970874 0.014018691588785047 0.01699029126213592
3.0 0.13200934579439252 0.2949029126213592 0.02570093457943925 0.04611650485436893
3.0 0.11448598130841121 0.3907766990291262 0.03271028037383177 0.06796116504854369
4.0 0.09579439252336448 0.32645631067961167 0.018691588785046728 0.04611650485436893
4.0 0.08060747663551401 0.3883495145631068 0.016355140186915886 0.04854368932038835
4.0 0.07476635514018691 0.42718446601941745 0.014018691588785047 0.05339805825242718
4.0 0.07242990654205607 0.4684466019417476 0.009345794392523364 0.05825242718446602
3.0 0.07126168224299065 0.5266990291262136 0.011682242990654205 0.05825242718446602
6.0 0.08995327102803738 0.46359223300970875 0.007009345794392523 0.019417475728155338
0.0 0.09345794392523364 0.5740291262135923 0.009345794392523364 0.03155339805825243
2.0 0.08995327102803738 0.5728155339805825 0.011682242990654205 0.019417475728155338
2.0 0.10046728971962617 0.5266990291262136 0.014018691588785047 0.019417475728155338
4.0 0.10630841121495327 0.4696601941747573 0.02102803738317757 0.0703883495145631
3.0 0.1133177570093458 0.5521844660194175 0.035046728971962614 0.08009708737864078
9.0 0.10747663551401869 0.7148058252427184 0.014018691588785047 0.03155339805825243
4.0 0.11682242990654206 0.6322815533980582 0.056074766355140186 0.07524271844660194
9.0 0.15186915887850466 0.5934466019417476 0.014018691588785047 0.0412621359223301
1.0 0.15070093457943926 0.5898058252427184 0.011682242990654205 0.03398058252427184
3.0 0.14602803738317757 0.7233009708737864 0.04906542056074766 0.09223300970873786
3.0 0.18808411214953272 0.712378640776699 0.053738317757009345 0.08980582524271845
9.0 0.1647196261682243 0.7038834951456311 0.02102803738317757 0.02912621359223301
1.0 0.16355140186915887 0.7014563106796117 0.014018691588785047 0.024271844660194174
9.0 0.12850467289719625 0.7633495145631068 0.018691588785046728 0.02669902912621359
3.0 0.1985981308411215 0.8179611650485437 0.07009345794392523 0.07281553398058252
3.0 0.23014018691588786 0.8628640776699029 0.0911214953271028 0.08009708737864078
3.0 0.14719626168224298 0.8033980582524272 0.0514018691588785 0.07281553398058252
9.0 0.17406542056074767 0.8434466019417476 0.016355140186915886 0.021844660194174758
0.0 0.21495327102803738 0.8810679611650486 0.018691588785046728 0.019417475728155338
0.0 0.25350467289719625 0.9150485436893204 0.02102803738317757 0.014563106796116505
3.0 0.2757009345794392 0.9235436893203883 0.08878504672897196 0.06067961165048544
2.0 0.35397196261682246 0.7718446601941747 0.04906542056074766 0.02912621359223301
0.0 0.35046728971962615 0.7609223300970874 0.02336448598130841 0.03155339805825243
2.0 0.7301401869158879 0.6990291262135923 0.0397196261682243 0.038834951456310676
2.0 0.7488317757009346 0.6905339805825242 0.02570093457943925 0.0412621359223301
0.0 0.6436915887850467 0.8495145631067961 0.02102803738317757 0.019417475728155338
3.0 0.6565420560747663 0.0825242718446602 0.04672897196261682 0.019417475728155338
2.0 0.8679906542056075 0.6371359223300971 0.02102803738317757 0.03155339805825243
3.0 0.8703271028037384 0.6735436893203883 0.053738317757009345 0.06553398058252427
3.0 0.8539719626168224 0.7087378640776699 0.053738317757009345 0.06310679611650485
3.0 0.9532710280373832 0.616504854368932 0.018691588785046728 0.043689320388349516
2.0 0.7289719626168224 0.9259708737864077 0.02336448598130841 0.01699029126213592
2.0 0.7102803738317757 0.9393203883495146 0.02336448598130841 0.014563106796116505
2.0 0.7535046728971962 0.9211165048543689 0.02102803738317757 0.01699029126213592
3.0 0.8002336448598131 0.8725728155339806 0.06775700934579439 0.055825242718446605
3.0 0.8516355140186916 0.8203883495145631 0.04906542056074766 0.06310679611650485
3.0 0.7932242990654206 0.8859223300970874 0.07710280373831775 0.05825242718446602
3.0 0.8574766355140186 0.8313106796116505 0.04672897196261682 0.055825242718446605
4.0 0.8995327102803738 0.7669902912621359 0.04672897196261682 0.06310679611650485
4.0 0.9299065420560748 0.7172330097087378 0.03271028037383177 0.06067961165048544
3.0 0.9404205607476636 0.7026699029126213 0.02570093457943925 0.050970873786407765
3.0 0.9532710280373832 0.6820388349514563 0.02336448598130841 0.05825242718446602
3.0 0.9334112149532711 0.7305825242718447 0.035046728971962614 0.06310679611650485
3.0 0.8925233644859814 0.7864077669902912 0.04205607476635514 0.05339805825242718
3.0 0.8913551401869159 0.7985436893203883 0.04439252336448598 0.05339805825242718
3.0 0.9485981308411215 0.7075242718446602 0.02336448598130841 0.04611650485436893
3.0 0.9614485981308412 0.6699029126213593 0.02102803738317757 0.05339805825242718
3.0 0.9672897196261683 0.6601941747572816 0.018691588785046728 0.04854368932038835
3.0 0.9731308411214953 0.6480582524271845 0.016355140186915886 0.043689320388349516
3.0 0.9801401869158879 0.6359223300970874 0.011682242990654205 0.043689320388349516
3.0 0.9544392523364486 0.7172330097087378 0.016355140186915886 0.03640776699029126
3.0 0.9369158878504673 0.7487864077669902 0.028037383177570093 0.04611650485436893
3.0 0.9042056074766355 0.8070388349514563 0.04205607476635514 0.06067961165048544
3.0 0.9170560747663551 0.7900485436893204 0.035046728971962614 0.055825242718446605
3.0 0.8785046728971962 0.8349514563106796 0.04205607476635514 0.04854368932038835
3.0 0.8785046728971962 0.8410194174757282 0.037383177570093455 0.0412621359223301
0.0 0.8586448598130841 0.845873786407767 0.011682242990654205 0.012135922330097087
0.0 0.8586448598130841 0.8495145631067961 0.011682242990654205 0.014563106796116505
0.0 0.8656542056074766 0.8410194174757282 0.011682242990654205 0.012135922330097087
3.0 0.8434579439252337 0.13228155339805825 0.014018691588785047 0.012135922330097087
3.0 0.8901869158878505 0.17233009708737865 0.009345794392523364 0.009708737864077669
3.0 0.9030373831775701 0.18689320388349515 0.007009345794392523 0.009708737864077669
3.0 0.9123831775700935 0.1966019417475728 0.007009345794392523 0.009708737864077669
8.0 0.8726635514018691 0.1553398058252427 0.02570093457943925 0.024271844660194174
