3.0 0.14950980392156862 0.16988950276243095 0.004901960784313725 0.008287292817679558
3.0 0.1556372549019608 0.16574585635359115 0.0024509803921568627 0.0055248618784530384
3.0 0.0784313725490196 0.5814917127071824 0.00980392156862745 0.013812154696132596
3.0 0.08088235294117647 0.5704419889502762 0.00980392156862745 0.013812154696132596
3.0 0.08455882352941177 0.5607734806629834 0.007352941176470588 0.011049723756906077
3.0 0.08823529411764706 0.5497237569060773 0.00980392156862745 0.011049723756906077
3.0 0.06004901960784314 0.6505524861878453 0.007352941176470588 0.013812154696132596
3.0 0.061274509803921566 0.6325966850828729 0.004901960784313725 0.011049723756906077
3.0 0.05514705882352941 0.664364640883978 0.007352941176470588 0.013812154696132596
3.0 0.05514705882352941 0.6740331491712708 0.007352941176470588 0.016574585635359115
3.0 0.08333333333333333 0.7237569060773481 0.00980392156862745 0.016574585635359115
3.0 0.08088235294117647 0.7417127071823204 0.00980392156862745 0.013812154696132596
3.0 0.15073529411764705 0.7790055248618785 0.01715686274509804 0.022099447513812154
3.0 0.15441176470588236 0.7776243093922652 0.0196078431372549 0.024861878453038673
3.0 0.16053921568627452 0.7665745856353591 0.01715686274509804 0.024861878453038673
3.0 0.08088235294117647 0.7279005524861878 0.00980392156862745 0.013812154696132596
3.0 0.08088235294117647 0.7334254143646409 0.00980392156862745 0.013812154696132596
3.0 0.07598039215686274 0.75 0.00980392156862745 0.019337016574585635
4.0 0.15808823529411764 0.7720994475138122 0.01715686274509804 0.024861878453038673
3.0 0.056372549019607844 0.7665745856353591 0.00980392156862745 0.013812154696132596
3.0 0.11151960784313726 0.8383977900552486 0.012254901960784314 0.013812154696132596
4.0 0.32230392156862747 0.03038674033149171 0.012254901960784314 0.0055248618784530384
5.0 0.33088235294117646 0.031767955801104975 0.014705882352941176 0.008287292817679558
3.0 0.34558823529411764 0.027624309392265192 0.00980392156862745 0.0055248618784530384
3.0 0.4019607843137255 0.012430939226519336 0.00980392156862745 0.0027624309392265192
8.0 0.33700980392156865 0.04558011049723757 0.03676470588235294 0.019337016574585635
8.0 0.5281862745098039 0.020718232044198894 0.02696078431372549 0.008287292817679558
8.0 0.5551470588235294 0.016574585635359115 0.02696078431372549 0.011049723756906077
3.0 0.5245098039215687 0.012430939226519336 0.00980392156862745 0.0027624309392265192
3.0 0.5098039215686274 0.03038674033149171 0.00980392156862745 0.0055248618784530384
3.0 0.5196078431372549 0.03729281767955801 0.014705882352941176 0.0027624309392265192
3.0 0.5245098039215687 0.03591160220994475 0.014705882352941176 0.0055248618784530384
3.0 0.5294117647058824 0.034530386740331494 0.014705882352941176 0.0027624309392265192
3.0 0.3872549019607843 0.04143646408839779 0.00980392156862745 0.0055248618784530384
3.0 0.35294117647058826 0.024861878453038673 0.00980392156862745 0.0055248618784530384
4.0 0.35784313725490197 0.023480662983425413 0.00980392156862745 0.0027624309392265192
3.0 0.3627450980392157 0.020718232044198894 0.00980392156862745 0.0027624309392265192
3.0 0.36887254901960786 0.017955801104972375 0.007352941176470588 0.0027624309392265192
4.0 0.3737745098039216 0.013812154696132596 0.012254901960784314 0.0055248618784530384
4.0 0.3860294117647059 0.017955801104972375 0.007352941176470588 0.0027624309392265192
4.0 0.3762254901960784 0.022099447513812154 0.012254901960784314 0.0055248618784530384
4.0 0.4117647058823529 0.012430939226519336 0.00980392156862745 0.0027624309392265192
4.0 0.3872549019607843 0.020718232044198894 0.004901960784313725 0.0027624309392265192
4.0 0.40931372549019607 0.019337016574585635 0.00980392156862745 0.0055248618784530384
3.0 0.41421568627450983 0.019337016574585635 0.00980392156862745 0.0055248618784530384
3.0 0.39828431372549017 0.015193370165745856 0.007352941176470588 0.0027624309392265192
3.0 0.3909313725490196 0.017955801104972375 0.007352941176470588 0.0027624309392265192
3.0 0.38112745098039214 0.020718232044198894 0.007352941176470588 0.0027624309392265192
3.0 0.39338235294117646 0.019337016574585635 0.007352941176470588 0.0055248618784530384
3.0 0.39828431372549017 0.019337016574585635 0.007352941176470588 0.0055248618784530384
4.0 0.4105392156862745 0.017955801104972375 0.007352941176470588 0.0027624309392265192
3.0 0.4056372549019608 0.012430939226519336 0.007352941176470588 0.0027624309392265192
3.0 0.39828431372549017 0.016574585635359115 0.007352941176470588 0.0055248618784530384
3.0 0.40808823529411764 0.015193370165745856 0.007352941176470588 0.0027624309392265192
3.0 0.42769607843137253 0.017955801104972375 0.007352941176470588 0.0027624309392265192
3.0 0.4215686274509804 0.017955801104972375 0.004901960784313725 0.0027624309392265192
4.0 0.43014705882352944 0.015193370165745856 0.007352941176470588 0.0027624309392265192
3.0 0.42401960784313725 0.015193370165745856 0.00980392156862745 0.0027624309392265192
4.0 0.3492647058823529 0.9461325966850829 0.02696078431372549 0.019337016574585635
3.0 0.33700980392156865 0.9392265193370166 0.02696078431372549 0.016574585635359115
4.0 0.44362745098039214 0.9558011049723757 0.024509803921568627 0.011049723756906077
3.0 0.4877450980392157 0.9558011049723757 0.024509803921568627 0.011049723756906077
3.0 0.47549019607843135 0.9516574585635359 0.024509803921568627 0.013812154696132596
4.0 0.5024509803921569 0.9447513812154696 0.03431372549019608 0.011049723756906077
3.0 0.5367647058823529 0.962707182320442 0.024509803921568627 0.013812154696132596
4.0 0.36887254901960786 0.9585635359116023 0.02696078431372549 0.016574585635359115
4.0 0.38357843137254904 0.9640883977900553 0.02696078431372549 0.016574585635359115
3.0 0.3958333333333333 0.9696132596685083 0.022058823529411766 0.011049723756906077
3.0 0.4105392156862745 0.9751381215469613 0.02696078431372549 0.011049723756906077
4.0 0.4387254901960784 0.9834254143646409 0.024509803921568627 0.011049723756906077
3.0 0.45465686274509803 0.9875690607734806 0.022058823529411766 0.008287292817679558
4.0 0.3492647058823529 0.43922651933701656 0.031862745098039214 0.027624309392265192
4.0 0.3088235294117647 0.494475138121547 0.029411764705882353 0.027624309392265192
3.0 0.2806372549019608 0.5345303867403315 0.02696078431372549 0.03038674033149171
3.0 0.27450980392156865 0.5511049723756906 0.024509803921568627 0.024861878453038673
3.0 0.26838235294117646 0.5607734806629834 0.022058823529411766 0.027624309392265192
3.0 0.28921568627450983 0.5234806629834254 0.024509803921568627 0.024861878453038673
3.0 0.3002450980392157 0.511049723756906 0.031862745098039214 0.022099447513812154
3.0 0.3174019607843137 0.48204419889502764 0.031862745098039214 0.03038674033149171
3.0 0.3284313725490196 0.4654696132596685 0.03431372549019608 0.024861878453038673
3.0 0.3382352941176471 0.4544198895027624 0.029411764705882353 0.024861878453038673
3.0 0.30514705882352944 0.664364640883978 0.031862745098039214 0.03591160220994475
3.0 0.3602941176470588 0.6919889502762431 0.024509803921568627 0.03038674033149171
3.0 0.41544117647058826 0.7237569060773481 0.031862745098039214 0.03314917127071823
3.0 0.42034313725490197 0.6837016574585635 0.031862745098039214 0.03038674033149171
3.0 0.38480392156862747 0.6629834254143646 0.03431372549019608 0.03314917127071823
3.0 0.3321078431372549 0.7596685082872928 0.02696078431372549 0.027624309392265192
4.0 0.3394607843137255 0.680939226519337 0.02696078431372549 0.03591160220994475
4.0 0.3247549019607843 0.6712707182320442 0.031862745098039214 0.03867403314917127
3.0 0.28799019607843135 0.6533149171270718 0.022058823529411766 0.03038674033149171
3.0 0.3627450980392157 0.6519337016574586 0.024509803921568627 0.027624309392265192
3.0 0.29901960784313725 0.7403314917127072 0.024509803921568627 0.03314917127071823
3.0 0.3174019607843137 0.7817679558011049 0.02696078431372549 0.027624309392265192
4.0 0.35661764705882354 0.8535911602209945 0.031862745098039214 0.027624309392265192
4.0 0.36642156862745096 0.7817679558011049 0.031862745098039214 0.027624309392265192
4.0 0.34681372549019607 0.7983425414364641 0.02696078431372549 0.027624309392265192
4.0 0.3860294117647059 0.7886740331491713 0.031862745098039214 0.024861878453038673
4.0 0.32965686274509803 0.7900552486187845 0.022058823529411766 0.027624309392265192
3.0 0.4007352941176471 0.8273480662983426 0.02696078431372549 0.024861878453038673
3.0 0.38235294117647056 0.819060773480663 0.03431372549019608 0.03038674033149171
3.0 0.42034313725490197 0.835635359116022 0.031862745098039214 0.024861878453038673
0.0 0.4387254901960784 0.8632596685082873 0.004901960784313725 0.008287292817679558
3.0 0.5821078431372549 0.03314917127071823 0.007352941176470588 0.0055248618784530384
3.0 0.5931372549019608 0.03591160220994475 0.00980392156862745 0.0055248618784530384
3.0 0.5894607843137255 0.022099447513812154 0.012254901960784314 0.0055248618784530384
3.0 0.5943627450980392 0.020718232044198894 0.012254901960784314 0.0027624309392265192
3.0 0.5980392156862745 0.022099447513812154 0.014705882352941176 0.0055248618784530384
3.0 0.6004901960784313 0.020718232044198894 0.014705882352941176 0.0027624309392265192
3.0 0.6029411764705882 0.020718232044198894 0.00980392156862745 0.0027624309392265192
3.0 0.6139705882352942 0.019337016574585635 0.012254901960784314 0.0055248618784530384
5.0 0.5845588235294118 0.012430939226519336 0.01715686274509804 0.008287292817679558
8.0 0.5992647058823529 0.011049723756906077 0.022058823529411766 0.011049723756906077
4.0 0.46691176470588236 0.9903314917127072 0.022058823529411766 0.008287292817679558
3.0 0.4803921568627451 0.9930939226519337 0.0196078431372549 0.008287292817679558
4.0 0.49754901960784315 0.994475138121547 0.0196078431372549 0.0055248618784530384
9.0 0.6151960784313726 0.9475138121546961 0.00980392156862745 0.0055248618784530384
9.0 0.5992647058823529 0.9461325966850829 0.01715686274509804 0.008287292817679558
9.0 0.5784313725490197 0.9447513812154696 0.00980392156862745 0.0055248618784530384
9.0 0.5612745098039216 0.9433701657458563 0.004901960784313725 0.008287292817679558
9.0 0.46691176470588236 0.9240331491712708 0.007352941176470588 0.008287292817679558
9.0 0.49387254901960786 0.9323204419889503 0.007352941176470588 0.008287292817679558
9.0 0.5061274509803921 0.9337016574585635 0.012254901960784314 0.0055248618784530384
3.0 0.44607843137254904 0.81353591160221 0.029411764705882353 0.019337016574585635
4.0 0.48161764705882354 0.7099447513812155 0.031862745098039214 0.027624309392265192
3.0 0.4742647058823529 0.7486187845303868 0.031862745098039214 0.03314917127071823
3.0 0.49387254901960786 0.7569060773480663 0.02696078431372549 0.027624309392265192
3.0 0.4963235294117647 0.7196132596685083 0.022058823529411766 0.03038674033149171
3.0 0.46078431372549017 0.7016574585635359 0.024509803921568627 0.022099447513812154
3.0 0.44362745098039214 0.6906077348066298 0.029411764705882353 0.027624309392265192
4.0 0.8247549019607843 0.1671270718232044 0.007352941176470588 0.008287292817679558
4.0 0.8713235294117647 0.20303867403314918 0.012254901960784314 0.019337016574585635
4.0 0.8774509803921569 0.20165745856353592 0.00980392156862745 0.016574585635359115
3.0 0.8884803921568627 0.22099447513812154 0.007352941176470588 0.011049723756906077
3.0 0.8982843137254902 0.2541436464088398 0.007352941176470588 0.011049723756906077
4.0 0.9044117647058824 0.27900552486187846 0.004901960784313725 0.011049723756906077
4.0 0.9166666666666666 0.32044198895027626 0.004901960784313725 0.016574585635359115
3.0 0.8921568627450981 0.27071823204419887 0.004901960784313725 0.011049723756906077
5.0 0.8982843137254902 0.24033149171270718 0.012254901960784314 0.022099447513812154
3.0 0.8872549019607843 0.19889502762430938 0.004901960784313725 0.011049723756906077
4.0 0.9093137254901961 0.31767955801104975 0.004901960784313725 0.016574585635359115
5.0 0.8345588235294118 0.1298342541436464 0.012254901960784314 0.011049723756906077
5.0 0.8272058823529411 0.11464088397790055 0.012254901960784314 0.013812154696132596
4.0 0.8112745098039216 0.10082872928176796 0.00980392156862745 0.008287292817679558
4.0 0.8566176470588235 0.1505524861878453 0.007352941176470588 0.008287292817679558
4.0 0.8406862745098039 0.13121546961325967 0.00980392156862745 0.008287292817679558
0.0 0.8370098039215687 0.12016574585635359 0.0024509803921568627 0.0027624309392265192
3.0 0.9031862745098039 0.35911602209944754 0.007352941176470588 0.016574585635359115
5.0 0.9142156862745098 0.35220994475138123 0.00980392156862745 0.024861878453038673
4.0 0.9338235294117647 0.3867403314917127 0.004901960784313725 0.016574585635359115
4.0 0.9313725490196079 0.4240331491712707 0.004901960784313725 0.019337016574585635
4.0 0.9399509803921569 0.4447513812154696 0.0024509803921568627 0.016574585635359115
3.0 0.9093137254901961 0.4074585635359116 0.004901960784313725 0.019337016574585635
3.0 0.9325980392156863 0.494475138121547 0.0024509803921568627 0.016574585635359115
3.0 0.9375 0.49171270718232046 0.0024509803921568627 0.016574585635359115
3.0 0.9215686274509803 0.5069060773480663 0.004901960784313725 0.024861878453038673
3.0 0.946078431372549 0.5400552486187845 0.004901960784313725 0.019337016574585635
4.0 0.9313725490196079 0.5966850828729282 0.004901960784313725 0.027624309392265192
3.0 0.9276960784313726 0.6657458563535912 0.007352941176470588 0.022099447513812154
4.0 0.9142156862745098 0.6933701657458563 0.00980392156862745 0.022099447513812154
3.0 0.9227941176470589 0.6339779005524862 0.007352941176470588 0.024861878453038673
3.0 0.883578431372549 0.8024861878453039 0.012254901960784314 0.019337016574585635
4.0 0.8982843137254902 0.7361878453038674 0.012254901960784314 0.024861878453038673
3.0 0.8627450980392157 0.8577348066298343 0.014705882352941176 0.019337016574585635
4.0 0.875 0.8466850828729282 0.00980392156862745 0.013812154696132596
5.0 0.9019607843137255 0.7955801104972375 0.024509803921568627 0.04419889502762431
3.0 0.9129901960784313 0.7886740331491713 0.012254901960784314 0.019337016574585635
3.0 0.9301470588235294 0.7044198895027625 0.007352941176470588 0.022099447513812154
4.0 0.9240196078431373 0.7113259668508287 0.00980392156862745 0.024861878453038673
4.0 0.9497549019607843 0.537292817679558 0.0024509803921568627 0.024861878453038673
3.0 0.9595588235294118 0.457182320441989 0.0024509803921568627 0.019337016574585635
5.0 0.9583333333333334 0.4171270718232044 0.004901960784313725 0.027624309392265192
4.0 0.9509803921568627 0.3784530386740331 0.004901960784313725 0.016574585635359115
4.0 0.9436274509803921 0.35082872928176795 0.004901960784313725 0.016574585635359115
4.0 0.9325980392156863 0.3052486187845304 0.007352941176470588 0.013812154696132596
4.0 0.8799019607843137 0.16988950276243095 0.004901960784313725 0.008287292817679558
3.0 0.8848039215686274 0.16988950276243095 0.004901960784313725 0.0027624309392265192
3.0 0.8799019607843137 0.16574585635359115 0.004901960784313725 0.0055248618784530384
4.0 0.8946078431372549 0.17541436464088397 0.004901960784313725 0.008287292817679558
4.0 0.9007352941176471 0.18093922651933703 0.012254901960784314 0.013812154696132596
5.0 0.8909313725490197 0.1643646408839779 0.007352941176470588 0.008287292817679558
4.0 0.8921568627450981 0.17679558011049723 0.004901960784313725 0.011049723756906077
4.0 0.9448529411764706 0.2292817679558011 0.0024509803921568627 0.0055248618784530384
4.0 0.9509803921568627 0.23895027624309392 0.004901960784313725 0.013812154696132596
4.0 0.9485294117647058 0.23204419889502761 0.004901960784313725 0.0055248618784530384
3.0 0.9448529411764706 0.22375690607734808 0.0024509803921568627 0.0055248618784530384
3.0 0.9411764705882353 0.2154696132596685 0.0 0.0055248618784530384
0.0 0.9558823529411765 0.31353591160220995 0.0 0.0027624309392265192
0.0 0.9485294117647058 0.2776243093922652 0.0 0.0027624309392265192
0.0 0.9534313725490197 0.31077348066298344 0.0 0.0027624309392265192
0.0 0.9522058823529411 0.2983425414364641 0.0024509803921568627 0.0055248618784530384
