0.0 0.25 0.9278350515463918 0.03431372549019608 0.030927835051546393
0.0 0.2659313725490196 0.9329896907216495 0.03676470588235294 0.030927835051546393
0.0 0.28431372549019607 0.9420103092783505 0.03431372549019608 0.028350515463917526
0.0 0.3088235294117647 0.9561855670103093 0.03431372549019608 0.02577319587628866
0.0 0.29411764705882354 0.9317010309278351 0.0392156862745098 0.03350515463917526
0.0 0.26715686274509803 0.9201030927835051 0.03431372549019608 0.030927835051546393
0.0 0.2512254901960784 0.9110824742268041 0.03676470588235294 0.03350515463917526
0.0 0.2549019607843137 0.8530927835051546 0.03431372549019608 0.041237113402061855
0.0 0.2426470588235294 0.8479381443298969 0.03431372549019608 0.03608247422680412
0.0 0.2855392156862745 0.7925257731958762 0.03676470588235294 0.05412371134020619
0.0 0.25245098039215685 0.6997422680412371 0.024509803921568627 0.05412371134020619
0.0 0.26838235294117646 0.6984536082474226 0.02696078431372549 0.05670103092783505
0.0 0.2855392156862745 0.7126288659793815 0.02696078431372549 0.059278350515463915
0.0 0.20955882352941177 0.6662371134020618 0.022058823529411766 0.05412371134020619
0.0 0.21691176470588236 0.6662371134020618 0.022058823529411766 0.05412371134020619
0.0 0.25735294117647056 0.6095360824742269 0.0196078431372549 0.059278350515463915
0.0 0.2549019607843137 0.5541237113402062 0.0196078431372549 0.05670103092783505
0.0 0.3137254901960784 0.5567010309278351 0.0196078431372549 0.06701030927835051
0.0 0.45955882352941174 0.46005154639175255 0.01715686274509804 0.05412371134020619
0.0 0.27205882352941174 0.44587628865979384 0.014705882352941176 0.05154639175257732
0.0 0.28431372549019607 0.43427835051546393 0.014705882352941176 0.04896907216494845
0.0 0.2610294117647059 0.4265463917525773 0.007352941176470588 0.03865979381443299
0.0 0.2549019607843137 0.40850515463917525 0.00980392156862745 0.03350515463917526
0.0 0.27205882352941174 0.37628865979381443 0.00980392156862745 0.030927835051546393
0.0 0.2696078431372549 0.4059278350515464 0.014705882352941176 0.03865979381443299
0.0 0.2806372549019608 0.3801546391752577 0.012254901960784314 0.03865979381443299
0.0 0.28921568627450983 0.38273195876288657 0.014705882352941176 0.03865979381443299
0.0 0.4742647058823529 0.29896907216494845 0.012254901960784314 0.02577319587628866
0.0 0.4877450980392157 0.27963917525773196 0.014705882352941176 0.028350515463917526
0.0 0.2818627450980392 0.3002577319587629 0.014705882352941176 0.028350515463917526
3.0 0.39950980392156865 0.2551546391752577 0.06372549019607843 0.030927835051546393
0.0 0.5367647058823529 0.25257731958762886 0.00980392156862745 0.020618556701030927
9.0 0.5367647058823529 0.2538659793814433 0.029411764705882353 0.01288659793814433
0.0 0.5465686274509803 0.24742268041237114 0.00980392156862745 0.020618556701030927
0.0 0.11887254901960784 0.34664948453608246 0.007352941176470588 0.01804123711340206
0.0 0.12867647058823528 0.34149484536082475 0.007352941176470588 0.01804123711340206
0.0 0.15318627450980393 0.3286082474226804 0.012254901960784314 0.023195876288659795
0.0 0.1642156862745098 0.3131443298969072 0.00980392156862745 0.023195876288659795
0.0 0.15931372549019607 0.31572164948453607 0.00980392156862745 0.023195876288659795
0.0 0.20710784313725492 0.28737113402061853 0.012254901960784314 0.023195876288659795
9.0 0.5796568627450981 0.24871134020618557 0.02696078431372549 0.023195876288659795
0.0 0.9938725490196079 0.452319587628866 0.0024509803921568627 0.01288659793814433
0.0 0.991421568627451 0.44072164948453607 0.0024509803921568627 0.015463917525773196
0.0 0.9791666666666666 0.42396907216494845 0.0024509803921568627 0.01804123711340206
0.0 0.8958333333333334 0.32603092783505155 0.007352941176470588 0.01804123711340206
4.0 0.7794117647058824 0.19072164948453607 0.014705882352941176 0.015463917525773196
