1.0 0.5526960784313726 0.9252577319587629 0.041666666666666664 0.02577319587628866
2.0 0.5502450980392157 0.9317010309278351 0.08088235294117647 0.028350515463917526
0.0 0.6985294117647058 0.8518041237113402 0.05392156862745098 0.05412371134020619
3.0 0.00857843137254902 0.47036082474226804 0.007352941176470588 0.03350515463917526
0.0 0.04656862745098039 0.42783505154639173 0.004901960784313725 0.02577319587628866
2.0 0.049019607843137254 0.4652061855670103 0.014705882352941176 0.023195876288659795
0.0 0.05024509803921569 0.5979381443298969 0.012254901960784314 0.05154639175257732
1.0 0.03553921568627451 0.5077319587628866 0.0024509803921568627 0.020618556701030927
2.0 0.03676470588235294 0.520618556701031 0.004901960784313725 0.02577319587628866
0.0 0.08455882352941177 0.45489690721649484 0.012254901960784314 0.03865979381443299
0.0 0.16911764705882354 0.5309278350515464 0.014705882352941176 0.05670103092783505
0.0 0.03308823529411765 0.3853092783505155 0.007352941176470588 0.028350515463917526
0.0 0.030637254901960783 0.38273195876288657 0.007352941176470588 0.023195876288659795
0.0 0.36764705882352944 0.7010309278350515 0.03431372549019608 0.07216494845360824
0.0 0.4791666666666667 0.6585051546391752 0.03676470588235294 0.06958762886597938
0.0 0.40931372549019607 0.5322164948453608 0.04411764705882353 0.08505154639175258
0.0 0.5649509803921569 0.4072164948453608 0.02696078431372549 0.061855670103092786
1.0 0.22058823529411764 0.6314432989690721 0.029411764705882353 0.061855670103092786
9.0 0.22058823529411764 0.6417525773195877 0.058823529411764705 0.05670103092783505
0.0 0.8504901960784313 0.7822164948453608 0.03431372549019608 0.05412371134020619
0.0 0.8970588235294118 0.5786082474226805 0.014705882352941176 0.05412371134020619
3.0 0.03431372549019608 0.3234536082474227 0.00980392156862745 0.01804123711340206
3.0 0.031862745098039214 0.3234536082474227 0.00980392156862745 0.01804123711340206
3.0 0.030637254901960783 0.32087628865979384 0.007352941176470588 0.01804123711340206
3.0 0.029411764705882353 0.32087628865979384 0.00980392156862745 0.023195876288659795
