3.0 0.8982843137254902 0.7332474226804123 0.15441176470588236 0.2757731958762887
3.0 0.9828431372549019 0.44329896907216493 0.029411764705882353 0.08247422680412371
3.0 0.17892156862745098 0.3904639175257732 0.1323529411764706 0.15721649484536082
3.0 0.4387254901960784 0.3595360824742268 0.3235294117647059 0.21391752577319587
3.0 0.012254901960784314 0.5399484536082474 0.024509803921568627 0.1056701030927835
2.0 0.03308823529411765 0.615979381443299 0.031862745098039214 0.10824742268041238
3.0 0.006127450980392157 0.4806701030927835 0.012254901960784314 0.06443298969072164
0.0 0.00980392156862745 0.595360824742268 0.014705882352941176 0.07216494845360824
3.0 0.7708333333333334 0.26417525773195877 0.15931372549019607 0.12628865979381443
3.0 0.5821078431372549 0.18943298969072164 0.17401960784313725 0.06958762886597938
3.0 0.38235294117647056 0.1791237113402062 0.16666666666666666 0.06958762886597938
3.0 0.27450980392156865 0.18814432989690721 0.08823529411764706 0.061855670103092786
0.0 0.3431372549019608 0.8672680412371134 0.11274509803921569 0.14175257731958762
0.0 0.40441176470588236 0.8041237113402062 0.11274509803921569 0.16494845360824742
0.0 0.5098039215686274 0.8311855670103093 0.09313725490196079 0.13144329896907217
0.0 0.6286764705882353 0.8621134020618557 0.10049019607843138 0.1211340206185567
0.0 0.47671568627450983 0.6262886597938144 0.0661764705882353 0.22164948453608246
0.0 0.9325980392156863 0.41881443298969073 0.01715686274509804 0.08505154639175258
0.0 0.946078431372549 0.44072164948453607 0.0196078431372549 0.0979381443298969
3.0 0.9595588235294118 0.3543814432989691 0.041666666666666664 0.07474226804123711
1.0 0.030637254901960783 0.6095360824742269 0.02696078431372549 0.09536082474226804
9.0 0.9325980392156863 0.5399484536082474 0.03676470588235294 0.07989690721649484
1.0 0.9362745098039216 0.5167525773195877 0.014705882352941176 0.10051546391752578
1.0 0.928921568627451 0.5077319587628866 0.014705882352941176 0.11855670103092783
