1.0 0.13848039215686275 0.854381443298969 0.02696078431372549 0.03350515463917526
1.0 0.14460784313725492 0.8556701030927835 0.024509803921568627 0.030927835051546393
1.0 0.11764705882352941 0.7164948453608248 0.024509803921568627 0.04639175257731959
1.0 0.30637254901960786 0.7255154639175257 0.04411764705882353 0.06958762886597938
1.0 0.8296568627450981 0.8041237113402062 0.031862745098039214 0.03608247422680412
1.0 0.616421568627451 0.8595360824742269 0.051470588235294115 0.04896907216494845
1.0 0.16176470588235295 0.5850515463917526 0.0196078431372549 0.05670103092783505
1.0 0.678921568627451 0.08118556701030928 0.004901960784313725 0.002577319587628866
9.0 0.6813725490196079 0.08376288659793814 0.00980392156862745 0.007731958762886598
9.0 0.14950980392156862 0.865979381443299 0.049019607843137254 0.05154639175257732
2.0 0.12377450980392157 0.7332474226804123 0.031862745098039214 0.05412371134020619
2.0 0.1642156862745098 0.6030927835051546 0.024509803921568627 0.05154639175257732
2.0 0.6115196078431373 0.8724226804123711 0.07107843137254902 0.03865979381443299
9.0 0.31004901960784315 0.7512886597938144 0.04656862745098039 0.06443298969072164
7.0 0.821078431372549 0.8221649484536082 0.058823529411764705 0.061855670103092786
0.0 0.6139705882352942 0.8234536082474226 0.031862745098039214 0.05412371134020619
0.0 0.09558823529411764 0.5025773195876289 0.00980392156862745 0.04639175257731959
0.0 0.8590686274509803 0.8002577319587629 0.041666666666666664 0.06443298969072164
0.0 0.8946078431372549 0.7512886597938144 0.029411764705882353 0.059278350515463915
4.0 0.9387254901960784 0.5399484536082474 0.024509803921568627 0.09536082474226804
4.0 0.9558823529411765 0.44329896907216493 0.0196078431372549 0.07731958762886598
3.0 0.9742647058823529 0.47551546391752575 0.012254901960784314 0.059278350515463915
3.0 0.9276960784313726 0.4497422680412371 0.02696078431372549 0.06958762886597938
3.0 0.9387254901960784 0.4072164948453608 0.0196078431372549 0.05154639175257732
3.0 0.678921568627451 0.20103092783505155 0.05392156862745098 0.05154639175257732
3.0 0.9399509803921569 0.3646907216494845 0.022058823529411766 0.059278350515463915
3.0 0.946078431372549 0.2847938144329897 0.00980392156862745 0.01804123711340206
3.0 0.9522058823529411 0.2706185567010309 0.007352941176470588 0.015463917525773196
3.0 0.9583333333333334 0.39304123711340205 0.0196078431372549 0.05412371134020619
3.0 0.9301470588235294 0.3286082474226804 0.022058823529411766 0.03865979381443299
3.0 0.7769607843137255 0.16108247422680413 0.05392156862745098 0.03865979381443299
0.0 0.8296568627450981 0.20876288659793815 0.012254901960784314 0.020618556701030927
0.0 0.7536764705882353 0.14948453608247422 0.012254901960784314 0.015463917525773196
0.0 0.8026960784313726 0.16108247422680413 0.007352941176470588 0.01288659793814433
0.0 0.9534313725490197 0.2654639175257732 0.004901960784313725 0.010309278350515464
3.0 0.9387254901960784 0.24742268041237114 0.004901960784313725 0.010309278350515464
3.0 0.9399509803921569 0.24355670103092783 0.007352941176470588 0.01288659793814433
3.0 0.9252450980392157 0.21778350515463918 0.007352941176470588 0.007731958762886598
4.0 0.7034313725490197 0.06572164948453608 0.00980392156862745 0.007731958762886598
3.0 0.6801470588235294 0.059278350515463915 0.012254901960784314 0.005154639175257732
1.0 0.20098039215686275 0.3917525773195876 0.014705882352941176 0.030927835051546393
0.0 0.24632352941176472 0.33118556701030927 0.022058823529411766 0.05412371134020619
0.0 0.28431372549019607 0.25128865979381443 0.03431372549019608 0.05412371134020619
0.0 0.2549019607843137 0.30412371134020616 0.0196078431372549 0.04639175257731959
3.0 0.025735294117647058 0.375 0.01715686274509804 0.028350515463917526
3.0 0.03431372549019608 0.3595360824742268 0.0196078431372549 0.03350515463917526
3.0 0.0428921568627451 0.3427835051546392 0.022058823529411766 0.03608247422680412
3.0 0.06004901960784314 0.30283505154639173 0.022058823529411766 0.03865979381443299
3.0 0.05759803921568627 0.31958762886597936 0.022058823529411766 0.03608247422680412
3.0 0.07352941176470588 0.2860824742268041 0.0196078431372549 0.030927835051546393
9.0 0.04656862745098039 0.32087628865979384 0.004901960784313725 0.01288659793814433
1.0 0.2193627450980392 0.297680412371134 0.01715686274509804 0.028350515463917526
2.0 0.4068627450980392 0.17525773195876287 0.049019607843137254 0.02577319587628866
2.0 0.42892156862745096 0.1559278350515464 0.03431372549019608 0.023195876288659795
2.0 0.4166666666666667 0.16881443298969073 0.04411764705882353 0.028350515463917526
0.0 0.47794117647058826 0.24484536082474226 0.0196078431372549 0.05154639175257732
0.0 0.4583333333333333 0.15077319587628865 0.00980392156862745 0.01804123711340206
4.0 0.47671568627450983 0.18298969072164947 0.09558823529411764 0.05670103092783505
4.0 0.6188725490196079 0.17654639175257733 0.09558823529411764 0.09020618556701031
3.0 0.6458333333333334 0.11855670103092783 0.051470588235294115 0.030927835051546393
3.0 0.6458333333333334 0.10824742268041238 0.007352941176470588 0.010309278350515464
3.0 0.6041666666666666 0.10824742268041238 0.03676470588235294 0.02577319587628866
3.0 0.616421568627451 0.09922680412371133 0.031862745098039214 0.01804123711340206
3.0 0.5330882352941176 0.1481958762886598 0.0661764705882353 0.04381443298969072
3.0 0.5735294117647058 0.1327319587628866 0.03431372549019608 0.023195876288659795
3.0 0.4963235294117647 0.12371134020618557 0.051470588235294115 0.041237113402061855
3.0 0.5563725490196079 0.12242268041237113 0.08823529411764706 0.028350515463917526
4.0 0.5183823529411765 0.10438144329896908 0.09068627450980392 0.023195876288659795
0.0 0.4583333333333333 0.11082474226804123 0.00980392156862745 0.010309278350515464
3.0 0.4252450980392157 0.10824742268041238 0.04656862745098039 0.015463917525773196
3.0 0.678921568627451 0.06958762886597938 0.00980392156862745 0.005154639175257732
3.0 0.6776960784313726 0.07345360824742268 0.022058823529411766 0.01288659793814433
7.0 0.6605392156862745 0.08376288659793814 0.012254901960784314 0.007731958762886598
0.0 0.6617647058823529 0.08247422680412371 0.00980392156862745 0.010309278350515464
3.0 0.7647058823529411 0.14304123711340205 0.049019607843137254 0.03350515463917526
3.0 0.7634803921568627 0.13917525773195877 0.041666666666666664 0.02577319587628866
3.0 0.7647058823529411 0.13659793814432988 0.0392156862745098 0.02577319587628866
3.0 0.7647058823529411 0.13402061855670103 0.0392156862745098 0.020618556701030927
3.0 0.7610294117647058 0.12757731958762886 0.03676470588235294 0.023195876288659795
3.0 0.7573529411764706 0.12371134020618557 0.0392156862745098 0.02577319587628866
3.0 0.75 0.11597938144329897 0.04411764705882353 0.02577319587628866
5.0 0.6678921568627451 0.06443298969072164 0.01715686274509804 0.010309278350515464
3.0 0.6544117647058824 0.06056701030927835 0.014705882352941176 0.007731958762886598
3.0 0.6409313725490197 0.06443298969072164 0.031862745098039214 0.010309278350515464
3.0 0.6348039215686274 0.06443298969072164 0.029411764705882353 0.010309278350515464
3.0 0.6384803921568627 0.06829896907216494 0.02696078431372549 0.01288659793814433
3.0 0.633578431372549 0.06829896907216494 0.02696078431372549 0.01288659793814433
3.0 0.6274509803921569 0.06958762886597938 0.024509803921568627 0.010309278350515464
0.0 0.7230392156862745 0.09922680412371133 0.00980392156862745 0.007731958762886598
0.0 0.7242647058823529 0.09407216494845361 0.007352941176470588 0.007731958762886598
0.0 0.7120098039215687 0.09020618556701031 0.007352941176470588 0.005154639175257732
0.0 0.6703431372549019 0.07474226804123711 0.007352941176470588 0.010309278350515464
0.0 0.6764705882352942 0.07731958762886598 0.00980392156862745 0.010309278350515464
2.0 0.8517156862745098 0.22293814432989692 0.01715686274509804 0.01804123711340206
