3.0 0.9007352941176471 0.5883977900552486 0.0661764705882353 0.09944751381215469
3.0 0.9852941176470589 0.4903314917127072 0.014705882352941176 0.04696132596685083
3.0 0.22181372549019607 0.3632596685082873 0.11029411764705882 0.10773480662983426
3.0 0.030637254901960783 0.36049723756906077 0.022058823529411766 0.04696132596685083
8.0 0.16176470588235295 0.23895027624309392 0.10294117647058823 0.1132596685082873
4.0 0.16299019607843138 0.7099447513812155 0.0857843137254902 0.09944751381215469
3.0 0.8504901960784313 0.7720994475138122 0.07352941176470588 0.0856353591160221
3.0 0.6703431372549019 0.8024861878453039 0.125 0.0856353591160221
4.0 0.7867647058823529 0.787292817679558 0.10784313725490197 0.10497237569060773
5.0 0.46568627450980393 0.7472375690607734 0.25980392156862747 0.1408839779005525
4.0 0.9485294117647058 0.6657458563535912 0.03431372549019608 0.06629834254143646
3.0 0.03799019607843137 0.31629834254143646 0.02696078431372549 0.058011049723756904
8.0 0.39215686274509803 0.15193370165745856 0.14705882352941177 0.0718232044198895
4.0 0.9178921568627451 0.2596685082872928 0.022058823529411766 0.04419889502762431
3.0 0.9301470588235294 0.2776243093922652 0.01715686274509804 0.03591160220994475
5.0 0.9791666666666666 0.35773480662983426 0.022058823529411766 0.052486187845303865
5.0 0.9730392156862745 0.3287292817679558 0.0196078431372549 0.04419889502762431
5.0 0.9693627450980392 0.31629834254143646 0.022058823529411766 0.04696132596685083
5.0 0.9607843137254902 0.2845303867403315 0.024509803921568627 0.049723756906077346
3.0 0.9644607843137255 0.34392265193370164 0.022058823529411766 0.04143646408839779
3.0 0.9620098039215687 0.3314917127071823 0.01715686274509804 0.03314917127071823
3.0 0.9571078431372549 0.31215469613259667 0.01715686274509804 0.03314917127071823
4.0 0.9546568627450981 0.29972375690607733 0.022058823529411766 0.04143646408839779
3.0 0.9509803921568627 0.2914364640883978 0.014705882352941176 0.03038674033149171
3.0 0.9497549019607843 0.281767955801105 0.01715686274509804 0.027624309392265192
3.0 0.9436274509803921 0.26657458563535913 0.0196078431372549 0.03038674033149171
4.0 0.9411764705882353 0.255524861878453 0.0196078431372549 0.03591160220994475
3.0 0.9093137254901961 0.21823204419889503 0.014705882352941176 0.027624309392265192
3.0 0.8946078431372549 0.21132596685082872 0.0196078431372549 0.03591160220994475
3.0 0.8982843137254902 0.20303867403314918 0.012254901960784314 0.024861878453038673
4.0 0.8872549019607843 0.18922651933701656 0.0196078431372549 0.03038674033149171
3.0 0.8774509803921569 0.18093922651933703 0.014705882352941176 0.024861878453038673
3.0 0.8700980392156863 0.18232044198895028 0.029411764705882353 0.04419889502762431
3.0 0.8553921568627451 0.16988950276243095 0.029411764705882353 0.04143646408839779
3.0 0.7426470588235294 0.06629834254143646 0.0392156862745098 0.027624309392265192
3.0 0.7806372549019608 0.08701657458563536 0.041666666666666664 0.03591160220994475
3.0 0.8296568627450981 0.11602209944751381 0.031862745098039214 0.027624309392265192
3.0 0.8345588235294118 0.12845303867403315 0.031862745098039214 0.03038674033149171
3.0 0.8639705882352942 0.23342541436464087 0.03676470588235294 0.04696132596685083
3.0 0.8578431372549019 0.21961325966850828 0.0392156862745098 0.04696132596685083
3.0 0.8541666666666666 0.20441988950276244 0.041666666666666664 0.049723756906077346
3.0 0.8504901960784313 0.19337016574585636 0.0392156862745098 0.04419889502762431
3.0 0.8455882352941176 0.18093922651933703 0.03431372549019608 0.04143646408839779
3.0 0.8419117647058824 0.16988950276243095 0.041666666666666664 0.04696132596685083
3.0 0.8639705882352942 0.24585635359116023 0.041666666666666664 0.055248618784530384
3.0 0.8394607843137255 0.1574585635359116 0.02696078431372549 0.03314917127071823
3.0 0.8235294117647058 0.14226519337016574 0.029411764705882353 0.03038674033149171
3.0 0.8063725490196079 0.12154696132596685 0.024509803921568627 0.027624309392265192
3.0 0.7867647058823529 0.106353591160221 0.029411764705882353 0.03038674033149171
3.0 0.7622549019607843 0.09944751381215469 0.03431372549019608 0.03314917127071823
3.0 0.8247549019607843 0.21132596685082872 0.04656862745098039 0.052486187845303865
4.0 0.8198529411764706 0.1781767955801105 0.031862745098039214 0.03591160220994475
4.0 0.8615196078431373 0.16574585635359115 0.01715686274509804 0.022099447513812154
4.0 0.8504901960784313 0.15607734806629833 0.0196078431372549 0.024861878453038673
4.0 0.8345588235294118 0.14226519337016574 0.022058823529411766 0.024861878453038673
3.0 0.9240196078431373 0.21961325966850828 0.0196078431372549 0.03038674033149171
4.0 0.9044117647058824 0.19613259668508287 0.024509803921568627 0.03314917127071823
4.0 0.8639705882352942 0.15331491712707182 0.031862745098039214 0.03591160220994475
4.0 0.8651960784313726 0.1505524861878453 0.029411764705882353 0.03591160220994475
4.0 0.8553921568627451 0.13535911602209943 0.029411764705882353 0.03314917127071823
3.0 0.9007352941176471 0.1878453038674033 0.02696078431372549 0.03314917127071823
3.0 0.8970588235294118 0.17955801104972377 0.0196078431372549 0.027624309392265192
3.0 0.9203431372549019 0.21132596685082872 0.01715686274509804 0.024861878453038673
3.0 0.9166666666666666 0.20165745856353592 0.0196078431372549 0.03314917127071823
3.0 0.9117647058823529 0.18922651933701656 0.0196078431372549 0.024861878453038673
3.0 0.8909313725490197 0.1671270718232044 0.022058823529411766 0.024861878453038673
3.0 0.9546568627450981 0.2610497237569061 0.012254901960784314 0.024861878453038673
3.0 0.9497549019607843 0.2513812154696133 0.01715686274509804 0.027624309392265192
3.0 0.9424019607843137 0.23204419889502761 0.01715686274509804 0.027624309392265192
3.0 0.9325980392156863 0.2085635359116022 0.01715686274509804 0.024861878453038673
3.0 0.9473039215686274 0.23204419889502761 0.012254901960784314 0.022099447513812154
0.0 0.6862745098039216 0.9019337016574586 0.03431372549019608 0.024861878453038673
0.0 0.8970588235294118 0.8038674033149171 0.0196078431372549 0.03314917127071823
0.0 0.02696078431372549 0.5870165745856354 0.004901960784313725 0.019337016574585635
0.0 0.0196078431372549 0.6243093922651933 0.004901960784313725 0.022099447513812154
0.0 0.006127450980392157 0.5428176795580111 0.0024509803921568627 0.019337016574585635
0.0 0.8321078431372549 0.7223756906077348 0.01715686274509804 0.03038674033149171
0.0 0.15441176470588236 0.7251381215469613 0.024509803921568627 0.04143646408839779
3.0 0.2769607843137255 0.7002762430939227 0.12745098039215685 0.1132596685082873
3.0 0.9497549019607843 0.35773480662983426 0.01715686274509804 0.04696132596685083
3.0 0.8247549019607843 0.19613259668508287 0.041666666666666664 0.04419889502762431
3.0 0.741421568627451 0.058011049723756904 0.041666666666666664 0.027624309392265192
3.0 0.9411764705882353 0.23066298342541436 0.014705882352941176 0.024861878453038673
0.0 0.9595588235294118 0.7292817679558011 0.007352941176470588 0.022099447513812154
