3.0 0.5330882352941176 0.9419889502762431 0.12009803921568628 0.027624309392265192
3.0 0.7928921568627451 0.8149171270718232 0.061274509803921566 0.09392265193370165
3.0 0.8762254901960784 0.68646408839779 0.061274509803921566 0.11878453038674033
3.0 0.8933823529411765 0.39088397790055246 0.031862745098039214 0.1132596685082873
3.0 0.7377450980392157 0.8080110497237569 0.09803921568627451 0.06906077348066299
3.0 0.7463235294117647 0.7320441988950276 0.12990196078431374 0.09944751381215469
3.0 0.7769607843137255 0.6546961325966851 0.09313725490196079 0.07734806629834254
3.0 0.7818627450980392 0.5511049723756906 0.09803921568627451 0.07458563535911603
3.0 0.7855392156862745 0.45027624309392267 0.09558823529411764 0.0718232044198895
3.0 0.7769607843137255 0.35220994475138123 0.09803921568627451 0.08011049723756906
3.0 0.7708333333333334 0.281767955801105 0.09558823529411764 0.08287292817679558
3.0 0.7438725490196079 0.21823204419889503 0.10049019607843138 0.07734806629834254
3.0 0.5563725490196079 0.10220994475138122 0.12745098039215685 0.049723756906077346
3.0 0.6776960784313726 0.058011049723756904 0.09558823529411764 0.049723756906077346
3.0 0.6605392156862745 0.03591160220994475 0.09068627450980392 0.03867403314917127
4.0 0.8308823529411765 0.16160220994475138 0.049019607843137254 0.07458563535911603
4.0 0.7389705882352942 0.17403314917127072 0.09558823529411764 0.06629834254143646
4.0 0.15931372549019607 0.1408839779005525 0.049019607843137254 0.0718232044198895
5.0 0.7083333333333334 0.1270718232044199 0.1323529411764706 0.08287292817679558
3.0 0.5661764705882353 0.2886740331491713 0.18627450980392157 0.09116022099447514
3.0 0.5857843137254902 0.4129834254143646 0.1715686274509804 0.09668508287292818
3.0 0.5833333333333334 0.5607734806629834 0.18137254901960784 0.08287292817679558
3.0 0.5698529411764706 0.7790055248618785 0.15441176470588236 0.0718232044198895
4.0 0.5588235294117647 0.8439226519337016 0.11764705882352941 0.04696132596685083
8.0 0.26715686274509803 0.669889502762431 0.12745098039215685 0.3674033149171271
3.0 0.12745098039215685 0.8038674033149171 0.04411764705882353 0.07734806629834254
3.0 0.09803921568627451 0.7196132596685083 0.0392156862745098 0.09116022099447514
3.0 0.07598039215686274 0.6077348066298343 0.029411764705882353 0.10497237569060773
3.0 0.07230392156862746 0.46408839779005523 0.01715686274509804 0.09944751381215469
3.0 0.08700980392156862 0.3301104972375691 0.031862745098039214 0.09668508287292818
5.0 0.11887254901960784 0.22790055248618785 0.056372549019607844 0.10773480662983426
3.0 0.15931372549019607 0.8729281767955801 0.0392156862745098 0.049723756906077346
9.0 0.4166666666666667 0.04834254143646409 0.024509803921568627 0.024861878453038673
1.0 0.4178921568627451 0.04834254143646409 0.022058823529411766 0.013812154696132596
0.0 0.7855392156862745 0.10911602209944751 0.01715686274509804 0.019337016574585635
0.0 0.9044117647058824 0.6077348066298343 0.00980392156862745 0.022099447513812154
0.0 0.9227941176470589 0.5773480662983426 0.007352941176470588 0.016574585635359115
0.0 0.7781862745098039 0.1408839779005525 0.01715686274509804 0.016574585635359115
0.0 0.5551470588235294 0.9806629834254144 0.01715686274509804 0.011049723756906077
0.0 0.8357843137254902 0.8439226519337016 0.014705882352941176 0.013812154696132596
0.0 0.9215686274509803 0.6104972375690608 0.004901960784313725 0.016574585635359115
