5.0 0.31985294117647056 0.9355670103092784 0.10049019607843138 0.07731958762886598
5.0 0.3382352941176471 0.44458762886597936 0.0784313725490196 0.16237113402061856
5.0 0.5637254901960784 0.03479381443298969 0.05392156862745098 0.01288659793814433
5.0 0.5134803921568627 0.02190721649484536 0.01715686274509804 0.007731958762886598
9.0 0.6678921568627451 0.9510309278350515 0.03676470588235294 0.015463917525773196
9.0 0.7022058823529411 0.7306701030927835 0.056372549019607844 0.04381443298969072
9.0 0.7316176470588235 0.5837628865979382 0.041666666666666664 0.04896907216494845
9.0 0.2965686274509804 0.7280927835051546 0.0196078431372549 0.04381443298969072
9.0 0.42769607843137253 0.059278350515463915 0.01715686274509804 0.005154639175257732
9.0 0.21323529411764705 0.125 0.014705882352941176 0.01288659793814433
9.0 0.17524509803921567 0.15077319587628865 0.012254901960784314 0.01288659793814433
9.0 0.4730392156862745 0.019329896907216496 0.004901960784313725 0.002577319587628866
3.0 0.6715686274509803 0.6172680412371134 0.06372549019607843 0.11597938144329897
3.0 0.27328431372549017 0.39690721649484534 0.04656862745098039 0.09278350515463918
3.0 0.6127450980392157 0.2603092783505155 0.08333333333333333 0.061855670103092786
3.0 0.6066176470588235 0.32216494845360827 0.056372549019607844 0.08762886597938144
3.0 0.6041666666666666 0.06056701030927835 0.03676470588235294 0.01288659793814433
3.0 0.6041666666666666 0.05670103092783505 0.031862745098039214 0.010309278350515464
3.0 0.6311274509803921 0.06572164948453608 0.022058823529411766 0.01288659793814433
3.0 0.6678921568627451 0.07345360824742268 0.03676470588235294 0.01804123711340206
3.0 0.6580882352941176 0.061855670103092786 0.03676470588235294 0.015463917525773196
3.0 0.6568627450980392 0.059278350515463915 0.03431372549019608 0.015463917525773196
3.0 0.6531862745098039 0.055412371134020616 0.031862745098039214 0.01288659793814433
3.0 0.6458333333333334 0.05025773195876289 0.031862745098039214 0.01288659793814433
3.0 0.6421568627450981 0.04896907216494845 0.029411764705882353 0.010309278350515464
3.0 0.6360294117647058 0.045103092783505154 0.031862745098039214 0.01288659793814433
0.0 0.49754901960784315 0.028350515463917526 0.014705882352941176 0.005154639175257732
3.0 0.6715686274509803 0.04896907216494845 0.014705882352941176 0.010309278350515464
3.0 0.6470588235294118 0.03221649484536082 0.014705882352941176 0.007731958762886598
3.0 0.6311274509803921 0.020618556701030927 0.012254901960784314 0.005154639175257732
3.0 0.6041666666666666 0.020618556701030927 0.022058823529411766 0.005154639175257732
3.0 0.6151960784313726 0.027061855670103094 0.024509803921568627 0.007731958762886598
3.0 0.6213235294117647 0.030927835051546393 0.02696078431372549 0.010309278350515464
3.0 0.6200980392156863 0.03221649484536082 0.024509803921568627 0.007731958762886598
3.0 0.9424019607843137 0.2654639175257732 0.012254901960784314 0.020618556701030927
3.0 0.9522058823529411 0.2770618556701031 0.012254901960784314 0.01804123711340206
4.0 0.9252450980392157 0.24484536082474226 0.01715686274509804 0.02577319587628866
4.0 0.9632352941176471 0.28865979381443296 0.00980392156862745 0.020618556701030927
3.0 0.06495098039215687 0.7770618556701031 0.022058823529411766 0.03865979381443299
3.0 0.04656862745098039 0.7319587628865979 0.024509803921568627 0.041237113402061855
3.0 0.04044117647058824 0.7087628865979382 0.02696078431372549 0.04639175257731959
3.0 0.031862745098039214 0.5231958762886598 0.014705882352941176 0.030927835051546393
3.0 0.041666666666666664 0.38402061855670105 0.014705882352941176 0.03608247422680412
3.0 0.10416666666666667 0.19845360824742267 0.01715686274509804 0.020618556701030927
3.0 0.2193627450980392 0.08634020618556701 0.01715686274509804 0.01288659793814433
3.0 0.14705882352941177 0.13788659793814434 0.0196078431372549 0.01804123711340206
4.0 0.20833333333333334 0.09407216494845361 0.014705882352941176 0.01288659793814433
0.0 0.12377450980392157 0.16237113402061856 0.007352941176470588 0.010309278350515464
0.0 0.12009803921568628 0.163659793814433 0.004901960784313725 0.007731958762886598
0.0 0.19117647058823528 0.13917525773195877 0.00980392156862745 0.010309278350515464
0.0 0.1875 0.1404639175257732 0.007352941176470588 0.007731958762886598
0.0 0.18382352941176472 0.14432989690721648 0.00980392156862745 0.010309278350515464
1.0 0.17524509803921567 0.14948453608247422 0.007352941176470588 0.010309278350515464
1.0 0.21200980392156862 0.125 0.012254901960784314 0.01288659793814433
0.0 0.6568627450980392 0.17654639175257733 0.0196078431372549 0.023195876288659795
0.0 0.4987745098039216 0.015463917525773196 0.0024509803921568627 0.005154639175257732
0.0 0.47794117647058826 0.003865979381443299 0.004901960784313725 0.002577319587628866
1.0 0.4264705882352941 0.05670103092783505 0.00980392156862745 0.005154639175257732
0.0 0.625 0.3788659793814433 0.0196078431372549 0.041237113402061855
1.0 0.2977941176470588 0.7268041237113402 0.01715686274509804 0.030927835051546393
