     0/199     4.74G   0.06769   0.05265   0.02797    0.1483        76       640    0.5124    0.1704    0.1238   0.04854    0.1074    0.1296   0.02982
     1/199     5.17G   0.05461   0.05676    0.0176     0.129        35       640    0.5645    0.2388    0.2393    0.1005   0.09945    0.1477   0.02833
     2/199     5.17G   0.05163   0.05944   0.01442    0.1255        31       640    0.4136     0.265    0.2329   0.09633   0.09931    0.1471   0.02959
     3/199     5.43G   0.04913   0.05929   0.01254     0.121        34       640    0.4343    0.2928    0.2651     0.122   0.09585    0.1546   0.03157
     4/199     5.57G     0.048   0.05847   0.01124    0.1177        36       640    0.4568    0.3036    0.2828    0.1295   0.09503    0.1582   0.03195
     5/199     5.57G   0.04711   0.05893   0.01049    0.1165        24       640    0.4458    0.3094    0.2859    0.1343   0.09503    0.1584   0.03272
     6/199     5.57G   0.04673   0.05815    0.0101     0.115        26       640    0.4584    0.3197    0.2964    0.1412   0.09433    0.1596   0.03357
     7/199     5.57G   0.04638   0.05754  0.009672    0.1136        15       640    0.4449    0.3216    0.2994    0.1487   0.09394    0.1606   0.03371
     8/199     5.57G    0.0459   0.05658  0.009342    0.1118        29       640    0.4629    0.3084    0.2887     0.137   0.09457    0.1601   0.03413
     9/199     5.57G   0.04562    0.0571  0.009199    0.1119       175       640     0.456      0.31    0.2915    0.1395   0.09515    0.1617   0.03536
    10/199     5.57G   0.04543    0.0571  0.008973    0.1115        93       640    0.4532    0.3271    0.3028    0.1493   0.09392    0.1626   0.03462
    11/199     5.57G   0.04528    0.0563  0.008824    0.1104        18       640    0.4236    0.3295    0.2965    0.1416   0.09453    0.1634   0.03494
    12/199     5.57G   0.04516   0.05528  0.008718    0.1092        25       640    0.4425     0.325    0.2987    0.1444   0.09506    0.1619   0.03541
    13/199     5.57G   0.04486   0.05574  0.008539    0.1091        15       640    0.4292    0.3466    0.3152    0.1531   0.09325    0.1652   0.03558
    14/199     5.57G   0.04481   0.05554  0.008449    0.1088        11       640    0.4587    0.3218    0.3061    0.1475   0.09308    0.1642   0.03561
    15/199     5.57G   0.04437   0.05563  0.008293    0.1083        21       640    0.4721     0.327    0.3096    0.1505   0.09354    0.1639   0.03578
    16/199     5.57G   0.04437   0.05543  0.008123    0.1079        49       640    0.4755    0.3252    0.3088    0.1507   0.09386    0.1631   0.03547
    17/199     5.57G   0.04425   0.05465  0.008154     0.107        47       640    0.4515    0.3382    0.3125    0.1524   0.09331    0.1683    0.0361
    18/199     5.57G   0.04396   0.05466  0.008037    0.1067        51       640    0.4757     0.327    0.3139    0.1532   0.09326    0.1666   0.03585
    19/199     5.57G   0.04376   0.05527  0.007838    0.1069       138       640    0.4598    0.3317    0.3133    0.1544   0.09323    0.1655   0.03624
    20/199     5.57G   0.04367   0.05542  0.007727    0.1068        74       640    0.4511    0.3365    0.3059     0.152    0.0925    0.1658   0.03665
    21/199     5.57G   0.04352   0.05467   0.00762    0.1058        48       640    0.4396    0.3489     0.318    0.1558   0.09278    0.1684   0.03646
    22/199     5.57G   0.04344   0.05418  0.007659    0.1053        23       640    0.4813    0.3385    0.3223    0.1589   0.09293    0.1684   0.03672
    23/199     5.57G   0.04325   0.05486  0.007564    0.1057        84       640    0.4354    0.3511    0.3152    0.1566   0.09276    0.1695   0.03682
    24/199     5.57G   0.04326   0.05387  0.007538    0.1047        52       640    0.4291    0.3542    0.3185    0.1552   0.09307    0.1686   0.03707
    25/199     5.57G   0.04327   0.05384  0.007367    0.1045        46       640    0.4906    0.3297    0.3232    0.1583   0.09194    0.1705   0.03678
    26/199     5.57G   0.04325   0.05487  0.007376    0.1055        16       640    0.4485    0.3365    0.3111    0.1532   0.09265    0.1736    0.0365
    27/199     5.57G   0.04312   0.05437  0.007466     0.105        36       640    0.4799     0.335    0.3192    0.1594    0.0921    0.1717   0.03656
    28/199     5.72G    0.0429   0.05438  0.007295    0.1046        23       640     0.478    0.3344    0.3198      0.16   0.09186    0.1735   0.03697
    29/199     5.72G   0.04288   0.05387   0.00729     0.104         2       640     0.505    0.3228    0.3214    0.1586   0.09248     0.172   0.03695
    30/199     5.72G   0.04264   0.05376  0.007167    0.1036        64       640    0.4641    0.3402    0.3193    0.1585   0.09223    0.1741    0.0368
    31/199     5.73G   0.04255   0.05361  0.007125    0.1033        40       640    0.4702    0.3427    0.3247    0.1622   0.09185    0.1755   0.03696
    32/199     5.73G   0.04243    0.0534   0.00707    0.1029        28       640    0.4895    0.3291    0.3226    0.1604   0.09197    0.1757   0.03688
    33/199     5.73G   0.04269   0.05306  0.007065    0.1028         9       640    0.4855    0.3282    0.3187    0.1601    0.0921    0.1737   0.03704
    34/199     5.73G    0.0424    0.0536  0.006982     0.103        48       640    0.4939     0.331      0.32    0.1639   0.09194    0.1751   0.03639
    35/199     5.73G   0.04226   0.05207  0.006856    0.1012        21       640    0.4922    0.3271    0.3226    0.1619    0.0923     0.177   0.03778
    36/199     5.73G    0.0423   0.05327  0.006848    0.1024        96       640    0.4591    0.3517    0.3252    0.1652   0.09149    0.1743    0.0368
    37/199     5.73G   0.04228   0.05346  0.006938    0.1027        32       640    0.4514    0.3476     0.325    0.1628   0.09223    0.1732   0.03665
    38/199     5.73G   0.04214    0.0526  0.006798    0.1015       126       640    0.4701    0.3359    0.3181    0.1613   0.09166    0.1772    0.0371
    39/199     5.73G     0.042   0.05276  0.006757    0.1015        50       640     0.449    0.3588    0.3265    0.1647   0.09129    0.1779   0.03688
    40/199      5.9G   0.04187   0.05316  0.006686    0.1017        48       640    0.4962    0.3296    0.3217    0.1625   0.09142    0.1801   0.03698
    41/199      5.9G   0.04165   0.05315  0.006647    0.1014        29       640    0.4846    0.3431    0.3291    0.1671    0.0914    0.1777   0.03718
    42/199      5.9G   0.04157   0.05317  0.006551    0.1013        47       640    0.4548    0.3534     0.328    0.1666   0.09113      0.18   0.03689
    43/199      5.9G    0.0416   0.05218   0.00653    0.1003         3       640    0.4764    0.3459      0.33    0.1664   0.09126    0.1806   0.03644
    44/199      5.9G   0.04146    0.0526  0.006484    0.1005        97       640    0.4767    0.3515     0.331    0.1691   0.09091    0.1823   0.03704
    45/199      5.9G   0.04152   0.05216  0.006486    0.1002       172       640    0.4895    0.3423    0.3326      0.17   0.09136    0.1781   0.03695
    46/199      5.9G   0.04154   0.05302   0.00648     0.101        59       640    0.4887    0.3393    0.3292    0.1692   0.09081    0.1789   0.03688
    47/199      5.9G   0.04125   0.05246  0.006365    0.1001       146       640    0.4738    0.3522    0.3311    0.1698   0.09094    0.1811   0.03727
    48/199      5.9G   0.04136    0.0522  0.006429   0.09999        44       640    0.4678    0.3489    0.3311    0.1684   0.09141     0.179   0.03751
    49/199      5.9G   0.04129    0.0527  0.006307    0.1003        74       640    0.4841    0.3431    0.3298    0.1677   0.09111     0.183    0.0372
    50/199      5.9G   0.04117   0.05223  0.006318   0.09971        19       640    0.5013    0.3377    0.3316    0.1699   0.09093    0.1829   0.03662
    51/199      5.9G   0.04113   0.05299  0.006258    0.1004        68       640    0.4668    0.3497    0.3303    0.1682   0.09078    0.1831   0.03721
    52/199      5.9G   0.04113   0.05187  0.006153   0.09916        23       640    0.4904    0.3483    0.3346     0.171   0.09099    0.1824    0.0371
    53/199      5.9G   0.04101    0.0519  0.006187   0.09909        21       640    0.4502     0.369    0.3379    0.1738   0.09054    0.1848   0.03726
    54/199      5.9G   0.04091   0.05116   0.00619   0.09827        39       640    0.4926     0.347    0.3367    0.1729   0.09066    0.1845   0.03677
    55/199      5.9G   0.04086   0.05189  0.006157   0.09891        39       640    0.5003    0.3513    0.3391    0.1724   0.09105    0.1831   0.03717
    56/199      5.9G   0.04106   0.05157  0.006178   0.09881        33       640    0.5156    0.3398    0.3352    0.1714   0.09085    0.1839   0.03651
    57/199      5.9G   0.04075   0.05117  0.006072     0.098        73       640    0.4875    0.3523    0.3374    0.1752   0.09058    0.1849   0.03695
    58/199      5.9G   0.04067   0.05154   0.00599   0.09821        14       640    0.5072    0.3461    0.3401    0.1754   0.09056    0.1867   0.03697
    59/199      5.9G   0.04066   0.05133   0.00607   0.09806         7       640    0.5044    0.3455    0.3372    0.1738   0.09054    0.1857   0.03675
    60/199      5.9G   0.04066     0.051  0.006031    0.0977        14       640    0.4989    0.3406    0.3297    0.1705   0.09093    0.1873    0.0369
    61/199      5.9G   0.04069   0.05071  0.005983   0.09738        76       640    0.4954    0.3422    0.3307    0.1696   0.09062    0.1874   0.03688
    62/199      5.9G   0.04059    0.0512   0.00583   0.09761        32       640    0.4855    0.3454    0.3307    0.1725   0.09013    0.1906   0.03733
    63/199      5.9G    0.0404   0.05159  0.005891   0.09788        91       640    0.4698    0.3522    0.3326    0.1728   0.09048    0.1889   0.03735
    64/199      5.9G   0.04032   0.05087  0.005819   0.09701         7       640    0.5023    0.3382    0.3302    0.1707   0.09028    0.1912   0.03709
    65/199      5.9G    0.0404   0.05072  0.005766   0.09689        41       640    0.4918    0.3466    0.3323    0.1734   0.09012    0.1898   0.03706
    66/199      5.9G    0.0402   0.05058  0.005696   0.09647        70       640    0.4834    0.3494    0.3319    0.1732   0.09009    0.1913    0.0373
    67/199      5.9G   0.04031   0.05021  0.005755   0.09628        60       640    0.5292    0.3317    0.3335    0.1737   0.09021    0.1878   0.03736
    68/199      5.9G   0.04025   0.05029  0.005664   0.09621        82       640    0.4993    0.3482    0.3345     0.175   0.09009    0.1893    0.0372
    69/199      5.9G   0.04024   0.05106  0.005761   0.09706         9       640    0.4913    0.3485    0.3326    0.1735   0.09023    0.1902    0.0371
    70/199      5.9G   0.04002   0.05038   0.00562   0.09602        92       640    0.4809    0.3538    0.3352    0.1753   0.09013    0.1909   0.03716
    71/199      5.9G   0.03993      0.05  0.005652   0.09559        23       640    0.4688    0.3612    0.3371    0.1769   0.08992    0.1923   0.03723
    72/199      5.9G   0.04035   0.05161  0.005694   0.09766       128       640    0.4768    0.3561     0.332    0.1734   0.08991    0.1935   0.03712
    73/199      5.9G   0.03986   0.05015    0.0056    0.0956        49       640    0.4978    0.3445    0.3335    0.1743   0.08971    0.1947   0.03722
    74/199      5.9G   0.03969   0.05025  0.005529   0.09547        46       640    0.4638    0.3591    0.3308    0.1736   0.08946    0.1944   0.03701
    75/199      5.9G   0.03979   0.05029   0.00544   0.09552        43       640    0.4893    0.3473    0.3324    0.1742   0.08955    0.1968   0.03705
    76/199      5.9G   0.03958   0.05012  0.005467   0.09517        36       640    0.4815    0.3527    0.3333    0.1757   0.08984    0.1944   0.03707
    77/199      5.9G   0.03986   0.05033  0.005487   0.09568       126       640    0.5165    0.3421    0.3365    0.1756   0.08997    0.1945    0.0372
    78/199      5.9G    0.0397   0.04985  0.005408   0.09495        13       640    0.5091    0.3405    0.3319    0.1723   0.08983    0.1958   0.03712
    79/199      5.9G   0.03966   0.05099  0.005383   0.09603        18       640    0.4996    0.3477    0.3329    0.1732   0.08951    0.1967   0.03713
    80/199      5.9G   0.03973   0.04969  0.005375   0.09479        97       640    0.4747    0.3548    0.3338    0.1741   0.08926    0.1985    0.0371
    81/199      5.9G   0.03949   0.04903  0.005271   0.09379        34       640    0.4824    0.3554    0.3354    0.1752   0.08908    0.1997   0.03713
    82/199      5.9G   0.03932   0.04973  0.005221   0.09427        73       640    0.4827    0.3536    0.3365    0.1768   0.08894    0.1999   0.03702
    83/199      5.9G    0.0395   0.04982  0.005201   0.09452        91       640    0.5352    0.3358    0.3384    0.1773   0.08879    0.1997   0.03714
    84/199      5.9G   0.03924    0.0501  0.005171   0.09451        59       640    0.5052    0.3466    0.3375    0.1777   0.08856    0.2011    0.0372
    85/199      5.9G   0.03916   0.04966  0.005127   0.09395        22       640    0.4976     0.348    0.3364    0.1772   0.08846    0.2019   0.03712
    86/199      5.9G   0.03917    0.0499  0.005088   0.09416        48       640    0.5022    0.3433    0.3384    0.1777    0.0882    0.2029   0.03725
    87/199      5.9G   0.03916   0.04978  0.005117   0.09406       167       640    0.4997    0.3445    0.3384    0.1771   0.08806    0.2036   0.03733
    88/199      5.9G   0.03929   0.04958  0.005115   0.09398        96       640    0.4995    0.3482    0.3384    0.1775   0.08784    0.2034   0.03741
    89/199      5.9G   0.03928   0.04988  0.005068   0.09422         5       640    0.5055    0.3457    0.3382    0.1769   0.08763    0.2048   0.03749
    90/199      5.9G   0.03918   0.05046  0.005053   0.09469        25       640    0.5131    0.3411    0.3364    0.1759   0.08745    0.2056   0.03748
    91/199      5.9G   0.03896   0.04939  0.004961   0.09331        17       640    0.5064    0.3482    0.3373    0.1775   0.08724    0.2061   0.03757
    92/199      5.9G   0.03894   0.04952  0.004897   0.09336        84       640    0.4616    0.3678    0.3367    0.1772   0.08709    0.2066   0.03782
    93/199      5.9G   0.03912   0.04943  0.004929   0.09349       106       640    0.5019    0.3447    0.3347    0.1758   0.08681    0.2077   0.03806
    94/199      5.9G   0.03914   0.04925  0.004821   0.09321        43       640     0.488    0.3504    0.3321    0.1751   0.08672    0.2078   0.03826
    95/199      5.9G   0.03891   0.04884  0.004739   0.09249       116       640    0.5014    0.3491    0.3348    0.1758   0.08659     0.209   0.03841
    96/199      5.9G    0.0389   0.04966  0.004687   0.09325       178       640     0.514      0.34    0.3333    0.1757   0.08645    0.2098    0.0387
    97/199      5.9G    0.0388    0.0498  0.004638   0.09324        39       640    0.5166    0.3388    0.3351    0.1765    0.0863      0.21   0.03886
    98/199      5.9G   0.03888   0.05008  0.004582   0.09355        79       640    0.5002    0.3468    0.3342    0.1766    0.0862    0.2105   0.03901
    99/199      5.9G   0.03875   0.04999  0.004545   0.09328       130       640    0.5082    0.3426    0.3338    0.1757   0.08621    0.2113   0.03919
   100/199      5.9G   0.03893   0.05033  0.004578   0.09384       108       640    0.4913    0.3518    0.3336    0.1762   0.08619    0.2117   0.03924
   101/199      5.9G   0.03866    0.0494  0.004534    0.0926        40       640     0.494    0.3508    0.3335    0.1767   0.08623    0.2116   0.03927
   102/199      5.9G   0.03858   0.04918  0.004562   0.09233        16       640    0.4891     0.352    0.3342    0.1774   0.08625    0.2119    0.0393
   103/199      5.9G   0.03849   0.04955  0.004437   0.09248        67       640    0.4831    0.3551    0.3341    0.1774   0.08626     0.212   0.03954
   104/199     6.54G   0.03858   0.04946  0.004498   0.09254        84       640    0.4714    0.3604    0.3343    0.1779   0.08625    0.2123    0.0397
   105/199     6.54G   0.03853   0.04882  0.004406   0.09175        22       640    0.4753    0.3616     0.335    0.1773   0.08625    0.2127   0.03974
   106/199     6.54G   0.03855   0.04961  0.004334    0.0925        62       640    0.4895    0.3516    0.3351     0.177   0.08627    0.2131   0.03983
   107/199     6.54G   0.03828   0.04979  0.004294   0.09236        34       640    0.5193    0.3399    0.3362    0.1772   0.08629     0.213   0.03991
   108/199     6.54G   0.03827    0.0491  0.004303   0.09167        29       640    0.5044    0.3452    0.3362    0.1776   0.08632    0.2134   0.03993
   109/199     6.54G   0.03826   0.04933  0.004274   0.09187        21       640    0.5232    0.3396    0.3378    0.1785   0.08628    0.2138    0.0399
   110/199     6.54G    0.0382   0.04919  0.004199   0.09159         3       640    0.5176    0.3427    0.3373    0.1784   0.08623    0.2142   0.03996
   111/199     6.54G   0.03816   0.04851  0.004239   0.09091        17       640    0.5091    0.3454    0.3368    0.1781   0.08619    0.2147   0.03995
   112/199     6.54G   0.03833    0.0488  0.004208   0.09133        20       640    0.5035    0.3498    0.3362    0.1781   0.08621    0.2149   0.04005
   113/199     6.54G   0.03807   0.04903  0.004147   0.09124        66       640    0.4826    0.3567    0.3348    0.1777   0.08623     0.215   0.04013
   114/199     6.54G   0.03808   0.04909   0.00412   0.09129        20       640    0.5002    0.3484    0.3346    0.1772   0.08623    0.2157   0.04024
   115/199     6.54G   0.03813   0.04864  0.004114   0.09088        90       640    0.4926    0.3519    0.3344    0.1771   0.08624    0.2161   0.04033
   116/199     6.54G   0.03803   0.04861  0.004134   0.09077        51       640    0.5146     0.342    0.3344    0.1774   0.08625    0.2168   0.04042
   117/199     6.54G   0.03785    0.0482  0.004045   0.09009       176       640    0.4917    0.3518    0.3333    0.1771   0.08622    0.2176   0.04047
   118/199     6.54G   0.03777    0.0485   0.00404   0.09031       129       640    0.4958    0.3504    0.3338    0.1777    0.0862     0.218   0.04048
   119/199     6.54G   0.03787   0.04871  0.003993   0.09058        16       640    0.5026    0.3471    0.3332    0.1775   0.08622    0.2185   0.04054
   120/199     6.54G    0.0377   0.04862   0.00399    0.0903        27       640    0.4891    0.3527    0.3323    0.1771   0.08622     0.219   0.04057
   121/199     6.54G    0.0377   0.04866  0.003951   0.09031        18       640    0.5396    0.3316    0.3324    0.1774   0.08622    0.2196   0.04058
   122/199     6.54G   0.03755   0.04759  0.003971   0.08912       122       640    0.5074     0.345    0.3331    0.1774   0.08623    0.2201   0.04063
   123/199     6.54G   0.03773   0.04827  0.003958   0.08996        50       640    0.5174    0.3399     0.333    0.1771   0.08621    0.2207   0.04062
   124/199     6.54G   0.03759   0.04805  0.003958    0.0896        24       640    0.5038     0.345    0.3321     0.177   0.08618    0.2213   0.04062
   125/199     6.54G   0.03768   0.04771  0.003932   0.08931        16       640    0.5057    0.3457    0.3316    0.1769   0.08614    0.2217   0.04064
   126/199     6.54G   0.03756   0.04779  0.003868   0.08922        31       640    0.4971    0.3517    0.3313    0.1769   0.08615    0.2222   0.04064
   127/199     6.54G   0.03749   0.04831  0.003872   0.08967        72       640    0.4984    0.3509    0.3318    0.1769   0.08616    0.2225   0.04067
   128/199     6.54G    0.0375   0.04801  0.003814   0.08932        53       640    0.5121    0.3438    0.3312    0.1773   0.08618    0.2227   0.04067
   129/199     6.54G   0.03756   0.04799  0.003835   0.08938        65       640     0.498    0.3486    0.3308    0.1769   0.08618     0.223    0.0407
   130/199     6.54G   0.03751   0.04767  0.003787   0.08896        32       640    0.5217    0.3375    0.3308    0.1768   0.08618    0.2233   0.04074
   131/199     6.54G   0.03745   0.04736  0.003788   0.08859        55       640    0.5307    0.3344    0.3309    0.1767   0.08618    0.2235   0.04081
   132/199     6.54G   0.03726   0.04765  0.003748   0.08866       188       640    0.5165    0.3409     0.332    0.1773   0.08619    0.2237   0.04084
   133/199     6.54G   0.03743   0.04808  0.003751   0.08926        39       640    0.5182      0.34    0.3323    0.1774   0.08618    0.2238   0.04086
   134/199     6.54G   0.03726    0.0474  0.003673   0.08834        12       640    0.5042     0.345    0.3322    0.1775   0.08619    0.2241   0.04088
   135/199     6.54G   0.03716   0.04717  0.003705   0.08803       133       640    0.5083    0.3433    0.3322    0.1778   0.08619    0.2244   0.04092
   136/199     6.54G   0.03712   0.04729  0.003643   0.08805        22       640    0.5127    0.3434    0.3326    0.1778   0.08617    0.2248   0.04094
   137/199     6.54G   0.03702   0.04697  0.003619    0.0876        55       640    0.5094    0.3459    0.3322    0.1775   0.08618    0.2251   0.04097
   138/199     6.54G   0.03708   0.04727  0.003702   0.08806        46       640    0.5078     0.345    0.3318    0.1774    0.0862    0.2253   0.04101
   139/199     6.54G    0.0371   0.04725  0.003657     0.088        32       640    0.4894    0.3519    0.3318    0.1773   0.08621    0.2255   0.04101
   140/199     6.54G   0.03691   0.04737   0.00361   0.08789        78       640    0.4901    0.3501    0.3312    0.1768   0.08623    0.2257   0.04104
   141/199     6.54G    0.0369   0.04663  0.003589   0.08712        27       640    0.4715    0.3591    0.3311    0.1768   0.08622     0.226   0.04107
   142/199     6.54G   0.03698   0.04596  0.003592   0.08653        22       640    0.4758    0.3566    0.3304    0.1763   0.08623    0.2263   0.04108
   143/199     6.54G   0.03684   0.04695  0.003569   0.08736       143       640    0.4865    0.3524    0.3302    0.1763   0.08623    0.2266   0.04111
   144/199     6.54G   0.03678   0.04611  0.003524   0.08642        52       640    0.4937    0.3489      0.33    0.1764   0.08623     0.227   0.04113
   145/199     6.54G   0.03693   0.04613  0.003533    0.0866        49       640    0.4848    0.3532    0.3299    0.1764   0.08623    0.2274   0.04116
   146/199     6.54G   0.03677   0.04667  0.003538   0.08697        34       640    0.4823    0.3545    0.3296    0.1764   0.08623    0.2277   0.04117
   147/199     6.54G    0.0366    0.0462  0.003475   0.08627        21       640    0.4943    0.3486    0.3296    0.1765   0.08623     0.228   0.04119
   148/199     6.54G    0.0367   0.04683  0.003501   0.08703        82       640    0.4839    0.3537    0.3293    0.1764   0.08622    0.2284    0.0412
   149/199     6.54G   0.03666   0.04604  0.003466   0.08617        25       640     0.487    0.3514    0.3291    0.1764   0.08623    0.2287   0.04122
   150/199     6.54G   0.03652   0.04656  0.003411   0.08649        99       640    0.4904    0.3502     0.329    0.1765   0.08623    0.2289   0.04123
   151/199     6.54G   0.03646   0.04617  0.003433   0.08606        95       640    0.5004    0.3464    0.3294    0.1765   0.08625    0.2291   0.04124
   152/199     6.54G   0.03657   0.04636  0.003407   0.08634        69       640     0.499    0.3472    0.3292    0.1764   0.08625    0.2294   0.04127
   153/199     6.54G   0.03638   0.04574  0.003375   0.08549        58       640    0.5012    0.3468    0.3291    0.1764   0.08625    0.2296   0.04128
   154/199     6.54G   0.03653   0.04581  0.003409   0.08574        48       640    0.5015    0.3465     0.329    0.1764   0.08625      0.23   0.04129
   155/199     6.54G   0.03655   0.04602  0.003396   0.08597        89       640     0.509    0.3428     0.329    0.1764   0.08625    0.2302   0.04129
   156/199     6.54G    0.0364   0.04563  0.003347   0.08537        41       640    0.5054    0.3436    0.3291    0.1762   0.08625    0.2305   0.04131
   157/199     6.54G   0.03636    0.0462  0.003329   0.08589        76       640    0.5018    0.3454     0.329    0.1761   0.08625    0.2309   0.04132
   158/199     6.54G   0.03608   0.04604  0.003228   0.08535        56       640    0.4941    0.3487    0.3289     0.176   0.08626    0.2312   0.04134
   159/199     6.54G   0.03621   0.04563  0.003294   0.08514        80       640    0.4936    0.3486    0.3287    0.1758   0.08626    0.2315   0.04135
   160/199     6.54G   0.03602   0.04535  0.003279   0.08465        21       640    0.4945    0.3482    0.3289    0.1758   0.08626    0.2318   0.04136
   161/199     6.54G     0.036   0.04529  0.003251   0.08454        13       640    0.4968    0.3469    0.3286    0.1758   0.08625    0.2321   0.04138
   162/199     6.54G     0.036    0.0451   0.00321   0.08431        15       640    0.4951    0.3473    0.3285    0.1758   0.08626    0.2323   0.04139
   163/199     6.54G   0.03603   0.04626  0.003211    0.0855        92       640    0.4975    0.3461    0.3284    0.1757   0.08626    0.2326   0.04141
   164/199     6.54G   0.03606   0.04511  0.003199   0.08436         3       640    0.4969    0.3467    0.3284    0.1757   0.08626    0.2328   0.04141
   165/199     6.54G    0.0359    0.0453  0.003188   0.08439        70       640    0.5276    0.3336    0.3283    0.1755   0.08626    0.2331   0.04142
   166/199     6.54G   0.03586   0.04542  0.003171   0.08446        54       640      0.53    0.3329    0.3282    0.1755   0.08626    0.2333   0.04143
   167/199     6.54G   0.03585   0.04499  0.003163     0.084        20       640    0.5306    0.3328    0.3283    0.1754   0.08626    0.2334   0.04144
   168/199     6.54G   0.03586   0.04514  0.003119   0.08412        90       640    0.5395    0.3298    0.3281    0.1754   0.08627    0.2339   0.04145
   169/199     6.54G   0.03585    0.0447  0.003133   0.08368        40       640    0.5368    0.3306    0.3279    0.1752   0.08627    0.2341   0.04146
   170/199     6.54G   0.03568    0.0455  0.003109   0.08429        74       640    0.5339    0.3312    0.3281    0.1753   0.08628    0.2343   0.04147
   171/199     6.54G   0.03565   0.04445  0.003097    0.0832        72       640    0.5299    0.3327    0.3282    0.1752   0.08628    0.2346   0.04148
   172/199     6.54G   0.03552   0.04526  0.003047   0.08383        62       640    0.5359    0.3304    0.3281    0.1751   0.08628    0.2348   0.04149
   173/199     6.54G   0.03565   0.04442  0.003043   0.08312        24       640    0.5281    0.3331    0.3282    0.1752   0.08629     0.235    0.0415
   174/199     6.54G   0.03564   0.04519  0.003088   0.08392        95       640    0.5434    0.3281    0.3281    0.1753   0.08629    0.2353   0.04151
   175/199     6.54G   0.03562   0.04426  0.003097   0.08297         7       640    0.5424    0.3282    0.3279    0.1752    0.0863    0.2355   0.04153
   176/199     6.54G   0.03557   0.04493  0.003033   0.08354        43       640    0.5408    0.3288    0.3276    0.1751    0.0863    0.2357   0.04154
   177/199     6.54G   0.03548   0.04469   0.00304   0.08321        52       640    0.5413    0.3283    0.3275    0.1749    0.0863    0.2361   0.04155
   178/199     6.54G    0.0355   0.04475   0.00298   0.08323       136       640    0.5381    0.3295    0.3273    0.1748   0.08631    0.2362   0.04156
   179/199     6.54G   0.03558   0.04475  0.003043   0.08337        28       640    0.5227    0.3346    0.3271    0.1747   0.08631    0.2364   0.04158
   180/199     6.54G   0.03545   0.04483  0.003025   0.08331        84       640    0.5297    0.3319    0.3271    0.1747   0.08631    0.2367   0.04159
   181/199     6.54G   0.03531    0.0449  0.002997   0.08321        46       640    0.5327    0.3309    0.3271    0.1746   0.08631    0.2368    0.0416
   182/199     6.54G   0.03528   0.04442  0.002982   0.08268        20       640    0.5341    0.3307    0.3272    0.1743   0.08631    0.2371    0.0416
   183/199     6.54G   0.03538   0.04416  0.003001   0.08254        33       640    0.5039    0.3429    0.3271    0.1745   0.08632    0.2373    0.0416
   184/199     6.54G   0.03544    0.0443   0.00296    0.0827        58       640    0.4976    0.3463    0.3271    0.1744   0.08632    0.2375   0.04161
   185/199     6.54G   0.03548   0.04467   0.00301   0.08316        69       640    0.4973    0.3459    0.3269    0.1743   0.08632    0.2378   0.04161
   186/199     6.54G   0.03539   0.04453  0.003024   0.08295        12       640    0.5454    0.3263    0.3268    0.1741   0.08632     0.238   0.04162
   187/199     6.54G    0.0354   0.04439  0.003023   0.08282        82       640    0.5478    0.3257    0.3267     0.174   0.08633    0.2381   0.04163
   188/199     6.54G   0.03529   0.04454  0.002922   0.08275        47       640    0.5134    0.3385    0.3265    0.1739   0.08634    0.2382   0.04164
   189/199     6.54G    0.0353    0.0438  0.002938   0.08203        49       640    0.4964    0.3459    0.3266     0.174   0.08634    0.2385   0.04165
   190/199     6.54G   0.03521   0.04389  0.002911   0.08201        60       640    0.4992    0.3447    0.3265    0.1742   0.08634    0.2387   0.04165
   191/199     6.54G   0.03519    0.0435   0.00292   0.08161        27       640    0.4987    0.3445    0.3265    0.1741   0.08635    0.2388   0.04167
   192/199     6.54G   0.03515   0.04389   0.00289   0.08193        38       640     0.497     0.346    0.3266     0.174   0.08635     0.239   0.04167
   193/199     6.54G   0.03518   0.04378  0.002939    0.0819        37       640     0.498    0.3457    0.3266     0.174   0.08636    0.2393   0.04168
   194/199     6.54G   0.03519   0.04375  0.002952    0.0819        75       640    0.4977    0.3455    0.3264    0.1739   0.08636    0.2394   0.04169
   195/199     6.54G   0.03512   0.04426  0.002882   0.08227        59       640    0.5029    0.3439    0.3265    0.1738   0.08637    0.2395    0.0417
   196/199     6.54G   0.03499   0.04368  0.002869   0.08153        55       640       0.5    0.3452    0.3265    0.1737   0.08637    0.2397    0.0417
   197/199     6.54G    0.0351   0.04383  0.002879   0.08181         6       640    0.5039     0.343    0.3262    0.1737   0.08638      0.24   0.04171
   198/199     6.54G    0.0351   0.04344  0.002915   0.08146        19       640    0.5049    0.3429    0.3261    0.1736   0.08638      0.24   0.04172
   199/199     6.54G   0.03506   0.04371  0.002901   0.08167        46       640    0.5056    0.3427     0.326    0.1736   0.08639    0.2402   0.04173
